f,amplitude_1,amplitude_2
0,0.00398562246216282,0.00347739430778375
0.150118276388547,0.00636487222505113,0.00782919492821061
0.300236552777094,0.00268689743569603,0.00488075272322152
0.450354829165642,0.000433791612942919,0.000579239147087386
0.600473105554189,0.00123276373819774,0.00240475648860298
0.750591381942736,0.000484980265345961,0.000868240886906191
0.900709658331283,0.000133038421017639,0.000213565550214117
1.05082793471983,0.000168372042449516,0.00035364437203102
1.20094621110838,0.000107222850531359,0.000391965677983655
1.35106448749692,4.36157794037845e-05,0.000481527045650406
1.50118276388547,1.17450824281262e-05,9.91951967117581e-05
1.65130104027402,1.0360012619353e-05,0.000105307298079795
1.80141931666257,2.130541132151e-05,5.43050495925755e-05
1.95153759305111,6.75893652452535e-05,2.11142557261207e-05
2.10165586943966,2.90929894202145e-05,1.945569016356e-05
2.25177414582821,4.31998015591654e-06,1.36485722606761e-05
2.40189242221676,4.56953287862043e-05,5.94051764780892e-05
2.5520106986053,9.55709039615122e-05,7.95953118975122e-05
2.70212897499385,0.000142024664285576,0.000138340774887145
2.8522472513824,0.000110813403415264,0.000108945393600343
3.00236552777094,4.32075108065108e-05,3.44647130156587e-05
3.15248380415949,0.000171443674180572,0.000155389790342869
3.30260208054804,7.34235922973359e-05,6.95296371229146e-05
3.45272035693659,2.06392736817784e-05,2.27472814557445e-05
3.60283863332513,3.36579862738119e-06,2.00278054980334e-05
3.75295690971368,8.94426349056786e-06,3.07364480922207e-05
3.90307518610223,5.49840693751728e-06,1.1467011688434e-05
4.05319346249077,5.43645124840135e-06,1.6331069247905e-05
4.20331173887932,9.61672801159252e-06,1.41057756579677e-05
4.35343001526787,4.86400584769443e-06,6.70166736245441e-06
4.50354829165642,2.17614580651542e-06,9.18210440973543e-06
4.65366656804496,3.90207013124344e-06,3.47354390387424e-06
4.80378484443351,2.76980483305106e-06,6.01615214112544e-06
4.95390312082206,4.9868225332082e-06,7.14297256004042e-06
5.10402139721061,3.68602734990375e-06,6.45057781511887e-06
5.25413967359915,2.97892442903544e-06,3.24858334325892e-06
5.4042579499877,2.60218195760254e-06,5.10260653017133e-06
5.55437622637625,2.01520419511598e-06,5.36735700282009e-06
5.70449450276479,1.47864860789237e-06,3.95773956951447e-06
5.85461277915334,2.04840778120924e-06,6.52673236837789e-06
6.00473105554189,2.34541090963738e-06,3.97449148874099e-06
6.15484933193044,1.26789410230681e-06,4.64993964009333e-06
6.30496760831898,4.78810582450995e-06,7.03482727279103e-06
6.45508588470753,3.00386141874842e-06,4.39964436362499e-06
6.60520416109608,1.94102092310413e-06,2.27229920437245e-06
6.75532243748463,1.63132383379778e-06,2.79576576535778e-06
6.90544071387317,2.7341646592577e-06,5.05643408439121e-06
7.05555899026172,8.46237335025132e-07,9.07604863652056e-07
7.20567726665027,7.5224851673701e-06,8.98657927538042e-06
7.35579554303881,8.73770563969614e-06,1.01006577696107e-05
7.50591381942736,2.16052803251496e-05,1.7217148340029e-05
7.65603209581591,4.69673313567274e-06,9.66594831220528e-06
7.80615037220446,9.87563135898381e-06,1.21976721981486e-05
7.956268648593,3.42495444023153e-06,2.44711501996565e-06
8.10638692498155,1.64754938510622e-06,2.8098899695838e-06
8.2565052013701,1.44608094296786e-06,3.2025474753371e-06
8.40662347775864,1.04322745641086e-06,2.85511863731151e-06
8.55674175414719,1.19693140470629e-06,2.73044029603318e-06
8.70686003053574,1.19294947978103e-06,2.63269340682172e-06
8.85697830692429,1.36825363534646e-06,2.24871056960362e-06
9.00709658331283,1.35993337490094e-06,2.24473221410408e-06
9.15721485970138,1.3902598148285e-06,2.20092663371424e-06
9.30733313608993,1.4831976539462e-06,1.840095789531e-06
9.45745141247848,1.07156528082508e-06,3.00096668925219e-06
9.60756968886702,1.19296993885267e-06,1.77195139363402e-06
9.75768796525557,2.58852527103406e-06,3.29004358278433e-06
9.90780624164412,6.45734541913128e-07,6.3267613453131e-06
10.0579245180327,6.63534769662385e-07,3.9889845472511e-06
10.2080427944212,9.57910335816217e-07,7.29134805929831e-06
10.3581610708098,1.2772460322477e-06,5.48889461428624e-06
10.5082793471983,8.58288666639321e-07,2.19456565217489e-06
10.6583976235869,1.61172471015574e-06,2.2827648411249e-07
10.8085158999754,6.28067589955512e-07,2.34375156104144e-06
10.9586341763639,7.30372914423164e-07,2.01822474350519e-06
11.1087524527525,5.39195601285177e-07,2.0059505169087e-06
11.258870729141,8.92803767209053e-07,1.94105616249168e-06
11.4089890055296,4.89878573210363e-07,2.06630272159764e-06
11.5591072819181,7.39549223267797e-07,1.83094766029243e-06
11.7092255583067,1.06352909296353e-06,1.78453803485826e-06
11.8593438346952,7.80956164751262e-07,2.02243466806668e-06
12.0094621110838,4.88840257492983e-07,2.06364718452324e-06
12.1595803874723,4.57151257786612e-07,2.01514135077571e-06
12.3096986638609,4.11896266968042e-07,2.08053768249198e-06
12.4598169402494,3.04073586306658e-07,2.12607348863456e-06
12.609935216638,5.14721426161611e-07,1.88790528411782e-06
12.7600534930265,3.83500219534813e-07,2.25450896556698e-06
12.9101717694151,5.5466281903059e-07,2.74649040569533e-06
13.0602900458036,1.28990766512571e-06,2.68036133412204e-06
13.2104083221922,1.70766403462482e-06,1.15183833708613e-06
13.3605265985807,1.0702214005397e-06,1.24631519322649e-06
13.5106448749693,6.99035862270504e-07,1.70386468304194e-06
13.6607631513578,9.68210547804445e-07,1.38340459393484e-06
13.8108814277463,6.08784187759282e-07,1.47422056497467e-06
13.9609997041349,5.89357764940413e-07,1.69771282510291e-06
14.1111179805234,9.75696745451283e-07,1.23317849767701e-06
14.261236256912,4.93903148124985e-07,1.48359608363184e-06
14.4113545333005,5.51243627178655e-07,1.57025690649159e-06
14.5614728096891,6.91317411390387e-07,1.27356435484057e-06
14.7115910860776,5.0598119859241e-07,1.47834513978565e-06
14.8617093624662,5.65957664210854e-07,1.50346199516175e-06
15.0118276388547,5.991700513079e-07,1.36316151224018e-06
15.1619459152433,5.16754935849817e-07,1.44594282741238e-06
15.3120641916318,5.51136344838626e-07,1.44658389994414e-06
15.4621824680204,7.20421134899573e-07,1.22379623074794e-06
15.6123007444089,5.44382250086935e-07,1.47357653379223e-06
15.7624190207975,7.0998675534589e-07,1.30006291587687e-06
15.912537297186,5.8050295784648e-07,1.23990559169087e-06
16.0626555735746,5.69394523794147e-07,1.34504657078952e-06
16.2127738499631,5.57973068909253e-07,1.28164360867032e-06
16.3628921263516,4.63528969589263e-07,1.27923856118571e-06
16.5130104027402,5.11135880561192e-07,1.37977547774792e-06
16.6631286791287,5.23116212399713e-07,1.32792975220188e-06
16.8132469555173,4.96784377669534e-07,1.0768221460607e-06
16.9633652319058,5.20628392561364e-07,1.28554764091023e-06
17.1134835082944,5.13815165148648e-07,9.07713007684223e-07
17.2636017846829,3.22918655775968e-07,1.03606397514604e-06
17.4137200610715,4.52810896829676e-07,1.18868329064802e-06
17.56383833746,3.62020107573658e-07,8.39540278179771e-07
17.7139566138486,3.78359758193891e-07,1.08543386750155e-06
17.8640748902371,4.48299451732762e-07,1.08815171682331e-06
18.0141931666257,4.35920366962259e-07,1.21992987356977e-06
18.1643114430142,1.14278305671215e-07,1.18121909522406e-06
18.3144297194028,6.06763563301146e-07,1.35561470561266e-06
18.4645479957913,5.0928174279296e-07,1.23037367665241e-06
18.6146662721799,4.64571306252733e-07,1.32922307414361e-06
18.7647845485684,4.27976864416391e-07,1.1564306901457e-06
18.914902824957,4.30743157351993e-07,1.10361735315221e-06
19.0650211013455,3.94443077580599e-07,1.07365334567194e-06
19.215139377734,3.3531049235515e-07,1.03046594687489e-06
19.3652576541226,3.19316128279614e-07,9.64693315409636e-07
19.5153759305111,3.39825463969041e-07,9.71049957346753e-07
19.6654942068997,3.81212177581119e-07,1.00524047798116e-06
19.8156124832882,3.75425549829845e-07,9.73585859589624e-07
19.9657307596768,3.89372133806986e-07,1.10106690898279e-06
20.1158490360653,3.27699626633634e-07,9.50914697694447e-07
20.2659673124539,3.83187674715282e-07,9.49977480890305e-07
20.4160855888424,4.04890278923112e-07,1.07444445247686e-06
20.566203865231,3.66765244733078e-07,7.96876477846396e-07
20.7163221416195,3.93828450375439e-07,9.55052390055937e-07
20.8664404180081,5.51048596955795e-07,1.5525992941152e-06
21.0165586943966,5.51999319003479e-07,1.48129707157979e-06
21.1666769707852,3.44375825785639e-07,1.11375195800966e-06
21.3167952471737,3.48337795959385e-07,9.90488130626926e-07
21.4669135235623,3.57452797166786e-07,1.05708113241125e-06
21.6170317999508,3.57389397370487e-07,9.39394415930866e-07
21.7671500763393,3.59086348772172e-07,9.96230355715847e-07
21.9172683527279,3.53611182043476e-07,9.76806712977897e-07
22.0673866291164,3.44772164256165e-07,9.04701044446807e-07
22.217504905505,3.47252603567063e-07,9.64367857755602e-07
22.3676231818935,3.67465079109335e-07,9.85781423091902e-07
22.5177414582821,3.55685413909966e-07,9.80148795165518e-07
22.6678597346706,3.50921816900517e-07,9.67218641186284e-07
22.8179780110592,3.61168119514014e-07,9.74410033883773e-07
22.9680962874477,3.77104109516857e-07,1.02043136581553e-06
23.1182145638363,3.45079563051865e-07,9.54848625974467e-07
23.2683328402248,4.36999999501038e-07,1.01425238122404e-06
23.4184511166134,4.29884379133236e-07,1.15355153605286e-06
23.5685693930019,3.16044528481407e-07,1.00436032426992e-06
23.7186876693905,2.82996091346397e-07,8.89653882659175e-07
23.868805945779,3.26445810256506e-07,8.8467245844895e-07
24.0189242221676,3.38968101613559e-07,9.16008039093906e-07
24.1690424985561,3.01751451505435e-07,8.75418705384404e-07
24.3191607749446,3.2924498262281e-07,8.94936091083688e-07
24.4692790513332,3.20006362170755e-07,9.05467447563103e-07
24.6193973277217,3.04918002222137e-07,8.64042865620227e-07
24.7695156041103,3.19673126521397e-07,8.71970459059135e-07
24.9196338804988,3.21493178382992e-07,8.83606477421943e-07
25.0697521568874,3.01033981517375e-07,8.58966131579487e-07
25.2198704332759,3.16193297273496e-07,8.57248124568413e-07
25.3699887096645,3.04135403844458e-07,8.66967039849402e-07
25.520106986053,3.01494152770034e-07,8.48176176047654e-07
25.6702252624416,2.98486924068594e-07,8.549687443237e-07
25.8203435388301,3.0318182572692e-07,8.45750883985309e-07
25.9704618152187,3.0687209422729e-07,8.2941744829397e-07
26.1205800916072,2.8565017362198e-07,8.5023264328923e-07
26.2706983679958,3.0066697492531e-07,8.1598843566216e-07
26.4208166443843,2.88013817186213e-07,8.26479936257599e-07
26.5709349207729,2.83317705934224e-07,8.25421557871779e-07
26.7210531971614,2.96317682172421e-07,8.03689648143165e-07
26.87117147355,2.9018231518905e-07,8.06177580823378e-07
27.0212897499385,2.85896223610236e-07,8.12643774205824e-07
27.1714080263271,2.80834034286283e-07,8.03472401286599e-07
27.3215263027156,2.76238787274988e-07,7.97304477301138e-07
27.4716445791041,2.80921500403227e-07,7.92057891937263e-07
27.6217628554927,2.73789823736579e-07,7.8814963381173e-07
27.7718811318812,2.84063945460937e-07,7.70514342958705e-07
27.9219994082698,2.72338339996971e-07,7.83728344388751e-07
28.0721176846583,2.48400980661654e-07,7.77768740190231e-07
28.2222359610469,2.74956744000048e-07,7.61774619700472e-07
28.3723542374354,2.46477329211328e-07,7.69482489880865e-07
28.522472513824,2.56651744418653e-07,7.76525416296411e-07
28.6725907902125,3.27303824324682e-07,6.92151221373625e-07
28.8227090666011,2.65443156594193e-07,7.57718459035351e-07
28.9728273429896,2.82268908697423e-07,7.4615860580757e-07
29.1229456193782,2.49497102232687e-07,7.59470543141e-07
29.2730638957667,2.63399975301484e-07,7.41634985097575e-07
29.4231821721553,2.57256506515045e-07,7.44662652705358e-07
29.5733004485438,2.53921306701262e-07,7.40803899445221e-07
29.7234187249323,2.6305853308999e-07,7.26908681102591e-07
29.8735370013209,2.45034943793027e-07,7.37737570191222e-07
30.0236552777094,2.53892128734512e-07,7.20600293843489e-07
30.173773554098,2.59783729082477e-07,7.1525338784214e-07
30.3238918304865,2.59818902852287e-07,7.10580498960307e-07
30.4740101068751,2.52754633708676e-07,7.12612566073177e-07
30.6241283832636,2.57620011612895e-07,7.06372631657243e-07
30.7742466596522,2.51443860981348e-07,7.0060399768799e-07
30.9243649360407,2.48993807445392e-07,7.00826434138484e-07
31.0744832124293,2.54541811649308e-07,7.0546661107389e-07
31.2246014888178,2.78179991126992e-07,6.64403157185002e-07
31.3747197652064,2.59912002399776e-07,6.69293671497696e-07
31.5248380415949,2.45246657066211e-07,6.77443729441675e-07
31.6749563179835,2.40220235198485e-07,6.99010445475788e-07
31.825074594372,2.463798547743e-07,6.79028176481902e-07
31.9751928707606,2.41283368636596e-07,6.7948769270601e-07
32.1253111471491,2.40084476258139e-07,6.77226774005958e-07
32.2754294235377,2.41600196154298e-07,6.7071953129418e-07
32.4255476999262,2.40153773514922e-07,6.73487795639421e-07
32.5756659763148,2.34266358512872e-07,6.66271258552625e-07
32.7257842527033,2.40702523811918e-07,6.6040418751225e-07
32.8759025290918,2.38469509477611e-07,6.58413276862395e-07
33.0260208054804,2.37277484486692e-07,6.52953045733097e-07
33.1761390818689,2.36960021958747e-07,6.52136137962993e-07
33.3262573582575,2.36875330808383e-07,6.47714276789099e-07
33.476375634646,2.33888223684364e-07,6.41450463673147e-07
33.6264939110346,2.2996847838957e-07,6.40492787746805e-07
33.7766121874231,2.55660069395461e-07,6.25030646175576e-07
33.9267304638117,2.66291038183458e-07,6.17007148123351e-07
34.0768487402002,2.2271845317683e-07,6.44745789448375e-07
34.2269670165888,2.21707811163482e-07,6.36575619407979e-07
34.3770852929773,2.27965969725583e-07,6.28393758435938e-07
34.5272035693659,2.22987288570709e-07,6.29472702237884e-07
34.6773218457544,2.2690665891126e-07,6.24964389713649e-07
34.827440122143,2.28978883993903e-07,6.197218642422e-07
34.9775583985315,2.17913222284437e-07,6.22263913413322e-07
35.1276766749201,2.26797975339032e-07,6.18874300856272e-07
35.2777949513086,2.23344023259434e-07,6.11827546703308e-07
35.4279132276971,2.18083063919417e-07,6.14180963217155e-07
35.5780315040857,2.22553517214203e-07,6.08710632668552e-07
35.7281497804742,2.20228432532226e-07,6.04497509727624e-07
35.8782680568628,2.16244383160746e-07,6.0780938492289e-07
36.0283863332513,2.17543769550006e-07,6.02649104471117e-07
36.1785046096399,2.14381807338568e-07,6.00439676662669e-07
36.3286228860284,2.14654793754157e-07,6.00856696126907e-07
36.478741162417,2.1317398383125e-07,5.96377814840181e-07
36.6288594388055,2.14187367042648e-07,5.92909545892751e-07
36.7789777151941,2.08376115617154e-07,5.91057985882519e-07
36.9290959915826,2.08334467656224e-07,5.90589417248313e-07
37.0792142679712,2.07914057278868e-07,5.86322576463944e-07
37.2293325443597,2.07435622793822e-07,5.84118230152782e-07
37.3794508207483,2.0561982682428e-07,5.82423233130245e-07
37.5295690971368,2.07431752327042e-07,5.81685066861146e-07
37.6796873735253,2.03780566588334e-07,5.77979214003162e-07
37.8298056499139,2.03783590516163e-07,5.75409747416867e-07
37.9799239263024,2.03747864327083e-07,5.77265403459077e-07
38.130042202691,2.05377733876183e-07,5.67384734443437e-07
38.2801604790795,2.02302040364509e-07,5.69800449002117e-07
38.4302787554681,2.04165610441646e-07,5.71060752041422e-07
38.5803970318566,2.00802840256363e-07,5.59792515132406e-07
38.7305153082452,2.00287121042428e-07,5.62524501863135e-07
38.8806335846337,1.973919256907e-07,5.61466289193052e-07
39.0307518610223,2.0121029863433e-07,5.44773178752757e-07
39.1808701374108,2.0629974897813e-07,5.5945014890691e-07
39.3309884137994,2.00517218598239e-07,5.58678521251075e-07
39.4811066901879,1.98069198302302e-07,5.55831421603312e-07
39.6312249665765,1.95834111880615e-07,5.50452759098314e-07
39.781343242965,1.96420545874226e-07,5.50121317275132e-07
39.9314615193536,1.93912061553488e-07,5.46939198738128e-07
40.0815797957421,1.92575086712876e-07,5.45087003483426e-07
40.2316980721307,1.93877364794396e-07,5.42047109905077e-07
40.3818163485192,1.89775517224254e-07,5.34992909756674e-07
40.5319346249077,1.91280385704023e-07,5.33541185809931e-07
40.6820529012963,1.90023451596883e-07,5.28458221939739e-07
40.8321711776848,1.9308518766277e-07,5.35144565116678e-07
40.9822894540734,1.88037524676796e-07,5.27920838520006e-07
41.1324077304619,1.8813549723979e-07,5.21057642757167e-07
41.2825260068505,1.90060081270898e-07,5.2847950542589e-07
41.432644283239,1.84581468392e-07,5.19657988739699e-07
41.5827625596276,1.80445599980159e-07,5.11439310787665e-07
41.7328808360161,2.09396096055542e-07,5.3868068486197e-07
41.8829991124047,1.91189508911534e-07,5.31292550003146e-07
42.0331173887932,1.86751165562338e-07,5.25396822380397e-07
42.1832356651818,1.82267959032949e-07,5.15122831229362e-07
42.3333539415703,1.8426000181273e-07,5.16094294328654e-07
42.4834722179589,1.82956046756607e-07,5.12569483441959e-07
42.6335904943474,1.82305333201221e-07,5.1094299069986e-07
42.783708770736,1.82070782031825e-07,5.09650676921649e-07
42.9338270471245,1.80623175068105e-07,5.04485061758543e-07
43.0839453235131,1.81956380088026e-07,5.04851679908155e-07
43.2340635999016,1.83011072016252e-07,5.0547023667251e-07
43.3841818762901,1.81156756913347e-07,5.04539816045926e-07
43.5343001526787,1.7968270673358e-07,5.02449114857752e-07
43.6844184290672,1.81030231624399e-07,4.99840832110706e-07
43.8345367054558,1.80409035222954e-07,4.98493546220185e-07
43.9846549818443,1.79054227894418e-07,4.97783877924327e-07
44.1347732582329,1.81179621082623e-07,4.91708552765152e-07
44.2848915346214,1.80670509863364e-07,4.92260482307364e-07
44.43500981101,1.87519513955571e-07,5.03283296464926e-07
44.5851280873985,1.73635853171326e-07,4.98090575949106e-07
44.7352463637871,1.74558800952942e-07,4.88258834428821e-07
44.8853646401756,1.76651260026783e-07,4.89816595854449e-07
45.0354829165642,1.74454070026535e-07,4.87159485135679e-07
45.1856011929527,1.73773000710094e-07,4.83986571214599e-07
45.3357194693413,1.75467896288272e-07,4.85748325280274e-07
45.4858377457298,1.72719014299673e-07,4.82295805053946e-07
45.6359560221184,1.72937372793498e-07,4.79449294186325e-07
45.7860742985069,1.74154980853839e-07,4.80327037245449e-07
45.9361925748955,1.71826769017003e-07,4.78299596445144e-07
46.086310851284,1.70950840918378e-07,4.76162606183059e-07
46.2364291276725,1.72014671980398e-07,4.75788574455416e-07
46.3865474040611,1.70731265454579e-07,4.7335341479838e-07
46.5366656804496,1.70580501598205e-07,4.72700580884236e-07
46.6867839568382,1.70451108530197e-07,4.71425846736016e-07
46.8369022332267,1.69571574694973e-07,4.68562423448106e-07
46.9870205096153,1.69481631843432e-07,4.71118247447055e-07
47.1371387860038,1.69312671602603e-07,4.70305032221839e-07
47.2872570623924,1.67827031811868e-07,4.65952426097497e-07
47.4373753387809,1.68574437387849e-07,4.66204270910203e-07
47.5874936151695,1.67000092173428e-07,4.64572114185016e-07
47.737611891558,1.66403652624681e-07,4.61491101123858e-07
47.8877301679466,1.66986379188548e-07,4.6236021119198e-07
48.0378484443351,1.66138843379116e-07,4.61395078614497e-07
48.1879667207237,1.64891847313189e-07,4.58495262184298e-07
48.3380849971122,1.66001709955754e-07,4.59027239236835e-07
48.4882032735008,1.61728098008214e-07,4.56568387022889e-07
48.6383215498893,1.63390496367241e-07,4.52762729365486e-07
48.7884398262779,1.64302325772914e-07,4.55180832991412e-07
48.9385581026664,1.61158033289004e-07,4.53085152944953e-07
49.0886763790549,1.61697757276276e-07,4.49532035792065e-07
49.2387946554435,1.6347336928182e-07,4.5185379286318e-07
49.388912931832,1.55748815644326e-07,4.4816368442707e-07
49.5390312082206,1.57975456189733e-07,4.43242563704139e-07
49.6891494846091,1.60388750547521e-07,4.42179188464682e-07
49.8392677609977,1.63776249601291e-07,4.44051598863517e-07
49.9893860373862,1.60321821400818e-07,4.43525272152023e-07
50.1395043137748,1.59980983405137e-07,4.42985532650759e-07
50.2896225901633,1.58758596426643e-07,4.40952727554449e-07
50.4397408665519,1.58054172539872e-07,4.40019398060698e-07
50.5898591429404,1.57394600062718e-07,4.40763156423508e-07
50.739977419329,1.55302304371007e-07,4.38811514382099e-07
50.8900956957175,1.54892674041272e-07,4.37955480096562e-07
51.0402139721061,1.54181551717252e-07,4.35473957803051e-07
51.1903322484946,1.53607941467239e-07,4.32507598739963e-07
51.3404505248831,1.55152009446112e-07,4.32389434825907e-07
51.4905688012717,1.5311317650586e-07,4.32874463551066e-07
51.6406870776602,1.51942944060025e-07,4.29876918845445e-07
51.7908053540488,1.53295599558485e-07,4.289534655556e-07
51.9409236304373,1.51505223079063e-07,4.30531176736887e-07
52.0910419068259,1.45948511333402e-07,4.27690167833282e-07
52.2411601832144,1.56376800515852e-07,4.16915471492279e-07
52.391278459603,1.55695341069306e-07,4.21124194295113e-07
52.5413967359915,1.52424185988178e-07,4.23825639064109e-07
52.6915150123801,1.50893327380112e-07,4.23040125516839e-07
52.8416332887686,1.51205960745639e-07,4.2201696582758e-07
52.9917515651572,1.50067098210889e-07,4.20759767601299e-07
53.1418698415457,1.49537766371136e-07,4.19692742805162e-07
53.2919881179343,1.49053680529753e-07,4.1922497852831e-07
53.4421063943228,1.47176931662898e-07,4.18140560010714e-07
53.5922246707114,1.47813634189833e-07,4.16457019064396e-07
53.7423429470999,1.4784982312192e-07,4.14295284034197e-07
53.8924612234884,1.47760610641385e-07,4.13259451959243e-07
54.042579499877,1.46817350866324e-07,4.13538226040928e-07
54.1926977762655,1.4586867789781e-07,4.12273988914474e-07
54.3428160526541,1.46406759848696e-07,4.10150584610254e-07
54.4929343290426,1.45497965263403e-07,4.11369049567746e-07
54.6430526054312,1.44545294875356e-07,4.09456145967304e-07
54.7931708818197,1.45209280711649e-07,4.02705506242297e-07
54.9432891582083,1.48301558764136e-07,4.01450528767381e-07
55.0934074345968,1.46287928803721e-07,4.05716157937146e-07
55.2435257109854,1.44195206541686e-07,4.04644881999348e-07
55.3936439873739,1.44559151517092e-07,4.03007059173349e-07
55.5437622637625,1.43820871848413e-07,4.02753912920279e-07
55.693880540151,1.43226666024779e-07,4.01271868305355e-07
55.8439988165396,1.43420644547829e-07,4.0012081283011e-07
55.9941170929281,1.42379002224928e-07,4.00108917092046e-07
56.1442353693167,1.41890817844542e-07,3.9880512124464e-07
56.2943536457052,1.42535198877156e-07,3.96951188503408e-07
56.4444719220938,1.4183960635926e-07,3.9660780186981e-07
56.5945901984823,1.41369187039156e-07,3.95314426518447e-07
56.7447084748709,1.41258468534939e-07,3.94345310147731e-07
56.8948267512594,1.40519910475747e-07,3.93566846631711e-07
57.0449450276479,1.40642389031039e-07,3.92153206121091e-07
57.1950633040365,1.40318856835503e-07,3.9171752915267e-07
57.345181580425,1.39984684112703e-07,3.90693598333547e-07
57.4952998568136,1.40255282843337e-07,3.88731291093586e-07
57.6454181332021,1.39506052162487e-07,3.88517325298786e-07
57.7955364095907,1.3874769123416e-07,3.88172373992329e-07
57.9456546859792,1.39479259250416e-07,3.8624277490986e-07
58.0957729623678,1.38477826134734e-07,3.86083980598725e-07
58.2458912387563,1.38128215226837e-07,3.85447835826395e-07
58.3960095151449,1.38565020900875e-07,3.82956153372124e-07
58.5461277915334,1.37653454659988e-07,3.82949994111853e-07
58.696246067922,1.37238522391703e-07,3.82215518097007e-07
58.8463643443105,1.37758788312009e-07,3.80752593817267e-07
58.9964826206991,1.36220511824743e-07,3.81174162494536e-07
59.1466008970876,1.36278355909595e-07,3.80183245894836e-07
59.2967191734762,1.36734023717306e-07,3.78131206698294e-07
59.4468374498647,1.35565644807833e-07,3.78210799235549e-07
59.5969557262532,1.35234119319136e-07,3.77665928505318e-07
59.7470740026418,1.36278905158672e-07,3.7512223780647e-07
59.8971922790303,1.34087979239238e-07,3.75494242215988e-07
60.0473105554189,1.33548776271948e-07,3.77131817801737e-07
60.1974288318074,1.34063971237716e-07,3.75581171815075e-07
60.347547108196,1.34452072094164e-07,3.73055105768832e-07
60.4976653845845,1.33707649447724e-07,3.71666355712277e-07
60.6477836609731,1.3386314347242e-07,3.70840667873199e-07
60.7979019373616,1.33429979921652e-07,3.70483493765651e-07
60.9480202137502,1.3331640681715e-07,3.6921765544056e-07
61.0981384901387,1.3329120782551e-07,3.67939109438884e-07
61.2482567665273,1.3229369776847e-07,3.67522132608944e-07
61.3983750429158,1.3214274762315e-07,3.66455496126148e-07
61.5484933193044,1.31658324172888e-07,3.66447459495988e-07
61.6986115956929,1.31216680718686e-07,3.6651171278876e-07
61.8487298720815,1.31553203001004e-07,3.64439323955452e-07
61.99884814847,1.30822924182127e-07,3.63281162489927e-07
62.1489664248586,1.30363736973712e-07,3.63985403947591e-07
62.2990847012471,1.3028234742073e-07,3.61475918667185e-07
62.4492029776356,1.30054231796217e-07,3.60797542674654e-07
62.5993212540242,1.28283413993456e-07,3.63874118859282e-07
62.7494395304127,1.28604895147437e-07,3.63732474439944e-07
62.8995578068013,1.30383821093365e-07,3.59692121795586e-07
63.0496760831898,1.29082472425546e-07,3.58605425445008e-07
63.1997943595784,1.28650778036855e-07,3.58047078694806e-07
63.3499126359669,1.28730624421525e-07,3.57183643772047e-07
63.5000309123555,1.28264866916222e-07,3.56631627430683e-07
63.650149188744,1.281572916883e-07,3.55664941175462e-07
63.8002674651326,1.27856324750536e-07,3.54391960510878e-07
63.9503857415211,1.26749810226703e-07,3.5356676132736e-07
64.1005040179097,1.26900283207002e-07,3.53418975054008e-07
64.2506222942982,1.26547029917283e-07,3.53498385823329e-07
64.4007405706868,1.26522557032716e-07,3.52438776667298e-07
64.5508588470753,1.26351749575272e-07,3.50967856304173e-07
64.7009771234639,1.25502726827886e-07,3.51216364196522e-07
64.8510953998524,1.25660648865214e-07,3.5042303420029e-07
65.001213676241,1.25226456031095e-07,3.48761082750051e-07
65.1513319526295,1.24469111743909e-07,3.49442449777355e-07
65.301450229018,1.25103421906875e-07,3.50225369051644e-07
65.4515685054066,1.24722832778293e-07,3.4888235311404e-07
65.6016867817951,1.24848451277978e-07,3.46860583189859e-07
65.7518050581837,1.24208247214791e-07,3.46389160510002e-07
65.9019233345722,1.2396225712261e-07,3.45466789010389e-07
66.0520416109608,1.2362479467118e-07,3.44549390570606e-07
66.2021598873493,1.23495219233429e-07,3.44444832825502e-07
66.3522781637379,1.23327529588132e-07,3.432176371858e-07
66.5023964401264,1.22867624347689e-07,3.42477734668243e-07
66.652514716515,1.22558639302967e-07,3.42432827926828e-07
66.8026329929035,1.22465276857774e-07,3.41746745358843e-07
66.9527512692921,1.22169843856761e-07,3.41034581751637e-07
67.1028695456806,1.22048885114147e-07,3.40462147744427e-07
67.2529878220692,1.2187308471448e-07,3.39682532740683e-07
67.4031060984577,1.21414283338703e-07,3.39088787655196e-07
67.5532243748463,1.21287643255705e-07,3.38525974217112e-07
67.7033426512348,1.21021497232135e-07,3.37605482594406e-07
67.8534609276233,1.20794505507268e-07,3.37417507450587e-07
68.0035792040119,1.20817850912253e-07,3.37199501051307e-07
68.1536974804004,1.20520968596445e-07,3.35927443885448e-07
68.303815756789,1.20086762084534e-07,3.35612811173012e-07
68.4539340331775,1.20055317562995e-07,3.35150138283397e-07
68.6040523095661,1.19731216106192e-07,3.34115820486808e-07
68.7541705859546,1.19524429947638e-07,3.33928393171383e-07
68.9042888623432,1.19520899736015e-07,3.33449479115072e-07
69.0544071387317,1.19180182730872e-07,3.32495931418954e-07
69.2045254151203,1.1887687172337e-07,3.32049430700355e-07
69.3546436915088,1.18789721585955e-07,3.31464204395306e-07
69.5047619678974,1.184466456934e-07,3.30251208903567e-07
69.6548802442859,1.18280931739009e-07,3.30127243397595e-07
69.8049985206745,1.18157433641223e-07,3.29891772573962e-07
69.955116797063,1.17915868036845e-07,3.28634390922626e-07
70.1052350734516,1.17573604775143e-07,3.28618152812278e-07
70.2553533498401,1.17576143969614e-07,3.2827941267997e-07
70.4054716262286,1.17231736716293e-07,3.26421621400272e-07
70.5555899026172,1.1659694669486e-07,3.25664719088719e-07
70.7057081790057,1.17001633850395e-07,3.25934274166962e-07
70.8558264553943,1.16739058218549e-07,3.25630959869826e-07
71.0059447317828,1.1642731069429e-07,3.25112579142805e-07
71.1560630081714,1.16238284494073e-07,3.24437128256928e-07
71.3061812845599,1.15971329743039e-07,3.23775613974434e-07
71.4562995609485,1.1597223289941e-07,3.23548212391846e-07
71.606417837337,1.15851700205558e-07,3.23167179903715e-07
71.7565361137256,1.15426152332442e-07,3.22592764423879e-07
71.9066543901141,1.15227332164358e-07,3.22013728864684e-07
72.0567726665027,1.14968245516721e-07,3.20682356158731e-07
72.2068909428912,1.14774886488924e-07,3.2032933605933e-07
72.3570092192798,1.14836863507628e-07,3.20483460403576e-07
72.5071274956683,1.14337493084667e-07,3.19314866391465e-07
72.6572457720569,1.14312004568618e-07,3.1875667430574e-07
72.8073640484454,1.14073937679125e-07,3.18876796349461e-07
72.9574823248339,1.13579297601077e-07,3.17758270179233e-07
73.1076006012225,1.13756351016597e-07,3.1623792005307e-07
73.2577188776111,1.13136249066994e-07,3.15693477724106e-07
73.4078371539996,1.13572008518859e-07,3.16112949857623e-07
73.5579554303881,1.13201167718325e-07,3.15747338886216e-07
73.7080737067767,1.12996859527391e-07,3.1532381094226e-07
73.8581919831652,1.12727626528185e-07,3.14834629930453e-07
74.0083102595538,1.12481825305831e-07,3.14267407829683e-07
74.1584285359423,1.12454785021445e-07,3.14071600702188e-07
74.3085468123309,1.12294638007262e-07,3.13544417629864e-07
74.4586650887194,1.11913592493552e-07,3.12787152930221e-07
74.608783365108,1.11689345067798e-07,3.11990417143601e-07
74.7589016414965,1.11611208554319e-07,3.11398747700936e-07
74.9090199178851,1.11353608136339e-07,3.11139956662214e-07
75.0591381942736,1.11317193284493e-07,3.1073096529421e-07
75.2092564706622,1.11003469857778e-07,3.09944865936918e-07
75.3593747470507,1.10900856766984e-07,3.09688836243217e-07
75.5094930234392,1.10538683586581e-07,3.09652324979495e-07
75.6596112998278,1.10356562093427e-07,3.08063652898513e-07
75.8097295762163,1.10458592533608e-07,3.06913654400723e-07
75.9598478526049,1.10211528621712e-07,3.07538407846047e-07
76.1099661289934,1.10030050772686e-07,3.07218076161507e-07
76.260084405382,1.09853035147866e-07,3.0661834578161e-07
76.4102026817705,1.09684516274176e-07,3.06288009592676e-07
76.5603209581591,1.09404696128864e-07,3.05606026731559e-07
76.7104392345476,1.09273185520135e-07,3.051246357568e-07
76.8605575109362,1.09142649211194e-07,3.04809795614322e-07
77.0106757873247,1.08929988097289e-07,3.04297105875858e-07
77.1607940637133,1.08771947377449e-07,3.03721917486029e-07
77.3109123401018,1.08594974948355e-07,3.03302110152298e-07
77.4610306164904,1.08382394816008e-07,3.0279939499737e-07
77.6111488928789,1.08238830004346e-07,3.02365469489917e-07
77.7612671692675,1.08108580214426e-07,3.019504938838e-07
77.911385445656,1.07938849466052e-07,3.01340390820623e-07
78.0615037220446,1.07792663292457e-07,3.00999484826328e-07
78.2116219984331,1.07532618734671e-07,3.00477371488146e-07
78.3617402748217,1.07423191038236e-07,2.99801669839338e-07
78.5118585512102,1.07286746580065e-07,2.99470622804235e-07
78.6619768275987,1.07119953041513e-07,2.99069988205766e-07
78.8120951039873,1.0698752650537e-07,2.98546760968229e-07
78.9622133803758,1.06811845372409e-07,2.98166264827249e-07
79.1123316567644,1.06603513597288e-07,2.97814995461114e-07
79.2624499331529,1.06461988430123e-07,2.97194242273778e-07
79.4125682095415,1.0634405956114e-07,2.96759345458721e-07
79.56268648593,1.06182208602811e-07,2.96399144536971e-07
79.7128047623186,1.06042496407517e-07,2.95797791473752e-07
79.8629230387071,1.0586134620756e-07,2.95660780824428e-07
80.0130413150957,1.05679507521663e-07,2.95191568966524e-07
80.1631595914842,1.05538590501666e-07,2.9445403752892e-07
80.3132778678728,1.05395742557905e-07,2.94243525860463e-07
80.4633961442613,1.05219368317871e-07,2.93800265965653e-07
80.6135144206499,1.05161961419507e-07,2.93229131693921e-07
80.7636326970384,1.04896623521308e-07,2.92896817221089e-07
80.913750973427,1.04849564524463e-07,2.92756671698327e-07
81.0638692498155,1.04479507895036e-07,2.92433296959224e-07
81.2139875262041,1.04442914305791e-07,2.91786246515817e-07
81.3641058025926,1.04369184280073e-07,2.91191651258e-07
81.5142240789811,1.04238843297964e-07,2.90720641798197e-07
81.6643423553697,1.04074585625648e-07,2.90393928122632e-07
81.8144606317582,1.03880675864628e-07,2.89876155583996e-07
81.9645789081468,1.03761514684937e-07,2.89343778063803e-07
82.1146971845353,1.03645509764171e-07,2.89001730195662e-07
82.2648154609239,1.03527405616771e-07,2.88640900906904e-07
82.4149337373124,1.03304507905669e-07,2.88388526294197e-07
82.565052013701,1.03175114780129e-07,2.88070903440614e-07
82.7151702900895,1.03020552842916e-07,2.87537069782925e-07
82.8652885664781,1.02923914329442e-07,2.87049061777208e-07
83.0154068428666,1.0273472335545e-07,2.86842724935897e-07
83.1655251192552,1.02634809638839e-07,2.86328923550073e-07
83.3156433956437,1.02520300092401e-07,2.8567488006048e-07
83.4657616720322,1.02176217657425e-07,2.85864964004702e-07
83.6158799484208,1.02258879332027e-07,2.85756919832574e-07
83.7659982248094,1.01975182967604e-07,2.84861127907051e-07
83.9161165011979,1.01877932999067e-07,2.84284790281332e-07
84.0662347775864,1.0179219355762e-07,2.83939671576351e-07
84.216353053975,1.01719403342972e-07,2.83570509308621e-07
84.3664713303635,1.01544256378327e-07,2.83238464982439e-07
84.5165896067521,1.01358529616322e-07,2.8284957128026e-07
84.6667078831406,1.01208826494749e-07,2.82430207303524e-07
84.8168261595292,1.01125905911931e-07,2.82030012102636e-07
84.9669444359177,1.01021921974103e-07,2.81668040612214e-07
85.1170627123063,1.00785993459389e-07,2.81416488739102e-07
85.2671809886948,1.00734864746779e-07,2.81074270092616e-07
85.4172992650834,1.00538955006388e-07,2.8052535182592e-07
85.5674175414719,1.00419051543714e-07,2.80243263805716e-07
85.7175358178605,1.00286367873256e-07,2.79938025064409e-07
85.867654094249,1.00246893599112e-07,2.79389045130446e-07
86.0177723706376,9.99847229651434e-08,2.79248467122682e-07
86.1678906470261,9.98019270191407e-08,2.79066743585586e-07
86.3180089234147,9.98619535974726e-08,2.78538095604552e-07
86.4681271998032,9.96376826210496e-08,2.78109764991567e-07
86.6182454761917,9.9497897104842e-08,2.77776669330249e-07
86.7683637525803,9.93982489115745e-08,2.77421509280462e-07
86.9184820289688,9.93237789142224e-08,2.77015925425262e-07
87.0686003053574,9.91554620163014e-08,2.76706242569907e-07
87.2187185817459,9.90343931537166e-08,2.76303491767613e-07
87.3688368581345,9.88470697000814e-08,2.75847192316746e-07
87.518955134523,9.87587222947963e-08,2.75600526030731e-07
87.6690734109116,9.86508021086707e-08,2.75279240121791e-07
87.8191916873001,9.853260205329e-08,2.74948352612882e-07
87.9693099636887,9.84012065298254e-08,2.74618136332753e-07
88.1194282400772,9.82656997346727e-08,2.74260267146589e-07
88.2695465164658,9.81116429387732e-08,2.7394852908225e-07
88.4196647928543,9.80078223735532e-08,2.73615579944525e-07
88.5697830692429,9.7923648337963e-08,2.73230645822003e-07
88.7199013456314,9.77855927457975e-08,2.72879774089896e-07
88.87001962202,9.76476778470785e-08,2.72643456625443e-07
89.0201378984085,9.75487023532333e-08,2.72252769234325e-07
89.170256174797,9.73939832046633e-08,2.71901651224396e-07
89.3203744511856,9.73032191155879e-08,2.71624422763165e-07
89.4704927275742,9.71923990126003e-08,2.71209010775608e-07
89.6206110039627,9.70697207644781e-08,2.70961358059192e-07
89.7707292803512,9.69406717395772e-08,2.70667043692018e-07
89.9208475567398,9.68354803651448e-08,2.70295821319635e-07
90.0709658331283,9.6710973452125e-08,2.69996586321733e-07
90.2210841095169,9.65981950575862e-08,2.6965834401987e-07
90.3712023859054,9.64865690692459e-08,2.69333801298422e-07
90.521320662294,9.63858370928717e-08,2.68993216093868e-07
90.6714389386825,9.62525961027937e-08,2.68723287364884e-07
90.8215572150711,9.6156438561284e-08,2.6835622861583e-07
90.9716754914596,9.59921961995398e-08,2.68027870302806e-07
91.1217937678482,9.59498894352677e-08,2.67846791067298e-07
91.2719120442367,9.57665125620668e-08,2.67375426541001e-07
91.4220303206253,9.57358017047559e-08,2.66947338547955e-07
91.5721485970138,9.56026487198966e-08,2.66765422485077e-07
91.7222668734023,9.5408106484161e-08,2.66554139883414e-07
91.8723851497909,9.53332337686158e-08,2.66261401148057e-07
92.0225034261794,9.52543199084708e-08,2.65926367112337e-07
92.172621702568,9.51679812114213e-08,2.65607409834843e-07
92.3227399789565,9.50550148552772e-08,2.65306008171377e-07
92.4728582553451,9.49014232830068e-08,2.65022410091384e-07
92.6229765317336,9.47979078482787e-08,2.64738052994886e-07
92.7730948081222,9.47645792346321e-08,2.6449246431481e-07
92.9232130845107,9.45806847146167e-08,2.64096589685763e-07
93.0733313608993,9.44961369788712e-08,2.63706571177695e-07
93.2234496372878,9.44148929959494e-08,2.63579593055913e-07
93.3735679136764,9.42787371418024e-08,2.63238184128255e-07
93.5236861900649,9.41827614847573e-08,2.62887380751805e-07
93.6738044664535,9.40729897779236e-08,2.62733538233189e-07
93.823922742842,9.40285314808959e-08,2.62329323728152e-07
93.9740410192306,9.3762872528813e-08,2.61943739892026e-07
94.1241592956191,9.38110311023184e-08,2.61715055894144e-07
94.2742775720077,9.37028549074409e-08,2.61454092700594e-07
94.4243958483962,9.35198820124458e-08,2.61178165303694e-07
94.5745141247847,9.34248470265772e-08,2.60906400552987e-07
94.7246324011733,9.33582843573151e-08,2.60634264915597e-07
94.8747506775618,9.32807048984922e-08,2.60346192222181e-07
95.0248689539504,9.32075520224098e-08,2.60132336477916e-07
95.1749872303389,9.30388808943237e-08,2.59915496959844e-07
95.3251055067275,9.29319234646027e-08,2.59606071106029e-07
95.475223783116,9.28854941051029e-08,2.59233427265751e-07
95.6253420595046,9.27418588594282e-08,2.58920583484351e-07
95.7754603358931,9.26706023352918e-08,2.58723175996913e-07
95.9255786122817,9.25783874125659e-08,2.58443225798136e-07
96.0756968886702,9.24613430916409e-08,2.581304849501e-07
96.2258151650588,9.23532855220375e-08,2.57870818108737e-07
96.3759334414473,9.22791824084396e-08,2.57663424377944e-07
96.5260517178359,9.22040879474666e-08,2.57352674798721e-07
96.6761699942244,9.19977711140668e-08,2.56916679161203e-07
96.8262882706129,9.20251546115666e-08,2.56722767751375e-07
96.9764065470015,9.1904743882726e-08,2.56557205687139e-07
97.1265248233901,9.17858378847721e-08,2.56292102173308e-07
97.2766430997786,9.16737525302701e-08,2.56073163024655e-07
97.4267613761672,9.16065642744204e-08,2.55771467343388e-07
97.5768796525557,9.15163036092077e-08,2.55517412784335e-07
97.7269979289442,9.1459528996502e-08,2.55275324246339e-07
97.8771162053328,9.13069576718539e-08,2.54974103998776e-07
98.0272344817213,9.12201898950579e-08,2.5470769634689e-07
98.1773527581099,9.1131853531478e-08,2.54447795475663e-07
98.3274710344984,9.10453642296353e-08,2.54189182547306e-07
98.477589310887,9.09698375248987e-08,2.53946217531277e-07
98.6277075872755,9.08762558836725e-08,2.53710708972014e-07
98.7778258636641,9.07714339539317e-08,2.53435992289208e-07
98.9279441400526,9.06711970303947e-08,2.53220094277748e-07
99.0780624164412,9.05851943117495e-08,2.52967957707927e-07
99.2281806928297,9.05142737203038e-08,2.5263760919182e-07
99.3782989692183,9.04090949207999e-08,2.5244004575505e-07
99.5284172456068,9.03417582888426e-08,2.52200302084295e-07
99.6785355219953,9.02339185488761e-08,2.51929879707891e-07
99.8286537983839,9.0150066804121e-08,2.51704027128502e-07
99.9787720747725,9.00459155888756e-08,2.51444002568973e-07
100.128890351161,8.99852731284872e-08,2.51201608287055e-07
100.27900862755,8.9885173803758e-08,2.50958641972076e-07
100.429126903938,8.9808647196211e-08,2.50731171220191e-07
100.579245180327,8.9719437910802e-08,2.50466183397504e-07
100.729363456715,8.96399969345987e-08,2.50264897575225e-07
100.879481733104,8.95136248356955e-08,2.50061643549207e-07
101.029600009492,8.9471702145338e-08,2.49749467657155e-07
101.179718285881,8.93693016809724e-08,2.49557126598842e-07
101.329836562269,8.93116999387627e-08,2.49312308666122e-07
101.479954838658,8.91930458948133e-08,2.49035103934039e-07
101.630073115046,8.91498237206365e-08,2.48871234120369e-07
101.780191391435,8.90023146674077e-08,2.4861519358621e-07
101.930309667824,8.89385455240332e-08,2.48340887705779e-07
102.080427944212,8.89119141553729e-08,2.48129182425831e-07
102.230546220601,8.88002908979901e-08,2.47915009298525e-07
102.380664496989,8.86988314761174e-08,2.47678248392153e-07
102.530782773378,8.86159096653788e-08,2.47464182907571e-07
102.680901049766,8.8536609044465e-08,2.4722822507036e-07
102.831019326155,8.84894794521715e-08,2.46960997034807e-07
102.981137602543,8.83943393155284e-08,2.4673781623485e-07
103.131255878932,8.82891593556734e-08,2.46523287671101e-07
103.28137415532,8.824208420455e-08,2.46384113364048e-07
103.431492431709,8.81538922414422e-08,2.4614605579431e-07
103.581610708098,8.80473978194115e-08,2.45837432310929e-07
103.731728984486,8.80048816149591e-08,2.45678277421614e-07
103.881847260875,8.79023618783022e-08,2.45450541613571e-07
104.031965537263,8.78513626186292e-08,2.45229037529679e-07
104.182083813652,8.77346996289923e-08,2.45017193041057e-07
104.33220209004,8.7734039708156e-08,2.4478360070315e-07
104.482320366429,8.75420757672943e-08,2.44656135006162e-07
104.632438642817,8.75116201064029e-08,2.44425707434668e-07
104.782556919206,8.74883145716848e-08,2.44141205913602e-07
104.932675195595,8.73889215348818e-08,2.43910515249999e-07
105.082793471983,8.72872459012898e-08,2.43700410964159e-07
105.232911748372,8.72060635584849e-08,2.43497255928433e-07
105.38303002476,8.71349124406078e-08,2.43269969947097e-07
105.533148301149,8.70992573048134e-08,2.43086225967848e-07
105.683266577537,8.70121829764029e-08,2.42921955738591e-07
105.833384853926,8.69013861225049e-08,2.42721642062282e-07
105.983503130314,8.68641428856919e-08,2.42486504559517e-07
106.133621406703,8.67727579910962e-08,2.42285691066945e-07
106.283739683091,8.66967697168971e-08,2.42088531889852e-07
106.43385795948,8.66401963174612e-08,2.41873608460671e-07
106.583976235869,8.65590252237757e-08,2.41691456707631e-07
106.734094512257,8.64948534542056e-08,2.41441148221632e-07
106.884212788646,8.63908888411904e-08,2.41289796403724e-07
107.034331065034,8.63923844928508e-08,2.41161498958308e-07
107.184449341423,8.62342096627643e-08,2.40848066801182e-07
107.334567617811,8.61914680064136e-08,2.40623412603656e-07
107.4846858942,8.61458551447027e-08,2.40459356527738e-07
107.634804170588,8.6083499635131e-08,2.40273183553259e-07
107.784922446977,8.59842903556361e-08,2.40103086489231e-07
107.935040723365,8.59154635426467e-08,2.39900667855729e-07
108.085158999754,8.58311061526298e-08,2.39719711732991e-07
108.235277276143,8.57990102217412e-08,2.39519524058944e-07
108.385395552531,8.57232800678353e-08,2.3931654501847e-07
108.53551382892,8.56463219162269e-08,2.39131675091126e-07
108.685632105308,8.55781159814754e-08,2.38942557675221e-07
108.835750381697,8.55043941181545e-08,2.38745622626873e-07
108.985868658085,8.54347386947464e-08,2.38551771827239e-07
109.135986934474,8.5381016959479e-08,2.38380996372351e-07
109.286105210862,8.53137455081904e-08,2.3818193505204e-07
109.436223487251,8.52487743369767e-08,2.38014358670573e-07
109.586341763639,8.51650084636323e-08,2.37837282204648e-07
109.736460040028,8.51177549189863e-08,2.37626593921445e-07
109.886578316417,8.50316842916708e-08,2.37461546158764e-07
110.036696592805,8.49829980439093e-08,2.37275238152117e-07
110.186814869194,8.49133377273111e-08,2.37094769861483e-07
110.336933145582,8.48598098727606e-08,2.3690959724275e-07
110.487051421971,8.47755913937828e-08,2.36724322723692e-07
110.637169698359,8.47235139478874e-08,2.36554195775774e-07
110.787287974748,8.46477496742165e-08,2.3636291130196e-07
110.937406251136,8.45921164117477e-08,2.36195921541324e-07
111.087524527525,8.45258284188299e-08,2.35997647246674e-07
111.237642803913,8.4486102654033e-08,2.3583723764202e-07
111.387761080302,8.43908955038507e-08,2.3568790166871e-07
111.537879356691,8.43432229696057e-08,2.35486112428232e-07
111.687997633079,8.42627455311392e-08,2.35333828987563e-07
111.838115909468,8.42253376028197e-08,2.35149982265897e-07
111.988234185856,8.41459439797701e-08,2.34973163685237e-07
112.138352462245,8.41146529293009e-08,2.34823418293346e-07
112.288470738633,8.40350871957577e-08,2.34623167308146e-07
112.438589015022,8.39416728973057e-08,2.34439160302572e-07
112.58870729141,8.39116378579466e-08,2.3428953991142e-07
112.738825567799,8.38631832405593e-08,2.34137842949051e-07
112.888943844188,8.37930127814631e-08,2.33959964228568e-07
113.039062120576,8.37329026061503e-08,2.33804045932862e-07
113.189180396965,8.36554264489711e-08,2.33640164626248e-07
113.339298673353,8.36142459259174e-08,2.33454123114782e-07
113.489416949742,8.35640138691027e-08,2.33280297870392e-07
113.63953522613,8.34814404993593e-08,2.33117993133946e-07
113.789653502519,8.34270261966855e-08,2.32999573903609e-07
113.939771778907,8.34022695171483e-08,2.32813542870577e-07
114.089890055296,8.33037542419625e-08,2.32630448262181e-07
114.240008331684,8.32721028306389e-08,2.32494684464358e-07
114.390126608073,8.3185294293979e-08,2.32309299377826e-07
114.540244884462,8.31634121034651e-08,2.32178406352104e-07
114.69036316085,8.30605707715278e-08,2.31997226245473e-07
114.840481437239,8.30710220260913e-08,2.31805272717289e-07
114.990599713627,8.29879318894839e-08,2.317214193631e-07
115.140717990016,8.28844913208954e-08,2.31580925237232e-07
115.290836266404,8.28622180394372e-08,2.31395759752988e-07
115.440954542793,8.2824012985755e-08,2.3122293245079e-07
115.591072819181,8.27645668068576e-08,2.31066221793886e-07
115.74119109557,8.27041227382576e-08,2.30908406853945e-07
115.891309371958,8.26272664821587e-08,2.30743972104693e-07
116.041427648347,8.25862778591738e-08,2.30609564114643e-07
116.191545924736,8.25546485609026e-08,2.30480450693375e-07
116.341664201124,8.24715513945567e-08,2.30319207375724e-07
116.491782477513,8.24265739228995e-08,2.30142278614816e-07
116.641900753901,8.23882402489215e-08,2.30020240527867e-07
116.79201903029,8.23124192699329e-08,2.29871894286215e-07
116.942137306678,8.22754304650362e-08,2.29712378846599e-07
117.092255583067,8.22057055420998e-08,2.29587325111979e-07
117.242373859455,8.2179884280119e-08,2.29400925086894e-07
117.392492135844,8.20823091877448e-08,2.29287686733254e-07
117.542610412232,8.20901868963857e-08,2.29180834061887e-07
117.692728688621,8.20140360921053e-08,2.28978804856493e-07
117.84284696501,8.193946809487e-08,2.28826074430689e-07
117.992965241398,8.18949085131584e-08,2.28686767047977e-07
118.143083517787,8.18646233159154e-08,2.28556181862974e-07
118.293201794175,8.1810137205707e-08,2.28422321099421e-07
118.443320070564,8.17638157305655e-08,2.28280445114646e-07
118.593438346952,8.16900901976283e-08,2.28158819749757e-07
118.743556623341,8.16486731995911e-08,2.28005826167014e-07
118.893674899729,8.16081147617444e-08,2.27858349901279e-07
119.043793176118,8.15538091058278e-08,2.27724860133754e-07
119.193911452507,8.15084303647899e-08,2.27593083378354e-07
119.344029728895,8.14620430871371e-08,2.27448503145169e-07
119.494148005284,8.14016651554063e-08,2.27308263177835e-07
119.644266281672,8.13579024182848e-08,2.27179493021381e-07
119.794384558061,8.13052896142946e-08,2.27035013812716e-07
119.944502834449,8.12719065983518e-08,2.26918152028268e-07
120.094621110838,8.12072261782138e-08,2.26777553659998e-07
120.244739387226,8.11790272193698e-08,2.26637055665807e-07
120.394857663615,8.11162096646039e-08,2.26520664425785e-07
120.544975940003,8.1072859467645e-08,2.26382405206455e-07
120.695094216392,8.10167256926448e-08,2.26262698307254e-07
120.845212492781,8.09874189591069e-08,2.26122806849328e-07
120.995330769169,8.09308693405479e-08,2.25992616982169e-07
121.145449045558,8.08954668521745e-08,2.2587005647192e-07
121.295567321946,8.08399275967415e-08,2.25733072098991e-07
121.445685598335,8.0796757057369e-08,2.25611830896043e-07
121.595803874723,8.07337503726869e-08,2.25464519059614e-07
121.745922151112,8.07168594566494e-08,2.25352304879254e-07
121.8960404275,8.06598729552007e-08,2.25236316046939e-07
122.046158703889,8.06252940665497e-08,2.25100494069564e-07
122.196276980277,8.05640978496902e-08,2.24993855710742e-07
122.346395256666,8.05283476893516e-08,2.2485690087741e-07
122.496513533055,8.04709713108113e-08,2.24743663648258e-07
122.646631809443,8.04390111075403e-08,2.24635929995416e-07
122.796750085832,8.04167924310334e-08,2.24489930661758e-07
122.94686836222,8.03470593072903e-08,2.24353771001106e-07
123.096986638609,8.02976320089037e-08,2.24243871392723e-07
123.247104914997,8.02688862440951e-08,2.24136362769228e-07
123.397223191386,8.02221041916896e-08,2.24009633563029e-07
123.547341467774,8.01899775924659e-08,2.23901782655767e-07
123.697459744163,8.01335347854915e-08,2.23785057751209e-07
123.847578020551,8.00923893713625e-08,2.2365837252257e-07
123.99769629694,8.00649619325045e-08,2.23530087806148e-07
124.147814573329,8.00195166715774e-08,2.23420147384916e-07
124.297932849717,7.99483821731487e-08,2.23340274467836e-07
124.448051126106,7.99465146837185e-08,2.23198952999525e-07
124.598169402494,7.98838853374868e-08,2.23082031224216e-07
124.748287678883,7.98642947619992e-08,2.22980200359294e-07
124.898405955271,7.97986422819666e-08,2.22845452556303e-07
125.04852423166,7.97818995502813e-08,2.22761430000684e-07
125.198642508048,7.97062306777718e-08,2.22624801266672e-07
125.348760784437,7.9685623376504e-08,2.22486736059145e-07
125.498879060825,7.96813556775274e-08,2.22420482830375e-07
125.648997337214,7.96046444775589e-08,2.22326184472294e-07
125.799115613603,7.95581999564055e-08,2.22207570037765e-07
125.949233889991,7.95298717714115e-08,2.2208888494675e-07
126.09935216638,7.94954577782359e-08,2.219815624504e-07
126.249470442768,7.94670566522884e-08,2.21866613242012e-07
126.399588719157,7.94158704883282e-08,2.21750145479789e-07
126.549706995545,7.93661956963866e-08,2.21656418108203e-07
126.699825271934,7.93533023056355e-08,2.21570826857629e-07
126.849943548322,7.93067610471932e-08,2.21453483570711e-07
127.000061824711,7.92508873432411e-08,2.21324600483244e-07
127.1501801011,7.9240343090578e-08,2.21244886322689e-07
127.300298377488,7.91860399651306e-08,2.21136051353812e-07
127.450416653877,7.91672360181048e-08,2.21031823540185e-07
127.600534930265,7.91077601120918e-08,2.20943906550684e-07
127.750653206654,7.91005889138789e-08,2.20811895039634e-07
127.900771483042,7.90227070067186e-08,2.20742904101186e-07
128.050889759431,7.90087319822644e-08,2.20661766037991e-07
128.201008035819,7.8995191054907e-08,2.20528834849036e-07
128.351126312208,7.89426291648084e-08,2.20424174743457e-07
128.501244588596,7.88938332942526e-08,2.20321143869269e-07
128.651362864985,7.88649202896768e-08,2.20232847109388e-07
128.801481141374,7.88310934020525e-08,2.20134003316287e-07
128.951599417762,7.88102314295431e-08,2.20041340082029e-07
129.101717694151,7.87682412944864e-08,2.19959576437273e-07
129.251835970539,7.87251137214069e-08,2.19853494189084e-07
129.401954246928,7.86995134545009e-08,2.19753298647264e-07
129.552072523316,7.86619454012412e-08,2.19662886777867e-07
129.702190799705,7.86243249363054e-08,2.19576656866578e-07
129.852309076093,7.86020175350591e-08,2.19474978750457e-07
130.002427352482,7.85626826978233e-08,2.19383105198855e-07
130.15254562887,7.85352600973458e-08,2.19290845689672e-07
130.302663905259,7.84904268534962e-08,2.19192460446633e-07
130.452782181648,7.84707677334141e-08,2.19115678082034e-07
130.602900458036,7.84228666528093e-08,2.19011913831927e-07
130.753018734425,7.84034444122181e-08,2.18921841956075e-07
130.903137010813,7.83704018548286e-08,2.18839977853143e-07
131.053255287202,7.83433062809551e-08,2.18748614558144e-07
131.20337356359,7.82987797651417e-08,2.18671705391801e-07
131.353491839979,7.82743009861951e-08,2.18574072979072e-07
131.503610116367,7.82363128052814e-08,2.18492905762325e-07
131.653728392756,7.82138008730803e-08,2.18406980011285e-07
131.803846669144,7.81820944147097e-08,2.18318963631166e-07
131.953964945533,7.81614358860371e-08,2.18235226078453e-07
132.104083221922,7.81095154312555e-08,2.18131495374264e-07
132.25420149831,7.8088370151906e-08,2.18060921591488e-07
132.404319774699,7.80553134756707e-08,2.17975914531514e-07
132.554438051087,7.80348495391817e-08,2.17889754114677e-07
132.704556327476,7.80021649926075e-08,2.17818147804369e-07
132.854674603864,7.79760848185303e-08,2.17724783131112e-07
133.004792880253,7.79403601330186e-08,2.1765759640172e-07
133.154911156641,7.78978808626654e-08,2.17586099678137e-07
133.30502943303,7.78911596946226e-08,2.17490153334189e-07
133.455147709419,7.78638674165219e-08,2.1739766295653e-07
133.605265985807,7.78213282363858e-08,2.17326324544586e-07
133.755384262196,7.78006788595623e-08,2.17253351966515e-07
133.905502538584,7.77664204353988e-08,2.17168751955708e-07
134.055620814973,7.77481288908952e-08,2.17101265152026e-07
134.205739091361,7.77153296016592e-08,2.17022992382056e-07
134.35585736775,7.76801413034751e-08,2.16940957344489e-07
134.505975644138,7.76588692098644e-08,2.16848239933034e-07
134.656093920527,7.76558026907776e-08,2.16783190552777e-07
134.806212196915,7.75907953403462e-08,2.16737667045408e-07
134.956330473304,7.75833256899862e-08,2.16639088613151e-07
135.106448749693,7.75445826081072e-08,2.16573253119416e-07
135.256567026081,7.75354354243579e-08,2.16501430199165e-07
135.40668530247,7.74981201799879e-08,2.1641531338485e-07
135.556803578858,7.74884499708415e-08,2.16368602174548e-07
135.706921855247,7.74510011249465e-08,2.16267782783052e-07
135.857040131635,7.73977905372547e-08,2.16177152380259e-07
136.007158408024,7.74110527410243e-08,2.16135797801013e-07
136.157276684412,7.73851252234097e-08,2.16078357267166e-07
136.307394960801,7.73467600822131e-08,2.16005309608821e-07
136.457513237189,7.73213832394949e-08,2.15930588484101e-07
136.607631513578,7.7294027213668e-08,2.15865195364767e-07
136.757749789967,7.72791309622487e-08,2.15788921244055e-07
136.907868066355,7.72595200066566e-08,2.157126155755e-07
137.057986342744,7.72158516442246e-08,2.15655423733765e-07
137.208104619132,7.72018003874451e-08,2.1561037473346e-07
137.358222895521,7.71975751960437e-08,2.15530385363809e-07
137.508341171909,7.71442198838892e-08,2.15445041691048e-07
137.658459448298,7.71380120489908e-08,2.15400086304522e-07
137.808577724686,7.71004978472161e-08,2.153239304722e-07
137.958696001075,7.70962924086967e-08,2.1526602105772e-07
138.108814277463,7.70563072026051e-08,2.15208673399744e-07
138.258932553852,7.70590002576754e-08,2.15120195592748e-07
138.409050830241,7.70200889478615e-08,2.15090182740114e-07
138.559169106629,7.69778310084284e-08,2.15040516644101e-07
138.709287383018,7.69802182811123e-08,2.14960635535614e-07
138.859405659406,7.69641141531555e-08,2.14894117028662e-07
139.009523935795,7.69349276985364e-08,2.14827983717922e-07
139.159642212183,7.69105781415798e-08,2.14775051216922e-07
139.309760488572,7.68835797888817e-08,2.14709492800083e-07
139.45987876496,7.68684186193612e-08,2.14656993862144e-07
139.609997041349,7.68549707975145e-08,2.14608986401442e-07
139.760115317737,7.68238168599918e-08,2.14543535434616e-07
139.910233594126,7.68086824075916e-08,2.14480923669006e-07
140.060351870515,7.67930861325113e-08,2.14429121052135e-07
140.210470146903,7.67616350147697e-08,2.143809927093e-07
140.360588423292,7.67480819657778e-08,2.14318056963743e-07
140.51070669968,7.67232443391777e-08,2.14268232203702e-07
140.660824976069,7.6713682081142e-08,2.14209533010901e-07
140.810943252457,7.66851633676499e-08,2.1415298020105e-07
140.961061528846,7.6677487185918e-08,2.1411017618468e-07
141.111179805234,7.66478146772648e-08,2.14042604397716e-07
141.261298081623,7.66278761400036e-08,2.13992353706453e-07
141.411416358011,7.66094660334476e-08,2.13940495364629e-07
141.5615346344,7.66003314177083e-08,2.1388998431091e-07
141.711652910789,7.65774810181683e-08,2.13846784569012e-07
141.861771187177,7.65623785921633e-08,2.13788511647142e-07
142.011889463566,7.65379980313299e-08,2.13747201726731e-07
142.162007739954,7.65200009796796e-08,2.13695771091504e-07
142.312126016343,7.64987853035487e-08,2.13651340088643e-07
142.462244292731,7.64971713029342e-08,2.13600877821869e-07
142.61236256912,7.64730711031342e-08,2.13538401812433e-07
142.762480845508,7.64541781492779e-08,2.13502374059099e-07
142.912599121897,7.64341738902845e-08,2.13448487742836e-07
143.062717398286,7.6417304462567e-08,2.13403304347097e-07
143.212835674674,7.64032772696881e-08,2.13361365634845e-07
143.362953951063,7.63892452490658e-08,2.1330716876785e-07
143.513072227451,7.63823878596088e-08,2.13275929854221e-07
143.66319050384,7.63482634517621e-08,2.13238759237505e-07
143.813308780228,7.63345324057795e-08,2.13185638457595e-07
143.963427056617,7.63314423583808e-08,2.13131864102823e-07
144.113545333005,7.63061307348089e-08,2.13096865244532e-07
144.263663609394,7.62957294339053e-08,2.13055611683044e-07
144.413781885782,7.62759892875081e-08,2.13010140798423e-07
144.563900162171,7.62669945156683e-08,2.12977189250182e-07
144.71401843856,7.62551301716151e-08,2.12935118141197e-07
144.864136714948,7.62331855980509e-08,2.12890322521047e-07
145.014254991337,7.62020096891541e-08,2.12828673036445e-07
145.164373267725,7.62238216870298e-08,2.12803342656062e-07
145.314491544114,7.61921542547645e-08,2.12785469008458e-07
145.464609820502,7.6182165725771e-08,2.12727157911588e-07
145.614728096891,7.61600291995503e-08,2.12703347136858e-07
145.764846373279,7.61499737076933e-08,2.12660231302008e-07
145.914964649668,7.61339633213095e-08,2.12619840587598e-07
146.065082926056,7.61255338251937e-08,2.1260487168362e-07
146.215201202445,7.61343701025362e-08,2.12539812158681e-07
146.365319478834,7.60843605790465e-08,2.12490660229297e-07
146.515437755222,7.60797543866134e-08,2.12474021483817e-07
146.665556031611,7.60813355852379e-08,2.12449625360095e-07
146.815674307999,7.60650367853805e-08,2.12413084146029e-07
146.965792584388,7.60520962701185e-08,2.12377098108089e-07
147.115910860776,7.60353126122085e-08,2.12347737217132e-07
147.266029137165,7.60236757514552e-08,2.12306674142356e-07
147.416147413553,7.60264633541135e-08,2.12265715522867e-07
147.566265689942,7.60034478717232e-08,2.12243686252256e-07
147.71638396633,7.59754250547517e-08,2.12236176593822e-07
147.866502242719,7.59969924846134e-08,2.12188912892837e-07
148.016620519108,7.59690253608671e-08,2.12145672155533e-07
148.166738795496,7.59673903544821e-08,2.12131202872503e-07
148.316857071885,7.59434669195637e-08,2.12086318004663e-07
148.466975348273,7.59424840665975e-08,2.1206911967999e-07
148.617093624662,7.59204280972164e-08,2.12037230879236e-07
148.76721190105,7.59214687586976e-08,2.11988671450244e-07
148.917330177439,7.59295801911252e-08,2.11991891587851e-07
149.067448453827,7.58908321945119e-08,2.11972335241335e-07
149.217566730216,7.58836608318065e-08,2.11937595206818e-07
149.367685006604,7.58827669285232e-08,2.11905468425042e-07
149.517803282993,7.5876242664785e-08,2.11876508731598e-07
149.667921559382,7.58673596721901e-08,2.11855827524667e-07
149.81803983577,7.58554684141604e-08,2.11822938643509e-07
149.968158112159,7.58412516716997e-08,2.11806567218946e-07
150.118276388547,7.58441512807199e-08,2.1179013975146e-07
150.268394664936,7.58284108592626e-08,2.11760407017602e-07
150.418512941324,7.58158756808584e-08,2.11730061136673e-07
150.568631217713,7.58206117010461e-08,2.11714052818511e-07
150.718749494101,7.58064732144051e-08,2.11698391831097e-07
150.86886777049,7.58026088499965e-08,2.11671666507236e-07
151.018986046879,7.57872176714482e-08,2.11659338638514e-07
151.169104323267,7.57860193623436e-08,2.11632306837169e-07
151.319222599656,7.57720061489218e-08,2.11615891701294e-07
151.469340876044,7.57736064705878e-08,2.11604279837285e-07
151.619459152433,7.57699080562488e-08,2.11572389848532e-07
151.769577428821,7.57583909981554e-08,2.11557320451224e-07
151.91969570521,7.57466016332287e-08,2.11534418815627e-07
152.069813981598,7.5743400594891e-08,2.11520824054503e-07
152.219932257987,7.57380007152671e-08,2.11506825358845e-07
152.370050534375,7.57360305820038e-08,2.11485069570777e-07
152.520168810764,7.57317924348665e-08,2.11477631075828e-07
152.670287087153,7.57250375563386e-08,2.11459480490387e-07
152.820405363541,7.57096253912711e-08,2.11454492254234e-07
152.97052363993,7.57096239305882e-08,2.11435260013629e-07
153.120641916318,7.57100617346559e-08,2.11412566892912e-07
153.270760192707,7.57031932328324e-08,2.1140833823156e-07
153.420878469095,7.57015376618005e-08,2.11386537167957e-07
153.570996745484,7.56914238658677e-08,2.11377977863586e-07
153.721115021872,7.56882963959541e-08,2.11364264900324e-07
153.871233298261,7.56772567961986e-08,2.11345864043926e-07
154.021351574649,7.56880739171185e-08,2.11345970247991e-07
154.171469851038,7.56804491837338e-08,2.11342012136255e-07
154.321588127427,7.56670772342958e-08,2.1132550858997e-07
154.471706403815,7.5674673571793e-08,2.1130743487833e-07
154.621824680204,7.56666299171421e-08,2.11306979231052e-07
154.771942956592,7.56640417979033e-08,2.11296645669433e-07
154.922061232981,7.56572790156773e-08,2.11288676531706e-07
155.072179509369,7.56552357937018e-08,2.11288116907859e-07
155.222297785758,7.56607667812671e-08,2.11282900737125e-07
155.372416062146,7.56677009199598e-08,2.11271182320906e-07
155.522534338535,7.56331306638058e-08,2.11238850499472e-07
155.672652614923,7.56482533580801e-08,2.1125028611236e-07
155.822770891312,7.56501370175325e-08,2.11257405754916e-07
155.972889167701,7.56475633711338e-08,2.11237219305734e-07
156.123007444089,7.56487977974114e-08,2.11249186649863e-07
156.273125720478,7.56409567746696e-08,2.11234887907162e-07
156.423243996866,7.56421437677529e-08,2.11236930612325e-07
156.573362273255,7.56230465057994e-08,2.11252495458105e-07
156.723480549643,7.56565730994321e-08,2.11223863395848e-07
156.873598826032,7.56429241178392e-08,2.11211349982141e-07
157.02371710242,7.56295504315313e-08,2.11221550017789e-07
157.173835378809,7.56381378244168e-08,2.11229363772003e-07
157.323953655197,3.78198337877632e-08,1.05612906079681e-07
