timestep:         0.0063532800000000
yAxisLabel:deflection [m]       
title:bridge deflection 
ub_mid  ,       ub_quart
  0.0000000000000000,         0.0000000000000000
 -0.0000000000084839,        -0.0000000004690436
 -0.0000000001760663,        -0.0000000063151049
 -0.0000000016790908,        -0.0000000361183707
 -0.0000000098405818,        -0.0000001108372924
 -0.0000000402175207,        -0.0000001648068102
 -0.0000001249598929,         0.0000001139201700
 -0.0000003188594207,         0.0000013606018287
 -0.0000007110486432,         0.0000041984702247
 -0.0000014146792961,         0.0000081636694701
 -0.0000024510009751,         0.0000108457147994
 -0.0000035659556042,         0.0000093929850545
 -0.0000042599257913,         0.0000030059218535
 -0.0000040730654844,        -0.0000076875073707
 -0.0000026542052821,        -0.0000221400054895
  0.0000003793127761,        -0.0000389263068951
  0.0000051770004458,        -0.0000564811297762
  0.0000115822166649,        -0.0000749112638299
  0.0000201077201021,        -0.0000948435644283
  0.0000321297970551,        -0.0001171101299576
  0.0000480088916830,        -0.0001426793308230
  0.0000662493466594,        -0.0001712595076313
  0.0000852646996368,        -0.0002023600350800
  0.0001042490251575,        -0.0002355774630439
  0.0001222802064658,        -0.0002701527668423
  0.0001386475803863,        -0.0003062118098972
  0.0001536968567412,        -0.0003442172386120
  0.0001680225803954,        -0.0003846047198415
  0.0001818800644637,        -0.0004275115525413
  0.0001956177771257,        -0.0004722952183039
  0.0002093733017802,        -0.0005186466833305
  0.0002229919904569,        -0.0005664377139260
  0.0002364944872982,        -0.0006159104385223
  0.0002496041727007,        -0.0006674587735293
  0.0002618938296892,        -0.0007208980865988
  0.0002734394221407,        -0.0007761575121157
  0.0002842611127236,        -0.0008326801489538
  0.0002943919945118,        -0.0008898236861938
  0.0003040941691457,        -0.0009473457378593
  0.0003132370162450,        -0.0010053170919087
  0.0003217739325038,        -0.0010644385791116
  0.0003300572570016,        -0.0011249845465045
  0.0003382633389573,        -0.0011869477524112
  0.0003461908414544,        -0.0012498365392009
  0.0003533158029893,        -0.0013128247561262
  0.0003593701919945,        -0.0013758472951537
  0.0003642941452943,        -0.0014390679564433
  0.0003677371749632,        -0.0015027246552504
  0.0003695471161359,        -0.0015667339371985
  0.0003699983592305,        -0.0016308190338068
  0.0003693947233795,        -0.0016951324563212
  0.0003676139373252,        -0.0017597677071443
  0.0003648047900178,        -0.0018245649270329
  0.0003621552783944,        -0.0018895854737660
  0.0003605235458369,        -0.0019551143400385
  0.0003600045969505,        -0.0020211767478447
  0.0003606642414407,        -0.0020878679822537
  0.0003625757142219,        -0.0021556190799780
  0.0003658827283357,        -0.0022250162885154
  0.0003704901342358,        -0.0022962851956579
  0.0003765134352109,        -0.0023692531824915
  0.0003842402780009,        -0.0024439061826002
  0.0003929925208422,        -0.0025204561897604
  0.0004016522026542,        -0.0025989001148540
  0.0004096182615335,        -0.0026782478191345
  0.0004169635868973,        -0.0027570220061294
  0.0004238270204195,        -0.0028341280709246
  0.0004302718900155,        -0.0029090483162532
  0.0004368661326597,        -0.0029815094221544
  0.0004440077080849,        -0.0030512514050598
  0.0004516878931588,        -0.0031184233366739
  0.0004599277557418,        -0.0031832313051954
  0.0004686480643759,        -0.0032454855500134
  0.0004772259379557,        -0.0033049998099455
  0.0004845132355191,        -0.0033619547538707
  0.0004899508247576,        -0.0034169658541481
  0.0004937512723090,        -0.0034710528754927
  0.0004965271973942,        -0.0035247269305133
  0.0004989360158579,        -0.0035779610652251
  0.0005014284628744,        -0.0036307661706780
  0.0005045457163653,        -0.0036826839223086
  0.0005081328088208,        -0.0037324366118242
  0.0005116275460203,        -0.0037787953993809
  0.0005150797634168,        -0.0038216544514089
  0.0005186237490376,        -0.0038610443046388
  0.0005220676059700,        -0.0038969909579036
  0.0005247971076021,        -0.0039300868088775
  0.0005261332345646,        -0.0039605943828394
  0.0005256728452408,        -0.0039883378937615
  0.0005232443480318,        -0.0040131539734284
  0.0005189936917697,        -0.0040347073271802
  0.0005132554512147,        -0.0040528488547817
  0.0005061425451901,        -0.0040679880434659
  0.0004972769303295,        -0.0040805229747483
  0.0004866257825189,        -0.0040908214387185
  0.0004749726944676,        -0.0040988373060991
  0.0004629158231499,        -0.0041042827874676
  0.0004506233646831,        -0.0041070674940539
  0.0004385747190357,        -0.0041069760187709
  0.0004271170158432,        -0.0041037013349934
  0.0004159921560508,        -0.0040966889790107
  0.0004052019665351,        -0.0040861758808918
  0.0003950405581448,        -0.0040746547506037
  0.0003857465934430,        -0.0040656673302034
  0.0003775241223549,        -0.0040610441925495
  0.0003703647506790,        -0.0040610665847495
  0.0003643379691590,        -0.0040656573977906
  0.0003596182628825,        -0.0040733526450167
  0.0003561161375945,        -0.0040817502885538
  0.0003538958736095,        -0.0040895685032594
  0.0003540937773155,        -0.0040970771895104
  0.0003585726553610,        -0.0041060904178664
  0.0003681407865462,        -0.0041186563769857
  0.0003816358847836,        -0.0041352509008575
  0.0003972969739782,        -0.0041557505504877
  0.0004137012405959,        -0.0041794543137080
  0.0004290662101055,        -0.0042052138456894
  0.0004422429177543,        -0.0042327367192782
  0.0004538936540236,        -0.0042622735700384
  0.0004654652758527,        -0.0042950622887421
  0.0004784134261714,        -0.0043321459641036
  0.0004939676231553,        -0.0043730603062650
  0.0005123193882223,        -0.0044176031590592
  0.0005326293267433,        -0.0044656652502482
  0.0005539066281511,        -0.0045174000186878
  0.0005750497428885,        -0.0045733110016609
  0.0005950325209542,        -0.0046331821383795
  0.0006133339542117,        -0.0046967411135745
  0.0006294359679933,        -0.0047632111367351
  0.0006431028388056,        -0.0048316765148830
  0.0006546445272232,        -0.0049013848500926
  0.0006640499612035,        -0.0049719205173646
  0.0006715070904071,        -0.0050437526113550
  0.0006775706864964,        -0.0051169535180341
  0.0006821974626721,        -0.0051911949054146
  0.0006847556953713,        -0.0052657397754026
  0.0006844134760638,        -0.0053398149608739
  0.0006812138149264,        -0.0054137688886040
  0.0006756970184009,        -0.0054886034380889
  0.0006676559042947,        -0.0055655559623169
  0.0006569890718749,        -0.0056455785581859
  0.0006441614014963,        -0.0057290649445769
  0.0006295754272356,        -0.0058160943858740
  0.0006131436921263,        -0.0059061092740562
  0.0005950787260941,        -0.0059981800103331
  0.0005766378177499,        -0.0060920662604070
  0.0005588725474412,        -0.0061883066457525
  0.0005421185906158,        -0.0062872484079693
  0.0005266555309963,        -0.0063889417098873
  0.0005128938706087,        -0.0064932906040470
  0.0005013200151002,        -0.0066002580665416
  0.0004917590520542,        -0.0067097726308962
  0.0004836721171602,        -0.0068217782249319
  0.0004766209137859,        -0.0069368728894185
  0.0004694955349937,        -0.0070559198343277
  0.0004611365129038,        -0.0071792870152558
  0.0004510024059665,        -0.0073060128516727
  0.0004391615368149,        -0.0074342514009720
  0.0004258785748632,        -0.0075626007403310
  0.0004115276019471,        -0.0076905756673797
  0.0003974574772177,        -0.0078177893874407
  0.0003851704852637,        -0.0079434730175780
  0.0003755378501955,        -0.0080673211571234
  0.0003689168687341,        -0.0081892113834340
  0.0003649734456656,        -0.0083084219974311
  0.0003624291548993,        -0.0084241966667791
  0.0003594576849163,        -0.0085363743243405
  0.0003552099025236,        -0.0086454933772028
  0.0003498396534321,        -0.0087529293597566
  0.0003435606591488,        -0.0088597470385827
  0.0003364685601175,        -0.0089662419849855
  0.0003289252767012,        -0.0090723821585694
  0.0003218354327961,        -0.0091772705463856
  0.0003154481402435,        -0.0092786053614659
  0.0003092716301096,        -0.0093738323151534
  0.0003031200412409,        -0.0094620050462919
  0.0002966491132328,        -0.0095429995588668
  0.0002891131992138,        -0.0096170781663069
  0.0002796772339238,        -0.0096851562938633
  0.0002679879049114,        -0.0097478197199811
  0.0002543151218235,        -0.0098051428091917
  0.0002387206176305,        -0.0098571443544487
  0.0002211018980905,        -0.0099034318796560
  0.0002016343786525,        -0.0099435682269413
  0.0001804395146594,        -0.0099777394565836
  0.0001572735952838,        -0.0100062323786513
  0.0001323230927785,        -0.0100295222153344
  0.0001064111576514,        -0.0100478389271747
  0.0000797791653935,        -0.0100612495792740
  0.0000522018863111,        -0.0100701823301074
  0.0000241958626037,        -0.0100746172543255
 -0.0000037021073945,        -0.0100740938989212
 -0.0000318005098315,        -0.0100678042972056
 -0.0000603895851079,        -0.0100549468344414
 -0.0000896590040574,        -0.0100354980193878
 -0.0001198420849762,        -0.0100101188893988
 -0.0001511715049683,        -0.0099797901962826
 -0.0001837652232542,        -0.0099457320026724
 -0.0002172859069583,        -0.0099090752904400
 -0.0002516781233956,        -0.0098704727005175
 -0.0002874021321096,        -0.0098294292635725
 -0.0003243282298930,        -0.0097845600495255
 -0.0003613461435351,        -0.0097354659488157
 -0.0003972744922807,        -0.0096830765913112
 -0.0004311801967848,        -0.0096287904852869
 -0.0004624508422179,        -0.0095743838471937
 -0.0004911321789835,        -0.0095214979690171
 -0.0005178802140654,        -0.0094706934326522
 -0.0005438780602459,        -0.0094216206368069
 -0.0005698467527991,        -0.0093732022674067
 -0.0005953995792368,        -0.0093244923474025
 -0.0006195713423462,        -0.0092757189313004
 -0.0006410373946223,        -0.0092273204124783
 -0.0006585972185799,        -0.0091793016958475
 -0.0006718270684987,        -0.0091316637003753
 -0.0006813215560325,        -0.0090843478413005
 -0.0006884432777901,        -0.0090373931818765
 -0.0006945821015315,        -0.0089910540943588
 -0.0007010650332545,        -0.0089454723107544
 -0.0007090754558021,        -0.0089008600119167
 -0.0007193394334181,        -0.0088574522562123
 -0.0007321189930130,        -0.0088152397142092
 -0.0007472345335309,        -0.0087739220169472
 -0.0007644790793058,        -0.0087329995521051
 -0.0007834774221480,        -0.0086920460179842
 -0.0008036470597034,        -0.0086507815907740
 -0.0008247851953049,        -0.0086086143143148
 -0.0008470327950634,        -0.0085648392562520
 -0.0008705512080848,        -0.0085191294547144
 -0.0008951773357447,        -0.0084716519357096
 -0.0009208145572819,        -0.0084232446198662
 -0.0009476624368019,        -0.0083751396910808
 -0.0009756019558383,        -0.0083287856199558
 -0.0010044960922066,        -0.0082853026788466
 -0.0010347432310582,        -0.0082449671503404
 -0.0010670406737372,        -0.0082071801083997
 -0.0011019493508674,        -0.0081708500559272
 -0.0011396642392544,        -0.0081354523978173
 -0.0011798911694671,        -0.0081013447249345
 -0.0012219376442513,        -0.0080689733762738
 -0.0012648869219204,        -0.0080385249218993
 -0.0013078286788861,        -0.0080098087970271
 -0.0013500908533612,        -0.0079821463999957
 -0.0013914439924902,        -0.0079546916713578
 -0.0014323341136682,        -0.0079270596532237
 -0.0014734899558017,        -0.0078999495871961
 -0.0015154372306027,        -0.0078746664184564
 -0.0015582302145146,        -0.0078525256852349
 -0.0016017877670982,        -0.0078344025534036
 -0.0016461827927736,        -0.0078204168272876
 -0.0016912801226537,        -0.0078104158301443
 -0.0017367294159060,        -0.0078043951936374
 -0.0017817393121681,        -0.0078023835384938
 -0.0018251427429453,        -0.0078041211738048
 -0.0018659775061081,        -0.0078091356976123
 -0.0019037520021634,        -0.0078167584804118
 -0.0019386016713510,        -0.0078258176841182
 -0.0019712546249952,        -0.0078350499309277
 -0.0020026216061965,        -0.0078437778454761
 -0.0020333782128362,        -0.0078520251221946
 -0.0020639578765678,        -0.0078604347964775
 -0.0020949372410175,        -0.0078698627174236
 -0.0021267744327850,        -0.0078809330877843
 -0.0021592975044488,        -0.0078938058890850
 -0.0021918663267349,        -0.0079080893048594
 -0.0022236299519564,        -0.0079228114444476
 -0.0022540469476700,        -0.0079367964763387
 -0.0022829247601195,        -0.0079495493915045
 -0.0023103458680634,        -0.0079614034058106
 -0.0023367968069868,        -0.0079729327595405
 -0.0023628776032772,        -0.0079846402380548
 -0.0023889047839213,        -0.0079968469161534
 -0.0024147908031098,        -0.0080095888168435
 -0.0024406173266117,        -0.0080227951868461
 -0.0024667494755882,        -0.0080361835239918
 -0.0024935087242684,        -0.0080491561149944
 -0.0025210503934185,        -0.0080609309476346
 -0.0025493613370943,        -0.0080707770142543
 -0.0025784163664455,        -0.0080783106537801
 -0.0026083054852525,        -0.0080834097888165
 -0.0026394035882924,        -0.0080862658802143
 -0.0026722618515582,        -0.0080874561333263
 -0.0027072293165849,        -0.0080871751660451
 -0.0027445913010254,        -0.0080848321993668
 -0.0027848960826488,        -0.0080794581087777
 -0.0028288164863211,        -0.0080703259260361
 -0.0028767791176863,        -0.0080572536244009
 -0.0029285852223667,        -0.0080400600684799
 -0.0029836186868205,        -0.0080186233904264
 -0.0030410495005199,        -0.0079934198168214
 -0.0030998956074022,        -0.0079652583375635
 -0.0031596371910198,        -0.0079346760690738
 -0.0032203922359391,        -0.0079015576034095
 -0.0032822459570087,        -0.0078653623070090
 -0.0033446816373215,        -0.0078255519744919
 -0.0034068667570783,        -0.0077817647782926
 -0.0034682012459815,        -0.0077341659430102
 -0.0035284052058572,        -0.0076838623232125
 -0.0035874374152337,        -0.0076326767092884
 -0.0036455587624214,        -0.0075822376187363
 -0.0037034840351142,        -0.0075332836205045
 -0.0037620023237617,        -0.0074855160918508
 -0.0038214392751518,        -0.0074380173489807
 -0.0038817691059808,        -0.0073897108642237
 -0.0039425298623164,        -0.0073395484575435
 -0.0040026602008419,        -0.0072868435874094
 -0.0040608442559461,        -0.0072313206218850
 -0.0041160739779051,        -0.0071731021033507
 -0.0041679302361357,        -0.0071125718933960
 -0.0042164770540793,        -0.0070499482775595
 -0.0042623581213750,        -0.0069854569142464
 -0.0043064474303307,        -0.0069196109529027
 -0.0043493280162787,        -0.0068528922010429
 -0.0043913074526870,        -0.0067856322602068
 -0.0044325317072884,        -0.0067181429523391
 -0.0044730685439749,        -0.0066504549005729
 -0.0045127309489467,        -0.0065824381093625
 -0.0045509945189158,        -0.0065139853951647
 -0.0045873086173248,        -0.0064445435034323
 -0.0046213634282864,        -0.0063731985371977
 -0.0046531635771844,        -0.0062990396426332
 -0.0046830996337377,        -0.0062212421203720
 -0.0047119172293973,        -0.0061392274210758
 -0.0047403186394427,        -0.0060527204481796
 -0.0047685677053062,        -0.0059619461404432
 -0.0047967056005769,        -0.0058676277450023
 -0.0048250672344068,        -0.0057705584525823
 -0.0048544169619384,        -0.0056712104739774
 -0.0048854428637103,        -0.0055695763776191
 -0.0049184276218775,        -0.0054656177100757
 -0.0049534666675573,        -0.0053596451403037
 -0.0049902408209755,        -0.0052520468514380
 -0.0050278178615370,        -0.0051433785049685
 -0.0050651167473719,        -0.0050342149044945
 -0.0051012698746614,        -0.0049245891235239
 -0.0051356756911253,        -0.0048139061782895
 -0.0051680958683219,        -0.0047013036974108
 -0.0051986996127641,        -0.0045864107692392
 -0.0052279291822546,        -0.0044697269348735
 -0.0052561774273778,        -0.0043522253565286
 -0.0052837550708394,        -0.0042347677752591
 -0.0053111399638543,        -0.0041178269252450
 -0.0053387545772589,        -0.0040014402930117
 -0.0053667407573320,        -0.0038853041812073
 -0.0053950180902156,        -0.0037691547192982
 -0.0054233523609790,        -0.0036530332784485
 -0.0054513341029442,        -0.0035373561997509
 -0.0054782861035239,        -0.0034227211245878
 -0.0055036441953105,        -0.0033093754307488
 -0.0055273655177042,        -0.0031971583169036
 -0.0055497209733542,        -0.0030858523445028
 -0.0055711873394860,        -0.0029754347252489
 -0.0055924406516648,        -0.0028662003590924
 -0.0056139473722589,        -0.0027587570010992
 -0.0056356353967418,        -0.0026539105949711
 -0.0056569300622032,        -0.0025523106254602
 -0.0056770751727289,        -0.0024541482203155
 -0.0056952337495483,        -0.0023592123171543
 -0.0057105506869477,        -0.0022672510277526
 -0.0057223075761466,        -0.0021783569788891
 -0.0057301281475450,        -0.0020929921870352
 -0.0057341574875719,        -0.0020117053812443
 -0.0057350403699608,        -0.0019349111455918
 -0.0057337935891257,        -0.0018628299827427
 -0.0057315815716778,        -0.0017955611016405
 -0.0057293038445854,        -0.0017332169565577
 -0.0057274018956007,        -0.0016759154509792
 -0.0057260403861567,        -0.0016236014784632
 -0.0057251063184064,        -0.0015758511372172
 -0.0057243643715663,        -0.0015318435993984
 -0.0057237192148078,        -0.0014905953573393
 -0.0057231939859560,        -0.0014511591009331
 -0.0057228516829938,        -0.0014129781426796
 -0.0057227322919233,        -0.0013762071030256
 -0.0057229121987396,        -0.0013413929773080
 -0.0057237058782918,        -0.0013090512776740
 -0.0057257277349718,        -0.0012794893086829
 -0.0057295985684962,        -0.0012527092360674
 -0.0057356984241573,        -0.0012284441587425
 -0.0057441449988537,        -0.0012062862543449
 -0.0057548312764168,        -0.0011859851964207
 -0.0057675919453368,        -0.0011676689286634
 -0.0057823714483147,        -0.0011516098229561
 -0.0057993021903574,        -0.0011377097701709
 -0.0058185502108824,        -0.0011251435636405
 -0.0058400329417303,        -0.0011126078596274
 -0.0058634421452409,        -0.0010988655971120
 -0.0058884250098911,        -0.0010829893905198
 -0.0059146226794777,        -0.0010644760711005
 -0.0059416704080154,        -0.0010434752089304
 -0.0059692971500696,        -0.0010207593137928
 -0.0059974086321102,        -0.0009973694429807
 -0.0060262560351977,        -0.0009742747704933
 -0.0060564621482282,        -0.0009521945281162
 -0.0060886244539848,        -0.0009315993197910
 -0.0061229585752421,        -0.0009126763208328
 -0.0061590898173313,        -0.0008952613027600
 -0.0061960021634393,        -0.0008789395607812
 -0.0062322716889168,        -0.0008632944229750
 -0.0062664726795522,        -0.0008481271903372
 -0.0062974639371740,        -0.0008334018089058
 -0.0063245777972300,        -0.0008190673341481
 -0.0063477531424991,        -0.0008049667917602
 -0.0063673996912689,        -0.0007908561148046
 -0.0063841505595354,        -0.0007765457479820
 -0.0063987911763151,        -0.0007619588853766
 -0.0064121051112929,        -0.0007471375695579
 -0.0064244950461280,        -0.0007322381322908
 -0.0064358446557388,        -0.0007174842423130
 -0.0064456800065955,        -0.0007028760760983
 -0.0064534952756769,        -0.0006879500588120
 -0.0064590696582158,        -0.0006720193696625
 -0.0064625107913750,        -0.0006544135949355
 -0.0064640365785048,        -0.0006345000289482
 -0.0064637335997139,        -0.0006116344506479
 -0.0064615156996519,        -0.0005852801376557
 -0.0064571276094482,        -0.0005553806074822
 -0.0064502374250748,        -0.0005223958500914
 -0.0064407571215616,        -0.0004869187280910
 -0.0064289539974488,        -0.0004493536855988
 -0.0064152103123354,        -0.0004097962100825
 -0.0063999423267780,        -0.0003680920567869
 -0.0063836793774508,        -0.0003240165764083
 -0.0063668528630618,        -0.0002773976279882
 -0.0063494753070145,        -0.0002282672122473
 -0.0063311120338305,        -0.0001769167215630
 -0.0063111491025253,        -0.0001236556545251
 -0.0062891862470745,        -0.0000685970637019
 -0.0062652858911858,        -0.0000115604332877
 -0.0062399645712348,         0.0000478316613548
 -0.0062140273809489,         0.0001099540066194
 -0.0061883230912501,         0.0001751196000463
 -0.0061635226568465,         0.0002434831553318
 -0.0061400561699770,         0.0003149909440989
 -0.0061180896943371,         0.0003895124634889
 -0.0060975652407746,         0.0004669977527545
 -0.0060782787599785,         0.0005476242906688
 -0.0060598363336097,         0.0006316726569829
 -0.0060416159215562,         0.0007191713371826
 -0.0060228214899836,         0.0008098184606525
 -0.0060027842351727,         0.0009031428483840
 -0.0059813245191281,         0.0009986414823727
 -0.0059586648728627,         0.0010958681396233
 -0.0059352102823368,         0.0011944661018708
 -0.0059115508532148,         0.0012940477408209
 -0.0058882863442357,         0.0013940855559416
 -0.0058657819753606,         0.0014939674331025
 -0.0058440464738813,         0.0015931319393261
 -0.0058228796610047,         0.0016913520782130
 -0.0058019628187526,         0.0017889110625084
 -0.0057807401040091,         0.0018863839086147
 -0.0057585373606527,         0.0019842428501139
 -0.0057349006935474,         0.0020825479956280
 -0.0057096390766962,         0.0021809847898521
 -0.0056827302073188,         0.0022790641261787
 -0.0056543256926206,         0.0023762231940319
 -0.0056247811524431,         0.0024718473459701
 -0.0055945665821057,         0.0025651482090261
 -0.0055640798151492,         0.0026551312155617
 -0.0055335040782537,         0.0027407456131796
 -0.0055026723922522,         0.0028211002661828
 -0.0054711365451669,         0.0028958510460768
 -0.0054383810425112,         0.0029654383543834
 -0.0054040379184070,         0.0030308449734119
 -0.0053679704425226,         0.0030930601526083
 -0.0053300768839199,         0.0031526400138250
 -0.0052901995064004,         0.0032096500617651
 -0.0052483735602404,         0.0032638028448594
 -0.0052049572870786,         0.0033146641509624
 -0.0051605204861651,         0.0033620086933900
 -0.0051158134522831,         0.0034061154576024
 -0.0050717500295422,         0.0034476502198834
 -0.0050291949089759,         0.0034871803790157
 -0.0049887330591137,         0.0035247432740846
 -0.0049506766141305,         0.0035598261393371
 -0.0049151709803734,         0.0035917598874825
 -0.0048822105936786,         0.0036201943308845
 -0.0048516679759596,         0.0036453499798257
 -0.0048233821907230,         0.0036680048537837
 -0.0047971685925995,         0.0036892661048037
 -0.0047726741697035,         0.0037101017357385
 -0.0047493451111756,         0.0037309341457016
 -0.0047266161737565,         0.0037516597510984
 -0.0047041227186333,         0.0037718985396153
 -0.0046818097029419,         0.0037911570403691
 -0.0046598742073203,         0.0038088710265667
 -0.0046386538851365,         0.0038244129728804
 -0.0046185338727594,         0.0038371873317104
 -0.0045997921268703,         0.0038468172515301
 -0.0045824402665190,         0.0038532780933747
 -0.0045661910815392,         0.0038568992019368
 -0.0045505251630264,         0.0038581839922247
 -0.0045347581961004,         0.0038576233468237
 -0.0045182435972367,         0.0038555749149820
 -0.0045005971019118,         0.0038521229136656
 -0.0044817217602689,         0.0038471297674556
 -0.0044617986812620,         0.0038404309347069
 -0.0044413354811776,         0.0038319757575423
 -0.0044210161358177,         0.0038218619101515
 -0.0044012894109533,         0.0038102227908631
 -0.0043820535923696,         0.0037970752892300
 -0.0043627097421796,         0.0037823313625208
 -0.0043424418156624,         0.0037659472144202
 -0.0043204764521409,         0.0037479719335258
 -0.0042962586429700,         0.0037285252051367
 -0.0042695159809812,         0.0037078309590547
 -0.0042401490090649,         0.0036862304221326
 -0.0042080602158829,         0.0036640104437212
 -0.0041731728035333,         0.0036411579299331
 -0.0041355459456981,         0.0036173854873375
 -0.0040953353799194,         0.0035924162118896
 -0.0040527521913932,         0.0035662484225879
 -0.0040080967870504,         0.0035391853041649
 -0.0039617988983761,         0.0035117286080466
 -0.0039143491990085,         0.0034845067090976
 -0.0038661124672709,         0.0034581593462736
 -0.0038171756487619,         0.0034331163522402
 -0.0037672969323609,         0.0034095099911499
 -0.0037160233958975,         0.0033873308926305
 -0.0036629511606101,         0.0033665142514880
 -0.0036079884860230,         0.0033469303085896
 -0.0035514192122317,         0.0033284046271738
 -0.0034937638401833,         0.0033107622484924
 -0.0034356646195890,         0.0032938967442375
 -0.0033777535837510,         0.0032777905784448
 -0.0033204937526457,         0.0032624127208762
 -0.0032641406440112,         0.0032476175010365
 -0.0032087926597786,         0.0032332282754239
 -0.0031544296272200,         0.0032192774978438
 -0.0031009161735855,         0.0032061729156613
 -0.0030480247735214,         0.0031946739645452
 -0.0029955317385479,         0.0031857677648594
 -0.0029433252333724,         0.0031804586898481
 -0.0028915240873436,         0.0031795017325355
 -0.0028404578120426,         0.0031831787662375
 -0.0027905170033644,         0.0031913095965398
 -0.0027421282804382,         0.0032034405948057
 -0.0026957915072435,         0.0032189829104594
 -0.0026520405132877,         0.0032373427100101
 -0.0026113793376163,         0.0032580443674598
 -0.0025742060584431,         0.0032808230770235
 -0.0025406630746231,         0.0033056537099333
 -0.0025104763579499,         0.0033326713978345
 -0.0024829656278737,         0.0033619833861702
 -0.0024572156228734,         0.0033935014219662
 -0.0024322429812900,         0.0034269822224478
 -0.0024071553076446,         0.0034621336324508
 -0.0023813132190616,         0.0034986614919171
 -0.0023544876980943,         0.0035362878613195
 -0.0023269588936483,         0.0035746934502247
 -0.0022993859839797,         0.0036134236756850
 -0.0022724621513736,         0.0036518372280150
 -0.0022465877166676,         0.0036891000299928
 -0.0022217557368090,         0.0037243274008678
 -0.0021976313215680,         0.0037569045068861
 -0.0021737407618286,         0.0037867226400520
 -0.0021496474188209,         0.0038141447212105
 -0.0021250218473997,         0.0038397821354005
 -0.0020996657460604,         0.0038642451428385
 -0.0020735522162797,         0.0038879000898344
 -0.0020467951606032,         0.0039107406539324
 -0.0020195538211048,         0.0039325705704750
 -0.0019920201374608,         0.0039533270788306
 -0.0019644716016810,         0.0039732077071277
 -0.0019371886921941,         0.0039925266452806
 -0.0019103108514718,         0.0040114143772969
 -0.0018838201616757,         0.0040296158505462
 -0.0018576173757679,         0.0040465610067240
 -0.0018316200395220,         0.0040615987037803
 -0.0018058334786678,         0.0040742725627899
 -0.0017803720043290,         0.0040845382701104
 -0.0017554337888176,         0.0040927919823627
 -0.0017311744678902,         0.0040996530247634
 -0.0017075887693504,         0.0041056288304469
 -0.0016845707728050,         0.0041109335897223
 -0.0016620634460442,         0.0041155618212060
 -0.0016401503289439,         0.0041194706281380
 -0.0016190868011948,         0.0041226766892356
 -0.0015993157769115,         0.0041252382782484
 -0.0015814090872863,         0.0041272058752711
 -0.0015658787035840,         0.0041285893978074
 -0.0015529588802341,         0.0041293768271575
 -0.0015424979348663,         0.0041295999144142
 -0.0015339935171438,         0.0041293970306940
 -0.0015266995177943,         0.0041290150536032
 -0.0015197978651848,         0.0041286705384975
 -0.0015125835378301,         0.0041283095325690
 -0.0015045838371664,         0.0041274793166042
 -0.0014956599157280,         0.0041254410877896
 -0.0014860758175268,         0.0041214636697998
 -0.0014764161995126,         0.0041151075921901
 -0.0014672971865193,         0.0041063135119680
 -0.0014590380205174,         0.0040953427643312
 -0.0014515417184796,         0.0040826099832213
 -0.0014443619245463,         0.0040684400446449
 -0.0014368009831956,         0.0040529367411419
 -0.0014280998272958,         0.0040360603617419
 -0.0014177493443189,         0.0040178670769259
 -0.0014056748146606,         0.0039986566443345
 -0.0013921646317631,         0.0039788079494623
 -0.0013776532606077,         0.0039585080846384
 -0.0013625153221455,         0.0039376233976645
 -0.0013469389233711,         0.0039157126353912
 -0.0013309080047292,         0.0038921623026057
 -0.0013142795199642,         0.0038663818538774
 -0.0012969398984991,         0.0038379688158960
 -0.0012788671742576,         0.0038067945680149
 -0.0012599642439917,         0.0037729866170586
 -0.0012399235181460,         0.0037368148561142
 -0.0012182584051403,         0.0036985863867488
 -0.0011943894279820,         0.0036586325034311
 -0.0011677411738926,         0.0036172754054839
 -0.0011378525375463,         0.0035747235333763
 -0.0011044453597582,         0.0035309746683265
 -0.0010674375426941,         0.0034858279656260
 -0.0010270212406011,         0.0034389883300697
 -0.0009837642737060,         0.0033901631203916
 -0.0009385411527141,         0.0033391333896804
 -0.0008923531422552,         0.0032858039442213
 -0.0008461693737753,         0.0032302268345832
 -0.0008007714722253,         0.0031725895860418
 -0.0007566126569216,         0.0031131646425040
 -0.0007137735379158,         0.0030522679588278
 -0.0006720999534975,         0.0029903195774264
 -0.0006313924224007,         0.0029279454626235
 -0.0005915030336891,         0.0028659619537404
 -0.0005523736867941,         0.0028052125620472
 -0.0005140625071352,         0.0027463451765140
 -0.0004767914510349,         0.0026896460738098
 -0.0004409392199124,         0.0026350063655221
 -0.0004069806949791,         0.0025820445597094
 -0.0003754312456046,         0.0025303364203640
 -0.0003467347272152,         0.0024796375147480
 -0.0003211356650029,         0.0024299582033118
 -0.0002986496443518,         0.0023814234272436
 -0.0002791139320668,         0.0023340733706421
 -0.0002621804671964,         0.0022878604880935
 -0.0002473025571673,         0.0022427886467226
 -0.0002338477659751,         0.0021990139226079
 -0.0002213067609422,         0.0021568579030183
 -0.0002095174204170,         0.0021167218411303
 -0.0001987612802570,         0.0020789690681570
 -0.0001896335528908,         0.0020437883864544
 -0.0001827633063550,         0.0020110757706394
 -0.0001785629491094,         0.0019804254050887
 -0.0001771373787632,         0.0019512321520805
 -0.0001783152596210,         0.0019228821964460
 -0.0001817096353995,         0.0018949200615032
 -0.0001867791176934,         0.0018671114329868
 -0.0001928888386937,         0.0018394356507880
 -0.0001994019400474,         0.0018120077210239
 -0.0002058053247226,         0.0017849058687997
 -0.0002117624724970,         0.0017579921670785
 -0.0002170934404169,         0.0017309040798168
 -0.0002217555113600,         0.0017032152797747
 -0.0002257903804313,         0.0016746155788777
 -0.0002292381115742,         0.0016450526060804
 -0.0002320964174185,         0.0016147829272259
 -0.0002343532854261,         0.0015842794373386
 -0.0002360355340858,         0.0015540539307838
 -0.0002372039564896,         0.0015245274545124
 -0.0002378970650691,         0.0014960128147123
 -0.0002380928721780,         0.0014687620502924
 -0.0002377332684739,         0.0014430248057133
 -0.0002367761948829,         0.0014190281978057
 -0.0002352182205383,         0.0013968692728436
 -0.0002330873975981,         0.0013764764903563
 -0.0002304253280043,         0.0013576808261748
 -0.0002273064373406,         0.0013402985565986
 -0.0002239117335588,         0.0013241775264257
 -0.0002205604012276,         0.0013091855143550
 -0.0002176516726833,         0.0012951763121268
 -0.0002155292376199,         0.0012819875945278
 -0.0002142986559454,         0.0012694670277350
 -0.0002137318697489,         0.0012575154245950
 -0.0002133425749125,         0.0012461506029351
 -0.0002125489114445,         0.0012355866307641
 -0.0002108251363868,         0.0012262566495218
 -0.0002078016256404,         0.0012186970506664
 -0.0002033193889472,         0.0012133072981219
 -0.0001974671889362,         0.0012101268359197
 -0.0001906172818826,         0.0012087770488172
 -0.0001834161563651,         0.0012085965234853
 -0.0001766552341985,         0.0012089016119887
 -0.0001710589435647,         0.0012092757154023
 -0.0001670944804601,         0.0012097195346310
 -0.0001648720308202,         0.0012105616372954
 -0.0001641565184301,         0.0012122401690704
 -0.0001644785260368,         0.0012151347702440
 -0.0001652992086237,         0.0012195694184136
 -0.0001661610402930,         0.0012258839243560
 -0.0001667579627090,         0.0012343881090470
 -0.0001669114106694,         0.0012452205529434
 -0.0001665143195874,         0.0012582233618362
 -0.0001654809089844,         0.0012728862495357
 -0.0001637187094681,         0.0012883904257552
 -0.0001611434464321,         0.0013037722051192
 -0.0001577472980332,         0.0013181782006320
 -0.0001536491965844,         0.0013310681362919
 -0.0001490481864288,         0.0013422101067692
 -0.0001441359900204,         0.0013515238547168
 -0.0001389906824038,         0.0013589300144499
 -0.0001334730766468,         0.0013643087252499
 -0.0001272030340019,         0.0013675809022385
 -0.0001196353066315,         0.0013688049560195
 -0.0001102195935163,         0.0013681941730067
 -0.0000985671822917,         0.0013660534936106
 -0.0000845458266526,         0.0013626579860583
 -0.0000682879951779,         0.0013581203274912
 -0.0000501294195253,         0.0013523186523634
 -0.0000305679387920,         0.0013449266031679
 -0.0000102393128477,         0.0013355288388040
  0.0000102002066317,         0.0013237333726275
  0.0000303213068549,         0.0013092101555239
  0.0000501497859334,         0.0012917005643000
  0.0000700435169693,         0.0012710714080406
  0.0000902519360295,         0.0012473677953090
  0.0001107502228595,         0.0012208129430926
  0.0001315414039958,         0.0011918102479508
  0.0001527418599520,         0.0011609538358932
  0.0001741947446547,         0.0011289499551672
  0.0001954102814069,         0.0010963612665548
  0.0002159305289976,         0.0010633120919137
  0.0002353210159399,         0.0010294997558971
  0.0002530148044301,         0.0009946301751963
  0.0002684751688274,         0.0009588818082066
  0.0002812148358057,         0.0009228380331009
  0.0002907688677695,         0.0008870067707363
  0.0002969318687568,         0.0008516311218010
  0.0002997649941735,         0.0008168325053256
  0.0002995092630528,         0.0007826107695439
  0.0002966826612801,         0.0007488542601582
  0.0002918532498378,         0.0007155712771075
  0.0002853238738225,         0.0006829142208971
  0.0002771091370053,         0.0006509211968507
  0.0002669406760237,         0.0006194892151698
  0.0002544676967187,         0.0005884838718610
  0.0002395432064377,         0.0005577057322829
  0.0002222348647714,         0.0005270262898517
  0.0002028011206592,         0.0004964779463374
  0.0001816729247498,         0.0004660237799415
  0.0001594317655608,         0.0004356261928548
  0.0001367886242987,         0.0004055110735165
  0.0001143956145904,         0.0003759353365950
  0.0000926714020661,         0.0003468584126149
  0.0000716992914391,         0.0003179818041870
  0.0000512417891485,         0.0002889249235356
  0.0000309093712440,         0.0002594102733626
  0.0000103054568938,         0.0002292607569272
 -0.0000107762295557,         0.0001982761854297
 -0.0000323153818236,         0.0001663724602477
 -0.0000541629784461,         0.0001336649425469
 -0.0000759708745144,         0.0001003683837900
 -0.0000972500570015,         0.0000668507485634
 -0.0001175211968319,         0.0000335541311804
 -0.0001363681441998,         0.0000008198226568
 -0.0001533825873521,        -0.0000310485297003
 -0.0001681368806445,        -0.0000618381640830
 -0.0001803995296116,        -0.0000915626782161
 -0.0001901123834072,        -0.0001203371116139
 -0.0001971660450103,        -0.0001482650044468
 -0.0002014436938694,        -0.0001754816085686
 -0.0002029933557221,        -0.0002021631147949
 -0.0002021184890109,        -0.0002285267238289
 -0.0001991999370765,        -0.0002548806346755
 -0.0001945405870058,        -0.0002815614976481
 -0.0001883925659443,        -0.0003087497569945
 -0.0001809736560991,        -0.0003363578356433
 -0.0001724995128760,        -0.0003639691991284
 -0.0001630600558503,        -0.0003908264249614
 -0.0001524806598651,        -0.0004159777416270
 -0.0001404313963132,        -0.0004385336667223
 -0.0001267161275487,        -0.0004579513361270
 -0.0001114257085799,        -0.0004741915484979
 -0.0000948870609544,        -0.0004876337902851
 -0.0000776609046976,        -0.0004988441990898
 -0.0000604125112152,        -0.0005083577609389
 -0.0000437839326865,        -0.0005165490833075
 -0.0000283261616441,        -0.0005235447297546
 -0.0000143128854980,        -0.0005292870698710
 -0.0000016829684137,        -0.0005336639115942
  0.0000098637779785,        -0.0005365112814997
  0.0000207353674973,        -0.0005376453825910
  0.0000313608558473,        -0.0005367797059221
  0.0000420240418165,        -0.0005334211732245
  0.0000527185996337,        -0.0005270943246014
  0.0000632146178097,        -0.0005175389636389
  0.0000731788131236,        -0.0005046893416245
  0.0000823297324466,        -0.0004886019672180
  0.0000904590065699,        -0.0004694272684262
  0.0000973846990305,        -0.0004474483417723
  0.0001029315639999,        -0.0004230602198781
  0.0001068686887099,        -0.0003967028607634
  0.0001089799849821,        -0.0003687600075084
  0.0001092728505816,        -0.0003395403112659
  0.0001080728307442,        -0.0003093757997991
  0.0001057936918279,        -0.0002786081564006
  0.0001027895496721,        -0.0002475119382982
  0.0000994401762814,        -0.0002162654908628
  0.0000961567136215,        -0.0001849787804876
  0.0000933109274152,        -0.0001537050131715
  0.0000911590132823,        -0.0001225091292447
  0.0000898226762357,        -0.0000916235383769
  0.0000892595802142,        -0.0000614343811453
  0.0000892709419242,        -0.0000323854335086
  0.0000896064253471,        -0.0000048066015392
  0.0000901591964014,         0.0000212115630105
  0.0000910268997153,         0.0000456891221765
  0.0000922336178103,         0.0000687012447228
  0.0000936336991189,         0.0000903371557593
  0.0000952337892413,         0.0001106502447467
  0.0000973209562401,         0.0001297882649508
  0.0001000338430697,         0.0001480384640286
  0.0001031461441237,         0.0001656057647694
  0.0001063618645953,         0.0001823508525795
  0.0001093526387635,         0.0001978687269522
  0.0001116837351300,         0.0002118533365817
  0.0001130216706187,         0.0002244392772821
  0.0001131472894336,         0.0002361180345447
  0.0001118284837198,         0.0002472813609965
  0.0001089908006436,         0.0002581242935251
  0.0001047755188526,         0.0002687768844584
  0.0000995192377505,         0.0002792038241961
  0.0000938353403329,         0.0002891484677002
  0.0000883319093888,         0.0002983759346609
  0.0000832962079202,         0.0003068596960998
  0.0000786018008769,         0.0003146558552664
  0.0000736500674002,         0.0003218614872969
  0.0000676534373155,         0.0003286021663999
  0.0000600270710915,         0.0003348758258468
  0.0000504096894689,         0.0003405428037165
  0.0000386298328715,         0.0003454132313730
  0.0000247609800760,         0.0003492677949900
  0.0000092034646285,         0.0003520794719784
 -0.0000073718340558,         0.0003543647755722
 -0.0000243228479607,         0.0003569707699604
 -0.0000411701963071,         0.0003605264670879
 -0.0000576450293376,         0.0003651831759640
 -0.0000737379998191,         0.0003706874670172
 -0.0000895999282583,         0.0003766960478237
 -0.0001053697086383,         0.0003827978340444
 -0.0001210338220041,         0.0003883306708634
 -0.0001365166419102,         0.0003925784905455
 -0.0001517794832945,         0.0003949567435989
 -0.0001667214332245,         0.0003950170864920
 -0.0001811086810966,         0.0003926055821528
 -0.0001946102964246,         0.0003878643619527
 -0.0002069524006975,         0.0003810892940438
 -0.0002179503895965,         0.0003727071472027
 -0.0002273588333153,         0.0003630381830867
 -0.0002349865904426,         0.0003521306012294
 -0.0002406867088398,         0.0003399858062289
 -0.0002441762128682,         0.0003267715137652
 -0.0002452099376045,         0.0003128215158697
 -0.0002438150715891,         0.0002984515908736
 -0.0002403276140552,         0.0002837772027457
 -0.0002351165386852,         0.0002686660107760
 -0.0002284085953292,         0.0002528137759936
 -0.0002203472451203,         0.0002357774135644
 -0.0002110185515781,         0.0002169891042362
 -0.0002005334496581,         0.0001959980173545
 -0.0001889121898843,         0.0001727278661910
 -0.0001758886583059,         0.0001475274899325
 -0.0001609263506161,         0.0001210047775875
 -0.0001434768676022,         0.0000937707348816
 -0.0001232556852316,         0.0000662694502952
 -0.0001003190522749,         0.0000386845534274
 -0.0000750634662402,         0.0000109885744791
 -0.0000481167350124,        -0.0000169343558978
 -0.0000202582194280,        -0.0000452025305860
  0.0000076518841268,        -0.0000738547870064
  0.0000349103292855,        -0.0001029100343929
  0.0000610900590830,        -0.0001324041837670
  0.0000859578568469,        -0.0001622436834729
  0.0001094409167016,        -0.0001921609646824
  0.0001316419030359,        -0.0002216633123949
  0.0001526354729208,        -0.0002500902703722
  0.0001722281809199,        -0.0002769612414026
  0.0001900247946806,        -0.0003020721612908
  0.0002056301478475,        -0.0003253243365933
  0.0002188500480597,        -0.0003465740856510
  0.0002296763854176,        -0.0003656058690085
  0.0002381542929954,        -0.0003822886216111
  0.0002443538759391,        -0.0003966406691965
  0.0002483024386700,        -0.0004087269311541
  0.0002499907983565,        -0.0004185260865320
  0.0002495293579710,        -0.0004259242465619
  0.0002472274838963,        -0.0004308554517732
  0.0002433511005804,        -0.0004333953497824
  0.0002379853011789,        -0.0004337711465535
  0.0002311990766425,        -0.0004322974849107
  0.0002231673106649,        -0.0004293121651185
  0.0002141341270162,        -0.0004250891654037
  0.0002042536001390,        -0.0004197638207797
  0.0001935338682957,        -0.0004134291155250
  0.0001817855194979,        -0.0004062060861806
  0.0001686461303424,        -0.0003982563265663
  0.0001537959278437,        -0.0003896750509843
  0.0001371561661733,        -0.0003803889543146
  0.0001189334004817,        -0.0003703430763597
  0.0000995419078779,        -0.0003595556452493
  0.0000795294724931,        -0.0003480808942250
  0.0000594829188337,        -0.0003360248893017
  0.0000399957505602,        -0.0003234450475616
  0.0000216059203715,        -0.0003103396340545
  0.0000046430076434,        -0.0002967910114778
 -0.0000108229945526,        -0.0002830921951732
 -0.0000249024682975,        -0.0002696410472354
 -0.0000377727284473,        -0.0002568088456209
 -0.0000495564697583,        -0.0002448995766524
 -0.0000602722361540,        -0.0002340777707601
 -0.0000699686438902,        -0.0002242792220717
 -0.0000787960537088,        -0.0002151470954890
 -0.0000868545172002,        -0.0002061946225558
 -0.0000940489679659,        -0.0001969353119255
 -0.0001001320969739,        -0.0001868895323760
 -0.0001048016755852,        -0.0001756829408375
 -0.0001077909243745,        -0.0001631066031647
 -0.0001090481435380,        -0.0001491034984184
 -0.0001088365265780,        -0.0001337345149192
 -0.0001076554630041,        -0.0001171420402206
 -0.0001060865202064,        -0.0000994793113864
 -0.0001046924579853,        -0.0000809817194552
 -0.0001039908520970,        -0.0000620901983884
 -0.0001043355224016,        -0.0000433281686895
 -0.0001057416196427,        -0.0000251178166197
 -0.0001078982042540,        -0.0000075903542943
 -0.0001103456362674,         0.0000095126872708
 -0.0001125660352803,         0.0000266630764326
 -0.0001140355999359,         0.0000442924569868
 -0.0001143956157421,         0.0000627073702166
 -0.0001135693718827,         0.0000821497725484
 -0.0001116449147064,         0.0001027468099684
 -0.0001088128432749,         0.0001244128929975
 -0.0001054318314364,         0.0001468771334308
 -0.0001019587117612,         0.0001697709884577
 -0.0000988522238118,         0.0001927483629257
 -0.0000964292696101,         0.0002155848079953
 -0.0000947587872987,         0.0002382359983806
 -0.0000937676259185,         0.0002608343635004
 -0.0000933757301180,         0.0002835352998306
 -0.0000934961620061,         0.0003062919907379
 -0.0000939751171355,         0.0003288312215186
 -0.0000945443608442,         0.0003508183457594
 -0.0000948426444675,         0.0003720399133024
 -0.0000945867944861,         0.0003924759480004
 -0.0000936629457369,         0.0004121638867226
 -0.0000920768463576,         0.0004311205337347
 -0.0000898425549398,         0.0004493727086136
 -0.0000869417604088,         0.0004668695534000
 -0.0000833441014431,         0.0004832360293296
 -0.0000789811024996,         0.0004976870261656
 -0.0000737763234045,         0.0005093409365716
 -0.0000676786206850,         0.0005176052541508
 -0.0000606541509355,         0.0005223679164362
 -0.0000525932848203,         0.0005239195112072
 -0.0000432604388012,         0.0005227560701116
 -0.0000324477214624,         0.0005193624594853
 -0.0000201108281395,         0.0005139865270170
 -0.0000063321988035,         0.0005065892983051
  0.0000086658857680,         0.0004969679578327
  0.0000244989093833,         0.0004849604255132
  0.0000406955813767,         0.0004705747644522
  0.0000567983851007,         0.0004539365678644
  0.0000724790668132,         0.0004351859837467
  0.0000875522518416,         0.0004144755607268
  0.0001020189829937,         0.0003920436106043
  0.0001161114290128,         0.0003682288031998
  0.0001301249456005,         0.0003433235734830
  0.0001441944463867,         0.0003174339381405
  0.0001582490411276,         0.0002905072004816
  0.0001720774380878,         0.0002623702724136
  0.0001853687889859,         0.0002327885626431
  0.0001977211334683,         0.0002015727126320
  0.0002086431018794,         0.0001686776937537
  0.0002176328780280,         0.0001343089392526
  0.0002243167912176,         0.0000989451228388
  0.0002285479959043,         0.0000632239986194
  0.0002303842604408,         0.0000277998358142
  0.0002299669864906,        -0.0000067445679729
  0.0002274045942285,        -0.0000399430974174
  0.0002227380454355,        -0.0000714579284487
  0.0002159633068474,        -0.0001010689194058
  0.0002071147107710,        -0.0001286231058021
  0.0001963208754017,        -0.0001539979026116
  0.0001837433864444,        -0.0001771549783742
  0.0001695292134200,        -0.0001982502508853
  0.0001537412224394,        -0.0002176381366082
  0.0001363270040549,        -0.0002357358100708
  0.0001172827463754,        -0.0002529044863319
  0.0000967708557011,        -0.0002693941747827
  0.0000750111228316,        -0.0002853689500126
  0.0000522194056883,        -0.0003009433901119
  0.0000287137246033,        -0.0003161477679507
  0.0000049840720131,        -0.0003308446760817
 -0.0000183854575776,        -0.0003446882557227
 -0.0000408764400587,        -0.0003572424696914
 -0.0000621532459537,        -0.0003681973742263
 -0.0000820662716701,        -0.0003775304474984
 -0.0001005978241113,        -0.0003854969503488
 -0.0001178278240241,        -0.0003924835650277
 -0.0001338664103021,        -0.0003988867144079
 -0.0001488525538625,        -0.0004050633394496
 -0.0001630420741703,        -0.0004112467310120
 -0.0001767553344831,        -0.0004174773907472
 -0.0001901822332403,        -0.0004236397048889
 -0.0002032274820835,        -0.0004294859742855
 -0.0002154714294583,        -0.0004346456381326
 -0.0002262402589346,        -0.0004387007067542
 -0.0002347692691292,        -0.0004413553883569
 -0.0002404005747068,        -0.0004425382845621
 -0.0002427201179550,        -0.0004422838089809
 -0.0002415842349177,        -0.0004405919621136
 -0.0002371147371225,        -0.0004374228467280
 -0.0002296913738086,        -0.0004327879148499
 -0.0002199078183213,        -0.0004268505382242
 -0.0002084345857931,        -0.0004199357442255
 -0.0001958049740195,        -0.0004123857504909
 -0.0001822650441332,        -0.0004044106432559
 -0.0001677742301448,        -0.0003960995060999
 -0.0001521722519992,        -0.0003874659477941
 -0.0001353530793595,        -0.0003784049689352
 -0.0001173522139104,        -0.0003686381223367
 -0.0000983738099594,        -0.0003577475502221
 -0.0000787340360299,        -0.0003452792186961
 -0.0000588270052048,        -0.0003308673000124
 -0.0000391593462096,        -0.0003143381626783
 -0.0000202817622891,        -0.0002957711190757
 -0.0000026126013250,        -0.0002754534350126
  0.0000136697188753,        -0.0002537083717014
  0.0000285966776130,        -0.0002307220600858
  0.0000423259553375,        -0.0002064983800723
  0.0000550548742079,        -0.0001809506834893
  0.0000669056176550,        -0.0001540088139029
  0.0000779016331421,        -0.0001256921551027
  0.0000880665606733,        -0.0000961320865874
  0.0000974768964674,        -0.0000655584387649
  0.0001061931402055,        -0.0000343019644028
  0.0001141895204388,        -0.0000027153554430
  0.0001213591039634,         0.0000290181978336
  0.0001275623447874,         0.0000609671845846
  0.0001326502708963,         0.0000933395663516
  0.0001364509695593,         0.0001262876209149
  0.0001387937891549,         0.0001597471559370
  0.0001395492886633,         0.0001934463510536
  0.0001386625071224,         0.0002270434683885
  0.0001361948332756,         0.0002602593216142
  0.0001323716597575,         0.0002929394830861
  0.0001275468380943,         0.0003250363440700
  0.0001220753857146,         0.0003564918159478
  0.0001162462688595,         0.0003870971859261
  0.0001102857813555,         0.0004164380029363
  0.0001043524900764,         0.0004439397146844
  0.0000985289112268,         0.0004690063913613
  0.0000927935527235,         0.0004911335088531
  0.0000870175494929,         0.0005099279662007
  0.0000810674511323,         0.0005250921697098
  0.0000749479129491,         0.0005364908315600
  0.0000688980492271,         0.0005442593127259
  0.0000633744611710,         0.0005487830162324
  0.0000588873633173,         0.0005505546177483
  0.0000558011706969,         0.0005500324694458
  0.0000542331188865,         0.0005475660417874
  0.0000540468693670,         0.0005433665282885
  0.0000548953878052,         0.0005374903821950
  0.0000562825771555,         0.0005298156866171
  0.0000576513664394,         0.0005201085158849
  0.0000584624375957,         0.0005081715849397
  0.0000582697812889,         0.0004939118095730
  0.0000568355558623,         0.0004773510713223
  0.0000541921269941,         0.0004586526298995
  0.0000505517335426,         0.0004380939776606
  0.0000461172713430,         0.0004159997478424
  0.0000410021199853,         0.0003926960451929
  0.0000352821595322,         0.0003684986710729
  0.0000290437096942,         0.0003437852418300
  0.0000224149365994,         0.0003190208430050
  0.0000155797076372,         0.0002946018538615
  0.0000087344878053,         0.0002706598559586
  0.0000020058087774,         0.0002470335467843
 -0.0000046215176771,         0.0002234446735243
 -0.0000113039378518,         0.0001996870791145
 -0.0000183024562859,         0.0001756705855575
 -0.0000259610776592,         0.0001513782698261
 -0.0000346411556354,         0.0001268373907402
 -0.0000445783918026,         0.0001021168168139
 -0.0000557524891144,         0.0000773489568211
 -0.0000678920244800,         0.0000527923279373
 -0.0000805870526402,         0.0000288437866490
 -0.0000934056491046,         0.0000059371700237
 -0.0001059763765037,        -0.0000155671696361
 -0.0001180420858473,        -0.0000354658597231
 -0.0001294661545547,        -0.0000537764472741
 -0.0001402134550186,        -0.0000707250154048
 -0.0001503291445343,        -0.0000866533973330
 -0.0001599187950489,        -0.0001019438969965
 -0.0001691095525272,        -0.0001169828416105
 -0.0001779635885877,        -0.0001320900703995
 -0.0001863717718371,        -0.0001474591367209
 -0.0001939995211532,        -0.0001631741971048
 -0.0002003435564102,        -0.0001792631600162
 -0.0002048609597307,        -0.0001957335254193
 -0.0002071178290102,        -0.0002125429452488
 -0.0002068684578803,        -0.0002295233570966
 -0.0002040277801523,        -0.0002463869858226
 -0.0001986651421359,        -0.0002628181522120
 -0.0001910525726558,        -0.0002785615868964
 -0.0001816219512857,        -0.0002934755304581
 -0.0001708136994780,        -0.0003075238393186
 -0.0001589496687642,        -0.0003207135674317
 -0.0001461847381205,        -0.0003330512174228
 -0.0001324983203987,        -0.0003445596854765
 -0.0001177303210954,        -0.0003552941702528
 -0.0001016682973877,        -0.0003653154838847
 -0.0000841314968342,        -0.0003746413772785
 -0.0000650164504662,        -0.0003832285393784
 -0.0000443178365388,        -0.0003910215178636
 -0.0000221878507986,        -0.0003980292480664
  0.0000009981533460,        -0.0004043817388918
  0.0000247030411840,        -0.0004103423854375
  0.0000484060414643,        -0.0004162267096213
  0.0000717404635994,        -0.0004222361219780
  0.0000945089087159,        -0.0004282957519487
  0.0001166026258514,        -0.0004340141505468
  0.0001379111016740,        -0.0004388231626206
  0.0001582862422998,        -0.0004421557184014
  0.0001775647433400,        -0.0004435398259624
  0.0001956044737552,        -0.0004426458800177
  0.0002122816427393,        -0.0004393289677359
  0.0002274400505860,        -0.0004336488241761
  0.0002408306637511,        -0.0004258048546188
  0.0002521136137371,        -0.0004159789541703
  0.0002609167283267,        -0.0004042162179546
  0.0002669085900781,        -0.0003904361303029
  0.0002698665493836,        -0.0003745165241891
  0.0002697085552752,        -0.0003563924298543
  0.0002664951924528,        -0.0003361285516096
  0.0002604295073606,        -0.0003139386834946
  0.0002518558834482,        -0.0002901213769975
  0.0002412427525578,        -0.0002649130620250
  0.0002291024105544,        -0.0002383829477569
  0.0002158690931789,        -0.0002104711542705
  0.0002018489510510,        -0.0001811099414647
  0.0001872367352381,        -0.0001503151532247
  0.0001721183486053,        -0.0001182280111106
  0.0001564726202580,        -0.0000851474260764
  0.0001401912869622,        -0.0000515733620625
  0.0001230910204310,        -0.0000182007766859
  0.0001049313711405,         0.0000142097564173
  0.0000855105095870,         0.0000450494005660
  0.0000648123960964,         0.0000740252857660
  0.0000430668732521,         0.0001011747808911
  0.0000206984965976,         0.0001267804437950
 -0.0000017618305613,         0.0001512649236786
 -0.0000237608266995,         0.0001750723174504
 -0.0000447848440608,         0.0001985227049001
 -0.0000644124478845,         0.0002216987872749
 -0.0000823745029455,         0.0002444232302827
 -0.0000985730894660,         0.0002663135653622
 -0.0001130547161358,         0.0002868938914204
 -0.0001259582846482,         0.0003057290394957
 -0.0001374186097677,         0.0003225162157784
 -0.0001474725084704,         0.0003371019106895
 -0.0001560503225194,         0.0003494415033302
 -0.0001630492611857,         0.0003595306602498
 -0.0001683916255270,         0.0003673580643665
 -0.0001720331426997,         0.0003729524840631
 -0.0001739621293063,         0.0003764855302241
 -0.0001742031477867,         0.0003782882445577
 -0.0001728358956638,         0.0003787657514541
 -0.0001700225403901,         0.0003782951338506
 -0.0001659938753154,         0.0003771724886975
 -0.0001610119460616,         0.0003756230342509
 -0.0001553548765400,         0.0003738138666057
 -0.0001493245584920,         0.0003718425547010
 -0.0001432570909218,         0.0003697247522037
 -0.0001374834403795,         0.0003673838729472
 -0.0001322262636851,         0.0003646575578136
 -0.0001275164290734,         0.0003613353321923
 -0.0001231985412918,         0.0003572243807506
 -0.0001189905049427,         0.0003522294191301
 -0.0001145682101625,         0.0003464072768297
 -0.0001096702800030,         0.0003399473751719
 -0.0001041577732648,         0.0003330880146785
 -0.0000979936690606,         0.0003260245416464
 -0.0000912114612756,         0.0003188412171017
 -0.0000839340919321,         0.0003114907095174
 -0.0000764052400946,         0.0003038232335973
 -0.0000689542541494,         0.0002956647170611
 -0.0000619043839274,         0.0002869430138644
 -0.0000554893353284,         0.0002777994377905
 -0.0000497980826008,         0.0002685604294782
 -0.0000447702796242,         0.0002595488749628
 -0.0000402566785724,         0.0002509009357426
 -0.0000360865366743,         0.0002425265496643
 -0.0000320978616208,         0.0002341890866606
 -0.0000281438013716,         0.0002256049365686
 -0.0000241155935253,         0.0002165073899994
 -0.0000200006478948,         0.0002066598741045
 -0.0000159057563733,         0.0001958481895624
 -0.0000119927173148,         0.0001838967714533
 -0.0000083732134191,         0.0001707072410379
 -0.0000050401935882,         0.0001562928071753
 -0.0000018367284477,         0.0001407643052148
  0.0000015636014166,         0.0001242567840002
  0.0000056327210987,         0.0001068620533212
  0.0000109062463025,         0.0000886155191556
  0.0000178705812353,         0.0000695329923485
  0.0000268377143916,         0.0000496578236968
  0.0000378296146803,         0.0000290527555598
  0.0000505340959316,         0.0000077350171750
  0.0000643796630386,        -0.0000143719996319
  0.0000786934519030,        -0.0000374177399807
  0.0000928639723976,        -0.0000615619694335
  0.0001064435292518,        -0.0000869120110483
  0.0001191631595752,        -0.0001134679036724
  0.0001308935251598,        -0.0001410736985785
  0.0001416057222455,        -0.0001693853110191
  0.0001513592375114,        -0.0001978935888261
  0.0001602945217471,        -0.0002260321423221
  0.0001685817449062,        -0.0002533310774003
  0.0001763299112211,        -0.0002795237391988
  0.0001835341785113,        -0.0003045441932539
  0.0001900908188464,        -0.0003284359303180
  0.0001958225126018,        -0.0003512557307454
  0.0002005013239960,        -0.0003730286569715
  0.0002038853264780,        -0.0003937528484289
  0.0002057389627897,        -0.0004134223919969
  0.0002058371348838,        -0.0004320313626363
  0.0002039976600248,        -0.0004495438663632
  0.0002001302263755,        -0.0004658443159355
  0.0001942548873940,        -0.0004807025144785
  0.0001864670376147,        -0.0004937776915993
  0.0001768813067425,        -0.0005046495135751
  0.0001656281741399,        -0.0005128597239503
  0.0001528886122680,        -0.0005179522271627
  0.0001388880707807,        -0.0005195069808284
  0.0001238289400580,        -0.0005172173934792
  0.0001078034428387,        -0.0005110229046830
  0.0000907492280257,        -0.0005012048163281
  0.0000724729370708,        -0.0004883497290460
  0.0000527494274009,        -0.0004731883400994
  0.0000314690123273,        -0.0004564092825319
  0.0000087365369631,        -0.0004385346767592
 -0.0000151284506140,        -0.0004198765705012
 -0.0000396411287474,        -0.0004005523475619
 -0.0000641971968121,        -0.0003805524927325
 -0.0000881280657385,        -0.0003598481472820
 -0.0001107965774476,        -0.0003384726890119
 -0.0001317251217286,        -0.0003165331158401
 -0.0001507052229763,        -0.0002941774904996
 -0.0001678162049891,        -0.0002715565889025
 -0.0001833108871292,        -0.0002487828324054
 -0.0001974331812833,        -0.0002258793247341
 -0.0002102920994590,        -0.0002027662124525
 -0.0002218396815423,        -0.0001793367163560
 -0.0002319105500702,        -0.0001555716497622
 -0.0002402722967471,        -0.0001315803159850
 -0.0002466774367027,        -0.0001075253487097
 -0.0002509233762482,        -0.0000835036019329
 -0.0002528948289228,        -0.0000595047067866
 -0.0002525694839730,        -0.0000354826988638
 -0.0002500046560234,        -0.0000114552340600
 -0.0002453028801311,         0.0000124625536513
 -0.0002385452945110,         0.0000360808947907
 -0.0002297376275126,         0.0000591731171322
 -0.0002188345924189,         0.0000815392878656
 -0.0002058284863682,         0.0001030659217157
 -0.0001908234170829,         0.0001237279427159
 -0.0001740473108074,         0.0001435498746005
 -0.0001558057467399,         0.0001625731732613
 -0.0001364092463962,         0.0001808426826621
 -0.0001161160173441,         0.0001984014580088
 -0.0000951176478723,         0.0002152825013591
 -0.0000735719033413,         0.0002315058482352
 -0.0000516555743448,         0.0002470962742440
 -0.0000295918984677,         0.0002620956758636
 -0.0000076537944133,         0.0002765414487078
  0.0000138181594809,         0.0002904201835173
  0.0000343963896517,         0.0003036367459074
  0.0000536070811554,         0.0003160651951458
  0.0000710355343064,         0.0003276778734267
  0.0000864285069944,         0.0003386395890511
  0.0000997416135607,         0.0003492795347814
  0.0001111242038791,         0.0003599685333027
  0.0001208617007077,         0.0003709918733728
  0.0001293093214129,         0.0003824731590420
  0.0001368313314386,         0.0003943580249319
  0.0001437339508149,         0.0004064404348261
  0.0001501871487483,         0.0004184055788230
  0.0001561653359584,         0.0004298745362452
  0.0001614469039195,         0.0004404458857532
  0.0001656755196014,         0.0004497404131247
  0.0001684517019601,         0.0004574478386378
  0.0001694329283402,         0.0004633610078051
  0.0001684199728605,         0.0004673812540472
  0.0001653935100531,         0.0004694983236471
  0.0001605018180940,         0.0004697742223981
  0.0001540379111906,         0.0004683423563496
  0.0001464126419573,         0.0004654078217240
  0.0001380822214555,         0.0004612271733851
  0.0001294230626848,         0.0004560443064721
  0.0001206289846526,         0.0004500000922308
  0.0001117083209935,         0.0004430619401999
  0.0001025706909104,         0.0004350002685450
  0.0000931335473321,         0.0004254130745786
  0.0000833946736176,         0.0004137838017145
  0.0000734527204435,         0.0003995683042892
  0.0000634830539765,         0.0003823193480814
  0.0000537009838423,         0.0003618200762308
  0.0000443434907269,         0.0003381523679567
  0.0000356673541982,         0.0003116530372125
  0.0000279365339186,         0.0002827853317390
  0.0000213865867084,         0.0002520016867622
  0.0000161844722041,         0.0002196613483340
  0.0000123978068632,         0.0001860189427700
  0.0000099674353834,         0.0001512701451111
  0.0000086876154857,         0.0001156226686956
  0.0000082177579745,         0.0000793368234653
  0.0000081281247545,         0.0000426988744595
  0.0000079541182436,         0.0000059554232758
  0.0000072608972304,        -0.0000307232227783
  0.0000057235227691,        -0.0000672219828145
  0.0000031809343230,        -0.0001034431110259
 -0.0000003678292364,        -0.0001392915486896
 -0.0000048036706336,        -0.0001746724189921
 -0.0000099274775725,        -0.0002094695680056
 -0.0000154916857479,        -0.0002434942610994
 -0.0000212351755047,        -0.0002764393452980
 -0.0000269370240874,        -0.0003078910367691
 -0.0000324825347188,        -0.0003374094035231
 -0.0000378994025135,        -0.0003646451949156
 -0.0000433295172761,        -0.0003894329158431
 -0.0000489484995194,        -0.0004118135684085
 -0.0000548848683143,        -0.0004319830279246
 -0.0000611861523439,        -0.0004501786689517
 -0.0000678266278038,        -0.0004665384636769
 -0.0000747186871292,        -0.0004810092889456
 -0.0000817207644245,        -0.0004933576271925
 -0.0000886657157597,        -0.0005032637141897
 -0.0000954106729317,        -0.0005104560444573
 -0.0001018824247093,        -0.0005148384828371
 -0.0001081084146302,        -0.0005165490453569
 -0.0001142199158328,        -0.0005159138636732
 -0.0001204061100348,        -0.0005133201419423
 -0.0001268319167705,        -0.0005090770022388
 -0.0001335549222261,        -0.0005033414650476
 -0.0001404738826705,        -0.0004961435456651
 -0.0001473182882776,        -0.0004874694830023
 -0.0001536668882212,        -0.0004773235968057
 -0.0001590022671176,        -0.0004657314759828
 -0.0001628099999770,        -0.0004527270348908
 -0.0001646863162016,        -0.0004383740025118
 -0.0001644043388640,        -0.0004228072876578
 -0.0001619206737569,        -0.0004062477587289
 -0.0001573282600669,        -0.0003889721882941
 -0.0001507731201126,        -0.0003712621409253
 -0.0001423810045092,        -0.0003533617448680
 -0.0001322496633614,        -0.0003354496206992
 -0.0001204984081651,        -0.0003176206509954
 -0.0001073066985467,        -0.0002998783206951
 -0.0000929003021821,        -0.0002821382507399
 -0.0000775020956489,        -0.0002642388439735
 -0.0000612866439901,        -0.0002459627063965
 -0.0000443623454897,        -0.0002270807571310
 -0.0000267842808089,        -0.0002074148157790
 -0.0000085778280276,        -0.0001868878492506
  0.0000102483333984,        -0.0001655294312951
  0.0000296842108979,        -0.0001434467133297
  0.0000496707120758,        -0.0001208104337712
  0.0000700395956005,        -0.0000978783454492
  0.0000904840220082,        -0.0000750159513146
  0.0001105858496111,        -0.0000526590675239
  0.0001298944672856,        -0.0000312218925148
  0.0001480238334524,        -0.0000110064427554
  0.0001647227742571,         0.0000078511726637
  0.0001798886049887,         0.0000254066350617
  0.0001935271523189,         0.0000419175342062
  0.0002056986130194,         0.0000578194706893
  0.0002164853570389,         0.0000736530436664
  0.0002259657056792,         0.0000899640092657
  0.0002341614580214,         0.0001072074806125
  0.0002409774613363,         0.0001256663643508
  0.0002461848615280,         0.0001453990574182
  0.0002494599908706,         0.0001662507188357
  0.0002504468110391,         0.0001879355143811
  0.0002488151039673,         0.0002101426587630
  0.0002443073414588,         0.0002326037719925
  0.0002367782701428,         0.0002551007030104
  0.0002262343804678,         0.0002774481955034
  0.0002128718430762,         0.0002994881108237
  0.0001970912993400,         0.0003210941041361
  0.0001794546837100,         0.0003421682119806
  0.0001605739552064,         0.0003626266966694
  0.0001409812939833,         0.0003823893688340
  0.0001210477275395,         0.0004013767162341
  0.0001009642272555,         0.0004195002725516
  0.0000807627461538,         0.0004366302326388
  0.0000603663747022,         0.0004525527966905
  0.0000396598460314,         0.0004669542520478
  0.0000185589816848,         0.0004794571502591
 -0.0000029346073173,         0.0004897049450086
 -0.0000246974780505,         0.0004974608353335
 -0.0000464778795010,         0.0005026633390483
 -0.0000679262774744,         0.0005053999669721
 -0.0000886547383597,         0.0005058179631200
 -0.0001083054212441,         0.0005040290440756
 -0.0001266016799419,         0.0005000643903258
 -0.0001433627467608,         0.0004939033159265
 -0.0001584877892840,         0.0004855401784960
 -0.0001719343143314,         0.0004750256178299
 -0.0001837024526965,         0.0004624605675079
 -0.0001938079819543,         0.0004479683703744
 -0.0002022317905228,         0.0004316681166139
 -0.0002088756882676,         0.0004136522812607
 -0.0002135728446513,         0.0003939675686429
 -0.0002161517110626,         0.0003726080404488
 -0.0002164991608852,         0.0003495353986036
 -0.0002145816494134,         0.0003247300317163
 -0.0002104370710237,         0.0002982527232613
 -0.0002041725903829,         0.0002702776446453
 -0.0001959779741637,         0.0002410702771311
 -0.0001861406094696,         0.0002109308937298
 -0.0001750474428164,         0.0001801487749229
 -0.0001631572928316,         0.0001489845556044
 -0.0001509350165311,         0.0001176654280385
 -0.0001387757363910,         0.0000863846543156
 -0.0001269625222927,         0.0000553161272473
 -0.0001156644114947,         0.0000246493467467
 -0.0001049462115217,        -0.0000053689076018
 -0.0000947673704511,        -0.0000344130473302
 -0.0000849791475481,        -0.0000621010601854
 -0.0000753482968304,        -0.0000880671749874
 -0.0000656194581713,        -0.0001120733787464
 -0.0000556046134297,        -0.0001341181016040
 -0.0000452652618855,        -0.0001544668240760
 -0.0000347413667022,        -0.0001735620713031
 -0.0000243129391102,        -0.0001918617907790
 -0.0000143208501655,        -0.0002096979848583
 -0.0000050760882807,        -0.0002272107695686
  0.0000032259302884,        -0.0002443563725328
  0.0000105667264803,        -0.0002609509139676
  0.0000171134641801,        -0.0002767187822445
  0.0000231598959500,        -0.0002913434182408
  0.0000290164484055,        -0.0003045193774112
  0.0000348912034581,        -0.0003159971332047
  0.0000408173237690,        -0.0003256178471082
  0.0000466620917133,        -0.0003333359032762
  0.0000522017367381,        -0.0003392190703777
  0.0000572136597470,        -0.0003434209945134
  0.0000615413396438,        -0.0003461447453367
  0.0000651195072166,        -0.0003476283630316
  0.0000679744564527,        -0.0003481553586123
  0.0000702119129677,        -0.0003480545627292
  0.0000719970186457,        -0.0003476615402897
  0.0000735322580525,        -0.0003472551609313
  0.0000750389436934,        -0.0003470038792659
  0.0000767416907748,        -0.0003469386870105
  0.0000788609402404,        -0.0003469509780697
  0.0000816211554706,        -0.0003468190622933
  0.0000852572685193,        -0.0003462715571320
  0.0000899846686955,        -0.0003450839567226
  0.0000959256075469,        -0.0003431750340845
  0.0001030331498087,        -0.0003406445719892
  0.0001110629420976,        -0.0003377221690435
  0.0001196040913023,        -0.0003346644422674
  0.0001281473868147,        -0.0003316700585422
  0.0001361691053227,        -0.0003288496798192
  0.0001432150283992,        -0.0003262342923163
  0.0001489700895121,        -0.0003237862035845
  0.0001533027544064,        -0.0003213935176664
  0.0001562729195984,        -0.0003188547390840
  0.0001580878453224,        -0.0003158797960863
  0.0001590086714564,        -0.0003121332070396
  0.0001592472545298,        -0.0003073145410646
  0.0001589008227787,        -0.0003012325235009
  0.0001579384487828,        -0.0002938256585085
  0.0001562226981302,        -0.0002851218242418
  0.0001535468952967,        -0.0002751724761932
  0.0001496772936788,        -0.0002640061441907
  0.0001443991441268,        -0.0002516164260025
  0.0001375702131134,        -0.0002379678534966
  0.0001291721722899,        -0.0002230074258804
  0.0001193313825160,        -0.0002066868445264
  0.0001082848737108,        -0.0001889925839965
  0.0000962975913730,        -0.0001699573767174
  0.0000835660885485,        -0.0001496325326712
  0.0000701528427985,        -0.0001280378959284
  0.0000559776433786,        -0.0001051309029453
  0.0000408597052589,        -0.0000808276256906
  0.0000245836460962,        -0.0000550697319846
  0.0000069645790476,        -0.0000278953149859
 -0.0000120960319900,         0.0000005278494474
 -0.0000325589843923,         0.0000299236394687
