timestep:         0.0063532800000000
yAxisLabel:vertical DOF [m]     
title:bogies vertical DOF       
uv1,    uv2,    
  0.0000000000000000,  0.0000000000000000,
  0.0000000000000000,  0.0000000000000000,
 -0.0000000087005176,  0.0000000000000000,
 -0.0000000485316258,  0.0000000000000000,
 -0.0000001419133759,  0.0000000000000000,
 -0.0000003078356352,  0.0000000000000000,
 -0.0000005650026271,  0.0000000000000000,
 -0.0000009362525810,  0.0000000000000000,
 -0.0000014524261826,  0.0000000000000000,
 -0.0000021508303317,  0.0000000000000000,
 -0.0000030809791669,  0.0000000000000000,
 -0.0000043064330230,  0.0000000000000000,
 -0.0000059004411932,  0.0000000000000000,
 -0.0000079393320985,  0.0000000000000000,
 -0.0000105011400474,  0.0000000000000000,
 -0.0000136687893382,  0.0000000000000000,
 -0.0000175303065618,  0.0000000000000000,
 -0.0000221799591702,  0.0000000000000000,
 -0.0000277196351848,  0.0000000000000000,
 -0.0000342559267188,  0.0000000000000000,
 -0.0000418922594514,  0.0000000000000000,
 -0.0000507241579614,  0.0000000000000000,
 -0.0000608426152629,  0.0000000000000000,
 -0.0000723391596633,  0.0000000000000000,
 -0.0000853070883265,  0.0000000000000000,
 -0.0000998379160710,  0.0000000000000000,
 -0.0001160189498447,  0.0000000000000000,
 -0.0001339311018188,  0.0000000000000000,
 -0.0001536441269371,  0.0000000000000000,
 -0.0001752150691972,  0.0000000000000000,
 -0.0001986928382010,  0.0000000000000000,
 -0.0002241265625722,  0.0000000000000000,
 -0.0002515672626922,  0.0000000000000000,
 -0.0002810592301537,  0.0000000000000000,
 -0.0003126314803896,  0.0000000000000000,
 -0.0003462975630801,  0.0000000000000000,
 -0.0003820632858874,  0.0000000000000000,
 -0.0004199312323136,  0.0000000000000000,
 -0.0004598975130978,  0.0000000000000000,
 -0.0005019500409737,  0.0000000000000000,
 -0.0005460714984871,  0.0000000000000000,
 -0.0005922403217578,  0.0000000000000000,
 -0.0006404263752322,  0.0000000000000000,
 -0.0006905891682498,  0.0000000000000000,
 -0.0007426862949081,  0.0000000000000000,
 -0.0007966836739689,  0.0000000000000000,
 -0.0008525517297050,  0.0000000000000000,
 -0.0009102542704187,  0.0000000000000000,
 -0.0009697486584090,  0.0000000000000000,
 -0.0010309975218715,  0.0000000000000000,
 -0.0010939785285376,  0.0000000000000000,
 -0.0011586807311686,  0.0000000000000000,
 -0.0012250938962663,  0.0000000000000000,
 -0.0012932051152402,  0.0000000000000000,
 -0.0013630020415439,  0.0000000000000000,
 -0.0014344705703653,  0.0000000000000000,
 -0.0015075913788223,  0.0000000000000000,
 -0.0015823468460782,  0.0000000000000000,
 -0.0016587261892586,  0.0000000000000000,
 -0.0017367143170884,  0.0000000000000000,
 -0.0018162750748943,  0.0000000000000000,
 -0.0018973542750628,  0.0000000000000000,
 -0.0019798981591991,  0.0000000000000000,
 -0.0020638552360451,  0.0000000000000000,
 -0.0021491698905436,  0.0000000000000000,
 -0.0022357887190154,  0.0000000000000000,
 -0.0023236626505664,  0.0000000000000000,
 -0.0024127346794132,  0.0000000000000000,
 -0.0025029312915731,  0.0000000000000000,
 -0.0025941752505600,  0.0000000000000000,
 -0.0026864054485795,  0.0000000000000000,
 -0.0027795798955676,  0.0000000000000000,
 -0.0028736630862598,  0.0000000000000000,
 -0.0029686121000680,  0.0000000000000000,
 -0.0030643668500312,  0.0000000000000000,
 -0.0031608434678036,  0.0000000000000000,
 -0.0032579346826201,  0.0000000000000000,
 -0.0033555176502797,  0.0000000000000000,
 -0.0034534605416053,  0.0000000000000000,
 -0.0035516184626295,  0.0000000000000000,
 -0.0036498229768263,  0.0000000000000000,
 -0.0037478767335950,  0.0000000000000000,
 -0.0038455570169588,  0.0000000000000000,
 -0.0039426271392286,  0.0000000000000000,
 -0.0040388499735321,  0.0000000000000000,
 -0.0041339943670570,  0.0000000000000000,
 -0.0042278323033733,  0.0000000000000000,
 -0.0043201291013156,  0.0000000000000000,
 -0.0044106312839735,  0.0000000000000000,
 -0.0044990642393689,  0.0000000000000000,
 -0.0045851431922456,  0.0000000000000000,
 -0.0046685854858670,  0.0000000000000000,
 -0.0047491212481559,  0.0000000000000000,
 -0.0048264999548295, -0.0000006050513599,
 -0.0049004839753094, -0.0000025609826614,
 -0.0049708382166024, -0.0000061654909673,
 -0.0050373244129599, -0.0000116914636431,
 -0.0050997063692787, -0.0000193826800360,
 -0.0051577772818228, -0.0000294610688008,
 -0.0052113933722151, -0.0000421363181315,
 -0.0052604785550782, -0.0000576088314403,
 -0.0053049966739289, -0.0000760601703619,
 -0.0053449333642186, -0.0000976598939456,
 -0.0053803038620222, -0.0001225745572395,
 -0.0054111549921928, -0.0001509648340906,
 -0.0054375570238257, -0.0001829752060531,
 -0.0054596008875035, -0.0002187298444720,
 -0.0054773977420238, -0.0002583304752667,
 -0.0054910849367409, -0.0003018575573016,
 -0.0055008336370005, -0.0003493816999484,
 -0.0055068460179639, -0.0004009696277460,
 -0.0055093542719083, -0.0004566791068116,
 -0.0055086193627320, -0.0005165472505146,
 -0.0055049165018370, -0.0005805803035211,
 -0.0054985240774708, -0.0006487543897820,
 -0.0054897265619982, -0.0007210241006959,
 -0.0054788232863044, -0.0007973313461547,
 -0.0054661335592664, -0.0008776129398482,
 -0.0054519899441101, -0.0009618026833669,
 -0.0054367263706643, -0.0010498136061268,
 -0.0054206686703422, -0.0011415167366547,
 -0.0054041294546637, -0.0012367409759789,
 -0.0053874120422311, -0.0013352873994326,
 -0.0053708237532635, -0.0014369541056326,
 -0.0053546851641666, -0.0015415490704630,
 -0.0053393231602804, -0.0016488714704828,
 -0.0053250593117373, -0.0017586888928983,
 -0.0053122021496405, -0.0018707360074948,
 -0.0053010416845822, -0.0019847311256723,
 -0.0052918525300082, -0.0021003897037740,
 -0.0052849050596518, -0.0022174308444808,
 -0.0052804727814345, -0.0023355923363012,
 -0.0052788255724454, -0.0024546385845004,
 -0.0052802136903625, -0.0025743445600068,
 -0.0052848572224395, -0.0026944803638394,
 -0.0052929454312813, -0.0028148157111181,
 -0.0053046435137154, -0.0029351394862690,
 -0.0053201029788069, -0.0030552744725209,
 -0.0053394678442581, -0.0031750662509751,
 -0.0053628710147872, -0.0032943647170541,
 -0.0053904280729667, -0.0034130224317930,
 -0.0054222359542158, -0.0035309049315263,
 -0.0054583729329673, -0.0036479009172478,
 -0.0054989015346989, -0.0037639201223297,
 -0.0055438772235815, -0.0038788827713771,
 -0.0055933570353214, -0.0039927144998249,
 -0.0056473954590280, -0.0041053496386582,
 -0.0057060286956287, -0.0042167320828558,
 -0.0057692725663667, -0.0043268164295501,
 -0.0058371326977494, -0.0044355840400277,
 -0.0059096060745424, -0.0045430561025566,
 -0.0059866813298264, -0.0046492755315159,
 -0.0060683471188314, -0.0047542742879382,
 -0.0061545992118260, -0.0048580749540801,
 -0.0062454374004440, -0.0049607206649637,
 -0.0063408612986066, -0.0050622787482511,
 -0.0064408750668176, -0.0051628316153076,
 -0.0065454855701988, -0.0052624871772854,
 -0.0066546870127055, -0.0053613804087931,
 -0.0067684517007272, -0.0054596513745766,
 -0.0068867306048561, -0.0055574274589422,
 -0.0070094489042843, -0.0056548413528648,
 -0.0071364984904792, -0.0057520670673192,
 -0.0072677395932778, -0.0058493304430328,
 -0.0074030050775813, -0.0059468884272247,
 -0.0075420962441588, -0.0060449977572084,
 -0.0076847778441451, -0.0061438915630407,
 -0.0078307805076901, -0.0062437655924595,
 -0.0079798084770102, -0.0063447755761421,
 -0.0081315501162767, -0.0064470526211590,
 -0.0082856859140972, -0.0065507204765720,
 -0.0084418929710903, -0.0066558891379186,
 -0.0085998450706623, -0.0067626288451382,
 -0.0087592015346823, -0.0068709497385577,
 -0.0089195867284061, -0.0069808011576290,
 -0.0090805729228500, -0.0070920890267895,
 -0.0092416830258551, -0.0072047021105528,
 -0.0094024070522254, -0.0073185276485531,
 -0.0095622150536123, -0.0074334482325877,
 -0.0097205688043103, -0.0075493208483652,
 -0.0098769278966883, -0.0076659432058525,
 -0.0100307490894115, -0.0077830398070007,
 -0.0101814854432750, -0.0079002840916479,
 -0.0103285814845955, -0.0080173248966647,
 -0.0104714725713662, -0.0081338016236115,
 -0.0106095937200289, -0.0082493543482654,
 -0.0107423886286976, -0.0083636190467238,
 -0.0108693167210892, -0.0084762110322640,
 -0.0109898597914905, -0.0085867079078134,
 -0.0111035243933583, -0.0086946486701896,
 -0.0112098416306800, -0.0087995608163369,
 -0.0113083713287287, -0.0089009893296967,
 -0.0113986995020862, -0.0089985118118397,
 -0.0114804264917266, -0.0090917461773207,
 -0.0115531640896663, -0.0091803501732530,
 -0.0116165400834867, -0.0092640181417847,
 -0.0116702017755523, -0.0093424774257463,
 -0.0117138216244216, -0.0094154799470483,
 -0.0117471093536365, -0.0094827926352128,
 -0.0117698265455758, -0.0095442000281359,
 -0.0117817888477828, -0.0095995174073665,
 -0.0117828578891150, -0.0096485939629915,
 -0.0117729390408204, -0.0096913094774070,
 -0.0117519818119526, -0.0097275796077724,
 -0.0117199789789222, -0.0097573626658518,
 -0.0116769705436535, -0.0097806517511240,
 -0.0116230467134116, -0.0097974548405888,
 -0.0115583446272069, -0.0098077874082560,
 -0.0114830424028084, -0.0098116821362691,
 -0.0113973597046676, -0.0098092006943803,
 -0.0113015675681876, -0.0098004418370287,
 -0.0111959926492067, -0.0097855398748922,
 -0.0110810125016948, -0.0097646519933613,
 -0.0109570488139714, -0.0097379413999598,
 -0.0108245601811021, -0.0097055676487926,
 -0.0106840353321891, -0.0096676966438111,
 -0.0105359859733804, -0.0096245155174028,
 -0.0103809430109153, -0.0095762357343680,
 -0.0102194575575073, -0.0095230942564305,
 -0.0100521007043907, -0.0094653499110225,
 -0.0098794608271197, -0.0094032737895984,
 -0.0097021355790077, -0.0093371476385550,
 -0.0095207173583698, -0.0092672725805505,
 -0.0093357847225834, -0.0091939791433296,
 -0.0091479037543370, -0.0091176237603329,
 -0.0089576299764090, -0.0090385721024635,
 -0.0087655094915877, -0.0089571805904739,
 -0.0085720845465817, -0.0088737813875762,
 -0.0083779023717122, -0.0087886798202894,
 -0.0081835196002928, -0.0087021637920974,
 -0.0079894977628957, -0.0086145141128699,
 -0.0077963944395768, -0.0085260127885121,
 -0.0076047561742609, -0.0084369464896392,
 -0.0074151111973669, -0.0083476028088977,
 -0.0072279656003779, -0.0082582656141024,
 -0.0070438097309003, -0.0081692140455315,
 -0.0068631253688105, -0.0080807265233783,
 -0.0066863898715897, -0.0079930878395420,
 -0.0065140803647183, -0.0079065893251431,
 -0.0063466745587857, -0.0078215187256943,
 -0.0061846461354497, -0.0077381522894404,
 -0.0060284568170988, -0.0076567504423078,
 -0.0058785530271347, -0.0075775529379492,
 -0.0057353689505248, -0.0075007828056206,
 -0.0055993307952355, -0.0074266566116906,
 -0.0054708565224356, -0.0073553919922021,
 -0.0053503508412129, -0.0072872102492300,
 -0.0052382004738781, -0.0072223361338381,
 -0.0051347688794629, -0.0071610002904611,
 -0.0050403891864006, -0.0071034421441597,
 -0.0049553569793231, -0.0070499109440221,
 -0.0048799254367096, -0.0070006634292422,
 -0.0048143024714159, -0.0069559592716558,
 -0.0047586477611251, -0.0069160570698241,
 -0.0047130719091432, -0.0068812091554901,
 -0.0046776404844150, -0.0068516560122269,
 -0.0046523830919529, -0.0068276175149213,
 -0.0046373007293171, -0.0068092813875091,
 -0.0046323616025926, -0.0067967933641742,
 -0.0046374866733831, -0.0067902525900187,
 -0.0046525364946747, -0.0067897145757132,
 -0.0046773063510341, -0.0067951996186265,
 -0.0047115268194877, -0.0068067043002338,
 -0.0047548706752411, -0.0068242102184642,
 -0.0048069678932514, -0.0068476838015632,
 -0.0048674183315305, -0.0068770665866290,
 -0.0049357955559955, -0.0069122602177963,
 -0.0050116478647650, -0.0069531140086062,
 -0.0050945018617176, -0.0069994255707399,
 -0.0051838653894464, -0.0070509560402504,
 -0.0052792259683655, -0.0071074448016987,
 -0.0053800462243867, -0.0071686163280863,
 -0.0054857613926890, -0.0072341840945290,
 -0.0055957839760807, -0.0073038526446849,
 -0.0057095135474568, -0.0073773164692034,
 -0.0058263502642165, -0.0074542540759086,
 -0.0059457088364338, -0.0075343205185569,
 -0.0060670245192938, -0.0076171435897985,
 -0.0061897491358500, -0.0077023234260935,
 -0.0063133403792736, -0.0077894349122724,
 -0.0064372511013774, -0.0078780369815122,
 -0.0065609253806949, -0.0079676890172355,
 -0.0066838016813803, -0.0080579604299130,
 -0.0068053193064373, -0.0081484298565040,
 -0.0069249267064043, -0.0082386818498696,
 -0.0070420885604466, -0.0083282982808561,
 -0.0071562862646471, -0.0084168480329768,
 -0.0072670131671043, -0.0085038826736096,
 -0.0073737746023776, -0.0085889397423034,
 -0.0074760985411450, -0.0086715532423169,
 -0.0075735489257424, -0.0087512660555799,
 -0.0076657316793798, -0.0088276401894942,
 -0.0077522917360804, -0.0089002633231965,
 -0.0078329070660380, -0.0089687514384187,
 -0.0079072816388799, -0.0090327507027816,
 -0.0079751377367409, -0.0090919411900599,
 -0.0080362149606410, -0.0091460432526376,
 -0.0080902769312201, -0.0091948234588728,
 -0.0081371195829089, -0.0092380914794124,
 -0.0081765766693712, -0.0092756889918050,
 -0.0082085217485704, -0.0093074795419661,
 -0.0082328700919289, -0.0093333467546305,
 -0.0082495807135891, -0.0093532008832809,
 -0.0082586554240909, -0.0093669842208277,
 -0.0082601349542483, -0.0093746731345056,
 -0.0082540940628615, -0.0093762779104518,
 -0.0082406375187540, -0.0093718407001355,
 -0.0082198973836137, -0.0093614312135659,
 -0.0081920282648668, -0.0093451386392718,
 -0.0081572015744846, -0.0093230658470934,
 -0.0081156048203948, -0.0092953301374644,
 -0.0080674443046059, -0.0092620666450664,
 -0.0080129458025225, -0.0092234296862437,
 -0.0079523533338914, -0.0091795870430458,
 -0.0078859279479545, -0.0091307082169119,
 -0.0078139426183136, -0.0090769559616499,
 -0.0077366724026903, -0.0090184814312743,
 -0.0076543868571118, -0.0089554192740889,
 -0.0075673486479320, -0.0088878910214016,
 -0.0074758170093530, -0.0088160191203545,
 -0.0073800529551698, -0.0087399401212672,
 -0.0072803262816873, -0.0086598082504206,
 -0.0071769229027754, -0.0085757886489139,
 -0.0070701469258014, -0.0084880464875841,
 -0.0069603182099433, -0.0083967378617629,
 -0.0068477715602442, -0.0083020009389311,
 -0.0067328576975381, -0.0082039510522717,
 -0.0066159427246953, -0.0081026889308162,
 -0.0064974077951415, -0.0079983155014841,
 -0.0063776513933287, -0.0078909447256858,
 -0.0062570902012991, -0.0077807171564521,
 -0.0061361526410965, -0.0076678092506111,
 -0.0060152683745686, -0.0075524308033225,
 -0.0058948609019555, -0.0074348161360686,
 -0.0057753439515677, -0.0073152211877347,
 -0.0056571211348746, -0.0071939279039417,
 -0.0055405887173494, -0.0070712471641025,
 -0.0054261370729827, -0.0069475190988768,
 -0.0053141487975382, -0.0068231149640395,
 -0.0052049958589497, -0.0066984367620946,
 -0.0050990366288439, -0.0065739129067836,
 -0.0049966144595920, -0.0064499916771975,
 -0.0048980600308803, -0.0063271299686144,
 -0.0048036962844095, -0.0062057813440172,
 -0.0047138410615010, -0.0060863888253420,
 -0.0046288043202938, -0.0059693798048702,
 -0.0045488822460844, -0.0058551608417943,
 -0.0044743507749818, -0.0057441171561748,
 -0.0044054594804819, -0.0056366192232846,
 -0.0043424290440811, -0.0055330275946393,
 -0.0042854550020429, -0.0054336881029694,
 -0.0042347137589738, -0.0053389214678207,
 -0.0041903666667588, -0.0052490135416871,
 -0.0041525629608396, -0.0051642075912644,
 -0.0041214402772132, -0.0050846985603598,
 -0.0040971200997545, -0.0050106318742265,
 -0.0040796990857870, -0.0049421122193114,
 -0.0040692388655703, -0.0048792175167848,
 -0.0040657575455455, -0.0048220078901517,
 -0.0040692256494821, -0.0047705299310997,
 -0.0040795660568515, -0.0047248180051248,
 -0.0040966568603299, -0.0046848916768440,
 -0.0041203390188518, -0.0046507493416095,
 -0.0041504283650283, -0.0046223577489581,
 -0.0041867246660579, -0.0045996427467938,
 -0.0042290133025735, -0.0045824866277122,
 -0.0042770630417483, -0.0045707305240505,
 -0.0043306242218487, -0.0045641841309951,
 -0.0043894276032275, -0.0045626445583589,
 -0.0044531825929422, -0.0045659166092392,
 -0.0045215747300882, -0.0045738236687643,
 -0.0045942631771365, -0.0045862045728669,
 -0.0046708794447626, -0.0046029027065465,
 -0.0047510282672759, -0.0046237548390292,
 -0.0048342936315342, -0.0046485832085933,
 -0.0049202517868054, -0.0046771948640850,
 -0.0050084861363107, -0.0047093864004222,
 -0.0050985959330910, -0.0047449463136533,
 -0.0051901968006285, -0.0047836518653256,
 -0.0052829168108378, -0.0048252632752471,
 -0.0053763905616862, -0.0048695227632593,
 -0.0054702536956593, -0.0049161625186919,
 -0.0055641411820306, -0.0049649153222989,
 -0.0056576902431422, -0.0050155223029762,
 -0.0057505465458421, -0.0050677399090814,
 -0.0058423705573137, -0.0051213446977158,
 -0.0059328414899704, -0.0051761304371805,
 -0.0060216583447005, -0.0052319012939041,
 -0.0061085374160013, -0.0052884685094013,
 -0.0061932075970300, -0.0053456526792913,
 -0.0062754066228903, -0.0054032905455913,
 -0.0063548802896439, -0.0054612427795869,
 -0.0064313847402993, -0.0055193990657909,
 -0.0065046890611063, -0.0055776794490176,
 -0.0065745760938972, -0.0056360311942048,
 -0.0066408424310138, -0.0056944204450041,
 -0.0067032990573374, -0.0057528213822417,
 -0.0067617730078448, -0.0058112076456871,
 -0.0068161089755420, -0.0058695464039890,
 -0.0068661700660024, -0.0059277918983114,
 -0.0069118389827660, -0.0059858794926750,
 -0.0069530189115422, -0.0060437232290704,
 -0.0069896313024562, -0.0061012183038379,
 -0.0070216131134252, -0.0061582482248323,
 -0.0070489163335309, -0.0062146926784942,
 -0.0070715070937510, -0.0062704323624841,
 -0.0070893630261038, -0.0063253495036608,
 -0.0071024714506539, -0.0063793218384456,
 -0.0071108317475556, -0.0064322127852018,
 -0.0071144626258576, -0.0064838644563483,
 -0.0071134108670213, -0.0065340940072428,
 -0.0071077566497952, -0.0065826924305564,
 -0.0070976148140411, -0.0066294270117901,
 -0.0070831342081550, -0.0066740481175918,
 -0.0070644943394949, -0.0067162995703863,
 -0.0070418990012396, -0.0067559275880917,
 -0.0070155689436315, -0.0067926842003866,
 -0.0069857354522141, -0.0068263276220966,
 -0.0069526368270290, -0.0068566240929094,
 -0.0069165178377870, -0.0068833507040306,
 -0.0068776301357672, -0.0069062969611250,
 -0.0068362321646032, -0.0069252677844029,
 -0.0067925878883349, -0.0069400888444671,
 -0.0067469652385109, -0.0069506107269682,
 -0.0066996358526063, -0.0069567100069934,
 -0.0066508757977191, -0.0069582873652521,
 -0.0066009663858805, -0.0069552643510004,
 -0.0065501950579150, -0.0069475815478125,
 -0.0064988558306298, -0.0069352004866621,
 -0.0064472483771357, -0.0069181095896421,
 -0.0063956742205960, -0.0068963325217389,
 -0.0063444292466756, -0.0068699364801288,
 -0.0062937949917210, -0.0068390372251157,
 -0.0062440322102026, -0.0068037991784751,
 -0.0061953777525462, -0.0067644331948509,
 -0.0061480434663345, -0.0067211950394604,
 -0.0061022182400472, -0.0066743831029745,
 -0.0060580760215895, -0.0066243332080927,
 -0.0060157863985717, -0.0065714108547689,
 -0.0059755225365863, -0.0065160017269656,
 -0.0059374663264574, -0.0064585015660866,
 -0.0059018111768451, -0.0063993090094546,
 -0.0058687610454339, -0.0063388265847988,
 -0.0058385249031403, -0.0062774679721233,
 -0.0058113086026715, -0.0062156636818103,
 -0.0057873073256863, -0.0061538639679750,
 -0.0057667010550559, -0.0060925407356758,
 -0.0057496546211254, -0.0060321854840563,
 -0.0057363219400363, -0.0059733007701365,
 -0.0057268510903466, -0.0059163877021247,
 -0.0057213869057967, -0.0058619334794485,
 -0.0057200712200429, -0.0058103995785797,
 -0.0057230413742180, -0.0057622126561046,
 -0.0057304273321835, -0.0057177630914708,
 -0.0057423483269944, -0.0056774099218665,
 -0.0057589095939566, -0.0056414851124188,
 -0.0057801994774883, -0.0056102938115231,
 -0.0058062859189742, -0.0055841123810106,
 -0.0058372118668969, -0.0055631862901767,
 -0.0058729914207140, -0.0055477287013650,
 -0.0059136083159411, -0.0055379187633959,
 -0.0059590176258157, -0.0055338988548911,
 -0.0060091511282009, -0.0055357710829649,
 -0.0060639242742224, -0.0055435925691374,
 -0.0061232413720247, -0.0055573692009901,
 -0.0061869972797476, -0.0055770494511381,
 -0.0062550762066077, -0.0056025234645307,
 -0.0063273491821215, -0.0056336312829333,
 -0.0064036712031632, -0.0056701762289200,
 -0.0064838785010848, -0.0057119369530880,
 -0.0065677860642328, -0.0057586756667255,
 -0.0066551860100420, -0.0058101416388006,
 -0.0067458473276553, -0.0058660705716641,
 -0.0068395160060522, -0.0059261839609094,
 -0.0069359145873636, -0.0059901916870084,
 -0.0070347423301964, -0.0060577972298828,
 -0.0071356769491942, -0.0061287030716963,
 -0.0072383757539101, -0.0062026144313334,
 -0.0073424747979965, -0.0062792406088350,
 -0.0074475877809631, -0.0063582936437539,
 -0.0075533062841191, -0.0064394854001118,
 -0.0076592017278877, -0.0065225257682416,
 -0.0077648292976775, -0.0066071230361427,
 -0.0078697341017745, -0.0066929842602745,
 -0.0079734574290353, -0.0067798127931325,
 -0.0080755393982715, -0.0068673026280449,
 -0.0081755186280171, -0.0069551331776652,
 -0.0082729324935814, -0.0070429689688596,
 -0.0083673183480718, -0.0071304650407315,
 -0.0084582147425726, -0.0072172747769574,
 -0.0085451635450888, -0.0073030563777852,
 -0.0086277126773380, -0.0073874787294110,
 -0.0087054173597466, -0.0074702284793025,
 -0.0087778401631357, -0.0075510145389658,
 -0.0088445528904899, -0.0076295663812416,
 -0.0089051421716974, -0.0077056301649893,
 -0.0089592173986941, -0.0077789658949960,
 -0.0090064188810256, -0.0078493415062930,
 -0.0090464252063134, -0.0079165222942998,
 -0.0090789585856204, -0.0079802617922850,
 -0.0091037879906634, -0.0080403010507615,
 -0.0091207314436243, -0.0080963773057877,
 -0.0091296568355467, -0.0081482377808256,
 -0.0091304799413364, -0.0081956537639932,
 -0.0091231607994650, -0.0082384308674168,
 -0.0091077001390293, -0.0082764129746797,
 -0.0090841357256354, -0.0083094811755403,
 -0.0090525386592735, -0.0083375501760620,
 -0.0090130111721192, -0.0083605635428061,
 -0.0089656868099919, -0.0083784901733152,
 -0.0089107323302512, -0.0083913236395197,
 -0.0088483502111909, -0.0083990817997604,
 -0.0087787810852849, -0.0084018038483505,
 -0.0087023046242283, -0.0083995453653246,
 -0.0086192374154427, -0.0083923727632809,
 -0.0085299288114348, -0.0083803581453837,
 -0.0084347566666568, -0.0083635762378633,
 -0.0083341231239284, -0.0083421054728476,
 -0.0082284499351596, -0.0083160327959658,
 -0.0081181738510535, -0.0082854596267824,
 -0.0080037427923793, -0.0082505074798966,
 -0.0078856123751923, -0.0082113218980556,
 -0.0077642419268999, -0.0081680730392023,
 -0.0076400907679083, -0.0081209524236714,
 -0.0075136165659384, -0.0080701671266289,
 -0.0073852759293534, -0.0080159341076723,
 -0.0072555261780443, -0.0079584759912081,
 -0.0071248272708682, -0.0078980171913572,
 -0.0069936422372699, -0.0078347807934655,
 -0.0068624341244438, -0.0077689897282562,
 -0.0067316587176769, -0.0077008729415656,
 -0.0066017550765988, -0.0076306730038809,
 -0.0064731375475286, -0.0075586532131412,
 -0.0063461913552091, -0.0074851039270073,
 -0.0062212721158590, -0.0074103456236245,
 -0.0060987084756161, -0.0073347250971510,
 -0.0059788057601983, -0.0072586045193302,
 -0.0058618483185302, -0.0071823477313325,
 -0.0057480996389027, -0.0071063099432034,
 -0.0056378013839866, -0.0070308340151969,
 -0.0055311728427009, -0.0069562522830415,
 -0.0054284110015904, -0.0068828916958528,
 -0.0053296910097753, -0.0068110795049828,
 -0.0052351669605818, -0.0067411467421524,
 -0.0051449725604955, -0.0066734282458391,
 -0.0050592216635091, -0.0066082604684199,
 -0.0049780094007871, -0.0065459788677966,
 -0.0049014145229651, -0.0064869152007329,
 -0.0048295035553684, -0.0064313942453335,
 -0.0047623363763541, -0.0063797290162399,
 -0.0046999707656019, -0.0063322147561350,
 -0.0046424639165989, -0.0062891239393712,
 -0.0045898715434034, -0.0062507035552017,
 -0.0045422467599022, -0.0062171739213347,
 -0.0044996394343155, -0.0061887278070019,
 -0.0044620951434601, -0.0061655284978835,
 -0.0044296539155617, -0.0061477067626473,
 -0.0044023495567172, -0.0061353588169601,
 -0.0043802090041873, -0.0061285470797428,
 -0.0043632508423781, -0.0061273034392037,
 -0.0043514834748358, -0.0061316335325115,
 -0.0043449033496148, -0.0061415199173227,
 -0.0043434931320649, -0.0061569224310699,
 -0.0043472199534843, -0.0061777759270501,
 -0.0043560337039211, -0.0062039869639833,
 -0.0043698653558923, -0.0062354320609161,
 -0.0043886249478790, -0.0062719592073584,
 -0.0044121987533481, -0.0063133920781988,
 -0.0044404456454149, -0.0063595354002818,
 -0.0044731929119365, -0.0064101787589325,
 -0.0045102323892152, -0.0064650965944085,
 -0.0045513174815455, -0.0065240447030372,
 -0.0045961615428746, -0.0065867553177059,
 -0.0046444393187802, -0.0066529329157271,
 -0.0046957923074428, -0.0067222515331859,
 -0.0047498362583235, -0.0067943542667985,
 -0.0048061679282509, -0.0068688550944874,
 -0.0048643689050398, -0.0069453408884276,
 -0.0049240055734771, -0.0070233730213340,
 -0.0049846261752429, -0.0071024901161434,
 -0.0050457583410480, -0.0071822124520698,
 -0.0051069109988586, -0.0072620474427927,
 -0.0051675810386270, -0.0073414950037739,
 -0.0052272613879013, -0.0074200508950876,
 -0.0052854480131793, -0.0074972064654335,
 -0.0053416452261576, -0.0075724457573750,
 -0.0053953688182280, -0.0076452432427689,
 -0.0054461472211660, -0.0077150651156829,
 -0.0054935220266474, -0.0077813750042957,
 -0.0055370494528423, -0.0078436437608582,
 -0.0055763031855472, -0.0079013618581162,
 -0.0056108773672867, -0.0079540508826609,
 -0.0056403878262248, -0.0080012712864269,
 -0.0056644709005387, -0.0080426260145695,
 -0.0056827818353348, -0.0080777608218900,
 -0.0056949957478677, -0.0081063635985037,
 -0.0057008116621210, -0.0081281640752015,
 -0.0056999573264769, -0.0081429328110761,
 -0.0056921935161585, -0.0081504777774242,
 -0.0056773180950767, -0.0081506385948461,
 -0.0056551692215865, -0.0081432815608548,
 -0.0056256272901553, -0.0081282983670674,
 -0.0055886163787859, -0.0081056085207412,
 -0.0055441056959614, -0.0080751639587593,
 -0.0054921093213420, -0.0080369540290869,
 -0.0054326828190009, -0.0079910084035874,
 -0.0053659188664526, -0.0079373971461962,
 -0.0052919444009796, -0.0078762300766328,
 -0.0052109193865404, -0.0078076571883307,
 -0.0051230362919632, -0.0077318691451314,
 -0.0050285193265739, -0.0076490962884886,
 -0.0049276225621222, -0.0075596066707124,
 -0.0048206270531551, -0.0074637040312101,
 -0.0047078384606779, -0.0073617249957440,
 -0.0045895867294080, -0.0072540349850275,
 -0.0044662270731716, -0.0071410235553412,
 -0.0043381398679329, -0.0070231000406510,
 -0.0042057278837496, -0.0069006902659041,
 -0.0040694109239423, -0.0067742349852039,
 -0.0039296193971811, -0.0066441897758059,
 -0.0037867891366835, -0.0065110247867769,
 -0.0036413589804707, -0.0063752224349142,
 -0.0034937708474111, -0.0062372720193339,
 -0.0033444707887550, -0.0060976616742591,
 -0.0031939088533060, -0.0059568694567322,
 -0.0030425361325525, -0.0058153555548923,
 -0.0028907994867095, -0.0056735567463119,
 -0.0027391359202678, -0.0055318837137991,
 -0.0025879680426929, -0.0053907213495516,
 -0.0024377008940911, -0.0052504312321859,
 -0.0022887192138245, -0.0051113548623900,
 -0.0021413838245167, -0.0049738164127802,
 -0.0019960276471876, -0.0048381239603155,
 -0.0018529538164698, -0.0047045681495009,
 -0.0017124374904416, -0.0045734183488642,
 -0.0015747310038200, -0.0044449177809880,
 -0.0014400703280738, -0.0043192789050922,
 -0.0013086799727576, -0.0041966802670050,
 -0.0011807750345137, -0.0040772662090756,
 -0.0010565609421417, -0.0039611499470799,
 -0.0009362323371178, -0.0038484200428608,
 -0.0008199727880515, -0.0037391495032678,
 -0.0007079552812220, -0.0036334051485872,
 -0.0006003418317086, -0.0035312549882085,
 -0.0004972818310248, -0.0034327721102453,
 -0.0003989104242626, -0.0033380353352538,
 -0.0003053481428870, -0.0032471278147801,
 -0.0002167021864622, -0.0031601342594191,
 -0.0001330692091567, -0.0030771383497201,
 -0.0000545389741055, -0.0029982216791015,
  0.0000188026187875, -0.0029234631780223,
  0.0000868728954819, -0.0028529370625809,
  0.0001495946555319, -0.0027867094416953,
  0.0002068999464619, -0.0027248352546785,
  0.0002587341815577, -0.0026673565316451,
  0.0003050599283696, -0.0026143018123359,
  0.0003458595685164, -0.0025656869418414,
  0.0003811370355495, -0.0025215174824536,
  0.0004109196560010, -0.0024817908450692,
  0.0004352605042949, -0.0024464956645968,
  0.0004542401218734, -0.0024156081058728,
  0.0004679658756715, -0.0023890865889028,
  0.0004765686411007, -0.0023668666406518,
  0.0004801983525739, -0.0023488567330429,
  0.0004790206985017, -0.0023349356396753,
  0.0004732161808770, -0.0023249522759742,
  0.0004629807240528, -0.0023187288155511,
  0.0004485265087079, -0.0023160667511159,
  0.0004300826463326, -0.0023167540349832,
  0.0004078956337598, -0.0023205706192116,
  0.0003822288777060, -0.0023272895379607,
  0.0003533606242276, -0.0023366721887156,
  0.0003215809594719, -0.0023484604059484,
  0.0002871891852919, -0.0023623706018295,
  0.0002504919509305, -0.0023780934511243,
  0.0002118015635337, -0.0023952988920690,
  0.0001714343012254, -0.0024136443957925,
  0.0001297091781618, -0.0024327834314301,
  0.0000869465113519, -0.0024523706725795,
  0.0000434649681550, -0.0024720626502371,
 -0.0000004222956009, -0.0024915160452858,
 -0.0000444104665432, -0.0025103876936903,
 -0.0000882044397538, -0.0025283385597844,
 -0.0001315197575999, -0.0025450405288076,
 -0.0001740838263355, -0.0025601832329155,
 -0.0002156375660227, -0.0025734782938788,
 -0.0002559372588175, -0.0025846601281954,
 -0.0002947561435700, -0.0025934848484647,
 -0.0003318855300574, -0.0025997294760636,
 -0.0003671354608015, -0.0026031923038682,
 -0.0004003351625922, -0.0026036941235873,
 -0.0004313334845626, -0.0026010797980352,
 -0.0004599993763196, -0.0025952192005508,
 -0.0004862221636901, -0.0025860065553582,
 -0.0005099112407290, -0.0025733583261161,
 -0.0005309952169335, -0.0025572119340539,
 -0.0005494207547764, -0.0025375261012925,
 -0.0005651511554476, -0.0025142810774955,
 -0.0005781623978527, -0.0024874780381209,
 -0.0005884372388233, -0.0024571380158319,
 -0.0005959666915876, -0.0024233012980311,
 -0.0006007540578116, -0.0023860288835078,
 -0.0006028147488084, -0.0023454074842933,
 -0.0006021760554635, -0.0023015544293361,
 -0.0005988768685793, -0.0022546138835886,
 -0.0005929673515411, -0.0022047489132759,
 -0.0005845085673923, -0.0021521438019389,
 -0.0005735720625801, -0.0020970100552952,
 -0.0005602394097975, -0.0020395857649457,
 -0.0005446017124918, -0.0019801328051091,
 -0.0005267590737496, -0.0019189286835186,
 -0.0005068200323875, -0.0018562554961937,
 -0.0004849009691860, -0.0017923917513398,
 -0.0004611254862973, -0.0017276058820045,
 -0.0004356237629361, -0.0016621567696510,
 -0.0004085318905266, -0.0015962994706050,
 -0.0003799911905250, -0.0015302908166053,
 -0.0003501475181745, -0.0014643908041978,
 -0.0003191505554664, -0.0013988586271779,
 -0.0002871530965843, -0.0013339467373990,
 -0.0002543103290996, -0.0012698948435354,
 -0.0002207791141619, -0.0012069238349525,
 -0.0001867172688858, -0.0011452286795311,
 -0.0001522828540881, -0.0010849726589004,
 -0.0001176334704591, -0.0010262845623623,
 -0.0000829255661755, -0.0009692588939610,
 -0.0000483137588706, -0.0009139581240464,
 -0.0000139501747762, -0.0008604171840016,
  0.0000200161922650, -0.0008086499211574,
  0.0000534400993411, -0.0007586559742104,
  0.0000861806481240, -0.0007104269635899,
  0.0001181018513359, -0.0006639517424321,
  0.0001490731698809, -0.0006192203305683,
  0.0001789700186542, -0.0005762259008468,
  0.0002076742392034, -0.0005349640007911,
  0.0002350745375919, -0.0004954294519327,
  0.0002610668859866, -0.0004576128255052,
  0.0002855548866762, -0.0004214979668343,
  0.0003084500974070, -0.0003870610642857,
  0.0003296723171121, -0.0003542705053530,
  0.0003491498312966, -0.0003230883508251,
  0.0003668196165284, -0.0002934753480470,
  0.0003826275036780, -0.0002653981840407,
  0.0003965282997307, -0.0002388353498955,
  0.0004084858681882, -0.0002137787837067,
  0.0004184731682537, -0.0001902321161794,
  0.0004264722531795, -0.0001682079880115,
  0.0004324742283290, -0.0001477236160897,
  0.0004364791696770, -0.0001287954259456,
  0.0004384960036385, -0.0001114374146121,
  0.0004385423492745, -0.0000956636320848,
  0.0004366443240782, -0.0000814875740736,
  0.0004328363146874, -0.0000689146863206,
  0.0004271607140085, -0.0000579335723484,
  0.0004196676263660, -0.0000485146755491,
  0.0004104145424114, -0.0000406189345623,
  0.0003994659856369, -0.0000342076723398,
  0.0003868931324387, -0.0000292427938201,
  0.0003727734077689, -0.0000256780026779,
  0.0003571900584927, -0.0000234512839505,
  0.0003402317066408, -0.0000224857966841,
  0.0003219918848058, -0.0000226963722670,
  0.0003025685559791, -0.0000239939332738,
  0.0002820636201656, -0.0000262848591595,
  0.0002605824101394, -0.0000294684358385,
  0.0002382331787202, -0.0000334357440272,
  0.0002151265799570, -0.0000380717777977,
  0.0001913751465984, -0.0000432608681834,
  0.0001670927662174, -0.0000488910912540,
  0.0001423941583286, -0.0000548533877448,
  0.0001173943548034, -0.0000610372387632,
  0.0000922081858411, -0.0000673290110130,
  0.0000669497737015, -0.0000736152636982,
  0.0000417320363371, -0.0000797874956466,
  0.0000166662029953, -0.0000857451788795,
 -0.0000081386562251, -0.0000913968647749,
 -0.0000325760849620, -0.0000966592250089,
 -0.0000565426775208, -0.0001014551665281,
 -0.0000799384964469, -0.0001057150194632,
 -0.0001026674691483, -0.0001093797339294,
 -0.0001246377620886, -0.0001124023139431,
 -0.0001457621311937, -0.0001147475475319,
 -0.0001659582472348, -0.0001163911116066,
 -0.0001851489950811, -0.0001173194579655,
 -0.0002032627458445, -0.0001175298588356,
 -0.0002202336010717, -0.0001170297071086,
 -0.0002360016082759, -0.0001158354613859,
 -0.0002505129472344, -0.0001139712184251,
 -0.0002637200866178, -0.0001114670135994,
 -0.0002755819106529, -0.0001083565801468,
 -0.0002860638156569, -0.0001046744429299,
 -0.0002951377764196, -0.0001004544277735,
 -0.0003027823825401, -0.0000957312632790,
 -0.0003089828449601, -0.0000905419398762,
 -0.0003137309730617, -0.0000849254520293,
 -0.0003170251228250, -0.0000789225337039,
 -0.0003188701166612, -0.0000725753887605,
 -0.0003192771356566, -0.0000659274179356,
 -0.0003182635850716, -0.0000590229440618,
 -0.0003158529340494, -0.0000519069371548,
 -0.0003120745305883, -0.0000446247409673,
 -0.0003069633929302, -0.0000372218025690,
 -0.0003005599786021, -0.0000297434064663,
 -0.0002929099324359, -0.0000222344147195,
 -0.0002840638149608, -0.0000147390144513,
 -0.0002740768126381, -0.0000073004740744,
 -0.0002630084314616,  0.0000000390905135,
 -0.0002509221755066,  0.0000072389385983,
 -0.0002378852120522,  0.0000142599151000,
 -0.0002239680249404,  0.0000210646478164,
 -0.0002092440578661,  0.0000276177305639,
 -0.0001937893493127,  0.0000338858914211,
 -0.0001776821608643,  0.0000398381453815,
 -0.0001610026006293,  0.0000454459308234,
 -0.0001438322435103,  0.0000506832293146,
 -0.0001262537500450,  0.0000555266683708,
 -0.0001083504855277,  0.0000599556068957,
 -0.0000902061410943,  0.0000639522031363,
 -0.0000719043584254,  0.0000675014650902,
 -0.0000535283596820,  0.0000705912834057,
 -0.0000351605842436,  0.0000732124469175,
 -0.0000168823337692,  0.0000753586410566,
  0.0000012265729580,  0.0000770264294695,
  0.0000190881340022,  0.0000782152192725,
  0.0000366264857325,  0.0000789272104542,
  0.0000537682105091,  0.0000791673300209,
  0.0000704426294168,  0.0000789431515575,
  0.0000865820789503,  0.0000782648009485,
  0.0001021221706375,  0.0000771448490681,
  0.0001170020326787,  0.0000755981923130,
  0.0001311645327711,  0.0000736419218997,
  0.0001445564813821,  0.0000712951829011,
  0.0001571288148313,  0.0000685790240349,
  0.0001688367576405,  0.0000655162392517,
  0.0001796399637072,  0.0000621312021996,
  0.0001895026359609,  0.0000584496946611,
  0.0001983936242581,  0.0000544987300727,
  0.0002062865013725,  0.0000503063732475,
  0.0002131596170369,  0.0000459015574173,
  0.0002189961300908,  0.0000413138997095,
  0.0002237840188822,  0.0000365735161591,
  0.0002275160701697,  0.0000317108373394,
  0.0002301898468602,  0.0000267564256699,
  0.0002318076350082,  0.0000217407954312,
  0.0002323763705891,  0.0000166942364791,
  0.0002319075466402,  0.0000116466426132,
  0.0002304171014446,  0.0000066273455071,
  0.0002279252885057,  0.0000016649550585,
  0.0002244565291320, -0.0000032127930339,
  0.0002200392485193, -0.0000079791817211,
  0.0002147056962746, -0.0000126086483938,
  0.0002084917523883, -0.0000170769113865,
  0.0002014367197060, -0.0000213610866405,
  0.0001935831040020, -0.0000254397940320,
  0.0001849763827947, -0.0000292932529474,
  0.0001756647640783, -0.0000329033667521,
  0.0001656989361747, -0.0000362537958761,
  0.0001551318099342, -0.0000393300193067,
  0.0001440182545292, -0.0000421193843514,
  0.0001324148280967, -0.0000446111446065,
  0.0001203795044935, -0.0000467964861332,
  0.0001079713974270, -0.0000486685419144,
  0.0000952504832180, -0.0000502223947311,
  0.0000822773234451, -0.0000514550686609,
  0.0000691127886988, -0.0000523655094648,
  0.0000558177846568, -0.0000529545541877,
  0.0000424529816632, -0.0000532248903533,
  0.0000290785489629, -0.0000531810051888,
  0.0000157538947073, -0.0000528291253630,
  0.0000025374128066, -0.0000521771477695,
 -0.0000105137623406, -0.0000512345619252,
 -0.0000233439922591, -0.0000500123645956,
 -0.0000358993610201, -0.0000485229672897,
 -0.0000481278912018, -0.0000467800972973,
 -0.0000599797483740, -0.0000447986929666,
 -0.0000714074333511, -0.0000425947939388,
 -0.0000823659615278, -0.0000401854270736,
 -0.0000928130286732, -0.0000375884888102,
 -0.0001027091626297, -0.0000348226247137,
 -0.0001120178604331, -0.0000319071069607,
 -0.0001207057104408, -0.0000288617105147,
 -0.0001287424991261, -0.0000257065887349,
 -0.0001361013022718, -0.0000224621491515,
 -0.0001427585603660, -0.0000191489301263,
 -0.0001486941380768, -0.0000157874790972,
 -0.0001538913677566, -0.0000123982330843,
 -0.0001583370769945, -0.0000090014021080,
 -0.0001620216003088, -0.0000056168561414,
 -0.0001649387751404, -0.0000022640161849,
 -0.0001670859223724,  0.0000010382499806,
 -0.0001684638116712,  0.0000042717268475,
 -0.0001690766120046,  0.0000074189445644,
 -0.0001689318277532,  0.0000104632662148,
 -0.0001680402208931,  0.0000133889685995,
 -0.0001664157197783,  0.0000161813161777,
 -0.0001640753151077,  0.0000188266278675,
 -0.0001610389437091,  0.0000213123364541,
 -0.0001573293608165,  0.0000236270403989,
 -0.0001529720015626,  0.0000257605478970,
 -0.0001479948324429,  0.0000277039130702,
 -0.0001424281935443,  0.0000294494642380,
 -0.0001363046323612,  0.0000309908242523,
 -0.0001296587300469,  0.0000323229229265,
 -0.0001225269209732,  0.0000334420016406,
 -0.0001149473064857,  0.0000343456102410,
 -0.0001069594637588,  0.0000350325964013,
 -0.0000986042506629,  0.0000355030876488,
 -0.0000899236075614,  0.0000357584662997,
 -0.0000809603569583,  0.0000358013375850,
 -0.0000717580019115,  0.0000356354912793,
 -0.0000623605241232,  0.0000352658571812,
 -0.0000528121826054,  0.0000346984548186,
 -0.0000431573138064,  0.0000339403377823,
 -0.0000334401340639,  0.0000329995331125,
 -0.0000237045452292,  0.0000318849761841,
 -0.0000139939442823,  0.0000306064415547,
 -0.0000043510377275,  0.0000291744702540,
  0.0000051823384706,  0.0000276002940036,
  0.0000145653926879,  0.0000258957568666,
  0.0000237585444901,  0.0000240732348297,
  0.0000327235838860,  0.0000221455538250,
  0.0000414238223780,  0.0000201259066973,
  0.0000498242352519,  0.0000180277696181,
  0.0000578915945911,  0.0000158648184430,
  0.0000655945925498,  0.0000136508454997,
  0.0000729039544700,  0.0000113996772804,
  0.0000797925414747,  0.0000091250935003,
  0.0000862354422244,  0.0000068407479662,
  0.0000922100535755,  0.0000045600916800,
  0.0000976961499295,  0.0000022962985814,
  0.0001026759411189,  0.0000000621943110,
  0.0001071341187240, -0.0000021298116507,
  0.0001110578907724, -0.0000042677901373,
  0.0001144370048203, -0.0000063403524420,
  0.0001172637594704, -0.0000083367061822,
  0.0001195330044281, -0.0000102467066386,
  0.0001212421292500, -0.0000120609033579,
  0.0001223910409859, -0.0000137705818385,
  0.0001229821309601, -0.0000153678001495,
  0.0001230202309863, -0.0000168454203675,
  0.0001225125593501, -0.0000181971347477,
  0.0001214686569353, -0.0000194174865756,
  0.0001199003139093, -0.0000205018856811,
  0.0001178214874186, -0.0000214466186251,
  0.0001152482107783, -0.0000222488536020,
  0.0001121984946733, -0.0000229066401283,
  0.0001086922209147, -0.0000234189036197,
  0.0001047510293218, -0.0000237854349853,
  0.0001003981983238, -0.0000240068753921,
  0.0000956585198930, -0.0000240846963832,
  0.0000905581694404, -0.0000240211755504,
  0.0000851245713183, -0.0000238193679891,
  0.0000793862605825, -0.0000234830737804,
  0.0000733727416792, -0.0000230168017651,
  0.0000671143447230, -0.0000224257298899,
  0.0000606420800345, -0.0000217156624222,
  0.0000539874916069, -0.0000208929843407,
  0.0000471825101645, -0.0000199646132205,
  0.0000402593064698, -0.0000189379489396,
  0.0000332501455263, -0.0000178208215411,
  0.0000261872423117, -0.0000166214375874,
  0.0000191026196595, -0.0000153483253479,
  0.0000120279688909, -0.0000140102791605,
  0.0000049945137777, -0.0000126163033049,
 -0.0000019671216045, -0.0000111755557237,
 -0.0000088270406009, -0.0000096972919204,
 -0.0000155561967710, -0.0000081908093580,
 -0.0000221265112734, -0.0000066653926697,
 -0.0000285109843942, -0.0000051302599854,
 -0.0000346838008018, -0.0000035945106653,
 -0.0000406204281471, -0.0000020670747159,
 -0.0000462977086591, -0.0000005566641506,
 -0.0000516939434248,  0.0000009282734586,
 -0.0000567889690771,  0.0000023795990117,
 -0.0000615642266521,  0.0000037895232831,
 -0.0000660028224156,  0.0000051506455047,
 -0.0000700895804962,  0.0000064559889607,
 -0.0000738110872008,  0.0000076990334432,
 -0.0000771557269282,  0.0000088737444393,
 -0.0000801137096332,  0.0000099745989444,
 -0.0000826770898315,  0.0000109966078129,
 -0.0000848397771767,  0.0000119353345853,
 -0.0000865975386718,  0.0000127869107470,
 -0.0000879479926200,  0.0000135480473994,
 -0.0000888905944501,  0.0000142160433437,
 -0.0000894266145891,  0.0000147887895971,
 -0.0000895591085854,  0.0000152647703852,
 -0.0000892928797190,  0.0000156430606705,
 -0.0000886344343645,  0.0000159233202964,
 -0.0000875919304024,  0.0000161057848476,
 -0.0000861751189988,  0.0000161912533394,
 -0.0000843952801015,  0.0000161810728700,
 -0.0000822651520214,  0.0000160771203811,
 -0.0000797988554909,  0.0000158817816888,
 -0.0000770118126092,  0.0000155979279573,
 -0.0000739206611029,  0.0000152288898017,
 -0.0000705431643433,  0.0000147784292149,
 -0.0000668981175765,  0.0000142507095228,
 -0.0000630052508334,  0.0000136502635798,
 -0.0000588851289926,  0.0000129819604231,
 -0.0000545590494780,  0.0000122509706085,
 -0.0000500489380771,  0.0000114627304538,
 -0.0000453772433646,  0.0000106229054185,
 -0.0000405668302204,  0.0000097373528493,
 -0.0000356408729240,  0.0000088120843185,
 -0.0000306227483061,  0.0000078532277829,
 -0.0000255359294296,  0.0000068669897867,
 -0.0000204038802644,  0.0000058596179251,
 -0.0000152499518096,  0.0000048373637838,
 -0.0000100972801039,  0.0000038064465595,
 -0.0000049686865511,  0.0000027730175600,
  0.0000001134190279,  0.0000017431257723,
  0.0000051271322240,  0.0000007226846810,
  0.0000100511443756, -0.0000002825594978,
  0.0000148648290562, -0.0000012670580056,
  0.0000195483243837, -0.0000022254880119,
  0.0000240826108406, -0.0000031527792301,
  0.0000284495843218, -0.0000040441385622,
  0.0000326321241486, -0.0000048950726646,
  0.0000366141558155, -0.0000057014083445,
  0.0000403807082622, -0.0000064593107100,
  0.0000439179654891, -0.0000071652990103,
  0.0000472133123639, -0.0000078162601178,
  0.0000502553744942, -0.0000084094596204,
  0.0000530340520674, -0.0000089425505027,
  0.0000555405475896, -0.0000094135794128,
  0.0000577673874817, -0.0000098209905241,
  0.0000597084375189, -0.0000101636270153,
  0.0000613589121275, -0.0000104407302049,
  0.0000627153775801, -0.0000106519363901,
  0.0000637757491559, -0.0000107972714527,
  0.0000645392823605, -0.0000108771433041,
  0.0000650065583217, -0.0000108923322567,
  0.0000651794635055, -0.0000108439794141,
  0.0000650611639177, -0.0000107335731884,
  0.0000646560739775, -0.0000105629340561,
  0.0000639698202752, -0.0000103341976748,
  0.0000630092004404, -0.0000100497964920,
  0.0000617821373691, -0.0000097124399784,
  0.0000602976290757, -0.0000093250936289,
  0.0000585656944484, -0.0000088909568760,
  0.0000565973152056, -0.0000084134400645,
  0.0000544043743592, -0.0000078961406379,
  0.0000519995915057, -0.0000073428186929,
  0.0000493964552735, -0.0000067573720519,
  0.0000466091532641, -0.0000061438110109,
  0.0000436524998309, -0.0000055062329134,
  0.0000405418620455, -0.0000048487967023,
  0.0000372930842020, -0.0000041756975977,
  0.0000339224112160, -0.0000034911420453,
  0.0000304464112700, -0.0000027993230758,
  0.0000268818980601, -0.0000021043962102,
  0.0000232458529928, -0.0000014104560411,
  0.0000195553476780, -0.0000007215136131,
  0.0000158274670575, -0.0000000414747176,
  0.0000120792335013,  0.0000006258807880,
  0.0000083275321952,  0.0000012769185369,
  0.0000045890381329,  0.0000019081679935,
  0.0000008801450158,  0.0000025163394932,
 -0.0000027831036516,  0.0000030983399082,
 -0.0000063850809930,  0.0000036512868754,
 -0.0000099106404578,  0.0000041725215279,
 -0.0000133451765389,  0.0000046596196885,
 -0.0000166746822809,  0.0000051104014868,
 -0.0000198858033671,  0.0000055229393745,
 -0.0000229658885923,  0.0000058955645241,
 -0.0000259030365435,  0.0000062268716024,
 -0.0000286861383346,  0.0000065157219240,
 -0.0000313049162574,  0.0000067612449961,
 -0.0000337499582320,  0.0000069628384765,
 -0.0000360127479605,  0.0000071201665751,
 -0.0000380856907074,  0.0000072331569380,
 -0.0000399621346511,  0.0000073019960615,
 -0.0000416363877706,  0.0000073271232890,
 -0.0000431037302528,  0.0000073092234544,
 -0.0000443604224247,  0.0000072492182399,
 -0.0000454037082357,  0.0000071482563223,
 -0.0000462318143334,  0.0000070077023881,
 -0.0000468439447960,  0.0000068291251034,
 -0.0000472402716032,  0.0000066142841281,
 -0.0000474219209440,  0.0000063651162672,
 -0.0000473909554783,  0.0000060837208569,
 -0.0000471503526848,  0.0000057723444847,
 -0.0000467039794428,  0.0000054333651443,
 -0.0000460565630124,  0.0000050692759294,
 -0.0000452136585881,  0.0000046826683682,
 -0.0000441816136166,  0.0000042762155031,
 -0.0000429675290796,  0.0000038526548196,
 -0.0000415792179541,  0.0000034147711236,
 -0.0000400251610715,  0.0000029653794711,
 -0.0000383144606063,  0.0000025073082457,
 -0.0000364567914329,  0.0000020433824805,
 -0.0000344623505922,  0.0000015764075165,
 -0.0000323418051209,  0.0000011091530856,
 -0.0000301062384926,  0.0000006443379039,
 -0.0000277670959303,  0.0000001846148525,
 -0.0000253361288445, -0.0000002674431764,
 -0.0000228253386579, -0.0000007093567005,
 -0.0000202469202711, -0.0000011387522708,
 -0.0000176132054269, -0.0000015533742396,
 -0.0000149366062241, -0.0000019510956199,
 -0.0000122295590300, -0.0000023299279924,
 -0.0000095044690345, -0.0000026880304188,
 -0.0000067736556830, -0.0000030237173296,
 -0.0000040492992181, -0.0000033354653592,
 -0.0000013433885533, -0.0000036219191101,
  0.0000013323293105, -0.0000038818958312,
  0.0000039663981187, -0.0000041143890051,
  0.0000065476992573, -0.0000043185708441,
  0.0000090654965233, -0.0000044937936998,
  0.0000115094786022, -0.0000046395904011,
  0.0000138697990952, -0.0000047556735368,
  0.0000161371139507, -0.0000048419337084,
  0.0000183026161691, -0.0000048984367820,
  0.0000203580676641, -0.0000049254201755,
  0.0000222958281765, -0.0000049232882186,
  0.0000241088811518, -0.0000048926066334,
  0.0000257908565080, -0.0000048340961816,
  0.0000273360502339, -0.0000047486255323,
  0.0000287394407729, -0.0000046372034067,
  0.0000299967021640, -0.0000045009700585,
  0.0000311042139227, -0.0000043411881527,
  0.0000320590676650, -0.0000041592331064,
  0.0000328590704847, -0.0000039565829588,
  0.0000335027451158, -0.0000037348078382,
  0.0000339893269199, -0.0000034955590930,
  0.0000343187577559, -0.0000032405581592,
  0.0000344916767997, -0.0000029715852317,
  0.0000345094083963, -0.0000026904678093,
  0.0000343739470366, -0.0000023990691838,
  0.0000340879395652, -0.0000020992769390,
  0.0000336546647347, -0.0000017929915277,
  0.0000330780102311, -0.0000014821149909,
  0.0000323624473086, -0.0000011685398823,
  0.0000315130031756, -0.0000008541384583,
  0.0000305352312861, -0.0000005407521912,
  0.0000294351796952, -0.0000002301816608,
  0.0000282193576450,  0.0000000758231247,
  0.0000268947005528,  0.0000003755719301,
  0.0000254685335785,  0.0000006674429727,
  0.0000239485339506,  0.0000009498910392,
  0.0000223426922354,  0.0000012214550035,
  0.0000206592727345,  0.0000014807647139,
  0.0000189067731985,  0.0000017265472206,
  0.0000170938840436,  0.0000019576323205,
  0.0000152294472594,  0.0000021729574001,
  0.0000133224151938,  0.0000023715715614,
  0.0000113818093991,  0.0000025526390208,
  0.0000094166797217,  0.0000027154417747,
  0.0000074360638119,  0.0000028593815305,
  0.0000054489472297,  0.0000029839809064,
  0.0000034642243137,  0.0000030888839050,
  0.0000014906599774,  0.0000031738556741,
 -0.0000004631474105,  0.0000032387815680,
 -0.0000023888019120,  0.0000032836655288,
 -0.0000042781445292,  0.0000033086278096,
 -0.0000061232862016,  0.0000033139020658,
 -0.0000079166391674,  0.0000032998318429,
 -0.0000096509465695,  0.0000032668664931,
 -0.0000113193101997,  0.0000032155565550,
 -0.0000129152162829,  0.0000031465486332,
 -0.0000144325592122,  0.0000030605798183,
 -0.0000158656631586,  0.0000029584716860,
 -0.0000172093014864,  0.0000028411239209,
 -0.0000184587139190,  0.0000027095076078,
 -0.0000196096214078,  0.0000025646582345,
 -0.0000206582386697,  0.0000024076684558,
 -0.0000216012843687,  0.0000022396806609,
 -0.0000224359889278,  0.0000020618793947,
 -0.0000231600999681,  0.0000018754836779,
 -0.0000237718853828,  0.0000016817392721,
 -0.0000242701340649,  0.0000014819109382,
 -0.0000246541543149,  0.0000012772747301,
 -0.0000249237699682,  0.0000010691103701,
 -0.0000250793142891,  0.0000008586937474,
 -0.0000251216216886,  0.0000006472895822,
 -0.0000250520173312,  0.0000004361442930,
 -0.0000248723047056,  0.0000002264791069,
 -0.0000245847512415,  0.0000000194834460,
 -0.0000241920720621, -0.0000001836913748,
 -0.0000236974119693, -0.0000003819381097,
 -0.0000231043257650, -0.0000005741991744,
 -0.0000224167570180, -0.0000007594718435,
 -0.0000216390153920, -0.0000009368130309,
 -0.0000207757526530, -0.0000011053436335,
 -0.0000198319374813, -0.0000012642524194,
 -0.0000188128292153, -0.0000014127994497,
 -0.0000177239506580, -0.0000015503190200,
 -0.0000165710600784, -0.0000016762221156,
 -0.0000153601225440, -0.0000017899983743,
 -0.0000140972807189, -0.0000018912175555,
 -0.0000127888252656, -0.0000019795305160,
 -0.0000114411649853, -0.0000020546696961,
 -0.0000100607968349, -0.0000021164491229,
 -0.0000086542759518, -0.0000021647639396,
 -0.0000072281858234, -0.0000021995894729,
 -0.0000057891087276, -0.0000022209798525,
 -0.0000043435965746, -0.0000022290661988,
 -0.0000028981422728, -0.0000022240543985,
 -0.0000014591517379, -0.0000022062224880,
 -0.0000000329166625, -0.0000021759176675,
  0.0000013744118449, -0.0000021335529702,
  0.0000027568486454, -0.0000020796036130,
  0.0000041085988805, -0.0000020146030546,
  0.0000054240811150, -0.0000019391387911,
  0.0000066979492244, -0.0000018538479171,
  0.0000079251129468, -0.0000017594124834,
  0.0000091007570272, -0.0000016565546820,
  0.0000102203588859, -0.0000015460318894,
  0.0000112797047545, -0.0000014286315993,
  0.0000122749042273, -0.0000013051662777,
  0.0000132024031847, -0.0000011764681699,
  0.0000140589950545, -0.0000010433840916,
  0.0000148418303810, -0.0000009067702346,
  0.0000155484246845, -0.0000007674870166,
  0.0000161766645976, -0.0000006263940041,
  0.0000167248122746, -0.0000004843449371,
  0.0000171915080779, -0.0000003421828822,
  0.0000175757715520, -0.0000002007355394,
  0.0000178770007037, -0.0000000608107279,
  0.0000180949696148,  0.0000000768079275,
  0.0000182298244194,  0.0000002113650871,
  0.0000182820776861,  0.0000003421375448,
  0.0000182526012514,  0.0000004684378176,
  0.0000181426175559,  0.0000005896174586,
  0.0000179536895425,  0.0000007050700809,
  0.0000176877091804,  0.0000008142340796,
  0.0000173468846840,  0.0000009165950421,
  0.0000169337265010,  0.0000010116878382,
  0.0000164510321475,  0.0000010990983849,
  0.0000159018699743,  0.0000011784650804,
  0.0000152895619485,  0.0000012494799070,
  0.0000146176655422,  0.0000013118892014,
  0.0000138899548182,  0.0000013654940945,
  0.0000131104008091,  0.0000014101506248,
  0.0000122831512853,  0.0000014457695313,
  0.0000114125100097,  0.0000014723157320,
  0.0000105029155784,  0.0000014898074978,
  0.0000095589199464,  0.0000014983153328,
  0.0000085851667373,  0.0000014979605718,
  0.0000075863694374,  0.0000014889137100,
  0.0000065672895703,  0.0000014713924782,
  0.0000055327149508,  0.0000014456596810,
  0.0000044874381130,  0.0000014120208140,
  0.0000034362350049,  0.0000013708214782,
  0.0000023838440415,  0.0000013224446112,
  0.0000013349456046,  0.0000012673075535,
  0.0000002941420727,  0.0000012058589712,
 -0.0000007340615361,  0.0000011385756553,
 -0.0000017452762308,  0.0000010659592184,
 -0.0000027352469510,  0.0000009885327098,
 -0.0000036998696377,  0.0000009068371711,
 -0.0000046352074062,  0.0000008214281520,
 -0.0000055375057627,  0.0000007328722084,
 -0.0000064032068085,  0.0000006417434035,
 -0.0000072289623838,  0.0000005486198313,
 -0.0000080116461058,  0.0000004540801826,
 -0.0000087483642631,  0.0000003587003737,
 -0.0000094364655333,  0.0000002630502545,
 -0.0000100735494966,  0.0000001676904142,
 -0.0000106574739234,  0.0000000731691026,
 -0.0000111863608205, -0.0000000199807197,
 -0.0000116586012248, -0.0000001112441855,
 -0.0000120728587408, -0.0000002001271669,
 -0.0000124280718231, -0.0000002861587509,
 -0.0000127234548098, -0.0000003688935327,
 -0.0000129584977192, -0.0000004479137172,
 -0.0000131329648277, -0.0000005228310210,
 -0.0000132468920507, -0.0000005932883657,
 -0.0000133005831549, -0.0000006589613590,
 -0.0000132946048337, -0.0000007195595569,
 -0.0000132297806833, -0.0000007748275055,
 -0.0000131071841200, -0.0000008245455590,
 -0.0000129281302857, -0.0000008685304751,
 -0.0000126941669894, -0.0000009066357871,
 -0.0000124070647389, -0.0000009387519553,
 -0.0000120688059184, -0.0000009648063018,
 -0.0000116815731715, -0.0000009847627316,
 -0.0000112477370522, -0.0000009986212470,
 -0.0000107698430072, -0.0000010064172615,
 -0.0000102505977579, -0.0000010082207216,
 -0.0000096928551485, -0.0000010041350437,
 -0.0000090996015319, -0.0000009942958777,
 -0.0000084739407633, -0.0000009788697067,
 -0.0000078190788727, -0.0000009580522944,
 -0.0000071383084905, -0.0000009320669914,
 -0.0000064349930965, -0.0000009011629140,
 -0.0000057125511653, -0.0000008656130081,
 -0.0000049744402805, -0.0000008257120111,
 -0.0000042241412864, -0.0000007817743261,
 -0.0000034651425499, -0.0000007341318226,
 -0.0000027009243980, -0.0000006831315771,
 -0.0000019349437996, -0.0000006291335688,
 -0.0000011706193550, -0.0000005725083438,
 -0.0000004113166565, -0.0000005136346624,
  0.0000003396659211, -0.0000004528971436,
  0.0000010791109420, -0.0000003906839202,
  0.0000018038950884, -0.0000003273843182,
  0.0000025110017472, -0.0000002633865730,
  0.0000031975329547, -0.0000001990755958,
  0.0000038607206567, -0.0000001348308013,
  0.0000044979372414, -0.0000000710240094,
  0.0000051067053102, -0.0000000080174297,
  0.0000056847066513,  0.0000000538382590,
  0.0000062297903882,  0.0000001142057258,
  0.0000067399802781,  0.0000001727626932,
  0.0000072134811375,  0.0000002292035225,
  0.0000076486843813,  0.0000002832406722,
  0.0000080441726592,  0.0000003346060241,
  0.0000083987235832,  0.0000003830520713,
  0.0000087113125415,  0.0000004283529633,
  0.0000089811145978,  0.0000004703054063,
  0.0000092075054800,  0.0000005087294151,
  0.0000093900616668,  0.0000005434689150,
  0.0000095285595834,  0.0000005743921941,
  0.0000096229739206,  0.0000006013922049,
  0.0000096734750996,  0.0000006243867173,
  0.0000096804259010,  0.0000006433183244,
  0.0000096443772876,  0.0000006581543041,
  0.0000095660634485,  0.0000006688863399,
  0.0000094463960973,  0.0000006755301058,
  0.0000092864580596,  0.0000006781247187,
  0.0000090874961879,  0.0000006767320661,
  0.0000088509136438,  0.0000006714360138,
  0.0000085782615907,  0.0000006623415014,
  0.0000082712303419,  0.0000006495735322,
  0.0000079316400092,  0.0000006332760659,
  0.0000075614307022,  0.0000006136108225,
  0.0000071626523257,  0.0000005907560056,
  0.0000067374540274,  0.0000005649049544,
  0.0000062880733469,  0.0000005362647329,
  0.0000058168251165,  0.0000005050546671,
  0.0000053260901696,  0.0000004715048379,
  0.0000048183039059,  0.0000004358545410,
  0.0000042959447683,  0.0000003983507217,
  0.0000037615226825,  0.0000003592463959,
  0.0000032175675119,  0.0000003187990650,
  0.0000026666175779,  0.0000002772691358,
  0.0000021112082966,  0.0000002349183526,
  0.0000015538609797,  0.0000001920082523,
  0.0000009970718476,  0.0000001487986488,
  0.0000004433013009,  0.0000001055461580,
 -0.0000001050365068,  0.0000000625027675,
 -0.0000006455837506,  0.0000000199144615,
 -0.0000011760486334, -0.0000000219800932,
 -0.0000016942146610, -0.0000000629507946,
 -0.0000021979494608, -0.0000001027772788,
 -0.0000026852131090, -0.0000001412500144,
 -0.0000031540659376, -0.0000001781713136,
 -0.0000036026757919, -0.0000002133562551,
 -0.0000040293247152, -0.0000002466335154,
 -0.0000044324150377, -0.0000002778461051,
 -0.0000048104748511, -0.0000003068520080,
 -0.0000051621628523, -0.0000003335247218,
 -0.0000054862725439, -0.0000003577536972,
 -0.0000057817357811, -0.0000003794446773,
 -0.0000060476256576, -0.0000003985199347,
 -0.0000062831587273, -0.0000004149184092,
 -0.0000064876965604, -0.0000004285957456,
 -0.0000066607466356, -0.0000004395242335,
 -0.0000068019625745, -0.0000004476926520,
 -0.0000069111437240, -0.0000004531060217,
 -0.0000069882340996, -0.0000004557852665,
 -0.0000070333207004, -0.0000004557667902,
 -0.0000070466312138, -0.0000004531019706,
 -0.0000070285311267, -0.0000004478565769,
 -0.0000069795202649, -0.0000004401101139,
 -0.0000069002287832, -0.0000004299550994,
 -0.0000067914126312, -0.0000004174962798,
 -0.0000066539485221, -0.0000004028497891,
 -0.0000064888284343, -0.0000003861422583,
 -0.0000062971536739, -0.0000003675098805,
 -0.0000060801285338, -0.0000003470974383,
 -0.0000058390535795, -0.0000003250572995,
 -0.0000055753185991, -0.0000003015483887,
 -0.0000052903952511, -0.0000002767351392,
 -0.0000049858294477, -0.0000002507864338,
 -0.0000046632335115, -0.0000002238745393,
 -0.0000043242781416, -0.0000001961740421,
 -0.0000039706842290, -0.0000001678607899,
 -0.0000036042145584, -0.0000001391108467,
 -0.0000032266654354, -0.0000001100994664,
 -0.0000028398582771, -0.0000000810000904,
 -0.0000024456312033, -0.0000000519833746,
 -0.0000020458306667, -0.0000000232162519,
 -0.0000016423031571,  0.0000000051389671,
 -0.0000012368870170,  0.0000000329254484,
 -0.0000008314044021,  0.0000000599926413,
 -0.0000004276534214,  0.0000000861970336,
 -0.0000000274004888,  0.0000001114028507,
  0.0000003676270833,  0.0000001354826973,
  0.0000007557482170,  0.0000001583181381,
  0.0000011353349028,  0.0000001798002149,
  0.0000015048187062,  0.0000001998298995,
  0.0000018626969240,  0.0000002183184799,
  0.0000022075383661,  0.0000002351878796,
  0.0000025379887441,  0.0000002503709087,
  0.0000028527756467,  0.0000002638114471,
  0.0000031507130850,  0.0000002754645602,
  0.0000034307055956,  0.0000002852965473,
  0.0000036917518859,  0.0000002932849235,
  0.0000039329480146,  0.0000002994183375,
  0.0000041534900976,  0.0000003036964256,
  0.0000043526765347,  0.0000003061296050,
  0.0000045299097525,  0.0000003067388089,
  0.0000046846974638,  0.0000003055551645,
  0.0000048166534426,  0.0000003026196185,
  0.0000049254978197,  0.0000002979825133,
  0.0000050110569022,  0.0000002917031155,
  0.0000050732625246,  0.0000002838491023,
  0.0000051121509418,  0.0000002744960088,
  0.0000051278612732,  0.0000002637266398,
  0.0000051206335121,  0.0000002516304508,
  0.0000050908061141,  0.0000002383029024,
  0.0000050388131823,  0.0000002238447914,
  0.0000049651812648,  0.0000002083615644,
  0.0000048705257864,  0.0000001919626169,
  0.0000047555471335,  0.0000001747605831,
  0.0000046210264146,  0.0000001568706200,
  0.0000044678209202,  0.0000001384096911,
  0.0000042968593051,  0.0000001194958526,
  0.0000041091365190,  0.0000001002475470,
  0.0000039057085112,  0.0000000807829084,
  0.0000036876867352,  0.0000000612190817,
  0.0000034562324811,  0.0000000416715616,
  0.0000032125510625,  0.0000000222535530,
  0.0000029578858863,  0.0000000030753574,
  0.0000026935124325, -0.0000000157562128,
  0.0000024207321727, -0.0000000341383879,
  0.0000021408664539, -0.0000000519729613,
  0.0000018552503770, -0.0000000691667726,
  0.0000015652266949, -0.0000000856321529,
  0.0000012721397592, -0.0000001012873296,
  0.0000009773295402, -0.0000001160567894,
  0.0000006821257460, -0.0000001298715972,
  0.0000003878420665, -0.0000001426696721,
  0.0000000957705641, -0.0000001543960171,
 -0.0000001928237640, -0.0000001650029044,
 -0.0000004767082309, -0.0000001744500139,
 -0.0000007546874922, -0.0000001827045268,
 -0.0000010256083452, -0.0000001897411735,
 -0.0000012883642774, -0.0000001955422372,
 -0.0000015418997471, -0.0000002000975128,
 -0.0000017852141810, -0.0000002034042236,
 -0.0000020173656747, -0.0000002054668962,
 -0.0000022374743838, -0.0000002062971956,
 -0.0000024447255946, -0.0000002059137217,
 -0.0000026383724653, -0.0000002043417691,
 -0.0000028177384292, -0.0000002016130537,
 -0.0000029822192548, -0.0000001977654059,
 -0.0000031312847579, -0.0000001928424349,
 -0.0000032644801618, -0.0000001868931656,
 -0.0000033814271064, -0.0000001799716513,
 -0.0000034818243038, -0.0000001721365637,
 -0.0000035654478444, -0.0000001634507646,
 -0.0000036321511556, -0.0000001539808615,
 -0.0000036818646184, -0.0000001437967493,
 -0.0000037145948478, -0.0000001329711421,
 -0.0000037304236454, -0.0000001215790971,
 -0.0000037295066322, -0.0000001096975347,
 -0.0000037120715728, -0.0000000974047560,
 -0.0000036784164020, -0.0000000847799618,
 -0.0000036289069674, -0.0000000719027758,
 -0.0000035639745000, -0.0000000588527743,
 -0.0000034841128296, -0.0000000457090247,
 -0.0000033898753602, -0.0000000325496359,
 -0.0000032818718207, -0.0000000194513235,
 -0.0000031607648103, -0.0000000064889901,
 -0.0000030272661554,  0.0000000062646745,
 -0.0000028821330971,  0.0000000187395742,
 -0.0000027261643276,  0.0000000308685635,
 -0.0000025601958971,  0.0000000425877821,
 -0.0000023850970090,  0.0000000538369626,
 -0.0000022017657241,  0.0000000645597129,
 -0.0000020111245948,  0.0000000747037694,
 -0.0000018141162492,  0.0000000842212226,
 -0.0000016116989445,  0.0000000930687121,
 -0.0000014048421110,  0.0000001012075922,
 -0.0000011945219064,  0.0000001086040667,
 -0.0000009817167988,  0.0000001152292927,
 -0.0000007674031992,  0.0000001210594545,
 -0.0000005525511613,  0.0000001260758060,
 -0.0000003381201668,  0.0000001302646831,
 -0.0000001250550140,  0.0000001336174867,
  0.0000000857181741,  0.0000001361306365,
  0.0000002932958045,  0.0000001378054960,
  0.0000004968005188,  0.0000001386482709,
  0.0000006953847311,  0.0000001386698810,
  0.0000008882339874,  0.0000001378858072,
  0.0000010745701325,  0.0000001363159148,
  0.0000012536542743,  0.0000001339842549,
  0.0000014247895345,  0.0000001309188454,
  0.0000015873235757,  0.0000001271514325,
  0.0000017406508982,  0.0000001227172356,
