timestep:         0.0063532800000000
yAxisLabel:acceleration [m/s2]  
title:bogies acceleration       
av1,    av2,    
  0.0000000000000000,  0.0000000000000000,
  0.0000000000000000,  0.0000000000000000,
 -0.0008536443403366,  0.0000000000000000,
 -0.0013640523208557,  0.0000000000000000,
 -0.0017163782759095,  0.0000000000000000,
 -0.0023816123451182,  0.0000000000000000,
 -0.0025541832771779,  0.0000000000000000,
 -0.0038011688823736,  0.0000000000000000,
 -0.0041887687870022,  0.0000000000000000,
 -0.0058593256942298,  0.0000000000000000,
 -0.0070295721456486,  0.0000000000000000,
 -0.0093110618495672,  0.0000000000000000,
 -0.0108332073586231,  0.0000000000000000,
 -0.0130717971028666,  0.0000000000000000,
 -0.0148034358179381,  0.0000000000000000,
 -0.0173164078797023,  0.0000000000000000,
 -0.0192797821849297,  0.0000000000000000,
 -0.0221778700629081,  0.0000000000000000,
 -0.0245115330476924,  0.0000000000000000,
 -0.0275081468454527,  0.0000000000000000,
 -0.0294346283571441,  0.0000000000000000,
 -0.0320550447138194,  0.0000000000000000,
 -0.0339057322628723,  0.0000000000000000,
 -0.0366528853934875,  0.0000000000000000,
 -0.0385529844666955,  0.0000000000000000,
 -0.0410767472114393,  0.0000000000000000,
 -0.0427830231103374,  0.0000000000000000,
 -0.0448692716762564,  0.0000000000000000,
 -0.0459097534984211,  0.0000000000000000,
 -0.0474013845062508,  0.0000000000000000,
 -0.0482266545461417,  0.0000000000000000,
 -0.0499506589481422,  0.0000000000000000,
 -0.0507338542545924,  0.0000000000000000,
 -0.0518388173346206,  0.0000000000000000,
 -0.0517300196620708,  0.0000000000000000,
 -0.0521917827811396,  0.0000000000000000,
 -0.0519539033206470,  0.0000000000000000,
 -0.0522257870371370,  0.0000000000000000,
 -0.0515390075968488,  0.0000000000000000,
 -0.0514464667165036,  0.0000000000000000,
 -0.0506037988578143,  0.0000000000000000,
 -0.0502473506017686,  0.0000000000000000,
 -0.0488224096006662,  0.0000000000000000,
 -0.0480206157618340,  0.0000000000000000,
 -0.0468443511100573,  0.0000000000000000,
 -0.0466155357951027,  0.0000000000000000,
 -0.0453197868841033,  0.0000000000000000,
 -0.0445588635379234,  0.0000000000000000,
 -0.0431522946138407,  0.0000000000000000,
 -0.0430165922203218,  0.0000000000000000,
 -0.0424729004937827,  0.0000000000000000,
 -0.0426083999142288,  0.0000000000000000,
 -0.0418689718853006,  0.0000000000000000,
 -0.0419337805762095,  0.0000000000000000,
 -0.0413188676208391,  0.0000000000000000,
 -0.0410890486965171,  0.0000000000000000,
 -0.0402510006379853,  0.0000000000000000,
 -0.0404068330022533,  0.0000000000000000,
 -0.0398617697774510,  0.0000000000000000,
 -0.0393076341177939,  0.0000000000000000,
 -0.0373918611048371,  0.0000000000000000,
 -0.0364118707850648,  0.0000000000000000,
 -0.0349557249666051,  0.0000000000000000,
 -0.0337475999456562,  0.0000000000000000,
 -0.0321104926915371,  0.0000000000000000,
 -0.0312966709166039,  0.0000000000000000,
 -0.0296982574999221,  0.0000000000000000,
 -0.0280679050313109,  0.0000000000000000,
 -0.0256501618552181,  0.0000000000000000,
 -0.0244576067764704,  0.0000000000000000,
 -0.0231933102634629,  0.0000000000000000,
 -0.0227458622400704,  0.0000000000000000,
 -0.0213875447194393,  0.0000000000000000,
 -0.0203046172048971,  0.0000000000000000,
 -0.0178849580042289,  0.0000000000000000,
 -0.0155089321044935,  0.0000000000000000,
 -0.0120606606188269,  0.0000000000000000,
 -0.0091647975817623,  0.0000000000000000,
 -0.0053445705762089,  0.0000000000000000,
 -0.0015313648221827,  0.0000000000000000,
  0.0036995428883679,  0.0000000000000000,
  0.0089670232410180,  0.0000000000000000,
  0.0152611604197394,  0.0000000000000000,
  0.0208573898767877,  0.0000000000000000,
  0.0268723086930539,  0.0000000000000000,
  0.0321561288832158,  0.0000000000000000,
  0.0381694747780311,  0.0000000000000000,
  0.0441088141567622,  0.0000000000000000,
  0.0513237433267567,  0.0000000000000000,
  0.0581590691543790,  0.0000000000000000,
  0.0654928780813139,  0.0000000000000000,
  0.0720038706502574,  0.0000000000000000,
  0.0784011524417808,  0.0000000000000000,
  0.0839318228091719, -0.0593641313707959,
  0.0900248736693720, -0.0149936205229452,
  0.0956048332842714, -0.0738713236294763,
  0.1019608124437906, -0.0275536477424685,
  0.1070799672516030, -0.0854736339881723,
  0.1110037935918719, -0.0379611677914211,
  0.1123231398317700, -0.0958408840936849,
  0.1133296303612809, -0.0474673560943296,
  0.1135909222479116, -0.1043319180377609,
  0.1134963440102387, -0.0557862381096947,
  0.1119326250854726, -0.1125143715557489,
  0.1105274665005771, -0.0635358121373420,
  0.1079481790665076, -0.1190890938159887,
  0.1055111776287293, -0.0692797517767338,
  0.1019586399333311, -0.1234347186617736,
  0.0979058409350887, -0.0729196958047352,
  0.0926192270661809, -0.1267896317451783,
  0.0872235414701806, -0.0761831734088322,
  0.0803081068752862, -0.1292534419430225,
  0.0736859338177494, -0.0774147532907093,
  0.0665748469805246, -0.1286538072091716,
  0.0598327098927171, -0.0756650078873150,
  0.0522423098316677, -0.1259084300873964,
  0.0445120789976586, -0.0726615323082966,
  0.0359300683833634, -0.1226476861383215,
  0.0278712885435288, -0.0693676535402999,
  0.0194772898222173, -0.1173380166211076,
  0.0120287573916636, -0.0619229999595665,
  0.0043337479716601, -0.1078425293564535,
 -0.0028881899284657, -0.0517176738856823,
 -0.0111978756110621, -0.0980308248641908,
 -0.0191180365699021, -0.0424993844657613,
 -0.0273622825731524, -0.0873574487153949,
 -0.0348251221336875, -0.0301628573661666,
 -0.0422382425841721, -0.0734113691921903,
 -0.0486986200775898, -0.0161994134557512,
 -0.0555835793091526, -0.0591748778706061,
 -0.0621457256473861, -0.0025982396015204,
 -0.0692384076561478, -0.0467744554488458,
 -0.0752407607186835,  0.0083577004374478,
 -0.0809571004400436, -0.0354294452565495,
 -0.0853483667531438,  0.0197893581744331,
 -0.0896194242835197, -0.0240350548105743,
 -0.0930661476245657,  0.0293296907679678,
 -0.0969199992252063, -0.0159937090130082,
 -0.1000406984606383,  0.0365937752670431,
 -0.1031237042381992, -0.0083813563985162,
 -0.1053004331439766,  0.0435935620847239,
 -0.1074790769642276, -0.0020445958654889,
 -0.1087113525069572,  0.0482977735214873,
 -0.1102704582350527,  0.0022057655238849,
 -0.1114172219942094,  0.0519541113733756,
 -0.1132142953201860,  0.0059229740399604,
 -0.1138780107027257,  0.0547490146896453,
 -0.1143541247076825,  0.0086929475049231,
 -0.1143130874097542,  0.0564839970482889,
 -0.1144796994186600,  0.0088257745525898,
 -0.1138941784199024,  0.0542702116446812,
 -0.1137749992017803,  0.0067897129818507,
 -0.1134718296784288,  0.0531254240438761,
 -0.1137739580574965,  0.0057007795499421,
 -0.1134524364463444,  0.0499559413292287,
 -0.1137550556319852,  0.0022060835159647,
 -0.1138791990280583,  0.0452909842489154,
 -0.1140103218476299, -0.0038046833723142,
 -0.1130603261269048,  0.0379349421363138,
 -0.1120957492994846, -0.0103325100868677,
 -0.1101264105654851,  0.0318305197441849,
 -0.1076303901198198, -0.0173636590140160,
 -0.1038961194346029,  0.0216446229014694,
 -0.1000235044834299, -0.0295337787313976,
 -0.0949536671238994,  0.0083585177008548,
 -0.0892931644792172, -0.0416965832575985,
 -0.0823897152823717, -0.0025978447316327,
 -0.0751786399778216, -0.0501589351670050,
 -0.0672059982646631, -0.0095871600360783,
 -0.0594850067793219, -0.0561674674232478,
 -0.0512395043819016, -0.0158437579169466,
 -0.0434535087943254, -0.0608228915426663,
 -0.0349463031681208, -0.0181765070109887,
 -0.0259978750907022, -0.0595270221337817,
 -0.0152003001724719, -0.0144802910138690,
 -0.0033855208460177, -0.0539154388485866,
  0.0094457901217779, -0.0090708799614536,
  0.0224944791101682, -0.0481499022531028,
  0.0360750039985757, -0.0032067073289130,
  0.0492014935246662, -0.0398617727350757,
  0.0629197913900568,  0.0085131765057154,
  0.0761893212162514, -0.0243145246879528,
  0.0901301803400627,  0.0253107266657133,
  0.1040189759405506, -0.0063204548558506,
  0.1182523692782795,  0.0430496626874910,
  0.1318879684347316,  0.0116104324014191,
  0.1455176900369497,  0.0611866357498894,
  0.1582021017462847,  0.0315807376483298,
  0.1705692116690302,  0.0830519928323799,
  0.1820619758388370,  0.0553844026430447,
  0.1931882946189729,  0.1060761968320966,
  0.2030792781186398,  0.0774647176161596,
  0.2132059944785221,  0.1258735570913108,
  0.2226711875834038,  0.0955521759833533,
  0.2320916876595471,  0.1417211241825245,
  0.2406797164261875,  0.1100123616347400,
  0.2490452518625448,  0.1542956729788534,
  0.2561991534736436,  0.1220311758042061,
  0.2623140741341865,  0.1653791787717410,
  0.2665858337318451,  0.1323113241183868,
  0.2702210827489102,  0.1734228221655083,
  0.2724119298144092,  0.1392276214849622,
  0.2737949934520607,  0.1784351464939175,
  0.2738628037222484,  0.1425936609807256,
  0.2730815924279865,  0.1792224190176950,
  0.2706372441117021,  0.1425026432954349,
  0.2673924253179641,  0.1785253418885205,
  0.2627581514048349,  0.1416712636745816,
  0.2576391586314507,  0.1761300276843540,
  0.2507655796980174,  0.1379718802366553,
  0.2428011566986613,  0.1700631668858196,
  0.2332594016437106,  0.1307440004443083,
  0.2229163351630543,  0.1617219118320675,
  0.2113758370379330,  0.1229101773051910,
  0.1993707410939095,  0.1537422472645937,
  0.1865027387687083,  0.1144573514179802,
  0.1735444005587453,  0.1436634602290058,
  0.1597269542637572,  0.1035917549315817,
  0.1457166325012874,  0.1310606238878187,
  0.1309701431582352,  0.0905531089762794,
  0.1161745579029676,  0.1172391529407621,
  0.1012874978411569,  0.0764602134283890,
  0.0871452807037297,  0.1015045414209002,
  0.0729758564995709,  0.0594562698294044,
  0.0593541552230078,  0.0831964359283434,
  0.0457106534991186,  0.0415266891104584,
  0.0324976764793164,  0.0657969209235741,
  0.0188319226337229,  0.0259941422097769,
  0.0051517491192437,  0.0510610917102820,
 -0.0089786279586624,  0.0121932412669991,
 -0.0226839136279389,  0.0370334297670019,
 -0.0364020320183197, -0.0017231903989948,
 -0.0494286130734886,  0.0225439994938612,
 -0.0620151132395797, -0.0157351928188306,
 -0.0739787172250600,  0.0084232893204098,
 -0.0860623863212854, -0.0292793275212174,
 -0.0976782605008836, -0.0056214779730640,
 -0.1096688277108080, -0.0434524551754514,
 -0.1213532347812614, -0.0203164653261689,
 -0.1333340033206714, -0.0572780812144195,
 -0.1446327489678690, -0.0338721428405808,
 -0.1558181005713812, -0.0695399909351385,
 -0.1663954536164924, -0.0453798068946775,
 -0.1770870887484714, -0.0801401412207076,
 -0.1873657361677745, -0.0562412333499107,
 -0.1975409932692917, -0.0908446077174255,
 -0.2070255660604851, -0.0674650337178996,
 -0.2162143472756318, -0.1018920118486709,
 -0.2243833749134692, -0.0792692878375534,
 -0.2318856881110587, -0.1138102585229324,
 -0.2380241430416190, -0.0920453354057496,
 -0.2433560397518343, -0.1264748019850900,
 -0.2471806532785525, -0.1051124725207154,
 -0.2500478691830007, -0.1390364900958710,
 -0.2514733710331941, -0.1175602109024678,
 -0.2522735394747047, -0.1504279630431717,
 -0.2521965237193900, -0.1279704093168378,
 -0.2516625734838698, -0.1586400627661673,
 -0.2496759042039640, -0.1342225510910386,
 -0.2463782951049605, -0.1622368477855531,
 -0.2411734870085650, -0.1361461465407801,
 -0.2346263450726252, -0.1623402193617653,
 -0.2262578626471757, -0.1357120094476554,
 -0.2171403897112013, -0.1609576190099589,
 -0.2070919555109150, -0.1337758658548912,
 -0.1966661766070747, -0.1571166919051962,
 -0.1853204766871327, -0.1278929405675178,
 -0.1736870547402186, -0.1480957514510224,
 -0.1613965432208677, -0.1168800848101972,
 -0.1488484105656406, -0.1354515000876595,
 -0.1354605772212227, -0.1037057240442283,
 -0.1215454504613519, -0.1213287342096428,
 -0.1068100705728086, -0.0894384225480714,
 -0.0919853572995076, -0.1063219012854744,
 -0.0768729358174747, -0.0741749632341829,
 -0.0624751177948326, -0.0897369903013304,
 -0.0483721490730869, -0.0565888835732831,
 -0.0350006633161087, -0.0704527303511426,
 -0.0215173008715637, -0.0362603669442116,
 -0.0081144087724251, -0.0486654911068133,
  0.0058131672450823, -0.0143424952130775,
  0.0196414771176825, -0.0269152141978896,
  0.0337028997928458,  0.0065836190561671,
  0.0473177333975941, -0.0060819450736134,
  0.0606908579006431,  0.0269228902237633,
  0.0733880776462872,  0.0150092076383018,
  0.0860204119332320,  0.0485468442935973,
  0.0982710842381921,  0.0378143694326274,
  0.1101650438561101,  0.0715661342277714,
  0.1209185098412402,  0.0609751358352827,
  0.1307505854655383,  0.0937127116380449,
  0.1394060958755724,  0.0822436291696998,
  0.1474669531226507,  0.1133187631288134,
  0.1546172327551378,  0.1007065293342941,
  0.1616025111441027,  0.1299361887307762,
  0.1680103381931381,  0.1158103537767819,
  0.1740240816774222,  0.1425674466512075,
  0.1790275009976865,  0.1263348220075934,
  0.1832473009578472,  0.1509237840368079,
  0.1862984596296145,  0.1336800680208552,
  0.1885263797384216,  0.1571103612049261,
  0.1894372118554624,  0.1390363803403917,
  0.1894711643550904,  0.1606637303340511,
  0.1883334990845737,  0.1412173995339851,
  0.1865566379967440,  0.1608426831422364,
  0.1838552375523576,  0.1400347171624327,
  0.1806666462883201,  0.1578642287425039,
  0.1766711558250668,  0.1361164170386086,
  0.1725388926664036,  0.1529521261729039,
  0.1678196098948850,  0.1308399272158300,
  0.1628175068700084,  0.1466131059194665,
  0.1571068455571559,  0.1237963556403120,
  0.1511658034609528,  0.1383743202583538,
  0.1445854369376052,  0.1154116425005074,
  0.1378259799525504,  0.1299602316488062,
  0.1308778557194386,  0.1076921000634288,
  0.1242743738493460,  0.1226943553966666,
  0.1177131915153258,  0.1016046756045508,
  0.1114064087736050,  0.1167352044323803,
  0.1048911704023966,  0.0954335209139539,
  0.0983647294971433,  0.1093845263824624,
  0.0912031096523007,  0.0875082373567106,
  0.0837288260029890,  0.1009480244254427,
  0.0757112087654652,  0.0795734097771595,
  0.0675304423425677,  0.0934084454373527,
  0.0587389007049003,  0.0734088715164541,
  0.0497551082098935,  0.0881331133233177,
  0.0402414762901722,  0.0686982534489231,
  0.0304887499323653,  0.0828461657832968,
  0.0200283823320366,  0.0627006794482628,
  0.0094181327781402,  0.0749327358524166,
 -0.0013535675770301,  0.0531457018812908,
 -0.0117803075876623,  0.0637124688471429,
 -0.0221273083834682,  0.0411545718143049,
 -0.0320115652677876,  0.0503526837700970,
 -0.0418976556123941,  0.0265878543202435,
 -0.0515129498776630,  0.0341269201159526,
 -0.0610846120414894,  0.0091214218309081,
 -0.0702449494983554,  0.0148195514052871,
 -0.0792197778744810, -0.0113951149019999,
 -0.0876311217460362, -0.0071062376658072,
 -0.0958664544354130, -0.0338856098171785,
 -0.1037592630999379, -0.0298916550425924,
 -0.1117436230218539, -0.0560519523557857,
 -0.1193820242516721, -0.0516335729452334,
 -0.1268422675487516, -0.0766733719916723,
 -0.1336430780281550, -0.0713121980563857,
 -0.1399375283676720, -0.0951794410012642,
 -0.1452944504675479, -0.0895238256098047,
 -0.1501693897913621, -0.1127030951201344,
 -0.1544505622373868, -0.1062805632451687,
 -0.1585028037637927, -0.1277446723006570,
 -0.1621134749141221, -0.1195851461595553,
 -0.1656341019534838, -0.1385706498350601,
 -0.1686277816220669, -0.1281021749045047,
 -0.1711683780775564, -0.1444895171579969,
 -0.1726868001236349, -0.1325733596619918,
 -0.1732366882497947, -0.1477508621619153,
 -0.1724359990498603, -0.1352770665600623,
 -0.1705904069793271, -0.1496707639494316,
 -0.1674630781547010, -0.1367683499692539,
 -0.1635037071945598, -0.1501272995396356,
 -0.1588048715085400, -0.1361647383478567,
 -0.1539205667966230, -0.1474552336983383,
 -0.1485520863472390, -0.1315096374284234,
 -0.1429125920574490, -0.1404678098802591,
 -0.1366543041480463, -0.1227724128032185,
 -0.1300787990452971, -0.1303586675300741,
 -0.1228170847899277, -0.1127757213724587,
 -0.1151300071794610, -0.1210040803733776,
 -0.1066160265125609, -0.1046174612340658,
 -0.0975684152387363, -0.1131866885370471,
 -0.0876749409332939, -0.0969147496838831,
 -0.0773522817696369, -0.1047200067620661,
 -0.0666729453063485, -0.0877736018297153,
 -0.0563613843281236, -0.0947472199627785,
 -0.0463731102488544, -0.0775926757035477,
 -0.0369392953828143, -0.0839733087333557,
 -0.0276968835563612, -0.0663000736050222,
 -0.0187533625586393, -0.0715147084938126,
 -0.0096706934814897, -0.0532205967422339,
 -0.0006730611852011, -0.0580573507581609,
  0.0084226113433952, -0.0401939545215155,
  0.0171864493462343, -0.0454253456245551,
  0.0256827278743468, -0.0286804700491323,
  0.0335819414092731, -0.0347862663524141,
  0.0410864911556207, -0.0188752256605216,
  0.0480162262449827, -0.0251817223937138,
  0.0547742517791438, -0.0097703215528302,
  0.0611996043264666, -0.0165026923226223,
  0.0675844713928356, -0.0022602337610722,
  0.0735846948760203, -0.0101925334196814,
  0.0793710522900974,  0.0023772885183088,
  0.0846879970669334, -0.0068922421098226,
  0.0897944387801486,  0.0043154887032855,
  0.0944286948203448, -0.0054691647839318,
  0.0987921477279783,  0.0054528492868864,
  0.1025799111560080, -0.0039966095652070,
  0.1060405344229377,  0.0072297391162248,
  0.1089066833893442, -0.0012476111685810,
  0.1113477740379606,  0.0108760432120362,
  0.1132036335749357,  0.0036131888118097,
  0.1148429519237933,  0.0163935026859018,
  0.1159631513455932,  0.0096357824729638,
  0.1168487405855022,  0.0222939651642445,
  0.1173202000498669,  0.0155586650279664,
  0.1177132268321115,  0.0280429154478759,
  0.1177169525633494,  0.0219205820109734,
  0.1173851466569885,  0.0352069660543003,
  0.1162028800100022,  0.0303907197609513,
  0.1142791955362180,  0.0448437289816039,
  0.1113804642524304,  0.0414527973443769,
  0.1077384118904075,  0.0568329586713123,
  0.1031872284565274,  0.0541950721630162,
  0.0981567376065226,  0.0694773970704546,
  0.0925836681371328,  0.0667021520073245,
  0.0868910459778306,  0.0815471114988378,
  0.0809333221262905,  0.0785954651065172,
  0.0749294894929751,  0.0928242180162937,
  0.0686420426946280,  0.0894135893215725,
  0.0622861963174535,  0.1028724548416894,
  0.0556773596829841,  0.0987057529852075,
  0.0490948838078563,  0.1108680670331017,
  0.0423189227450304,  0.1055293396522648,
  0.0355366388180881,  0.1162888058073173,
  0.0285219197407030,  0.1099616377865148,
  0.0214590406461535,  0.1196407794927673,
  0.0141180340712006,  0.1125065916718880,
  0.0067297566883988,  0.1209198709843707,
 -0.0008472633870349,  0.1123896181815122,
 -0.0081857357694960,  0.1187118124142070,
 -0.0152584323951404,  0.1079615825022832,
 -0.0216833435851861,  0.1116933722141963,
 -0.0276124502582673,  0.0987093052818582,
 -0.0328129312304151,  0.1000733199090824,
 -0.0374890164360730,  0.0850051980903339,
 -0.0416650412250333,  0.0842282109331179,
 -0.0458793647668421,  0.0675874971642424,
 -0.0500802046159902,  0.0654386315744271,
 -0.0546212539915067,  0.0481637278645456,
 -0.0593579404720656,  0.0456482189127307,
 -0.0645038364650640,  0.0284500289905053,
 -0.0696827028033463,  0.0254761674830901,
 -0.0748870472657003,  0.0076344658084492,
 -0.0797026844331321,  0.0036386024149477,
 -0.0842160456972784, -0.0151371042996713,
 -0.0882177367025778, -0.0203431856775396,
 -0.0920421981365997, -0.0398537530538573,
 -0.0956482917987033, -0.0454258760979058,
 -0.0992877456836745, -0.0644341209399331,
 -0.1027568240925314, -0.0691353011490953,
 -0.1062362124006869, -0.0864720390936960,
 -0.1094214075057717, -0.0893965535691078,
 -0.1124552135951861, -0.1049140472148784,
 -0.1150243082056518, -0.1065479082605654,
 -0.1172885911109494, -0.1206729702058554,
 -0.1189547050480165, -0.1210418252406854,
 -0.1201022016797476, -0.1335811114293756,
 -0.1204107778748780, -0.1324745499796643,
 -0.1200583488360767, -0.1432889153722200,
 -0.1188579505748569, -0.1405370892728608,
 -0.1171723555459832, -0.1493551187748018,
 -0.1149930694814040, -0.1446100368311988,
 -0.1126650451369579, -0.1509667842237111,
 -0.1100221678763856, -0.1436085694588546,
 -0.1072213441280159, -0.1468921243083420,
 -0.1039970778617848, -0.1368245294690089,
 -0.1004729730906470, -0.1378466589043838,
 -0.0963846061906649, -0.1263941336601662,
 -0.0918662714875680, -0.1263518634284587,
 -0.0866681641743318, -0.1143308611661431,
 -0.0809935668419400, -0.1135747998580065,
 -0.0746595653069049, -0.1009234920330784,
 -0.0678416618722899, -0.0993901929103613,
 -0.0603278105094854, -0.0863622248199944,
 -0.0523818808314085, -0.0845690046038503,
 -0.0438599075832389, -0.0716990288728376,
 -0.0349000512644544, -0.0700183592820331,
 -0.0252863782809252, -0.0574395888009159,
 -0.0152032808475149, -0.0557411863102940,
 -0.0045204510511680, -0.0431636527417753,
  0.0064927890986813, -0.0412693137952366,
  0.0178568125958121, -0.0287276828883704,
  0.0291910912763712, -0.0266762665150918,
  0.0406151705976443, -0.0139262297698248,
  0.0520053895724853, -0.0111597660515963,
  0.0635218314966433,  0.0023189651874433,
  0.0749435072726428,  0.0058327313848379,
  0.0864312842287639,  0.0195088555044384,
  0.0977635253611089,  0.0229925645493201,
  0.1090135136002265,  0.0362245674509541,
  0.1199848715529785,  0.0390961253322018,
  0.1308724623568683,  0.0511844991222212,
  0.1414778553525476,  0.0529935347475449,
  0.1518183301351575,  0.0641050145919570,
  0.1615052494444504,  0.0652353858143297,
  0.1705126658640367,  0.0756526211418842,
  0.1784727231395926,  0.0766863396819484,
  0.1854170805819491,  0.0874563681933185,
  0.1911191654758900,  0.0892992774168007,
  0.1956887768615480,  0.1004999901783627,
  0.1989059249066045,  0.1022959219780619,
  0.2010182902569357,  0.1125618446894725,
  0.2019458308378084,  0.1129138103496153,
  0.2019594643274409,  0.1212264522945972,
  0.2009517599871012,  0.1197388355474004,
  0.1992284090411118,  0.1262032089588757,
  0.1966526468606560,  0.1232298126161013,
  0.1934117099813953,  0.1283179858562254,
  0.1892511042379914,  0.1242090080173770,
  0.1843050138098652,  0.1279884580790614,
  0.1783109883428140,  0.1227802279925624,
  0.1714184424908285,  0.1255429117161788,
  0.1635019387279179,  0.1197244316631983,
  0.1548717448409237,  0.1220216035824981,
  0.1454436902048517,  0.1161018956553183,
  0.1354985916415690,  0.1182401174244369,
  0.1249763196065711,  0.1121134088218292,
  0.1141797838907750,  0.1136184186334752,
  0.1030204675651228,  0.1066930404777505,
  0.0917523836264971,  0.1070084619906720,
  0.0803002505552314,  0.0988923308683856,
  0.0689550306044554,  0.0979589915711245,
  0.0575792036134058,  0.0889716510750788,
  0.0463213374377813,  0.0873653226299771,
  0.0349638361151297,  0.0780685727674333,
  0.0236181863018547,  0.0762089672934342,
  0.0120878114983650,  0.0669856191261836,
  0.0006103254354095,  0.0651837080699099,
 -0.0107925598828624,  0.0559197133658475,
 -0.0216825073415931,  0.0535667371531905,
 -0.0320202218034893,  0.0435068082193492,
 -0.0415294667334387,  0.0398995850577925,
 -0.0503632215286051,  0.0284147630215401,
 -0.0584415618444919,  0.0232481906781244,
 -0.0660316644960170,  0.0107104913496233,
 -0.0730409180479352,  0.0050664584652949,
 -0.0796207590921054, -0.0071663467291686,
 -0.0855735026430826, -0.0122630528059218,
 -0.0910474678267332, -0.0238199504369969,
 -0.0958889590188682, -0.0285472142919586,
 -0.1002639298619121, -0.0399370592438742,
 -0.1040400459961108, -0.0448583811982378,
 -0.1073933641510519, -0.0564282781369705,
 -0.1101706222677320, -0.0615472685468689,
 -0.1125551510384764, -0.0730811189481392,
 -0.1144450008291095, -0.0781385050682160,
 -0.1160921544405932, -0.0893689645115681,
 -0.1175052776308944, -0.0940396395845279,
 -0.1189675328301610, -0.1044943403681543,
 -0.1203559879428893, -0.1081823040374206,
 -0.1217849016699721, -0.1173656905434911,
 -0.1230608890212467, -0.1197998884879919,
 -0.1243449146423758, -0.1275946887237799,
 -0.1254444758680462, -0.1286876107823348,
 -0.1264803682446035, -0.1349037090164664,
 -0.1272787474159442, -0.1343541989030987,
 -0.1279993552720303, -0.1387893967518780,
 -0.1284328377746953, -0.1366700753253348,
 -0.1286915547121197, -0.1396478543908738,
 -0.1285788777777623, -0.1363819975807619,
 -0.1281998990347061, -0.1382185627856180,
 -0.1273599850600286, -0.1338426506819586,
 -0.1261696862454879, -0.1343153768085205,
 -0.1244333808223931, -0.1285006779137410,
 -0.1222655910412761, -0.1274357596743925,
 -0.1194334518437338, -0.1203295749877161,
 -0.1160080455345248, -0.1181443614311750,
 -0.1117201978074563, -0.1102777035065604,
 -0.1066226270277364, -0.1073517440956213,
 -0.1004954512737160, -0.0987257071149918,
 -0.0934299593216115, -0.0947142912285423,
 -0.0853021362354373, -0.0848407658409761,
 -0.0764095412738637, -0.0793283397340969,
 -0.0668105242609078, -0.0679398174065650,
 -0.0568336063780095, -0.0608762157617105,
 -0.0464339567243811, -0.0481516143833565,
 -0.0357534801788718, -0.0397376161497727,
 -0.0245517969452190, -0.0258352391090497,
 -0.0128773244789404, -0.0163430751090818,
 -0.0006276789323264, -0.0016981714626085,
  0.0118546442445482,  0.0083289708622772,
  0.0244935588829704,  0.0231847140438223,
  0.0369831047096180,  0.0334133723274485,
  0.0493167608061083,  0.0485039502763585,
  0.0612867226477481,  0.0592197409460935,
  0.0730033170382617,  0.0747714215839942,
  0.0843378956065045,  0.0858478875197560,
  0.0953860807984685,  0.1012973418912541,
  0.1059407379049070,  0.1117656587413676,
  0.1160395298279923,  0.1258856775490237,
  0.1255176401559167,  0.1346047566178099,
  0.1345439309379007,  0.1466255987781117,
  0.1430609370023456,  0.1532334261441517,
  0.1511742120161819,  0.1631229438905012,
  0.1586363748848469,  0.1676861444594012,
  0.1654379515049465,  0.1754741105122131,
  0.1713675023128429,  0.1780917319489816,
  0.1764308545503518,  0.1841155713071865,
  0.1804251975262096,  0.1853574781859347,
  0.1834318745017444,  0.1901119334608528,
  0.1852981072976052,  0.1901069142255614,
  0.1861046665397242,  0.1933540240468803,
  0.1856994054880844,  0.1916450177200706,
  0.1843298599059661,  0.1928913239798251,
  0.1819873080066725,  0.1891874478313100,
  0.1788752400108590,  0.1884255964943754,
  0.1748792600003256,  0.1827897976917516,
  0.1701474063069439,  0.1799795195898226,
  0.1645498755994714,  0.1723615208009101,
  0.1582735802064340,  0.1676007788798801,
  0.1512599138785732,  0.1581949341495716,
  0.1437242438673365,  0.1516847651814578,
  0.1355307199480094,  0.1407673744422514,
  0.1267689024527889,  0.1329131906494070,
  0.1172979317383693,  0.1209454625706851,
  0.1073194323817463,  0.1121799388113220,
  0.0968438225714978,  0.0994878223737598,
  0.0861788147152005,  0.0899671919924905,
  0.0753355653946914,  0.0765611822104159,
  0.0644986744204074,  0.0663102226820283,
  0.0535290914020642,  0.0524167542560168,
  0.0425137445219634,  0.0419679870786279,
  0.0313136338433774,  0.0283830430484855,
  0.0201320147795434,  0.0186202647331267,
  0.0089925834951022,  0.0061164870427036,
 -0.0018333612374795, -0.0024094111842185,
 -0.0123544064187023, -0.0135649161112550,
 -0.0223741056609168, -0.0208822244614847,
 -0.0319615781987217, -0.0309346139613742,
 -0.0409045298355634, -0.0373635352683875,
 -0.0492007932350833, -0.0465862317519276,
 -0.0566717785583124, -0.0522494809524192,
 -0.0634883117936867, -0.0605119643404255,
 -0.0696647643391610, -0.0650291948495131,
 -0.0755108373982468, -0.0718493446591646,
 -0.0810330338372977, -0.0747622536201974,
 -0.0863957991187789, -0.0798271848290387,
 -0.0914681769309424, -0.0811049224528991,
 -0.0963232723740024, -0.0847183122851346,
 -0.1008348562412443, -0.0850001789286416,
 -0.1051532016100920, -0.0880632243784932,
 -0.1091526110307364, -0.0882778233958950,
 -0.1128965269794157, -0.0915231904020879,
 -0.1162204148393327, -0.0920576731127469,
 -0.1192286581728959, -0.0955516562305863,
 -0.1218398156180699, -0.0962676704420721,
 -0.1242385881486113, -0.0997364064289594,
 -0.1264124738137921, -0.1003763782808498,
 -0.1285637289966514, -0.1037145936327870,
 -0.1306011907207697, -0.1042214946101366,
 -0.1325696541461295, -0.1072273198207428,
 -0.1342492438989456, -0.1072648469454746,
 -0.1356611070581721, -0.1096345609856530,
 -0.1365748780574213, -0.1090292585068645,
 -0.1370542693171235, -0.1107051813702158,
 -0.1369379633631829, -0.1095346323405637,
 -0.1363124248746337, -0.1107554386458996,
 -0.1349839353651390, -0.1092314632788962,
 -0.1330202738974624, -0.1099373767808264,
 -0.1303084431055549, -0.1076948281027621,
 -0.1270686948044939, -0.1073637743071211,
 -0.1233011147329847, -0.1038917162573087,
 -0.1192261993447460, -0.1021110308726361,
 -0.1147315274427655, -0.0971462396654995,
 -0.1099158420509179, -0.0938989029318231,
 -0.1046340874239931, -0.0877481395081982,
 -0.0989948768015495, -0.0836339133753453,
 -0.0928591519191060, -0.0770045701897321,
 -0.0863512034837823, -0.0725742594715982,
 -0.0794078775317654, -0.0655762155110995,
 -0.0722355453701736, -0.0603653274896411,
 -0.0647817435828806, -0.0522131717627327,
 -0.0572055596249589, -0.0456389623424609,
 -0.0494267173535359, -0.0362980834629203,
 -0.0416139968473400, -0.0288542367819436,
 -0.0336773947151640, -0.0191427625998896,
 -0.0257508542563038, -0.0116692959495449,
 -0.0177979909355077, -0.0021052516516030,
 -0.0100492410979450,  0.0053306953215414,
 -0.0024628874106723,  0.0149165996683214,
  0.0048265852163557,  0.0223161165953495,
  0.0119105550691100,  0.0315324615006837,
  0.0186477933344870,  0.0382229039719029,
  0.0251090123739837,  0.0463928080094934,
  0.0311307462239341,  0.0519516232117361,
  0.0367860185529846,  0.0589940015995683,
  0.0419340113292011,  0.0635294669987043,
  0.0466726585925220,  0.0695232350723052,
  0.0508811370421402,  0.0729996549768949,
  0.0546583931998864,  0.0778237936109979,
  0.0578839525635719,  0.0800850986790941,
  0.0606524679500445,  0.0836461496521508,
  0.0628675517063904,  0.0847564923675089,
  0.0646575008241779,  0.0872634679336397,
  0.0659464238738629,  0.0873509167278929,
  0.0668728914424895,  0.0887703718702019,
  0.0673756674911913,  0.0878117807615156,
  0.0678288092757423,  0.0882032096021793,
  0.0681305228152830,  0.0863041481568643,
  0.0679706610225493,  0.0857280344588811,
  0.0676675238157377,  0.0827454065680966,
  0.0669123932321384,  0.0807083306035639,
  0.0660271381101680,  0.0761538749501328,
  0.0647044691740781,  0.0730242598982019,
  0.0632694704992638,  0.0676863671856059,
  0.0614162370163557,  0.0632427373405816,
  0.0594726846863346,  0.0565220463579130,
  0.0571342087168251,  0.0508251551481040,
  0.0547311488793343,  0.0429995978910582,
  0.0519600826624002,  0.0368516143811801,
  0.0491533457941666,  0.0290182071926810,
  0.0460085516376736,  0.0232297668040522,
  0.0428595897480908,  0.0160326545323486,
  0.0394049403812838,  0.0105575254098465,
  0.0359795961477810,  0.0034287767330967,
  0.0322827188114767, -0.0022877192785649,
  0.0286499502914843, -0.0094902531627696,
  0.0247809379631765, -0.0150558109417472,
  0.0210115222465159, -0.0217446519179592,
  0.0170416357954073, -0.0265635550993883,
  0.0132068751452484, -0.0321376391528272,
  0.0092072593067488, -0.0355060344448400,
  0.0053777124034122, -0.0393928144582383,
  0.0014181478387770, -0.0410309668392121,
 -0.0023375921781170, -0.0432496350243427,
 -0.0061898796780951, -0.0433799652634053,
 -0.0098063401930413, -0.0443744279570425,
 -0.0134877940291213, -0.0436361631812349,
 -0.0169036923183694, -0.0440877810470520,
 -0.0203554452805292, -0.0430950238665218,
 -0.0235146558045082, -0.0435244410792279,
 -0.0266834407236668, -0.0426680550734455,
 -0.0295358459884171, -0.0432730299400002,
 -0.0323747837440701, -0.0424776966001479,
 -0.0348769969073939, -0.0429514589872627,
 -0.0373462511349208, -0.0418678509901978,
 -0.0394622009865978, -0.0419641184746768,
 -0.0415294915685714, -0.0404993907327712,
 -0.0432308632945187, -0.0402037003018234,
 -0.0448718333023494, -0.0385025453228331,
 -0.0461383610981561, -0.0383095938434942,
 -0.0473367946266778, -0.0370906502828485,
 -0.0481564048886822, -0.0375830809731896,
 -0.0489042959660600, -0.0370118385192111,
 -0.0492731026555938, -0.0380164993226754,
 -0.0495705778171563, -0.0378273339564393,
 -0.0494927338059376, -0.0389063542842490,
 -0.0493478337771247, -0.0385667842123304,
 -0.0488352447587651, -0.0395548203223681,
 -0.0482635726887918, -0.0393097607088022,
 -0.0473354822657278, -0.0401506524069373,
 -0.0463597282293723, -0.0392601148883120,
 -0.0450421849756479, -0.0390810707100898,
 -0.0436915385584236, -0.0374085765413091,
 -0.0420167573858586, -0.0370633060521568,
 -0.0403262214199432, -0.0355915845364013,
 -0.0383318535262102, -0.0351065066454740,
 -0.0363414738484486, -0.0329672613524116,
 -0.0340698003474138, -0.0315941039455014,
 -0.0318238272768640, -0.0288707884257747,
 -0.0293208927349684, -0.0272529405964899,
 -0.0268668909029006, -0.0243860695756288,
 -0.0241815937516175, -0.0224630664299791,
 -0.0215695171668139, -0.0191994245511792,
 -0.0187526739446255, -0.0168601564536653,
 -0.0160339236812560, -0.0134074420873396,
 -0.0131373244047059, -0.0111883388546940,
 -0.0103638058048039, -0.0079854024056456,
 -0.0074392772680680, -0.0058024342383943,
 -0.0046624733099374, -0.0024209689956870,
 -0.0017609665668296, -0.0001073086061332,
  0.0009689567155611,  0.0031270595970050,
  0.0037982392187544,  0.0051003481946963,
  0.0064332804380741,  0.0078859399312158,
  0.0091437038525931,  0.0094083851699958,
  0.0116388133469918,  0.0118390512313428,
  0.0141870624998611,  0.0130977154431130,
  0.0165008566119624,  0.0150585034357493,
  0.0188476097386054,  0.0157358396579248,
  0.0209430016259106,  0.0170836584992581,
  0.0230535159937350,  0.0172057137103273,
  0.0248982541253808,  0.0180293426956328,
  0.0267428555517066,  0.0176081080327920,
  0.0283099628260396,  0.0179025079386761,
  0.0298644330729733,  0.0170071127566678,
  0.0311325415011081,  0.0168766914050212,
  0.0323783994169095,  0.0156483695519257,
  0.0333319772368869,  0.0152615111718550,
  0.0342566514900218,  0.0139218187917361,
  0.0348861216149126,  0.0135663616520058,
  0.0354830149580599,  0.0122645728395147,
  0.0357847654556117,  0.0117832937663219,
  0.0360532121331069,  0.0103829991566454,
  0.0360295015545651,  0.0098015601166759,
  0.0359746215386222,  0.0083288534279434,
  0.0356333834598077,  0.0076740868020940,
  0.0352658387684642,  0.0061559061329596,
  0.0346203916451163,  0.0054551568413430,
  0.0339560516864489,  0.0039186313858126,
  0.0330247217631885,  0.0031991119851918,
  0.0320842458757854,  0.0016709289729980,
  0.0308899119185019,  0.0009591020161467,
  0.0296982588228119, -0.0005350922999618,
  0.0282678288861370, -0.0012140914502634,
  0.0268537034857389, -0.0026502443103253,
  0.0252175346798642, -0.0032731324863822,
  0.0236127836510458, -0.0046292796880370,
  0.0218040565933728, -0.0051750886420409,
  0.0200430247889062, -0.0064317829461614,
  0.0180970850540352, -0.0068822515083252,
  0.0162159449745370, -0.0080229170534312,
  0.0141696238618056, -0.0083628063702197,
  0.0122056908478628, -0.0093740137395900,
  0.0100966180696959, -0.0095913412452048,
  0.0080876635365431, -0.0104629998566578,
  0.0059535840870965, -0.0105491896600579,
  0.0039371589567207, -0.0112746561626622,
  0.0018152660950066, -0.0112246055507061,
 -0.0001719538995324, -0.0118007089232241,
 -0.0022456582977485, -0.0116127725869232,
 -0.0041684945674004, -0.0120397584683685,
 -0.0061598016942894, -0.0117156539419624,
 -0.0079851518859295, -0.0119970525366653,
 -0.0098622001981357, -0.0115416919674144,
 -0.0115595653933377, -0.0116841154261662,
 -0.0132933388051756, -0.0111053703090503,
 -0.0148352909318473, -0.0111182469114900,
 -0.0164000537456754, -0.0104266537473692,
 -0.0177626365520048, -0.0103219073399674,
 -0.0191362991339461, -0.0095303231611033,
 -0.0202993574543538, -0.0093220073197744,
 -0.0214637680752164, -0.0084452249150373,
 -0.0224112014844130, -0.0081491219102297,
 -0.0233523611503623, -0.0072034550958302,
 -0.0240722995511664, -0.0068366502100737,
 -0.0247804980604135, -0.0058394997931248,
 -0.0252653982171913, -0.0054199417073034,
 -0.0257352712123709, -0.0043893528652217,
 -0.0259819345563121, -0.0039354107127019,
 -0.0262124425690792, -0.0028896322468715,
 -0.0262219561493171, -0.0024196596713720,
 -0.0262162881479501, -0.0013767152145175,
 -0.0259938917403591, -0.0009086311592936,
 -0.0257592968453097,  0.0001140882733128,
 -0.0253141805078871,  0.0005631930370171,
 -0.0248617327850597,  0.0015493065904890,
 -0.0242067703559297,  0.0019635291176464,
 -0.0235510725057832,  0.0028980061961695,
 -0.0227024973076244,  0.0032629502264717,
 -0.0218613302104858,  0.0041324067326443,
 -0.0208383602929437,  0.0044354549546942,
 -0.0198322859232857,  0.0052284005247702,
 -0.0186567067324690,  0.0054589357476258,
 -0.0175086326697049,  0.0061659681410609,
 -0.0162043456553832,  0.0063155402180930,
 -0.0149390599462536,  0.0069294843946522,
 -0.0135316058686607,  0.0069919210979930,
 -0.0121752911019696,  0.0075079118587323,
 -0.0106913572050375,  0.0074793732785029,
 -0.0092710929792583,  0.0078948817056835,
 -0.0077380130459545,  0.0077738590414524,
 -0.0062812758601343,  0.0080886642442322,
 -0.0047265321635514,  0.0078759251116754,
 -0.0032607015871198,  0.0080920339787152,
 -0.0017114374586399,  0.0077905175090662,
 -0.0002633171390689,  0.0079120362896857,
  0.0012541315927479,  0.0075267023012145,
  0.0026587701035310,  0.0075596647526429,
  0.0041193170096102,  0.0070973022153540,
  0.0054561601527659,  0.0070494599198129,
  0.0068363764092430,  0.0065184606269612,
  0.0080829575667267,  0.0063990417111121,
  0.0093614401637088,  0.0058091456667674,
  0.0104974857960786,  0.0056285886663137,
  0.0116551803456499,  0.0049906081217351,
  0.0126629083576187,  0.0047602780209619,
  0.0136833820147870,  0.0040858072766228,
  0.0145477483805274,  0.0038177009451990,
  0.0154174094093721,  0.0031188191409700,
  0.0161263000861467,  0.0028252673153954,
  0.0168345616175587,  0.0021142412918783,
  0.0173789278078409,  0.0018076140820795,
  0.0179183144097981,  0.0010966081426721,
  0.0182922503442545,  0.0007890307073278,
  0.0186584469979084,  0.0000898296769804,
  0.0188592103315370, -0.0002070857982378,
  0.0190510545458257, -0.0008833343403917,
  0.0190790305800087, -0.0011587348060858,
  0.0190984492433044, -0.0018017539321359,
  0.0189570610792075, -0.0020457649519323,
  0.0188089546403469, -0.0026463529791252,
  0.0185045222549355, -0.0028502674805887,
  0.0181965996933815, -0.0034004701399624,
  0.0177381518408557, -0.0035569032615099,
  0.0172807205657646, -0.0040501507051547,
  0.0166797639747561, -0.0041531584553777,
  0.0160854796367472, -0.0045843652811312,
  0.0153557307643455, -0.0046295256482733,
  0.0146393123803580, -0.0049951530355709,
  0.0137963974044307, -0.0049796090957142,
  0.0129743137307520, -0.0052776890480439,
  0.0120354429298717, -0.0052001545167582,
  0.0111255764186451, -0.0054302770917640,
  0.0101091992867017, -0.0052910055939836,
  0.0091304940527274, -0.0054542707935827,
  0.0080559418070166, -0.0052549909384372,
  0.0070280422812219, -0.0053539277060572,
  0.0059151643293385, -0.0050977467351505,
  0.0048580511765858, -0.0051362021543337,
  0.0037268521083263, -0.0048274815586155,
  0.0026604819040423, -0.0048104839273617,
  0.0015307654088154, -0.0044546909589187,
  0.0004747202799622, -0.0043882908546411,
 -0.0006342539735629, -0.0039918302329672,
 -0.0016611008004137, -0.0038829240677895,
 -0.0027309415980313, -0.0034529545065561,
 -0.0037107389133218, -0.0033090952723452,
 -0.0047242240439439, -0.0028533356065754,
 -0.0056404294806859, -0.0026825356415124,
 -0.0065817777454681, -0.0022090654060057,
 -0.0074194139701649, -0.0020195960247271,
 -0.0082745246224020, -0.0015366552625576,
 -0.0090204011949009, -0.0013368479568006,
 -0.0097770574658161, -0.0008526409008362,
 -0.0104199553785358, -0.0006506946299168,
 -0.0110679894596653, -0.0001732016103481,
 -0.0115988061019302,  0.0000229996244380,
 -0.0121302237032256,  0.0004861980310059,
 -0.0125420767370148,  0.0006692535243138,
 -0.0129511401164027,  0.0011111365249286,
 -0.0132394295615969,  0.0012742797776327,
 -0.0135226986321272,  0.0016885274943705,
 -0.0136851271318237,  0.0018257568886863,
 -0.0138414590827447,  0.0022068700570155,
 -0.0138780111367058,  0.0023130570532253,
 -0.0139085196443811,  0.0026564533476662,
 -0.0138214012476371,  0.0027274265635414,
 -0.0137293770604532,  0.0030295122147594,
 -0.0135229178821214,  0.0030621163656218,
 -0.0133137132482174,  0.0033203323591391,
 -0.0129942340155742,  0.0033124616457712,
 -0.0126751138808415,  0.0035253043916944,
 -0.0122507622910898,  0.0034759105373837,
 -0.0118307258155708,  0.0036429275024410,
 -0.0113112846507240,  0.0035520032044900,
 -0.0108008609483204,  0.0036737645470346,
 -0.0101975325078289,  0.0035423036465491,
 -0.0096085549082984,  0.0036203514139848,
 -0.0089337262221384,  0.0034502875842260,
 -0.0082790895502982,  0.0034870644755503,
 -0.0075460829524752,  0.0032811906337658,
 -0.0068394886061045,  0.0032799507458453,
 -0.0060623024898896,  0.0030418217746662,
 -0.0053179960789019,  0.0030065260519924,
 -0.0045110406384404,  0.0027403476904209,
 -0.0037435470144156,  0.0026755470594726,
 -0.0029213797475069,  0.0023860540336668,
 -0.0021452401610147,  0.0022967633735992,
 -0.0013223058167705,  0.0019890899809383,
 -0.0005518217447514,  0.0018806561622830,
  0.0002577988597766,  0.0015602025542814,
  0.0010088108541806,  0.0014381698126655,
  0.0017916389408121,  0.0011104672191383,
  0.0025100773211956,  0.0009804430489711,
  0.0032534573489896,  0.0006510210757198,
  0.0039271470321123,  0.0005185457071002,
  0.0046194475435776,  0.0001928046799998,
  0.0052373294184013,  0.0000632270066838,
  0.0058681205397494, -0.0002536818998170,
  0.0064204163255754, -0.0003753193396050,
  0.0069806214192044, -0.0006786037228233,
  0.0074589716181407, -0.0007876684064890,
  0.0079409911063288, -0.0010729918769740,
  0.0083385643354898, -0.0011653516462609,
  0.0087363702467003, -0.0014289169203989,
  0.0090479427958828, -0.0015010154441194,
  0.0093571431703969, -0.0017396319130216,
  0.0095791481525559, -0.0017885480894249,
  0.0097970209438723, -0.0019996828951231,
  0.0099275670116942, -0.0020231734349701,
  0.0100530637196418, -0.0022049855025384,
  0.0100919238035709, -0.0022015103466840,
  0.0101256435718042, -0.0023528672322814,
  0.0100742146399803, -0.0023215978659250,
  0.0100183500445814, -0.0024420756786847,
  0.0098795853746154, -0.0023828867972284,
  0.0097378416442234, -0.0024727538396460,
  0.0095161574916457, -0.0023861991787038,
  0.0092936472380691, -0.0024463842872940,
  0.0089948062705743, -0.0023336577755446,
  0.0086979222668479, -0.0023657046706715,
  0.0083288963980165, -0.0022285883454168,
  0.0079651652081327, -0.0022345975633648,
  0.0075339807910830, -0.0020753979431774,
  0.0071119003503112, -0.0020579581552013,
  0.0066274689536084, -0.0018794329719851,
  0.0061563333487052, -0.0018415436613413,
  0.0056282714297600, -0.0016468209892965,
  0.0051179863458764, -0.0015918085969136,
  0.0045564273217173, -0.0013843005288604,
  0.0040173196181041, -0.0013157302339672,
  0.0034327218265775, -0.0010990432904935,
  0.0028753467518773, -0.0010206286181807,
  0.0022783008010030, -0.0007984730730775,
  0.0017132503201051, -0.0007139854915928,
  0.0011142892102021, -0.0004900857326956,
  0.0005520047580215, -0.0004032663118115,
 -0.0000385799295293, -0.0001812742637265,
 -0.0005879870708639, -0.0000957493508353,
 -0.0011603198661453,  0.0001208371714635,
 -0.0016872376172647,  0.0002016344731652,
 -0.0022320218964660,  0.0004095467880992,
 -0.0027274931633466,  0.0004824477536701,
 -0.0032361593815500,  0.0006787132400607,
 -0.0036920221824708,  0.0007408759121935,
 -0.0041568593818124,  0.0009228756076042,
 -0.0045658692691071,  0.0009718373380191,
 -0.0049801379928447,  0.0011373532355601,
 -0.0053360710858267,  0.0011710725412776,
 -0.0056940962065448,  0.0013183238871235,
 -0.0059918315365622,  0.0013352110622647,
 -0.0062890738920563,  0.0014628792328900,
 -0.0065246541668272,  0.0014618154369810,
 -0.0067577603222810,  0.0015690572573086,
 -0.0069284305967571,  0.0015494020726290,
 -0.0070952604166112,  0.0016358517009858,
 -0.0071994845984047,  0.0015974394228613,
 -0.0072991167480602,  0.0016631991925693,
 -0.0073365722206318,  0.0016063243595928,
 -0.0073692880786679,  0.0016519452021649,
 -0.0073408391139192,  0.0015773381030823,
 -0.0073080859622671,  0.0016037903970746,
 -0.0072157369774326,  0.0015125834984118,
 -0.0071200716411698,  0.0015212193698495,
 -0.0069669016234960,  0.0014149057716127,
 -0.0068119161047533,  0.0014074140398424,
 -0.0066019958824433,  0.0012877992179998,
 -0.0063922267505959,  0.0012661542949917,
 -0.0061305210088361,  0.0011353024900832,
 -0.0058713445721411,  0.0011017086350684,
 -0.0055636007545574,  0.0009618853219761,
 -0.0052611162579211,  0.0009187177107081,
 -0.0049137426304887,  0.0007723296147323,
 -0.0045746458186629,  0.0007220736921016,
 -0.0041945811623328,  0.0005716078269747,
 -0.0038260307131632,  0.0005167984048860,
 -0.0034206081344862,  0.0003647615660569,
 -0.0030300874921918,  0.0003079230740005,
 -0.0026068949127586,  0.0001567831614872,
 -0.0022020720693662,  0.0001003723787677,
 -0.0017688119408427, -0.0000474971709218,
 -0.0013573997019596, -0.0001011446772832,
 -0.0009217504197244, -0.0002435161923942,
 -0.0005113695798332, -0.0002922348351933,
 -0.0000808510083400, -0.0004270724230093,
  0.0003211012197163, -0.0004689096261975,
  0.0007392558684506, -0.0005944090441105,
  0.0011257300008543, -0.0006276617658157,
  0.0015246938451458, -0.0007422834635801,
  0.0018891028627137, -0.0007655276168777,
  0.0022625647034466, -0.0008680224489987,
  0.0025988876087915, -0.0008801348110382,
  0.0029411493088641, -0.0009695621036118,
  0.0032440219775776, -0.0009697344935166,
  0.0035500824714457, -0.0010454723391455,
  0.0038148745388984, -0.0010332180293455,
  0.0040804993492305, -0.0010949658658289,
  0.0043033761460909, -0.0010701183711521,
  0.0045251515734455, -0.0011178920763813,
  0.0047031204278016, -0.0010805966380633,
  0.0048784918561925, -0.0011147165330983,
  0.0050094323487274, -0.0010654147649859,
  0.0051367264288824, -0.0010864870713928,
  0.0052194045051644, -0.0010258953809163,
  0.0052978352426002, -0.0010347878023653,
  0.0053319013597052, -0.0009638703155387,
  0.0053615604305918, -0.0009616825267523,
  0.0053475321876855, -0.0008816193450708,
  0.0053293640782619, -0.0008696492589370,
  0.0052685940668401, -0.0007818009559853,
  0.0052043568578030, -0.0007615076999083,
  0.0050989866649715, -0.0006673770110259,
  0.0049911995564007, -0.0006403415909460,
  0.0048441011160721, -0.0005415332845402,
  0.0046959799506314, -0.0005094179246965,
  0.0045106856015411, -0.0004075978442411,
  0.0043260678387131, -0.0003721049871274,
  0.0041066906280321, -0.0002689592369400,
  0.0038899513861963, -0.0002317911599474,
  0.0036410972609621, -0.0001289863649997,
  0.0033970581169828, -0.0000918063158732,
  0.0031237317879240,  0.0000090481693301,
  0.0028575641489628,  0.0000446524805982,
  0.0025650704330352,  0.0001420396211859,
  0.0022821953163247,  0.0001745894246957,
  0.0019760378158670,  0.0002671161100697,
  0.0016820239009774,  0.0002952712218325,
  0.0013678028834822,  0.0003816958293095,
  0.0010682646639174,  0.0004042800010910,
  0.0007515759438681,  0.0004835354378464,
  0.0004520737834076,  0.0004995569899695,
  0.0001384103704518,  0.0005707688539630,
 -0.0001556458404454,  0.0005794362948422,
 -0.0004609876749927,  0.0006419359215160,
 -0.0007444296586835,  0.0006426683835643,
 -0.0010364383617287,  0.0006960006706294,
 -0.0013044239237910,  0.0006884331184515,
 -0.0015784532954435,  0.0007323591469982,
 -0.0018265428187009,  0.0007163424336038,
 -0.0020783840809873,  0.0007508370195138,
 -0.0023026079070153,  0.0007264329849814,
 -0.0025285521642723,  0.0007516774091519,
 -0.0027254679210413,  0.0007191493197165,
 -0.0029223581683740,  0.0007355195850177,
 -0.0030890972987486,  0.0006953183073517,
 -0.0032543693439725,  0.0007033693614741,
 -0.0033886723106864,  0.0006561157521833,
 -0.0035203841765906,  0.0006565621887662,
 -0.0036206240150748,  0.0006030262435136,
 -0.0037174736204831,  0.0005967200602316,
 -0.0037826677418047,  0.0005377974254086,
 -0.0038439988549076,  0.0005257034589924,
 -0.0038738091991934,  0.0004623899439100,
 -0.0038996058674045,  0.0004455596340882,
 -0.0038943277199936,  0.0003789243852904,
 -0.0038851975926395,  0.0003584685349070,
 -0.0038457375474216,  0.0002896265375116,
 -0.0038028846621610,  0.0002666877302614,
 -0.0037307284251993,  0.0001967722956271,
 -0.0036559162294198,  0.0001724976196781,
 -0.0035530870858412,  0.0001026334902496,
 -0.0034485925984177,  0.0000781481823167,
 -0.0033176015252290,  0.0000094258488799,
 -0.0031861616756074, -0.0000141915704831,
 -0.0030299502043235, -0.0000807397946589,
 -0.0028747015138848, -0.0001024803788056,
 -0.0026965785268984, -0.0001659020440674,
 -0.0025209913525742, -0.0001848468222100,
 -0.0023245651040942, -0.0002442883742119,
 -0.0021323737585880, -0.0002596259206846,
 -0.0019214804298626, -0.0003143487410506,
 -0.0017166105112385, -0.0003253896150509,
 -0.0014952406505620, -0.0003747828147094,
 -0.0012817349382003, -0.0003809706567198,
 -0.0010539591439763, -0.0004245604508303,
 -0.0008359033933480, -0.0004254796061181,
 -0.0006057985556236, -0.0004629351833027,
 -0.0003872485120886, -0.0004583148087258,
 -0.0001588259041946, -0.0004894506922817,
  0.0000562632215429, -0.0004791653839966,
  0.0002791267891276, -0.0005039403626822,
  0.0004869672058934, -0.0004880074209871,
  0.0007005940381493, -0.0005065202036683,
  0.0008976275379055, -0.0004850937255537,
  0.0010985984905656, -0.0004975755416990,
  0.0012815529254429, -0.0004709375946271,
  0.0014667607129396, -0.0004777420272961,
  0.0016326999409182, -0.0004462912180192,
  0.0017993955443724, -0.0004478816060373,
  0.0019457621389008, -0.0004121194045444,
  0.0020915936781818, -0.0004090541948023,
  0.0022162438441839, -0.0003695694126822,
  0.0023392874349546, -0.0003624858775042,
  0.0024405177191858, -0.0003199377254433,
  0.0025392999787646, -0.0003095344789828,
  0.0026158655285844, -0.0002646346478389,
  0.0026893775608844, -0.0002516534097006,
  0.0027405018299400, -0.0002051476222452,
  0.0027882046684459, -0.0001903546752174,
  0.0028135806267017, -0.0001430041527373,
  0.0028354022629506, -0.0001271719319583,
  0.0028351853187792, -0.0000797352048957,
  0.0028315096013146, -0.0000636244372673,
  0.0028063025705710, -0.0000168399040257,
  0.0027779503729529, -0.0000011826865229,
  0.0027287809831298,  0.0000442477060529,
  0.0026769841867507,  0.0000587635349842,
  0.0026052757013040,  0.0001021891575489,
  0.0025316446369792,  0.0001149340434017,
  0.0024391802988891,  0.0001557687094022,
  0.0023456653982457,  0.0001661835418784,
  0.0022345474916631,  0.0002039166562671,
  0.0021233959664875,  0.0002115228552327,
  0.0019960003462244,  0.0002457284049282,
  0.0018697088031762,  0.0002501357783917,
  0.0017286358220608,  0.0002804790392216,
  0.0015898997446760,  0.0002813913167066,
  0.0014379225331955,  0.0003076332087092,
  0.0012895836040852,  0.0003048512101301,
  0.0011295946859625,  0.0003268502899819,
  0.0009745869397077,  0.0003202727468353,
  0.0008095441594034,  0.0003379848799832,
  0.0006508399348857,  0.0003276069775217,
  0.0004837126761181,  0.0003410827857818,
  0.0003242693314956,  0.0003269925460511,
  0.0001579859579349,  0.0003363727724665,
  0.0000006942626429,  0.0003187454423787,
 -0.0001619083243394,  0.0003242544184540,
 -0.0003142732574488,  0.0003033450665836,
 -0.0004704971125758,  0.0003052825037805,
 -0.0006153215574532,  0.0002814170642745,
 -0.0007626514814558,  0.0002801484205540,
 -0.0008975247778895,  0.0002537134471622,
 -0.0010336677291528,  0.0002496591447789,
 -0.0011564192832030,  0.0002210905598168,
 -0.0012793388360302,  0.0002147143444982,
 -0.0013880699156213,  0.0001844854786376,
 -0.0014960152884208,  0.0001762822200126,
 -0.0015891251940924,  0.0001448914446949,
 -0.0016806544842822,  0.0001353746799542,
 -0.0017568607807408,  0.0001033329311507,
 -0.0018308581471383,  0.0000930224468686,
 -0.0018892107616453,  0.0000608409318385,
 -0.0019448974158871,  0.0000502506685373,
 -0.0019847865154647,  0.0000184290303984,
 -0.0020217254916993,  0.0000080555753175,
 -0.0020428831643248, -0.0000229292297422,
 -0.0020609779512710, -0.0000326173192782,
 -0.0020634738322630, -0.0000623212032607,
 -0.0020629610479486, -0.0000708930320934,
 -0.0020471921204593, -0.0000989138168246,
 -0.0020286285254056, -0.0001059845574960,
 -0.0019953034355619, -0.0001319697115903,
 -0.0019595476565484, -0.0001372076364675,
 -0.0019096659626115, -0.0001608605791345,
 -0.0018578553910137, -0.0001639926091310,
 -0.0017926822435468, -0.0001850774898495,
 -0.0017262056452377, -0.0001858931882284,
 -0.0016472424722040, -0.0002042380901677,
 -0.0015677088972740, -0.0002025920679005,
 -0.0014766607061153, -0.0002180906204837,
 -0.0013858653533029, -0.0002139033580708,
 -0.0012846053221945, -0.0002265147818291,
 -0.0011844930323930, -0.0002197719080502,
 -0.0010750250822399, -0.0002295195496312,
 -0.0009676521669674, -0.0002202696517565,
 -0.0008520722287840, -0.0002272380998605,
 -0.0007395673541136, -0.0002155891714459,
 -0.0006200240423671, -0.0002199200728164,
 -0.0005045488744363, -0.0002060347312150,
 -0.0003832042810641, -0.0002079214525361,
 -0.0002669145970524, -0.0001920110828581,
 -0.0001459058874092, -0.0001916923841333,
 -0.0000309138215058, -0.0001740103843270,
  0.0000876837120717, -0.0001717632863234,
  0.0001993456525951, -0.0001525976026594,
  0.0003135534669025, -0.0001487296431713,
  0.0004199660313372, -0.0001283947937369,
  0.0005279345819411, -0.0001232358728521,
  0.0006273225199522, -0.0001020646623320,
  0.0007273603849486, -0.0000959586801007,
  0.0008181198421402, -0.0000742938072233,
  0.0009087192915436, -0.0000675902934765,
  0.0009894414628351, -0.0000457760481660,
  0.0010693001171116, -0.0000388219770125,
  0.0011387908421820, -0.0000171962146847,
  0.0012068291449622, -0.0000103281850997,
  0.0012641242064698,  0.0000107852482658,
  0.0013194985121891,  0.0000172483002733,
  0.0013638744850036,  0.0000375465348494,
  0.0014059856492421,  0.0000433099447654,
  0.0014369662245467,  0.0000625173085528,
  0.0014654636673536,  0.0000673164864171,
  0.0014828214625961,  0.0000851898668555,
  0.0014976027479055,  0.0000887951918731,
  0.0015013566906834,  0.0001051284466603,
  0.0015025627544855,  0.0001073491750588,
  0.0014929712008150,  0.0001219765265890,
  0.0014809774219952,  0.0001226636600221,
  0.0014585272515631,  0.0001354620340217,
  0.0014339306367154,  0.0001345101218210,
  0.0013993226092007,  0.0001454004156795,
  0.0013629254202506,  0.0001427482897376,
  0.0013170561636145,  0.0001516955822125,
  0.0012698463669606,  0.0001473260476143,
  0.0012137873976352,  0.0001543387847829,
  0.0011569163646314,  0.0001482773125951,
  0.0010918905861386,  0.0001534055271509,
  0.0010266485160211,  0.0001457180174596,
  0.0009540046797588,  0.0001490506589096,
  0.0008817942245617,  0.0001398403594501,
  0.0008029798559663,  0.0001415018300702,
  0.0007252884724302,  0.0001309055140358,
  0.0006418217762613,  0.0001310515198069,
  0.0005601933185739,  0.0001192350380776,
  0.0004736345865301,  0.0001180478758326,
  0.0003896406594586,  0.0001052012092385,
  0.0003015636994953,  0.0001028846199924,
  0.0002167752844987,  0.0000892165643505,
  0.0001287393658825,  0.0000859902863795,
  0.0000446992116485,  0.0000717229062160,
 -0.0000417779861927,  0.0000678170653633,
 -0.0001235817451488,  0.0000531800521874,
 -0.0002070497349759,  0.0000488295239286,
 -0.0002852082985749,  0.0000340545924014,
 -0.0003643075263068,  0.0000294934662555,
 -0.0004375140974930,  0.0000148089157837,
 -0.0005109974530034,  0.0000102651855717,
 -0.0005780675110297, -0.0000041092545474,
 -0.0006448192901294, -0.0000084186611373,
 -0.0007047081744586, -0.0000222765946824,
 -0.0007637602260128, -0.0000261503459188,
 -0.0008155777935560, -0.0000393029864741,
 -0.0008661226422643, -0.0000425593481900,
 -0.0009091448179888, -0.0000548392296455,
 -0.0009505456115418, -0.0000573194665797,
 -0.0009842227103280, -0.0000685835234608,
 -0.0010160199039512, -0.0000701546448762,
 -0.0010399816644782, -0.0000802866154806,
 -0.0010618964046936, -0.0000808434264897,
 -0.0010759537345092, -0.0000897555491764,
 -0.0010878879770980, -0.0000892219869167,
 -0.0010920314634261, -0.0000968559771308,
 -0.0010940649073865, -0.0000951857279812,
 -0.0010884602060734, -0.0001015130406298,
 -0.0010808441806113, -0.0000986894512347,
 -0.0010658244520686, -0.0001037108496106,
 -0.0010489729474602, -0.0000997461604659,
 -0.0010250285407001, -0.0001034906271283,
 -0.0009995066168071, -0.0000984245718632,
 -0.0009672722662828, -0.0001009476118767,
 -0.0009337821095364, -0.0000948454381113,
 -0.0008940219314489, -0.0000962268362598,
 -0.0008533868690871, -0.0000891768153250,
 -0.0008069774785358, -0.0000895179193043,
 -0.0007601242898404, -0.0000816284216073,
 -0.0007080363881600, -0.0000810490316463,
 -0.0006559762593470, -0.0000724452504859,
 -0.0005992550560398, -0.0000710802016889,
 -0.0005430635595856, -0.0000619006147406,
 -0.0004828084017983, -0.0000598961420587,
 -0.0004236048736619, -0.0000502888013552,
 -0.0003609484639562, -0.0000477987789880,
 -0.0002998751572179, -0.0000379175210418,
 -0.0002359627385411, -0.0000350996676218,
 -0.0001741641277990, -0.0000251003339006,
 -0.0001101329967277, -0.0000221124714170,
 -0.0000487355930030, -0.0000121492255844,
  0.0000143047009314, -0.0000091456765122,
  0.0000742116845730,  0.0000006325007291,
  0.0001351981265038,  0.0000035043007830,
  0.0001925809399057,  0.0000129568653199,
  0.0002505145201234,  0.0000155594697113,
  0.0003044115831598,  0.0000245572508197,
  0.0003583731776601,  0.0000267659581155,
  0.0004079100749778,  0.0000351937230264,
  0.0004570744993194,  0.0000368989371255,
  0.0005014770434700,  0.0000446575383154,
  0.0005451250811415,  0.0000457666931438,
  0.0005837302663570,  0.0000527747648300,
  0.0006212585132227,  0.0000532137857236,
  0.0006535232221831,  0.0000594089675040,
  0.0006844516340740,  0.0000591232532837,
  0.0007099590049524,  0.0000644629306629,
  0.0007339360723406,  0.0000634178516232,
  0.0007523994765768,  0.0000678794146381,
  0.0007692050023208,  0.0000660603334649,
  0.0007804696252996,  0.0000696409655382,
  0.0007900151182925,  0.0000670527985188,
  0.0007940571795918,  0.0000697688181365,
  0.0007963839214007,  0.0000664351640871,
  0.0007933076100053,  0.0000683209512076,
  0.0007885824887899,  0.0000642828243026,
  0.0007786147316129,  0.0000653893720481,
  0.0007671239776347,  0.0000607035826849,
  0.0007506071833868,  0.0000610967212168,
  0.0007327481721473,  0.0000558339553670,
  0.0007101311393285,  0.0000555923015803,
  0.0006864024558633,  0.0000498349539722,
  0.0006582296502326,  0.0000490476442251,
  0.0006292196362819,  0.0000428874644539,
  0.0005961190689926,  0.0000416517305572,
  0.0005624930979537,  0.0000351873434244,
  0.0005251630565418,  0.0000336059935984,
  0.0004876497867027,  0.0000269403549542,
  0.0004468446827332,  0.0000251192212025,
  0.0004062215648713,  0.0000183570705891,
  0.0003627371688895,  0.0000164024823027,
  0.0003198154795905,  0.0000096478508306,
  0.0002744738203785,  0.0000076641917485,
  0.0002300834967478,  0.0000010180203764,
  0.0001837177012254, -0.0000008945780331,
  0.0001386922503024, -0.0000073366591984,
  0.0000921315878966, -0.0000090844402654,
  0.0000472933340234, -0.0000152341267175,
  0.0000013487277291, -0.0000167316049672,
 -0.0000425053525642, -0.0000225096881082,
 -0.0000870551082651, -0.0000236812845782,
 -0.0001291667294127, -0.0000290191460733,
 -0.0001715878197663, -0.0000298005347679,
 -0.0002112496954672, -0.0000346413410711,
 -0.0002508650040822, -0.0000349804864971,
 -0.0002874319322912, -0.0000392800673116,
 -0.0003236314514070, -0.0000391379409047,
 -0.0003565300127153, -0.0000428653433755,
 -0.0003887797966863, -0.0000422163144103,
 -0.0004175165329085, -0.0000453540325139,
 -0.0004453660756200, -0.0000441859367537,
 -0.0004695340443733, -0.0000467298227989,
 -0.0004926219942598, -0.0000450437195786,
 -0.0005119056278989, -0.0000470025918856,
 -0.0005299637811510, -0.0000448122266512,
 -0.0005441420098521, -0.0000462071938805,
 -0.0005569975601084, -0.0000435381898909,
 -0.0005659451893355, -0.0000444017181386,
 -0.0005735212394733, -0.0000412905259762,
 -0.0005772086039887, -0.0000416652797819,
 -0.0005795229763671, -0.0000381579178784,
 -0.0005780139251149, -0.0000380954104408,
 -0.0005751763375536, -0.0000342460334986,
 -0.0005686246239625, -0.0000338051239667,
 -0.0005608323246578, -0.0000296744586423,
 -0.0005494765132895, -0.0000289197370967,
 -0.0005370084909715, -0.0000245734257930,
 -0.0005211655072474, -0.0000235735271007,
 -0.0005043754167412, -0.0000190804214190,
 -0.0004844328886298, -0.0000179063093663,
 -0.0004637408528190, -0.0000133367544104,
 -0.0004401484126234, -0.0000120600167227,
 -0.0004160318694236, -0.0000074841657811,
 -0.0003892915962710, -0.0000061753587844,
 -0.0003622753823970, -0.0000016615561973,
 -0.0003329315750101, -0.0000003886352334,
 -0.0003035774385169,  0.0000039980980949,
 -0.0002722059170301,  0.0000051712296173,
 -0.0002411016589772,  0.0000093705771110,
 -0.0002082987959087,  0.0000103853711707,
 -0.0001760472413214,  0.0000143429411916,
 -0.0001424189234481,  0.0000151473367157,
 -0.0001096269210558,  0.0000188157008749,
 -0.0000757776348977,  0.0000193650638878,
 -0.0000430452782304,  0.0000227045960856,
 -0.0000095675112545,  0.0000229624540323,
  0.0000225222359008,  0.0000259419584509,
  0.0000550581020130,  0.0000258805195899,
  0.0000859492033954,  0.0000284776411441,
  0.0001170043424613,  0.0000280780951336,
  0.0001461767532875,  0.0000302795112224,
  0.0001752525382456,  0.0000295321122586,
  0.0002022303958757,  0.0000313335094995,
  0.0002288761058771,  0.0000302374482912,
  0.0002532349256448,  0.0000316432930142,
  0.0002770544059058,  0.0000302063684385,
  0.0002984271824246,  0.0000312294839236,
  0.0003190843671428,  0.0000294675894510,
  0.0003371665023181,  0.0000301285568698,
  0.0003543897348254,  0.0000280650006346,
  0.0003689427374164,  0.0000283914041525,
  0.0003825278413712,  0.0000260560843260,
  0.0003933817658216,  0.0000260816235829,
  0.0004031938485706,  0.0000235100836586,
  0.0004102484630271,  0.0000232735789557,
  0.0004162224523015,  0.0000205059690701,
  0.0004194471490368,  0.0000200502861874,
  0.0004215870866006,  0.0000171302578557,
  0.0004210195716069,  0.0000165011803121,
  0.0004193967101346,  0.0000134747425255,
  0.0004151405235788,  0.0000127198189840,
  0.0004098902921155,  0.0000096341833960,
  0.0004021112379946,  0.0000088015778221,
  0.0003934291584044,  0.0000057040199182,
  0.0003823507335407,  0.0000048413907163,
  0.0003704873879768,  0.0000017781525551,
  0.0003563853168782,  0.0000009315853465,
  0.0003416404817882, -0.0000020531564572,
  0.0003248364782330, -0.0000028401398865,
  0.0003075525462407, -0.0000057052197688,
  0.0002884074318510, -0.0000063925564554,
  0.0002689622600989, -0.0000091006605450,
  0.0002478685770231, -0.0000096525283387,
  0.0002266679011589, -0.0000121709148234,
  0.0002040421627641, -0.0000125563876464,
  0.0001815117213610, -0.0000148574748278,
  0.0001577864480520, -0.0000150510409445,
  0.0001343639644673, -0.0000171128544606,
  0.0001099796475935, -0.0000170947909650,
  0.0000861068139959, -0.0000189012652183,
  0.0000615039540159, -0.0000186578655821,
  0.0000376185578806, -0.0000201989979267,
  0.0000132299133924, -0.0000197226528951,
 -0.0000102417582475, -0.0000209945125923,
 -0.0000339985795378, -0.0000202836480973,
 -0.0000566489320096, -0.0000212882452903,
 -0.0000793784192311, -0.0000203471241609,
 -0.0001008252223375, -0.0000210921472215,
 -0.0001221603341958, -0.0000199305444043,
 -0.0001420527713908, -0.0000204289765039,
 -0.0001616606389743, -0.0000190617400198,
 -0.0001796846431900, -0.0000193313684208,
 -0.0001972715203271, -0.0000177778804063,
 -0.0002131543219069, -0.0000178407137284,
 -0.0002284697157092, -0.0000161242677175,
 -0.0002419835430012, -0.0000160058780174,