timestep:         0.0036000000000000
yAxisLabel:acceleration [m/s2]  
title:bogies acceleration       
av1     
  0.0000000000000000
  0.0000000000000000
 -0.0000109324965113
 -0.0000719678109332
 -0.0002324573628121
 -0.0005248064153788
 -0.0009703618925405
 -0.0015859431266877
 -0.0023847450335658
 -0.0033775150805127
 -0.0045742147966471
 -0.0059880608320455
 -0.0076342004865659
 -0.0095098371499746
 -0.0115567573068643
 -0.0136695222236529
 -0.0158048625842116
 -0.0180926078508801
 -0.0207525554439785
 -0.0238885212899392
 -0.0274754449596869
 -0.0315179709167427
 -0.0360446362258704
 -0.0409973852123775
 -0.0463075185681549
 -0.0519860808585701
 -0.0580340997558709
 -0.0643694503065231
 -0.0708100160018234
 -0.0770773785707622
 -0.0829806157965798
 -0.0885987794112681
 -0.0941423447952931
 -0.0997147784173766
 -0.1052950965882364
 -0.1108514179813467
 -0.1163507909205402
 -0.1216786009776237
 -0.1266875102890850
 -0.1313270285182504
 -0.1356067880033779
 -0.1394314932795544
 -0.1425277984638581
 -0.1445442909700438
 -0.1452357095601861
 -0.1445895828306607
 -0.1427735263502466
 -0.1399649674176926
 -0.1362893762890165
 -0.1318472746817270
 -0.1266930388154374
 -0.1208254442288040
 -0.1142365267816714
 -0.1069878098122573
 -0.0992000158172325
 -0.0909096670471409
 -0.0819950350182469
 -0.0722512313343191
 -0.0615219335635466
 -0.0498182719137545
 -0.0373090442905351
 -0.0242364012172761
 -0.0108977749570317
  0.0024233421126580
  0.0155558171097932
  0.0283616413016816
  0.0406492897860054
  0.0522397406234144
  0.0630068454383942
  0.0728718606975298
  0.0818476873871399
  0.0900502375571345
  0.0976138938198832
  0.1046178810525168
  0.1110639688632360
  0.1168497791077781
  0.1217969728317549
  0.1257528665908657
  0.1286400890789860
  0.1303841046830459
  0.1308439865053360
  0.1299162566101524
  0.1276551750270527
  0.1241924016568008
  0.1196530714274885
  0.1142063273774911
  0.1080898797551135
  0.1015606961181944
  0.0948224062372423
  0.0879958817126583
  0.0811656339043637
  0.0744258374599089
  0.0678666689675203
  0.0614975141123575
  0.0552219209680800
  0.0489830093171357
  0.0428950901919455
  0.0371559673153717
  0.0319169944632088
  0.0272972364876609
  0.0234312578798437
  0.0204586062155116
  0.0184860518915059
  0.0175672040420829
  0.0177540368182303
  0.0191406395005658
  0.0217652709594853
  0.0254877682945129
  0.0300491795290270
  0.0352373303961897
  0.0409543989999716
  0.0471897629744271
  0.0539532504890726
  0.0612010101342366
  0.0688294306200072
  0.0767006705146706
  0.0846553270939236
  0.0925459579689368
  0.1002893843961043
  0.1078780043458271
  0.1152760568935650
  0.1223007570473199
  0.1286683367398692
  0.1341301984766333
  0.1385341164999397
  0.1418276910137434
  0.1440530036693171
  0.1452785464063926
  0.1454813627495355
  0.1445299975374674
  0.1422897035654739
  0.1386963837526731
  0.1337657900505938
  0.1275877655616639
  0.1202724184821021
  0.1118730047891240
  0.1023825624601497
  0.0917953371972228
  0.0801539434004544
  0.0675936032003870
  0.0543849002683621
  0.0408581673300721
  0.0272335525913741
  0.0135824664316125
 -0.0000584076726269
 -0.0136121499025368
 -0.0269646894522033
 -0.0399936945463504
 -0.0525857278602909
 -0.0646173503119413
 -0.0759695994580668
 -0.0865745175454304
 -0.0963842535110741
 -0.1052691287366287
 -0.1129810370202277
 -0.1192479275685260
 -0.1238977989074838
 -0.1268904268853953
 -0.1282471058103498
 -0.1279908125727885
 -0.1261780849412775
 -0.1229359039641723
 -0.1184306807311393
 -0.1128097035129401
 -0.1061813595878411
 -0.0986644649308438
 -0.0904008452655767
 -0.0814604183351117
 -0.0718010634111870
 -0.0613722188167591
 -0.0502002356658030
 -0.0383579820697875
 -0.0259185465061463
 -0.0129714285894609
  0.0003342668279135
  0.0137691311801316
  0.0270368651845853
  0.0398292645823877
  0.0518975700819968
  0.0630640768193259
  0.0732028098901026
  0.0822742524265427
  0.0903296789492598
  0.0974217843376559
  0.1035678780596966
  0.1088127886081854
  0.1132527441366423
  0.1169924304739156
  0.1201000503042175
  0.1225657340012024
  0.1242773304975187
  0.1250473004431817
  0.1246890933833883
  0.1231111129709986
  0.1203552131493307
  0.1165507730820712
  0.1118519411970153
  0.1063979855707124
  0.1003136790422131
  0.0937524443433473
  0.0869154626003832
  0.0800279934194970
  0.0733127018920905
  0.0669381741130751
  0.0609366550321232
  0.0551807362203100
  0.0494720211793011
  0.0436769649976032
  0.0378005775858881
  0.0319376786206218
  0.0261705218987255
  0.0205371540077255
  0.0150748938816009
  0.0098437492220871
  0.0049105058745339
  0.0003660352583987
 -0.0036416684913852
 -0.0069664930552174
 -0.0095923079610467
 -0.0116778612150805
 -0.0134732991342405
 -0.0151995929541214
 -0.0169698493071295
 -0.0188077018640676
 -0.0207387879744820
 -0.0228188440152227
 -0.0250852624065866
 -0.0275550436518163
 -0.0302538193608004
 -0.0331806361457125
 -0.0362533702860825
 -0.0393465435866606
 -0.0424064302318887
 -0.0455055595468792
 -0.0487825270330299
 -0.0523551162108769
 -0.0562803977981553
 -0.0605629369320883
 -0.0651855860666721
 -0.0701293805677304
 -0.0753659944902762
 -0.0808521587340353
 -0.0865461954696746
 -0.0923989612068309
 -0.0983187579539719
 -0.1041918586227967
 -0.1099432062719052
 -0.1155500118882052
 -0.1210103296620889
 -0.1263149292152249
 -0.1314378991602730
 -0.1361363061151428
 -0.1401168060387642
 -0.1434496514696411
 -0.1462672045036887
 -0.1485593545028518
 -0.1503178781165204
 -0.1515364687870789
 -0.1522107593558896
 -0.1523383377277975
 -0.1519187554988948
 -0.1509535295193448
 -0.1494461364201015
 -0.1474020000881582
 -0.1448284721526730
 -0.1417348055357230
 -0.1381321211963067
 -0.1340333681529680
 -0.1294532769301352
 -0.1244083066268227
 -0.1189165857675737
 -0.1129978471603847
 -0.1066733569866715
 -0.0999658383998380
 -0.0928993898836943
 -0.0854993986640590
 -0.0777924495074353
 -0.0698062292141602
 -0.0615694271531185
 -0.0531116322012933
 -0.0444632264508847
 -0.0356552760706667
 -0.0267194197115304
 -0.0176877548638781
 -0.0085927225581236
  0.0005330091599274
  0.0096566625672538
  0.0187454679920752
  0.0277667815174353
  0.0366882022278015
  0.0454776885723029
  0.0541036734479984
  0.0625351775774269
  0.0707419207644941
  0.0786944306277859
  0.0863641484558096
  0.0937235317635120
  0.1007461532028232
  0.1074067954627252
  0.1136815418019680
  0.1195478619473251
  0.1249846929893631
  0.1299725150113772
  0.1344934211718228
  0.1385311819683317
  0.1420713035182739
  0.1451010796039401
  0.1476096372601830
  0.1495879757731974
  0.1510289990007466
  0.1519275408243183
  0.1522803836710541
  0.1520862700347113
  0.1513459069313234
  0.1500619633508149
  0.1482390606350502
  0.1458837558442645
  0.1430045181702295
  0.1396116984590614
  0.1357174920199047
  0.1313358948083637
  0.1264826531037214
  0.1211752069054510
  0.1154326272844707
  0.1092755478565442
  0.1027260906419122
  0.0958077865811396
  0.0885454909779685
  0.0809652942179170
  0.0730944280379397
  0.0649611676940528
  0.0565947303843864
  0.0480251702838372
  0.0392832705904085
  0.0304004329540629
  0.0214085646692488
  0.0123399640635372
  0.0032272044866474
 -0.0058969826870039
 -0.0149998256272442
 -0.0240486297572134
 -0.0330108951764789
 -0.0418544333933410
 -0.0505474829292752
 -0.0590588233938555
 -0.0673578876107709
 -0.0754148713823459
 -0.0832008405337913
 -0.0906878348309587
 -0.0978489683812744
 -0.1046585261654887
 -0.1110920563955767
 -0.1171264583142106
 -0.1227400651453829
 -0.1279127218898103
 -0.1326258576665887
 -0.1368625524088211
 -0.1406075976046408
 -0.1438475508937616
 -0.1465707843166553
 -0.1487675260212153
 -0.1504298953476557
 -0.1515519311194295
 -0.1521296129999688
 -0.1521608758767692
 -0.1516456172699707
 -0.1505856976645865
 -0.1489849337933191
 -0.1468490848918881
 -0.1441858319540256
 -0.1410047501340902
 -0.1373172743217733
 -0.1331366580369650
 -0.1284779257929341
 -0.1233578190795899
 -0.1177947362196202
 -0.1118086662736009
 -0.1054211171970212
 -0.0986550385499256
 -0.0915347390600327
 -0.0840857992892398
 -0.0763349797297096
 -0.0683101246651366
 -0.0600400621318770
 -0.0515545003698717
 -0.0428839211046862
 -0.0340594700481077
 -0.0251128450182380
 -0.0160761820768332
 -0.0069819401008604
  0.0021372158041749
  0.0112485316380471
  0.0203192821463169
  0.0293168883628450
  0.0382090346196878
  0.0469637846154858
  0.0555496961158138
  0.0639359338654658
  0.0720923803371982
  0.0799897439009139
  0.0875996640109622
  0.0948948130383424
  0.1018489944213671
  0.1084372367341637
  0.1146358833587292
  0.1204226774295220
  0.1257768417275678
  0.1306791533013918
  0.1351120124809485
  0.1390595060643525
  0.1425074644432520
  0.1454435124402073
  0.1478571137445538
  0.1497396087422027
  0.1510842455659651
  0.1518862042910133
  0.1521426142382869
  0.1518525642494250
  0.1510171059249754
  0.1496392498112825
  0.1477239545271097
  0.1452781089443602
  0.1423105074103742
  0.1388318181263884
  0.1348545447955724
  0.1303929816579654
  0.1254631621360023
  0.1200828012332144
  0.1142712318566832
  0.1080493353356576
  0.1014394664128757
  0.0944653729270661
  0.0871521104897396
  0.0795259524675750
  0.0716142955815374
  0.0634455614981775
  0.0550490947299385
  0.0464550572178156
  0.0376943199820882
  0.0287983522243380
  0.0197991082930515
  0.0107289129078410
  0.0016203450435705
 -0.0074938790862644
 -0.0165810235403156
 -0.0256084502261262
 -0.0345437361295255
 -0.0433547897661583
 -0.0520099664306211
 -0.0604781818559519
 -0.0687290238475240
 -0.0767328615072182
 -0.0844609516459880
 -0.0918855419900436
 -0.0989799708534943
 -0.1057187628921863
 -0.1120777205731999
 -0.1180340110454425
 -0.1235662481444740
 -0.1286545691779271
 -0.1332807062425006
 -0.1374280518084865
 -0.1410817183157094
 -0.1442285916388430
 -0.1468573781565057
 -0.1489586452841891
 -0.1505248553196496
 -0.1515503924564738
 -0.1520315829409117
 -0.1519667082523031
 -0.1513560112198939
 -0.1502016950948893
 -0.1485079156278052
 -0.1462807661068216
 -0.1435282554374983
 -0.1402602793415803
 -0.1364885847571266
 -0.1322267276373727
 -0.1274900242293432
 -0.1222954960292146
 -0.1166618086139670
 -0.1106092045513196
 -0.1041594306817963
 -0.0973356599980331
 -0.0901624083702719
 -0.0826654464578967
 -0.0748717071406061
 -0.0668091887634455
 -0.0585068545521998
 -0.0499945285669026
 -0.0413027885593988
 -0.0324628561406664
 -0.0235064846316267
 -0.0144658450006419
 -0.0053734103056698
  0.0037381609450055
  0.0128361420959047
  0.0218878558908727
  0.0308607918432296
  0.0397227229944273
  0.0484418216655994
  0.0569867737644927