timestep:         0.0031024977497750
yAxisLabel:acceleration [m/s2]  
title:bogies acceleration       
av1,    
  0.0000000000000000,
  0.0000000000000000,
 -0.0000314759987079,
 -0.0001528595416481,
 -0.0003589394570138,
 -0.0006223271066194,
 -0.0009362053081686,
 -0.0013010666634647,
 -0.0017437641535424,
 -0.0022770713385780,
 -0.0028757893861181,
 -0.0034853659804476,
 -0.0040711063830543,
 -0.0046121221862109,
 -0.0051089851820248,
 -0.0056173558231190,
 -0.0061889220334417,
 -0.0068415649118618,
 -0.0075578575460361,
 -0.0083017402163002,
 -0.0090287089524090,
 -0.0097030883973665,
 -0.0103483837327422,
 -0.0109931606782054,
 -0.0116403389581251,
 -0.0122995819563395,
 -0.0129485553415275,
 -0.0135362600566012,
 -0.0140492877243240,
 -0.0145153632846625,
 -0.0149516099601373,
 -0.0153864461966124,
 -0.0158878129204584,
 -0.0164844510485825,
 -0.0171299028077984,
 -0.0177740529522908,
 -0.0183808106469881,
 -0.0188933272300571,
 -0.0192836800483608,
 -0.0195782213981868,
 -0.0198250410523920,
 -0.0200784746978696,
 -0.0203752302579168,
 -0.0207157960362304,
 -0.0210667998512125,
 -0.0214187492841297,
 -0.0217803887750166,
 -0.0221177493219894,
 -0.0224417029438671,
 -0.0228160543243010,
 -0.0232104382346068,
 -0.0235669629437501,
 -0.0238994232055273,
 -0.0241883908425263,
 -0.0243936073925384,
 -0.0245654560440605,
 -0.0247661790981427,
 -0.0249995501620529,
 -0.0252822506806499,
 -0.0256267985659211,
 -0.0260160102210360,
 -0.0264633160631131,
 -0.0269941530887585,
 -0.0275630491166974,
 -0.0280726094534675,
 -0.0284677189345694,
 -0.0287880478049713,
 -0.0291364415113282,
 -0.0295611767983880,
 -0.0300470970056347,
 -0.0306108101947073,
 -0.0312712215043504,
 -0.0319842374178989,
 -0.0326781489560600,
 -0.0333193456588813,
 -0.0339304006113336,
 -0.0345670702529497,
 -0.0353003670140239,
 -0.0361667814579097,
 -0.0371076207862860,
 -0.0380253816242003,
 -0.0388737738493666,
 -0.0396702270203114,
 -0.0404849049347504,
 -0.0414119464928292,
 -0.0424863545322401,
 -0.0436173996241422,
 -0.0446549001346280,
 -0.0454957962671212,
 -0.0461423999769932,
 -0.0467214173983691,
 -0.0474045236702259,
 -0.0482703892171427,
 -0.0492274051810449,
 -0.0501074872046608,
 -0.0508563761841759,
 -0.0515561684098623,
 -0.0522790500381810,
 -0.0530425267685450,
 -0.0538616978688956,
 -0.0546962649095969,
 -0.0554287389784288,
 -0.0560050002184125,
 -0.0564846055247900,
 -0.0569137745561792,
 -0.0572701117976069,
 -0.0575526255368468,
 -0.0578283480155100,
 -0.0581604410808815,
 -0.0585568544216794,
 -0.0589993920987034,
 -0.0594634999371210,
 -0.0599120270677409,
 -0.0602774250847591,
 -0.0604667726812073,
 -0.0604498485752268,
 -0.0602975395756757,
 -0.0600717976507528,
 -0.0597663799724347,
 -0.0594030424605935,
 -0.0590620523927498,
 -0.0587933464481989,
 -0.0586103502516222,
 -0.0585184706005947,
 -0.0584821176266459,
 -0.0584529370163143,
 -0.0584270450771491,
 -0.0583983505406719,
 -0.0583037938155716,
 -0.0580780912844068,
 -0.0577391439531557,
 -0.0573743018173934,
 -0.0570414728062279,
 -0.0567579549590730,
 -0.0565851891273076,
 -0.0565940439481819,
 -0.0567640982104553,
 -0.0570349027818230,
 -0.0573887081573912,
 -0.0578179726628181,
 -0.0582740095087092,
 -0.0586596950208250,
 -0.0588950793216871,
 -0.0589975452450191,
 -0.0590402370171229,
 -0.0590645268836278,
 -0.0590703385561968,
 -0.0590449968144319,
 -0.0589995370484324,
 -0.0589698025026547,
 -0.0589732001437794,
 -0.0590234641758661,
 -0.0591296959070438,
 -0.0592189067208546,
 -0.0591485648684120,
 -0.0588305954284031,
 -0.0583099700505610,
 -0.0577186135181813,
 -0.0571608402229312,
 -0.0566534509234135,
 -0.0561765448569143,
 -0.0557187029003090,
 -0.0552566952163596,
 -0.0547892539593932,
 -0.0543560734947854,
 -0.0539740142522145,
 -0.0536306932749788,
 -0.0532766665578531,
 -0.0527864702810260,
 -0.0520456783391499,
 -0.0510546978920038,
 -0.0498823684745200,
 -0.0485834045094750,
 -0.0471938623363307,
 -0.0457553686455974,
 -0.0443162937286318,
 -0.0429213925611355,
 -0.0415854495625409,
 -0.0402671585825240,
 -0.0389137236788948,
 -0.0375376824035564,
 -0.0361951769538586,
 -0.0349158683733848,
 -0.0336922160376100,
 -0.0324784532089777,
 -0.0312043698806714,
 -0.0298135941116598,
 -0.0282749485068906,
 -0.0266003479782825,
 -0.0248407986880176,
 -0.0230287055619704,
 -0.0211348472605151,
 -0.0190950132855237,
 -0.0168965775423036,
 -0.0146020357169181,
 -0.0122886079643564,
 -0.0100285803742186,
 -0.0078856204025841,
 -0.0058885615253765,
 -0.0040258394471268,
 -0.0022532341457001,
 -0.0005375098027449,
  0.0011149993853235,
  0.0027130656201901,
  0.0043208887729389,
  0.0060258562857847,
  0.0078778456878823,
  0.0098520727834031,
  0.0118673540217829,
  0.0138388073182859,
  0.0157156853319367,
  0.0174799587969597,
  0.0191419496009645,
  0.0207321508558726,
  0.0222664785783441,
  0.0237490224319470,
  0.0252016238719572,
  0.0266502565949714,
  0.0281002818551067,
  0.0295584610748053,
  0.0310727323455045,
  0.0326897615597561,
  0.0343712389432304,
  0.0360081196787821,
  0.0374873212921170,
  0.0387308582712550,
  0.0397448855003147,
  0.0406387946405815,
  0.0415435145170091,
  0.0425061585224088,
  0.0434844703441901,
  0.0444312754393815,
  0.0453487771533938,
  0.0462616400241531,
  0.0471785027391805,
  0.0480986258554926,
  0.0490246658423119,
  0.0499400837965440,
  0.0508019453775960,
  0.0515797770263548,
  0.0522631179669231,
  0.0528284055439942,
  0.0532498430475114,
  0.0535355060411889,
  0.0537422564962307,
  0.0539605499157801,
  0.0542540335299869,
  0.0546149165230375,
  0.0549926621991717,
  0.0553403228518464,
  0.0556355843643090,
  0.0558892224403073,
  0.0561382082574299,
  0.0564130111487748,
  0.0567019060632863,
  0.0569544944664674,
  0.0571242546914105,
  0.0572035791015435,
  0.0572181054071446,
  0.0572144611249729,
  0.0572485526834362,
  0.0573438834643347,
  0.0574842929897871,
  0.0576735020803581,
  0.0579532504487307,
  0.0583614368477501,
  0.0589133752126281,
  0.0595901674845558,
  0.0603348644051491,
  0.0611038121961704,
  0.0618995969105861,
  0.0627340129724073,
  0.0635970644440571,
  0.0644675585176004,
  0.0653191182801815,
  0.0661083935505095,
  0.0667942465619164,
  0.0673790681878875,
  0.0679005432360140,
  0.0683857455640364,
  0.0688453248521894,
  0.0692930447056457,
  0.0697255629173866,
  0.0701099566941280,
  0.0704210758309411,
  0.0706609714133073,
  0.0708474131506716,
  0.0710045947395436,
  0.0711338331200331,
  0.0711957602378778,
  0.0711524522502937,
  0.0709992168246494,
  0.0707500922326003,
  0.0704417807455044,
  0.0701412958702290,
  0.0699125677000722,
  0.0697795381643982,
  0.0697204001382928,
  0.0696865322330917,
  0.0696191177700411,
  0.0694688954858858,
  0.0692387024785841,
  0.0689796545558149,
  0.0687137436657091,
  0.0684094031630664,
  0.0680430345095215,
  0.0676286095976194,
  0.0671878540974323,
  0.0667234374118017,
  0.0662238727190927,
  0.0656797455109357,
  0.0650873135292026,
  0.0644510032743346,
  0.0637768341547498,
  0.0630431126874479,
  0.0622008342514948,
  0.0612243255047758,
  0.0601417073599465,
  0.0590037662479124,
  0.0578392812381606,
  0.0566528342675620,
  0.0554506495968798,
  0.0542541222068575,
  0.0530934104187791,
  0.0519972631398517,
  0.0509787512789110,
  0.0500329520899438,
  0.0491504036056938,
  0.0483105555937998,
  0.0474750175338147,
  0.0466150258623549,
  0.0457286346340725,
  0.0448165187038882,
  0.0438719963407263,
  0.0429080823819177,
  0.0419675261941709,
  0.0410904007783037,
  0.0402913475645185,
  0.0395751530549380,
  0.0389485642737318,
  0.0384148734974709,
  0.0379728354431286,
  0.0376090250154038,
  0.0373022836155200,
  0.0370602182015176,
  0.0369178908995641,
  0.0368890890386889,
  0.0369478738982047,
  0.0370458465557697,
  0.0371370892008408,
  0.0371989663520131,
  0.0372338822312594,
  0.0372565018097132,
  0.0372823060447538,
  0.0373231840512642,
  0.0373817520360197,
  0.0374501310190719,
  0.0375279029109123,
  0.0376346984663729,
  0.0377920354495025,
  0.0380041146630439,
  0.0382618739650321,
  0.0385493660884362,
  0.0388391762825702,
  0.0390896322742866,
  0.0392640758715953,
  0.0393609647198135,
  0.0394113964183628,
  0.0394434604685015,
  0.0394653949305661,
  0.0394858003125449,
  0.0395320122205436,
  0.0396385179429566,
  0.0398171238674575,
  0.0400397433862486,
  0.0402593415106537,
  0.0404525309031450,
  0.0406224684699375,
  0.0407601772636925,
  0.0408307290998000,
  0.0407997407492074,
  0.0406616655405783,
  0.0404382562590735,
  0.0401606836139688,
  0.0398666218363579,
  0.0396013370160342,
  0.0394095811112870,
  0.0393323612820510,
  0.0394044826028888,
  0.0396348981478800,
  0.0399860424231082,
  0.0403905903104776,
  0.0407921368455658,
  0.0411621344249447,
  0.0414889929150160,
  0.0417623563487703,
  0.0419696457601475,
  0.0421061756236741,
  0.0421782194664422,
  0.0421882016817498,
  0.0421236299518326,
  0.0419755830663652,
  0.0417640949860711,
  0.0415192958404995,
  0.0412538197680890,
  0.0409722569222016,
  0.0406795125669770,
  0.0403728580549032,
  0.0400462999177850,
  0.0396985213422076,
  0.0393349187696823,
  0.0389836952698550,
  0.0387013882690820,
  0.0385344229990326,
  0.0384751356287141,
  0.0384688493348892,
  0.0384599993193808,
  0.0384340523841844,
  0.0384250202924007,
  0.0384806019827671,
  0.0386210787596036,
  0.0388250242747427,
  0.0390332448402194,
  0.0391739357315393,
  0.0392123580056240,
  0.0391721765040786,
  0.0391005716147352,
  0.0390273027707400,
  0.0389524295797304,
  0.0388563513251615,
  0.0387195321097801,
  0.0385361012079664,
  0.0383127330489294,
  0.0380606115622057,
  0.0377961403254118,
  0.0375448775510153,
  0.0373287615417892,
  0.0371491175489531,
  0.0369950513278773,
  0.0368632135248484,
  0.0367583692249698,
  0.0366855857808002,
  0.0366483458730521,
  0.0366442724981100,
  0.0366617067535260,
  0.0366903721336987,
  0.0367400703147736,
  0.0368424571838160,
  0.0370235589303596,
  0.0372744288464775,
  0.0375562429235271,
  0.0378245943216417,
  0.0380423097760299,
  0.0381889084382790,
  0.0382650683436836,
  0.0382795575733380,
  0.0382380893426185,
  0.0381428112668627,
  0.0379892102499578,
  0.0377659502964458,
  0.0374694396333964,
  0.0371196793844015,
  0.0367562566818764,
  0.0364160690145062,
  0.0361072116464143,
  0.0357992574490218,
  0.0354444572100050,
  0.0350063892673022,
  0.0344646973185549,
  0.0338094417739730,
  0.0330446845208020,
  0.0321881143901737,
  0.0312626021679161,
  0.0302874993701494,
  0.0292722364437006,
  0.0282211196439476,
  0.0271412160932961,
  0.0260423070152375,
  0.0249367058300136,
  0.0238316547577564,
  0.0227096607873181,
  0.0215268723519130,
  0.0202447802879315,
  0.0188511198685404,
  0.0173540633710489,
  0.0157729705697894,
  0.0141303976340740,
  0.0124462357631923,
  0.0107317916653904,
  0.0089834791036095,
  0.0071927024035912,
  0.0053722762853781,
  0.0035661340546312,
  0.0018243406497219,
  0.0001708436205015,
 -0.0013984352717071,
 -0.0028977396194805,
 -0.0043358006068379,
 -0.0057048676403185,
 -0.0069842917454841,
 -0.0081643961813441,
 -0.0092686445853869,
 -0.0103451833074895,
 -0.0114352376872480,
 -0.0125499131681430,
 -0.0136750282086831,
 -0.0147960161651251,
 -0.0159107265636331,
 -0.0170134918495520,
 -0.0180736431781380,
 -0.0190376587148146,
 -0.0198549917176244,
 -0.0205065078276129,
 -0.0210106771367543,
 -0.0214025828805040,
 -0.0217137535001954,
 -0.0219695464978105,
 -0.0221945590614892,
 -0.0224209173318328,
 -0.0226903798448784,
 -0.0230421632852556,
 -0.0234971140121672,
 -0.0240557860244326,
 -0.0247079809179969,
 -0.0254357151425060,
 -0.0262122705753288,
 -0.0270074694186138,
 -0.0277898281276091,
 -0.0285227611096987,
 -0.0291730089114345,
 -0.0297283676274107,
 -0.0302011479852632,
 -0.0306174589722930,
 -0.0310057643350879,
 -0.0313868670643708,
 -0.0317644512004127,
 -0.0321195350614037,
 -0.0324174580875890,
 -0.0326288309856128,
 -0.0327466638701829,
 -0.0327836672731422,
 -0.0327580493840113,
 -0.0326827234286406,
 -0.0325633424298594,
 -0.0324069617309554,
 -0.0322332458947479,
 -0.0320766712247503,
 -0.0319774002942659,
 -0.0319678940633656,
 -0.0320631854945482,
 -0.0322543034185646,
 -0.0325071444520594,
 -0.0327708580019254,
 -0.0329954222085660,
 -0.0331572509711732,
 -0.0332782956611219,
 -0.0334116283877919,
 -0.0335983337228676,
 -0.0338428937936884,
 -0.0341269200140347,
 -0.0344354890334772,
 -0.0347724972094169,
 -0.0351510178408811,
 -0.0355775898912968,
 -0.0360477270223523,
 -0.0365478648699228,
 -0.0370657101649971,
 -0.0375985332435679,
 -0.0381451404809307,
 -0.0386892023709882,
 -0.0392002537469667,
 -0.0396602774130845,
 -0.0400799995104297,
 -0.0404823627080018,
 -0.0408804792247597,
 -0.0412742095207832,
 -0.0416606098023959,
 -0.0420372102984357,
 -0.0423980821346320,
 -0.0427383823553780,
 -0.0430637376701282,
 -0.0433874768023396,
 -0.0437146631637459,
 -0.0440368622273419,
 -0.0443437516332022,
 -0.0446319315969579,
 -0.0449023659496223,
 -0.0451515651618296,
 -0.0453664674962277,
 -0.0455267254001385,
 -0.0456120387716578,
 -0.0456137502973832,
 -0.0455425522221969,
 -0.0454205995968888,
 -0.0452622103323679,
 -0.0450665622634387,
 -0.0448303944917210,
 -0.0445617810127322,
 -0.0442827709757837,
 -0.0440225452371420,
 -0.0438035714117501,
 -0.0436288464775901,
 -0.0434860691592968,
 -0.0433669307166565,
 -0.0432790604532739,
 -0.0432390889875668,
 -0.0432581014126468,
 -0.0433367896914377,
 -0.0434675675750063,
 -0.0436350145487571,
 -0.0438185592532440,
 -0.0439974817961211,
 -0.0441560193788070,
 -0.0442863110644387,
 -0.0443862110386804,
 -0.0444560741340935,
 -0.0444973147758665,
 -0.0445111560488832,
 -0.0444977037827588,
 -0.0444570204583620,
 -0.0443889267403208,
 -0.0442907533642033,
 -0.0441579243425301,
 -0.0439857750894818,
 -0.0437721314790511,
 -0.0435231001616922,
 -0.0432546722889377,
 -0.0429827618308504,
 -0.0427127327155371,
 -0.0424437774529921,
 -0.0421802203259109,
 -0.0419338668614980,
 -0.0417217538118107,
 -0.0415698716427272,
 -0.0415133471913477,
 -0.0415811253792821,
 -0.0417791590977428,
 -0.0420892392040624,
 -0.0424838325325997,
 -0.0429478699129926,
 -0.0434891374108981,
 -0.0441245588827115,
 -0.0448520949962071,
 -0.0456422468769143,
 -0.0464530818019545,
 -0.0472472948188316,
 -0.0480035104136841,
 -0.0487175631779777,
 -0.0493954782077499,
 -0.0500446772211076,
 -0.0506673976248403,
 -0.0512611409193958,
 -0.0518262473718992,
 -0.0523700147510270,
 -0.0529005912713257,
 -0.0534178860688870,
 -0.0539176294866465,
 -0.0544016198947514,
 -0.0548764157342332,
 -0.0553399443808100,
 -0.0557738084243796,
 -0.0561559788914155,
 -0.0564774684242922,
 -0.0567417087717389,
 -0.0569505988189586,
 -0.0570972657692274,
 -0.0571750039150327,
 -0.0571904273593127,
 -0.0571677040632174,
 -0.0571414401419017,
 -0.0571469058675663,
 -0.0572139305903123,
 -0.0573611254128702,
 -0.0575915362664628,
 -0.0578929233507303,
 -0.0582408855669084,
 -0.0586012665967622,
 -0.0589343269978412,
 -0.0592048044910529,
 -0.0593900410492908,
 -0.0594780949591756,
 -0.0594585579868538,
 -0.0593170623494961,
 -0.0590427865452143,
 -0.0586403846659183,
 -0.0581310759748421,
 -0.0575438843348417,
 -0.0569068316386819,
 -0.0562395529641746,
 -0.0555487680065218,
 -0.0548316325013807,
 -0.0540847493390554,
 -0.0533126511085371,
 -0.0525295303422793,
 -0.0517523302336655,
 -0.0509916631464307,
 -0.0502476496038969,
 -0.0495148670371225,
 -0.0487930234384582,
 -0.0480928237020127,
 -0.0474310388835394,
 -0.0468209977794376,
 -0.0462660295465956,
 -0.0457563443486761,
 -0.0452719815654921,
 -0.0447919500771179,
 -0.0443021426501189,
 -0.0437964905472552,
 -0.0432720996256385,
 -0.0427241858086635,
 -0.0421466472864959,
 -0.0415369021695203,
 -0.0408999616097935,
 -0.0402535203176875,
 -0.0396319720952829,
 -0.0390780769185394,
 -0.0386238255472950,
 -0.0382758865651751,
 -0.0380174540802738,
 -0.0378252858035546,
 -0.0376850726556076,
 -0.0375922479354207,
 -0.0375377970759797,
 -0.0375035366235645,
 -0.0374708490280094,
 -0.0374239526956735,
 -0.0373513798581497,
 -0.0372440775792920,
 -0.0370896852956325,
 -0.0368727577843485,
 -0.0365782885017452,
 -0.0361943417681343,
 -0.0357146940932917,
 -0.0351387566268387,
 -0.0344683349582920,
 -0.0337041990839104,
 -0.0328496136475775,
 -0.0319176947823547,
 -0.0309318011060771,
 -0.0299156279223360,
 -0.0288812825636064,
 -0.0278262899192961,
 -0.0267394490229623,
 -0.0256091716956033,
 -0.0244289642136979,
 -0.0231985678218254,
 -0.0219242549305132,
 -0.0206212562361155,
 -0.0193144368407020,
 -0.0180305040232299,
 -0.0167862406737614,
 -0.0155852827904841,
 -0.0144249130857155,
 -0.0133020442292157,
 -0.0122124771239508,
 -0.0111470567210082,
 -0.0100889704842003,
 -0.0090184250874645,
 -0.0079250263585731,
 -0.0068140681321039,
 -0.0056980914151723,
 -0.0045835184776830,
 -0.0034680971805270,
 -0.0023495371226074,
 -0.0012344925561307,
 -0.0001405269085015,
  0.0009115577989715,
  0.0019094035931476,
  0.0028571882234293,
  0.0037772332710841,
  0.0047060743199742,
  0.0056873458985764,
  0.0067610810129767,
  0.0079504634904725,
  0.0092537690029206,
  0.0106502258522324,
  0.0121156524029713,
  0.0136330301003030,
  0.0151911719557851,
  0.0167765723665194,
  0.0183691352732103,
  0.0199467254003087,
  0.0214915011710522,
  0.0229930398708567,
  0.0244474015647787,
  0.0258522762717062,
  0.0272045609734515,
  0.0285025384240485,
  0.0297477711028273,
  0.0309430782983180,
  0.0320882570796117,
  0.0331805741672253,
  0.0342213863539863,
  0.0352201819547664,
  0.0361913717183967,
  0.0371475670295928,
  0.0380947366226393,
  0.0390335125955563,
  0.0399635403325031,
  0.0408855447543719,
  0.0418016434760608,
  0.0427156401342818,
  0.0436370732147711,
  0.0445727045046565,
  0.0455139046069363,
  0.0464410246314215,
  0.0473338684288574,
  0.0481823955719383,
  0.0489911169097701,
  0.0497726616528052,
  0.0505385385928864,
  0.0512948470419265,
  0.0520439659347076,
  0.0527872195049193,
  0.0535241417101791,
  0.0542516439313894,
  0.0549657761211841,
  0.0556636444396745,
  0.0563407839206007,
  0.0569886283675000,
  0.0575978717323619,
  0.0581638391186513,
  0.0586885104945280,
  0.0591765975808832,
  0.0596308374554636,
  0.0600511978030620,
  0.0604372767735928,
  0.0607931350653783,
  0.0611314072164088,
  0.0614729741795496,
  0.0618412210029738,
  0.0622550329562283,
  0.0627235358053396,
  0.0632446461097884,
  0.0638100647951508,
  0.0644126423843326,
  0.0650478295912442,
  0.0657051062206849,
  0.0663596235477878,
  0.0669771312914951,
  0.0675280672921375,
  0.0679980918982023,
  0.0683869835962001,
  0.0686966646595261,
  0.0689205127117106,
  0.0690464878353032,
  0.0690707451138776,
  0.0690065297511093,
  0.0688810232405827,
  0.0687244157107462,
  0.0685589147105025,
  0.0683952101675773,
  0.0682364827104192,
  0.0680839470360745,
  0.0679412863886842,
  0.0678170396558826,
  0.0677228977361542,
  0.0676691312038206,
  0.0676596255210650,
  0.0676866780958743,
  0.0677291595041358,
  0.0677582742280607,
  0.0677477233232467,
  0.0676803594776491,
  0.0675463033135793,
  0.0673380076671632,
  0.0670514879924380,
  0.0666928011511540,
  0.0662784965682969,
  0.0658246332080391,
  0.0653360242107261,
  0.0648065650648666,
  0.0642278794814510,
  0.0635977398511775,
  0.0629225149779130,
  0.0622137413578249,
  0.0614818773197570,
  0.0607318918014695,
  0.0599635505294098,
  0.0591744071819748,
  0.0583633186800963,
  0.0575333105641624,
  0.0566953446713473,
  0.0558605735455618,
  0.0550326544290873,
  0.0542159351094160,
  0.0534231689193536,
  0.0526747942259726,
  0.0519903249794774,
  0.0513802306521858,
  0.0508453553334091,
  0.0503802383682489,
  0.0499786688905657,
  0.0496399795815938,
  0.0493696256591214,
  0.0491727681908559,
  0.0490456166397747,
  0.0489713838647431,
  0.0489247064917929,
  0.0488828442228849,
  0.0488354476004386,
  0.0487858230552855,
  0.0487449941534467,
  0.0487230577392195,
  0.0487219459250281,
  0.0487339353072064,
  0.0487494928820965,
  0.0487687019714591,
  0.0488031189254155,
  0.0488661211340168,
  0.0489644028800665,
  0.0490993842714616,
  0.0492724529044493,
  0.0494865781037345,
  0.0497432386026437,
  0.0500367892521469,
  0.0503521760662433,
  0.0506673815791981,
  0.0509565548219386,
  0.0511950913441952,
  0.0513676432838267,
  0.0514736370783075,
  0.0515256132293206,
  0.0515426242253861,
  0.0515443004524211,
  0.0515489074329123,
  0.0515738555764107,
  0.0516330897385880,
  0.0517311722085353,
  0.0518585351684298,
  0.0519929278228967,
  0.0521085262479347,
  0.0521844509309193,
  0.0522061679540397,
  0.0521646205077328,
  0.0520576896069672,
  0.0518903774807933,
  0.0516722626427480,
  0.0514146349293408,
  0.0511261773016543,
  0.0508076749468393,
  0.0504525781664695,
  0.0500548714206767,
  0.0496146820281389,
  0.0491347696494734,
  0.0486143254829782,
  0.0480491532236133,
  0.0474371147415680,
  0.0467821339535799,
  0.0460911797023331,
  0.0453674466252779,
  0.0446098545895925,
  0.0438190202792874,
  0.0430015144360288,
  0.0421689290573571,
  0.0413317326135562,
  0.0404910114961009,
  0.0396371670321172,
  0.0387583512482928,
  0.0378494540911314,
  0.0369148847641068,
  0.0359655985162069,
  0.0350149981127109,
  0.0340686808677298,
  0.0331239130885330,
  0.0321824235775376,
  0.0312556433844916,
  0.0303612143098492,
  0.0295147116497995,
  0.0287252129390514,
  0.0279964257787206,
  0.0273288711187322,
  0.0267219433060912,
  0.0261763619866896,
  0.0256951604798295,
  0.0252808993819674,
  0.0249334890169038,
  0.0246526026847888,
  0.0244396503122494,
  0.0242977302788389,
  0.0242324264551084,
  0.0242501816086725,
  0.0243533771476765,
  0.0245361775038108,
  0.0247830302030888,
  0.0250713971720059,
  0.0253768387259038,
  0.0256756364120632,
  0.0259460514040416,
  0.0261702144425595,
  0.0263349617364335,
  0.0264315591344726,
  0.0264549030877500,
  0.0264013746437231,
  0.0262674789587799,
  0.0260538004977792,
  0.0257695382669927,
  0.0254307042924552,
  0.0250566033048941,
  0.0246661816948168,
  0.0242734933979469,
  0.0238887767206120,
  0.0235226523266190,
  0.0231858155895433,
  0.0228866043755585,
  0.0226307334150777,
  0.0224205915430062,
  0.0222516136926730,
  0.0221108827092136,
  0.0219805315954004,
  0.0218431388704808,
  0.0216874978468697,
  0.0215122933914944,
  0.0213250273508281,
  0.0211365895300522,
  0.0209549508786836,
  0.0207806712433773,
  0.0206061255335277,
  0.0204191845454367,
  0.0202076340755559,
  0.0199611752229368,
  0.0196709295322115,
  0.0193273042441706,
  0.0189197073390113,
  0.0184398381636556,
  0.0178845826533105,
  0.0172574430359096,
  0.0165703176946011,
  0.0158404491949520,
  0.0150820275408195,
  0.0143007878618711,
  0.0134934242076138,
  0.0126514515351885,
  0.0117689841887710,
  0.0108466099899462,
  0.0098865933673239,
  0.0088866067223464,
  0.0078408851822597,
  0.0067457488543689,
  0.0056024911934117,
  0.0044168778994505,
  0.0031983351159289,
  0.0019617507937090,
  0.0007199879379920,
 -0.0005218480836739,
 -0.0017627017038652,
 -0.0030036287507638,
 -0.0042438895559933,
 -0.0054767403860275,
 -0.0066882769767322,
 -0.0078606781356677,
 -0.0089767640556527,
 -0.0100229331671672,
 -0.0109934661501186,
 -0.0118962236812398,
 -0.0127524686602366,
 -0.0135885582567820,
 -0.0144245602152755,
 -0.0152671013032922,
 -0.0161095855564069,
 -0.0169376333207053,
 -0.0177378075687396,
 -0.0185042075853731,
 -0.0192392301907724,
 -0.0199500453258090,
 -0.0206419833116964,
 -0.0213130074705261,
 -0.0219543655721846,
 -0.0225584366801397,
 -0.0231276134375178,
 -0.0236739517985464,
 -0.0242113673907835,
 -0.0247494973547458,
 -0.0252897261610715,
 -0.0258250160785665,
 -0.0263444223612701,
 -0.0268378479819448,
 -0.0273024526794224,
 -0.0277482111048333,
 -0.0281947828559968,
 -0.0286622293995913,
 -0.0291613128491223,
 -0.0296875959374690,
 -0.0302245073905593,
 -0.0307518150960446,
 -0.0312535529678924,
 -0.0317233454967780,
 -0.0321673003833048,
 -0.0326027035358190,
 -0.0330502495313849,
 -0.0335266461489821,
 -0.0340409753948266,
 -0.0345927930322784,
 -0.0351752861274930,
 -0.0357808344526978,
 -0.0364022155703012,
 -0.0370328674250615,
 -0.0376686954375685,
 -0.0383087777198478,
 -0.0389547121803335,
 -0.0396085148227100,
 -0.0402698939282047,
 -0.0409359041377778,
 -0.0416038317534301,
 -0.0422740281989591,
 -0.0429487396453875,
 -0.0436275371242517,
 -0.0443058668408995,
 -0.0449772772918959,
 -0.0456353004653780,
 -0.0462749060819663,
 -0.0468923459894700,
 -0.0474836890397050,
 -0.0480441218511220,
 -0.0485676227520558,
 -0.0490468133213994,
 -0.0494757635597143,
 -0.0498719288210695,
 -0.0502570259550785,
 -0.0506337126432721,
 -0.0510019748138434,
 -0.0513617998567622,
 -0.0517131762750518,
 -0.0520560936972160,
 -0.0523905428519264,
 -0.0527165155687832,
 -0.0530340051439847,
 -0.0533430059611006,
 -0.0536435135031856,
 -0.0539355243267879,
 -0.0542190360626218,
 -0.0544940478081815,
 -0.0547605597198539,
 -0.0550185730240936,
 -0.0552680899908844,
 -0.0555091139349564,
 -0.0557416496334467,
 -0.0559657028905346,
 -0.0561812804594010,
 -0.0563883903719907,
 -0.0565870415808656,
 -0.0567772440441809,
 -0.0569590091705177,
 -0.0571323493539532,
 -0.0572972779838847,
 -0.0574538094183590,
 -0.0576019589855078,
 -0.0577417434490685,
 -0.0578731805207412,
 -0.0579962888693427,
 -0.0581110880943085,
 -0.0582175987270892,
 -0.0583158427155920,
 -0.0584058429158142,
 -0.0584876231000915,
 -0.0585612079313713,
 -0.0586266229643827,
 -0.0586838951462030,
 -0.0587330522902371,
 -0.0587741230838290,
 -0.0588071370624018,
 -0.0588321246106741,
 -0.0588491174779590,
 -0.0588581482360109,
 -0.0588592502858754,
 -0.0588524578322073,
 -0.0588378058845769,
 -0.0588153307857891,
 -0.0587850696554062,
 -0.0587470603955135,
 -0.0587013416658470,
 -0.0586479528851942,
 -0.0585869347698927,
 -0.0585183287658188,
 -0.0584421770537022,
 -0.0583585225239427,
 -0.0582674087784087,
 -0.0581688806778192,
 -0.0580629837634550,
 -0.0579497642620262,
 -0.0578292690612502,
 -0.0577015457112958,
 -0.0575666429786934,
 -0.0574246102608845,
 -0.0572754975900067,
 -0.0571193556089250,
 -0.0569562355730320,
 -0.0567861899087126,
 -0.0566092716223496,
 -0.0564255343033436,
 -0.0562350321008194,
 -0.0560378197253820,
 -0.0558339530103287,
 -0.0556234883171418,
 -0.0554064825376059,
 -0.0551829930717311,
 -0.0549530778295555,
 -0.0547167957923551,
 -0.0544742064170117,
 -0.0542253696378141,
 -0.0539703458449225,
 -0.0537091958862604,
 -0.0534419816273734,
 -0.0531687653565177,
 -0.0528896097861463,
 -0.0526045780317782,
 -0.0523137336133502,
 -0.0520171410130935,
 -0.0517148650834147,
 -0.0514069709309231,
 -0.0510935243612183,
 -0.0507745914056281,
 -0.0504502384366847,
 -0.0501205327191085,
 -0.0497855418239517,
 -0.0494453336279682,
 -0.0490999762939682,
 -0.0487495382728924,
 -0.0483940888488910,
 -0.0480336975592363,
 -0.0476684341922493,
 -0.0472983687703141,
 -0.0469235715517257,
 -0.0465441135658113,
 -0.0461600660422619,
 -0.0457715004088756,
 -0.0453784882750249,
 -0.0449811014331872,
 -0.0445794123845174,
 -0.0441734937784923,
 -0.0437634184097577,
 -0.0433492592024491,
 -0.0429310892119037,
 -0.0425089821388312,
 -0.0420830117804523,
 -0.0416532520267554,
 -0.0412197768460806,
 -0.0407826602871480,
 -0.0403419769796205,
 -0.0398978015984889,
 -0.0394502088602392,
 -0.0389992735095164,
 -0.0385450703206584,
 -0.0380876745841119,
 -0.0376271615860447,
 -0.0371636066033422,
 -0.0366970848919386,
 -0.0362276716883060,
 -0.0357554426793334,
 -0.0352804734988372,
 -0.0348028397225543,
 -0.0343226168564784,
 -0.0338398803386585,
 -0.0333547059929519,
 -0.0328671695424309,
 -0.0323773466037414,
 -0.0318853126770220,
 -0.0313911431475588,
 -0.0308949137211670,
 -0.0303966999565085,
 -0.0298965772591482,
 -0.0293946208726738,
 -0.0288909058801901,
 -0.0283855076206664,
 -0.0278785012411867,
 -0.0273699616904042,
 -0.0268599637109853,
 -0.0263485818410398,
 -0.0258358908102553,
 -0.0253219651132646,
 -0.0248068790027077,
 -0.0242907064830156,
 -0.0237735213115318,
 -0.0232553973734708,
 -0.0227364082779006,
 -0.0222166273499497,
 -0.0216961276255359,
 -0.0211749818531674,
 -0.0206532628466399,
 -0.0201310431036388,
 -0.0196083947268467,
 -0.0190853897075286,
 -0.0185620996279305,
 -0.0180385957363967,
 -0.0175149492728440,
 -0.0169912311162074,
 -0.0164675117763229,
 -0.0159438613910550,
 -0.0154203497276815,
 -0.0148970464854048,
 -0.0143740209670734,
 -0.0138513420097530,
 -0.0133290781689114,
 -0.0128072977643787,
 -0.0122860685130285,
 -0.0117654576637669,
 -0.0112455325432205,
 -0.0107263599766836,
 -0.0102080061704344,
 -0.0096905370478701,
 -0.0091740181271805,
 -0.0086585145145267,
 -0.0081440908969594,
 -0.0076308116332375,
 -0.0071187404487030,
 -0.0066079405489886,
 -0.0060984750672283,
 -0.0055904065880082,
 -0.0050837970479037,
 -0.0045787080135410,
 -0.0040752005801080,
 -0.0035733353652252,
 -0.0030731725029156,
 -0.0025747717147582,
 -0.0020781920678399,
 -0.0015834920671321,
 -0.0010907300021519,
 -0.0005999635755254,
 -0.0001112498228984,
  0.0003753546686304,
  0.0008597938406011,
  0.0013420121684360,
  0.0018219546666000,
  0.0022995668936159,
  0.0027747949027273,
  0.0032475854139490,
  0.0037178857453332,
  0.0041856435772089,
  0.0046508072082568,
  0.0051133256139941,
  0.0055731482940878,
  0.0060302253290635,
  0.0064845073844646,
  0.0069359457148929,
  0.0073844921343021,
  0.0078300991248611,
  0.0082727197898236,
  0.0087123077172922,
  0.0091488171325129,
  0.0095822029368190,
  0.0100124206142159,
  0.0104394262668716,
  0.0108631766182954,
  0.0112836290164207,
  0.0117007414230897,
  0.0121144724609497,
  0.0125247813876628,
  0.0129316280567531,
  0.0133349729684535,
  0.0137347772894884,
  0.0141310028176339,
  0.0145236119964243,
  0.0149125679173783,
  0.0152978343221258,
  0.0156793756103273,
  0.0160571568266821,
  0.0164311436559135,
  0.0168013024770201,
  0.0171676003164215,
  0.0175300048491053,
  0.0178884844191017,
  0.0182430080341630,
  0.0185935453670375,
  0.0189400667566043,
  0.0192825432333696,
  0.0196209464493521,
  0.0199552486929796,
  0.0202854230320576,
  0.0206114431739525,
  0.0209332834489290,
  0.0212509188839579,
  0.0215643251781921,
  0.0218734787032359,
  0.0221783565034633,
  0.0224789363380632,
  0.0227751965569680,
  0.0230671161346604,
  0.0233546748962772,
  0.0236378532906391,
  0.0239166323566788,
  0.0241909938472993,
  0.0244609201868888,
  0.0247263944707451,
  0.0249874004643752,
  0.0252439226607771,
  0.0254959461065521,
  0.0257434564533782,
  0.0259864402606050,
  0.0262248846878592,
  0.0264587774458386,
  0.0266881069663096,
  0.0269128623429914,
  0.0271330333301871,
  0.0273486103411766,
  0.0275595844467149,
  0.0277659474474983,
  0.0279676916503765,
  0.0281648099375351,
  0.0283572961450283,
  0.0285451446755729,
  0.0287283504335099,
  0.0289069090408241,
  0.0290808167615180,
  0.0292500704992461,
  0.0294146677948587,
  0.0295746069111985,
  0.0297298865691193,
  0.0298805060311304,
  0.0300264655406210,
  0.0301677658704281,
  0.0303044082451805,
  0.0304363945944684,
  0.0305637274635411,
  0.0306864100103586,
  0.0308044460025010,
  0.0309178399123536,
  0.0310265966181589,
  0.0311307215003719,
  0.0312302209333017,
  0.0313251017784647,
  0.0314153712953760,
  0.0315010374267464,
  0.0315821086980370,
  0.0316585942136237,
  0.0317305036528364,
  0.0317978473741025,
  0.0318606360865392,
  0.0319188809572291,
  0.0319725941464357,
  0.0320217882545226,
  0.0320664762233293,
  0.0321066716484506,
  0.0321423886685105,
  0.0321736419610655,
  0.0322004467382988,
  0.0322228188578585,
  0.0322407744705458,
  0.0322543301368510,
  0.0322635033966347,
  0.0322683121789922,
  0.0322687746959208,
  0.0322649097764078,
  0.0322567367475736,
  0.0322442754298054,
  0.0322275461322968,
  0.0322065697694267,
  0.0321813674897267,
  0.0321519607996041,
  0.0321183721590196,
  0.0320806243633714,
  0.0320387404310380,
  0.0319927439538626,
  0.0319426589723962,
  0.0318885099707155,
  0.0318303218713318,
  0.0317681201548582,
  0.0317019304767680,
  0.0316317787963885,
  0.0315576919889341,
  0.0314796972094134,
  0.0313978217756206,
  0.0313120935294797,
  0.0312225407083666,
  0.0311291919396118,
  0.0310320762350042,
  0.0309312229850687,
  0.0308266620810765,
  0.0307184235241888,
  0.0306065375575150,
  0.0304910352872012,
  0.0303719480362005,
  0.0302493072242451,
  0.0301231447360845,
  0.0299934927898784,
  0.0298603839312496,
  0.0297238510279673,
  0.0295839273916420,
  0.0294406463855178,
  0.0292940415581064,
  0.0291441472627906,
  0.0289909980121787,
  0.0288346283574017,
  0.0286750732561257,
  0.0285123679411706,
  0.0283465479144724,
  0.0281776489410458,
  0.0280057071694625,
  0.0278307587437440,
  0.0276528399363643,
  0.0274719877586621,
  0.0272882393238013,
  0.0271016317269236,
  0.0269122024087910,
  0.0267199890257109,
  0.0265250294434983,
  0.0263273617314389,
  0.0261270242796581,
  0.0259240554198443,
  0.0257184935560001,
  0.0255103777580023,
  0.0252997471413690,
  0.0250866407498002,
  0.0248710979097632,
  0.0246531581033927,
  0.0244328609623620,
  0.0242102462620258,
  0.0239853540344659,
  0.0237582242025484,
  0.0235288967066216,
  0.0232974120743320,
  0.0230638108247193,
  0.0228281333542958,
  0.0225904202782505,
  0.0223507123082354,
  0.0221090502462845,
  0.0218654749790681,
  0.0216200275848995,
  0.0213727489855024,
  0.0211236800677050,
  0.0208728622227531,
  0.0206203367812489,
  0.0203661449044076,
  0.0201103279081431,
  0.0198529271466884,
  0.0195939840067392,
  0.0193335399017769,
  0.0190716363722038,
  0.0188083147590287,
  0.0185436163185574,
  0.0182775827251877,
  0.0180102555436054,
  0.0177416761267382,
  0.0174718859188173,
  0.0172009263461645,
  0.0169288388118085,
  0.0166556646899642,
  0.0163814454181046,
  0.0161062221957206,
  0.0158300360908977,
  0.0155529285019112,
  0.0152749406720677,
  0.0149961135947966,
  0.0147164882928801,
  0.0144361057177112,
  0.0141550067442458,
  0.0138732321658664,
  0.0135908226892253,
  0.0133078190163995,
  0.0130242615743589,
  0.0127401906118120,
  0.0124556466104471,
  0.0121706698515475,
  0.0118853003302036,
  0.0115995780055298,
  0.0113135427103258,
  0.0110272341461248,
  0.0107406918785250,
  0.0104539554097792,
  0.0101670639388019,
  0.0098800564479056,
  0.0095929720644577,
  0.0093058496787671,
  0.0090187278676459,
  0.0087316451154982,
  0.0084446397342106,
  0.0081577498587369,
  0.0078710134427961,
  0.0075844683213843,
  0.0072981520029148,
  0.0070121017452702,
  0.0067263548655345,
  0.0064409484117216,
  0.0061559190962502,
  0.0058713034863466,
  0.0055871379347520,
  0.0053034585759015,
  0.0050203013220288,
  0.0047377019150468,
  0.0044556957524298,
  0.0041743179519379,
  0.0038936036074846,
  0.0036135875170032,
  0.0033343041258685,
  0.0030557876855697,
  0.0027780721959509,
  0.0025011914017405,
  0.0022251787891272,
  0.0019500676268517,
  0.0016758908266346,
  0.0014026809962636,
  0.0011304706404738,
  0.0008592919459543,
  0.0005891767353902,
  0.0003201565936420,
  0.0000522628214726,
 -0.0002144735673689,
 -0.0004800218490311,
 -0.0007443515593752,
 -0.0010074325986577,
 -0.0012692351902176,
 -0.0015297297349010,
 -0.0017888869685964,
 -0.0020466779974034,
 -0.0023030742041961,
 -0.0025580472832269,
 -0.0028115692425209,
 -0.0030636124062616,
 -0.0033141493953734,
 -0.0035631531973928,
 -0.0038105971371285,
 -0.0040564547859161,
 -0.0043007000618671,
 -0.0045433072543817,
 -0.0047842509633393,
 -0.0050235061219999,
 -0.0052610479989382,
 -0.0054968521998735,
 -0.0057308946694645,
 -0.0059631516834925,
 -0.0061935998811892,
 -0.0064222162488085,
 -0.0066489780878324,
 -0.0068738630536597,
 -0.0070968491684928,
 -0.0073179147957206,
 -0.0075370386502025,
 -0.0077541997995988,
 -0.0079693776656366,
 -0.0081825520264909,
 -0.0083937030160167,
 -0.0086028111188006,
 -0.0088098571899997,
 -0.0090148224400158,
 -0.0092176884370993,
 -0.0094184371126494,
 -0.0096170507604133,
 -0.0098135120372954,
 -0.0100078039640816,
 -0.0101999099375783,
 -0.0103898136981801,
 -0.0105774993359301,
 -0.0107629513595687,
 -0.0109461546296874,
 -0.0111270943514601,
 -0.0113057561094721,
 -0.0114821258563191,
 -0.0116561899128685,
 -0.0118279349685011,
 -0.0119973481024304,
 -0.0121644167213656,
 -0.0123291285760196,
 -0.0124914718764132,
 -0.0126514351765520,
 -0.0128090073577436,
 -0.0129641776912942,
 -0.0131169358171770,
 -0.0132672717437150,
 -0.0134151758472616,
 -0.0135606389021117,
 -0.0137036519903670,
 -0.0138442065282660,
 -0.0139822944241263,
 -0.0141179079181944,
 -0.0142510395572862,
 -0.0143816822831942,
 -0.0145098294020426,
 -0.0146354745835743,
 -0.0147586118603982,
 -0.0148792356655981,
 -0.0149973407170645,
 -0.0151129220529655,
 -0.0152259752285805,
 -0.0153364961151752,
 -0.0154444808666354,
 -0.0155499260314896,
 -0.0156528285137072,
 -0.0157531855715059,
 -0.0158509948162382,
 -0.0159462542568471,
 -0.0160389621614125,
 -0.0161291171008881,
 -0.0162167181803715,
 -0.0163017648015826,
 -0.0163842566222689,
 -0.0164641936892771,
 -0.0165415763917169,
 -0.0166164054592838,
 -0.0166886819608851,
 -0.0167584073029822,
 -0.0168255832805057,
 -0.0168902119167832,
 -0.0169522955149589,
 -0.0170118369221767,
 -0.0170688392575016,
 -0.0171233058640927,
 -0.0171752404624825,
 -0.0172246470964876,
 -0.0172715301311135,
 -0.0173158942506630,
 -0.0173577445149072,
 -0.0173970861819304,
 -0.0174339247658202,
 -0.0174682663258368,
 -0.0175001171678052,
 -0.0175294837908611,
 -0.0175563730560934,
 -0.0175807921269577,
 -0.0176027484668218,
 -0.0176222498366664,
 -0.0176393043554384,
 -0.0176539203090826,
 -0.0176661062134617,
 -0.0176758711233916,
 -0.0176832243126575,
 -0.0176881752166365,
 -0.0176907336131492,
 -0.0176909095581436,
 -0.0176887133833071,
 -0.0176841556933631,
 -0.0176772474293512,
 -0.0176679996671172,
 -0.0176564236844677,
 -0.0176425312852770,
 -0.0176263344632152,
 -0.0176078453407434,
 -0.0175870763596083,
 -0.0175640402130561,
 -0.0175387498430614,
 -0.0175112184374668,
 -0.0174814594955600,
 -0.0174494866189278,
 -0.0174153135814937,
 -0.0173789546639199,
 -0.0173404243063199,
 -0.0172997370445275,
 -0.0172569077072818,
 -0.0172119513460086,
 -0.0171648832318916,
 -0.0171157188527637,
 -0.0170644739797213,
 -0.0170111644536743,
 -0.0169558062575247,
 -0.0168984158557049,
 -0.0168390098408297,
 -0.0167776048683664,
 -0.0167142178575821,
 -0.0166488659199727,
 -0.0165815663560869,
 -0.0165123366522371,
 -0.0164411945475867,
 -0.0163681578189654,
 -0.0162932443540622,
 -0.0162164724918862,
 -0.0161378606679102,
 -0.0160574273481549,
 -0.0159751912312843,
 -0.0158911711763153,
 -0.0158053861994404,
 -0.0157178554707616,
 -0.0156285983110237,
 -0.0155376342578460,
 -0.0154449828523846,
 -0.0153506637123449,
 -0.0152546968678698,
 -0.0151571024110534,
 -0.0150579004301601,
 -0.0149571112096484,
 -0.0148547551585324,
 -0.0147508528071381,
 -0.0146454248038817,
 -0.0145384919798569,
 -0.0144300751397548,
 -0.0143201951340203,
 -0.0142088731862475,
 -0.0140961305510062,
 -0.0139819884492099,
 -0.0138664682636108,
 -0.0137495914687396,
 -0.0136313796276156,
 -0.0135118543885481,
 -0.0133910375474031,
 -0.0132689508454843,
 -0.0131456160396171,
 -0.0130210552172212,
 -0.0128952904667751,
 -0.0127683438149187,
 -0.0126402374151008,
 -0.0125109934799948,
 -0.0123806342781887,
 -0.0122491821309624,
 -0.0121166594715812,
 -0.0119830886525487,
 -0.0118484920128743,
 -0.0117128921769932,
 -0.0115763117415875,
 -0.0114387732155023,
 -0.0113002991992044,
 -0.0111609123202380,
 -0.0110206352302744,
 -0.0108794906019590,
 -0.0107375011842379,
 -0.0105946896211685,
 -0.0104510785157174,
 -0.0103066907094310,
 -0.0101615489889111,
 -0.0100156760290213,
 -0.0098690945613844,
 -0.0097218273137479,
 -0.0095738970070901,
 -0.0094253263526007,
 -0.0092761381028083,
 -0.0091263548836011,
 -0.0089759992538933,
 -0.0088250939631605,
 -0.0086736616805329,
 -0.0085217249420815,
 -0.0083693063065737,
 -0.0082164282992892,
 -0.0080631134091818,
 -0.0079093840860973,
 -0.0077552627872366,
 -0.0076007718240918,
 -0.0074459334171311,
 -0.0072907699288828,
 -0.0071353036184616,
 -0.0069795565931571,
 -0.0068235509499852,
 -0.0066673087246087,
 -0.0065108518886096,
 -0.0063542023468427,
 -0.0061973819347894,
 -0.0060404124594326,
 -0.0058833155642159,
 -0.0057261127777476,
 -0.0055688257176764,
 -0.0054114758754291,
 -0.0052540845732484,
 -0.0050966730886487,
 -0.0049392626093825,
 -0.0047818742309962,
 -0.0046245289543526,
 -0.0044672477209761,
 -0.0043100512956835,
 -0.0041529603093876,
 -0.0039959954345863,
 -0.0038391771995896,
 -0.0036825259508071,
 -0.0035260619605434,
 -0.0033698053879238,
 -0.0032137762766421,
 -0.0030579945527400,
 -0.0029024800542780,
 -0.0027472524322350,
 -0.0025923311871383,
 -0.0024377358152235,
 -0.0022834856531912,
 -0.0021295998460415,
 -0.0019760974375185,
 -0.0018229973372193,
 -0.0016703183186452,
 -0.0015180790172475,
 -0.0013662979541498,
 -0.0012149934559036,
 -0.0010641836848045,
 -0.0009138867549904,
 -0.0007641206083908,
 -0.0006149029883879,
 -0.0004662515125232,
 -0.0003181836458768,
 -0.0001707166993829,
 -0.0000238678281734,
  0.0001223459506410,
  0.0002679078191232,
  0.0004128011346241,
  0.0005570093440367,
  0.0007005160763400,
  0.0008433051629979,
  0.0009853605832278,
  0.0011266664842478,
  0.0012672071826508,
  0.0014069671657639,
  0.0015459310798087,
  0.0016840837719789,
  0.0018214102730833,
  0.0019578957418771,
  0.0020935255261877,
  0.0022282851775099,
  0.0023621604141597,
  0.0024951371350684,
  0.0026272014208986,
  0.0027583395351290,
  0.0028885379180429,
  0.0030177832099543,
  0.0031460622403148,
  0.0032733620016645,
  0.0033996696798453,
  0.0035249726627659,
  0.0036492585212139,
  0.0037725150163411,
  0.0038947301004747,
  0.0040158919179001,
  0.0041359888045237,
  0.0042550092927738,
  0.0043729421070352,
  0.0044897761662563,
  0.0046055005841989,
  0.0047201046725246,
  0.0048335779387414,
  0.0049459100875414,
  0.0050570910213259,
  0.0051671108406969,
  0.0052759598449219,
  0.0053836285375583,
  0.0054901076120095,
  0.0055953879536897,
  0.0056994606726942,
  0.0058023170725807,
  0.0059039486474256,
  0.0060043470978014,
  0.0061035043256475,
  0.0062014124344822,
  0.0062980637295874,
  0.0063934507287061,
  0.0064875661310249,
  0.0065804028251500,
  0.0066719539474271,
  0.0067622128238153,
  0.0068511729617738,
  0.0069388280816684,
  0.0070251721060769,
  0.0071101991597464,
  0.0071939035695001,
  0.0072762798796698,
  0.0073573228055977,
  0.0074370272470634,
  0.0075153883704226,
  0.0075924015254689,
  0.0076680622324740,
  0.0077423662279592,
  0.0078153094488243,
  0.0078868880320375,
  0.0079570983142645,
  0.0080259368516918,
  0.0080934003592761,
  0.0081594857292166,
  0.0082241901348189,
  0.0082875109245023,
  0.0083494456043912,
  0.0084099918972032,
  0.0084691477216303,
  0.0085269111918257,
  0.0085832806167738,
  0.0086382545239448,
  0.0086918315858076,
  0.0087440106428830,
  0.0087947908269862,
  0.0088441714347962,
  0.0088921519063693,
  0.0089387318958714,
  0.0089839112466501,
  0.0090276899905315,
  0.0090700683469582,
  0.0091110467499944,
  0.0091506257636047,
  0.0091888061087834,
  0.0092255888037892,
  0.0092609750197877,
  0.0092949660556881,
  0.0093275634192936,
  0.0093587687986685,
  0.0093885840611244,
  0.0094170112522014,
  0.0094440526256405,
  0.0094697105488577,
  0.0094939875337167,
  0.0095168863911821,
  0.0095384100715857,
  0.0095585616363665,
  0.0095773443481586,
  0.0095947616389591,
  0.0096108171088450,
  0.0096255145247445,
  0.0096388578192999,
  0.0096508511233974,
  0.0096614986628889,
  0.0096708047926313,
  0.0096787741639350,
  0.0096854115512357,
  0.0096907218209275,
  0.0096947100294591,
  0.0096973813885410,
  0.0096987412637137,
  0.0096987951730079,
  0.0096975488213335,
  0.0096950079910051,
  0.0096911785781252,
  0.0096860667689195,
  0.0096796788568793,
  0.0096720212095786,
  0.0096631003723236,
  0.0096529230312979,
  0.0096414960120413,
  0.0096288262779635,
  0.0096149209660053,
  0.0095997872726704,
  0.0095834324922221,
  0.0095658641990895,
  0.0095470900584206,
  0.0095271177913904,
  0.0095059552827808,
  0.0094836105426399,
  0.0094600917046246,
  0.0094354070244591,
  0.0094095649163719,
  0.0093825738362571,
  0.0093544423211533,
  0.0093251791751205,
  0.0092947932758840,
  0.0092632935391400,
  0.0092306890284225,
  0.0091969889160071,
  0.0091622024811986,
  0.0091263391085511,
  0.0090894083246112,
  0.0090514196800074,
  0.0090123827895161,
  0.0089723075187486,
  0.0089312037896918,
  0.0088890815445849,
  0.0088459508565873,
  0.0088018218902191,
  0.0087567048996613,
  0.0087106102269638,
  0.0086635483385410,
  0.0086155297076784,
  0.0085665648546204,
  0.0085166645317820,
  0.0084658395307315,
  0.0084141006458871,
  0.0083614587846096,
  0.0083079249279817,
  0.0082535101289383,
  0.0081982255103857,
  0.0081420823010764,
  0.0080850917200647,
  0.0080272650163782,
  0.0079686136503095,
  0.0079091491041606,
  0.0078488828464467,
  0.0077878264400743,
  0.0077259915036379,
  0.0076633897095514,
  0.0076000327823236,
  0.0075359324967229,
  0.0074711007121879,
  0.0074055492612594,
  0.0073392899882036,
  0.0072723349232420,
  0.0072046961003468,
  0.0071363855225375,
  0.0070674152661493,
  0.0069977974434951,
  0.0069275442010167,
  0.0068566677175170,
  0.0067851802371295,
  0.0067130939623678,
  0.0066404210913636,
  0.0065671739838176,
  0.0064933649872204,
  0.0064190064035565,
  0.0063441105888549,
  0.0062686899174927,
  0.0061927567804504,
  0.0061163235834867,
  0.0060394027780689,
  0.0059620067607305,
  0.0058841479083380,
  0.0058058387336346,
  0.0057270917221380,
  0.0056479193005690,
  0.0055683339304984,
  0.0054883480747140,
  0.0054079741955077,
  0.0053272247530196,
  0.0052461122338833,
  0.0051646490575315,
  0.0050828476093352,
  0.0050007203843754,
  0.0049182798363498,
  0.0048355383481963,
  0.0047525083188983,
  0.0046692021322386,
  0.0045856321551944,
  0.0045018107363262,
  0.0044177502319331,
  0.0043334629203681,
  0.0042489610325072,
  0.0041642568823984,
  0.0040793627297927,
  0.0039942907530987,
  0.0039090531285851,
  0.0038236620017930,
  0.0037381294860426,
  0.0036524676609701,
  0.0035666885958093,
  0.0034808042726003,
  0.0033948266137697,
  0.0033087675983500,
  0.0032226391394072,
  0.0031364530596264,
  0.0030502211621549,
  0.0029639552050003,
  0.0028776668996171,
  0.0027913679095257,
  0.0027050698706338,
  0.0026187843239786,
  0.0025325227401481,
  0.0024462966201536,
  0.0023601173887051,
  0.0022739963726971,
  0.0021879448630928,
  0.0021019740924685,
  0.0020160952337308,
  0.0019303193989161,
  0.0018446576379405,
  0.0017591209554568,
  0.0016737202545620,
  0.0015884663575468,
  0.0015033700892136,
  0.0014184421884383,
  0.0013336932899173,
  0.0012491339756662,
  0.0011647747563099,
  0.0010806260699737,
  0.0009966982811904,
  0.0009130016945295,
  0.0008295465085763,
  0.0007463428332549,
  0.0006634007567143,
  0.0005807302739309,
  0.0004983412716330,
  0.0004162435700948,
  0.0003344469078798,
  0.0002529609408715,
  0.0001717952413169,
  0.0000909593082336,
  0.0000104625318245,
 -0.0000696857927430,
 -0.0001494764150506,
 -0.0002289001835400,
 -0.0003079480573761,
 -0.0003866110745041,
 -0.0004648803634045,
 -0.0005427471438972,
 -0.0006202027279116,
 -0.0006972385123721,
 -0.0007738460043181,
 -0.0008500168106573,
 -0.0009257426044475,
 -0.0010010151617726,
 -0.0010758263703583,
 -0.0011501682074611,
 -0.0012240327481262,
 -0.0012974121658322,
 -0.0013702987331010,
 -0.0014426848175748,
 -0.0015145628967831,
 -0.0015859255514794,
 -0.0016567654481867,
 -0.0017270753590559,
 -0.0017968481673107,
 -0.0018660768548419,
 -0.0019347545069803,
 -0.0020028743129688,
 -0.0020704295664283,
 -0.0021374136645747,
 -0.0022038201128513,
 -0.0022696425217499,
 -0.0023348746051994,
 -0.0023995101838854,
 -0.0024635431875453,
 -0.0025269676520256,
 -0.0025897777206651,
 -0.0026519676446142,
 -0.0027135317831370,
 -0.0027744646058305,
 -0.0028347606875087,
 -0.0028944147084148,
 -0.0029534214677834,
 -0.0030117758712720,
 -0.0030694729302317,
 -0.0031265077678549,
 -0.0031828756172966,
 -0.0032385718218373,
 -0.0032935918350282,
 -0.0033479312208214,
 -0.0034015856589004,
 -0.0034545509294240,
 -0.0035068229167897,
 -0.0035583976388984,
 -0.0036092712181206,
 -0.0036594398774074,
 -0.0037088999558712,
 -0.0037576479035115,
 -0.0038056802812208,
 -0.0038529937607516,
 -0.0038995851327044,
 -0.0039454512826425,
 -0.0039905891978684,
 -0.0040349960099949,
 -0.0040786689519668,
 -0.0041216053514497,
 -0.0041638026544389,
 -0.0042052584171073,
 -0.0042459703056445,
 -0.0042859360960912,
 -0.0043251536847464,
 -0.0043636210563392,
 -0.0044013362936532,
 -0.0044382976322016,
 -0.0044745034044766,
 -0.0045099520308765,
 -0.0045446420506472,
 -0.0045785721110610,
 -0.0046117409671345,
 -0.0046441474813300,
 -0.0046757906361409,
 -0.0047066694950840,
 -0.0047367832148788,
 -0.0047661311110602,
 -0.0047947125907235,
 -0.0048225271411464,
 -0.0048495743673896,
 -0.0048758539790876,
 -0.0049013657900292,
 -0.0049261097177347,
 -0.0049500857979554,
 -0.0049732941393006,
 -0.0049957349377247,
 -0.0050174085517283,
 -0.0050383154249893,
 -0.0050584560729365,
 -0.0050778311262108,
 -0.0050964413153358,
 -0.0051142874701764,

 FINISH SOLUTION PROCESSING


 ***** ROUTINE COMPLETED *****  CP =       211.179



 ***** END OF INPUT ENCOUNTERED *****

 PURGE ALL SOLUTION AND POST DATA
 SAVE ALL MODEL DATA

 ALL CURRENT ANSYS DATA WRITTEN TO FILE NAME= beam_arch_wheels_nv1.db
  FOR POSSIBLE RESUME FROM THIS POINT


 NUMBER OF WARNING MESSAGES ENCOUNTERED=          3
 NUMBER OF ERROR   MESSAGES ENCOUNTERED=          0

+--------------------- A N S Y S   S T A T I S T I C S ------------------------+

Release: Release 16.1       Build: 16.1       Update: UP20150325   Platform: WINDOWS x64 
Date Run: 03/21/2016   Time: 14:22
Windows Process ID:         8160

Processor Model:         Intel(R) Core(TM) i5-3570 CPU @ 3.40GHz

Compiler: Intel(R) FORTRAN Compiler Version 14.0.0  (Build: 20140422)
          Intel(R) C/C++ Compiler Version 14.0.0  (Build: 20140422)
          Intel(R) Math Kernel Library Version 11.1.3 Product Build 20140917

Total number of cores available         :    4
Number of physical cores available      :    4
Number of processes requested           :    1
Number of threads per process requested :    2
Total number of cores requested         :    2 (Shared Memory Parallel)                    

GPU Acceleration: Not Requested

Job Name: beam_arch_wheels_nv1
Working Directory: D:\ansys\beam_arch_wheels

Total CPU time for main thread                    :       98.8 seconds
Total CPU time summed for all threads             :      211.3 seconds

Elapsed time spent pre-processing model (/PREP7)  :        0.1 seconds
Elapsed time spent solution - preprocessing       :       17.6 seconds
Elapsed time spent computing solution             :       84.5 seconds
Elapsed time spent solution - postprocessing      :        0.0 seconds
Elapsed time spent post-processing model (/POST1) :        0.0 seconds

Equation solver computational rate                :      410.9 Mflops

Maximum total memory used                         :       31.0 MB
Maximum total memory allocated                    :     2112.0 MB
Maximum total memory available                    :          4 GB

+------------------ E N D   A N S Y S   S T A T I S T I C S -------------------+
