timestep:         0.0017998560115191
yAxisLabel:acceleration [m/s2]  
title:bogies acceleration       
av1,    av2,    
  0.0000000000000000,  0.0000000000000000,
  0.0000000000000000,  0.0000000000000000,
 -0.0000001641781259,  0.0000000000000000,
 -0.0000010699386873,  0.0000000000000000,
 -0.0000034516667436,  0.0000000000000000,
 -0.0000078190532076,  0.0000000000000000,
 -0.0000145001208467,  0.0000000000000000,
 -0.0000237262752314,  0.0000000000000000,
 -0.0000358553105035,  0.0000000000000000,
 -0.0000518820379583,  0.0000000000000000,
 -0.0000733559630707,  0.0000000000000000,
 -0.0001008483904879,  0.0000000000000000,
 -0.0001328602188809,  0.0000000000000000,
 -0.0001675743313534,  0.0000000000000000,
 -0.0002046634945075,  0.0000000000000000,
 -0.0002442044803551,  0.0000000000000000,
 -0.0002859725305320,  0.0000000000000000,
 -0.0003295217399775,  0.0000000000000000,
 -0.0003723738538663,  0.0000000000000000,
 -0.0004109909683726,  0.0000000000000000,
 -0.0004450133657663,  0.0000000000000000,
 -0.0004769200775885,  0.0000000000000000,
 -0.0005085421978316,  0.0000000000000000,
 -0.0005400876490072,  0.0000000000000000,
 -0.0005709511063639,  0.0000000000000000,
 -0.0006006228640187,  0.0000000000000000,
 -0.0006299142954003,  0.0000000000000000,
 -0.0006630473492297,  0.0000000000000000,
 -0.0007052541747795,  0.0000000000000000,
 -0.0007566655213540,  0.0000000000000000,
 -0.0008142420764588,  0.0000000000000000,
 -0.0008767651108519,  0.0000000000000000,
 -0.0009441243256071,  0.0000000000000000,
 -0.0010173993684768,  0.0000000000000000,
 -0.0010985059381818,  0.0000000000000000,
 -0.0011857861222883,  0.0000000000000000,
 -0.0012725629676067,  0.0000000000000000,
 -0.0013526590618651,  0.0000000000000000,
 -0.0014255255388156,  0.0000000000000000,
 -0.0014933562911545,  0.0000000000000000,
 -0.0015566065216336,  0.0000000000000000,
 -0.0016142685213344,  0.0000000000000000,
 -0.0016635279489629,  0.0000000000000000,
 -0.0017004037836068,  0.0000000000000000,
 -0.0017266757522127,  0.0000000000000000,
 -0.0017507510790346,  0.0000000000000000,
 -0.0017784298904023,  0.0000000000000000,
 -0.0018102338878803,  0.0000000000000000,
 -0.0018452055391881,  0.0000000000000000,
 -0.0018829090012916,  0.0000000000000000,
 -0.0019254530644538,  0.0000000000000000,
 -0.0019785169137825,  0.0000000000000000,
 -0.0020477356184569,  0.0000000000000000,
 -0.0021311479842481,  0.0000000000000000,
 -0.0022201364150837,  0.0000000000000000,
 -0.0023094622268831,  0.0000000000000000,
 -0.0023986617546586,  0.0000000000000000,
 -0.0024879040873616,  0.0000000000000000,
 -0.0025774570207551,  0.0000000000000000,
 -0.0026639019351775,  0.0000000000000000,
 -0.0027377549460224,  0.0000000000000000,
 -0.0027915355072081,  0.0000000000000000,
 -0.0028269723734391,  0.0000000000000000,
 -0.0028506423088351,  0.0000000000000000,
 -0.0028663014844222,  0.0000000000000000,
 -0.0028738570135433,  0.0000000000000000,
 -0.0028718621373672,  0.0000000000000000,
 -0.0028593634343594,  0.0000000000000000,
 -0.0028410326861033,  0.0000000000000000,
 -0.0028288801088074,  0.0000000000000000,
 -0.0028315955331968,  0.0000000000000000,
 -0.0028479611934511,  0.0000000000000000,
 -0.0028738871016793,  0.0000000000000000,
 -0.0029075722671044,  0.0000000000000000,
 -0.0029499768318355,  0.0000000000000000,
 -0.0030051540543046,  0.0000000000000000,
 -0.0030755666549427,  0.0000000000000000,
 -0.0031551262467978,  0.0000000000000000,
 -0.0032308259496080,  0.0000000000000000,
 -0.0032937448820468,  0.0000000000000000,
 -0.0033436830316042,  0.0000000000000000,
 -0.0033824656048656,  0.0000000000000000,
 -0.0034098635411536,  0.0000000000000000,
 -0.0034226383892964,  0.0000000000000000,
 -0.0034132386907763,  0.0000000000000000,
 -0.0033768145659107,  0.0000000000000000,
 -0.0033196249040068,  0.0000000000000000,
 -0.0032538366878358,  0.0000000000000000,
 -0.0031870053836897,  0.0000000000000000,
 -0.0031204052815511,  0.0000000000000000,
 -0.0030534109653286,  0.0000000000000000,
 -0.0029872447727236,  0.0000000000000000,
 -0.0029281823390984,  0.0000000000000000,
 -0.0028873440726005,  0.0000000000000000,
 -0.0028716635448600,  0.0000000000000000,
 -0.0028762959306543,  0.0000000000000000,
 -0.0028914491976957,  0.0000000000000000,
 -0.0029117393798025,  0.0000000000000000,
 -0.0029361909142316,  0.0000000000000000,
 -0.0029656198627890,  0.0000000000000000,
 -0.0029987487747518,  0.0000000000000000,
 -0.0030266366011956,  0.0000000000000000,
 -0.0030351540254776,  0.0000000000000000,
 -0.0030159402919281,  0.0000000000000000,
 -0.0029713525218117,  0.0000000000000000,
 -0.0029075988544760,  0.0000000000000000,
 -0.0028275305810849,  0.0000000000000000,
 -0.0027301483923763,  0.0000000000000000,
 -0.0026126198336353,  0.0000000000000000,
 -0.0024755468008428,  0.0000000000000000,
 -0.0023292149974886,  0.0000000000000000,
 -0.0021891286995004,  0.0000000000000000,
 -0.0020644713262636,  0.0000000000000000,
 -0.0019554965364379,  0.0000000000000000,
 -0.0018597723838045,  0.0000000000000000,
 -0.0017773640353364,  0.0000000000000000,
 -0.0017125782186980,  0.0000000000000000,
 -0.0016718679606310,  0.0000000000000000,
 -0.0016563392222333,  0.0000000000000000,
 -0.0016562491917513,  0.0000000000000000,
 -0.0016572030879282,  0.0000000000000000,
 -0.0016503577439821,  0.0000000000000000,
 -0.0016338355162503,  0.0000000000000000,
 -0.0016076605040571,  0.0000000000000000,
 -0.0015691346058353,  0.0000000000000000,
 -0.0015103365689612,  0.0000000000000000,
 -0.0014210251714069,  0.0000000000000000,
 -0.0012977745787884,  0.0000000000000000,
 -0.0011481636079997,  0.0000000000000000,
 -0.0009837331032231,  0.0000000000000000,
 -0.0008117909478701,  0.0000000000000000,
 -0.0006344486300583,  0.0000000000000000,
 -0.0004525703875957,  0.0000000000000000,
 -0.0002707871996620,  0.0000000000000000,
 -0.0001004649122210,  0.0000000000000000,
  0.0000448694024874,  0.0000000000000000,
  0.0001589781841399,  0.0000000000000000,
  0.0002455991928493,  0.0000000000000000,
  0.0003120172076932,  0.0000000000000000,
  0.0003623400931639,  0.0000000000000000,
  0.0003965911321664,  0.0000000000000000,
  0.0004143778936810,  0.0000000000000000,
  0.0004205278409069,  0.0000000000000000,
  0.0004279061500659,  0.0000000000000000,
  0.0004515396723358,  0.0000000000000000,
  0.0004996769108092,  0.0000000000000000,
  0.0005723119272094,  0.0000000000000000,
  0.0006664684225466,  0.0000000000000000,
  0.0007817661143268,  0.0000000000000000,
  0.0009216621545290,  0.0000000000000000,
  0.0010891280503594,  0.0000000000000000,
  0.0012804227548359,  0.0000000000000000,
  0.0014832522883389,  0.0000000000000000,
  0.0016828158398851,  0.0000000000000000,
  0.0018696814442588,  0.0000000000000000,
  0.0020409488790590,  0.0000000000000000,
  0.0021956424600506,  0.0000000000000000,
  0.0023298820919206,  0.0000000000000000,
  0.0024358673291467,  0.0000000000000000,
  0.0025067633239847,  0.0000000000000000,
  0.0025433695601606,  0.0000000000000000,
  0.0025549309345001,  0.0000000000000000,
  0.0025535137464694,  0.0000000000000000,
  0.0025476907313759, -0.0000303728580055,
  0.0025399776459779, -0.0001214701068815,
  0.0025277118755102, -0.0002442935480343,
  0.0025072895898919, -0.0003699706855242,
  0.0024827728947536, -0.0004982790537339,
  0.0024659151458687, -0.0006283627813159,
  0.0024621282842350, -0.0007594111939749,
  0.0024632472964683, -0.0008914021879348,
  0.0024540619829512, -0.0010252885329120,
  0.0024242141584297, -0.0011623864885912,
  0.0023773108819054, -0.0013028506379545,
  0.0023250210300594, -0.0014446917278189,
  0.0022737209394288, -0.0015861477081243,
  0.0022192383544415, -0.0017283685135325,
  0.0021507155452532, -0.0018735400692460,
  0.0020624931368921, -0.0020224601253156,
  0.0019629901650767, -0.0021744907541449,
  0.0018672007233389, -0.0023268130822320,
  0.0017837016750144, -0.0024760533636342,
  0.0017103292308432, -0.0026227087207539,
  0.0016384348820247, -0.0027703021021887,
  0.0015635901494579, -0.0029203357574436,
  0.0014918890742207, -0.0030703086683579,
  0.0014345285777403, -0.0032162583517149,
  0.0013972223675259, -0.0033561623484602,
  0.0013727863464345, -0.0034907545111578,
  0.0013480136909039, -0.0036240571741572,
  0.0013165132503404, -0.0037604051242309,
  0.0012801433800100, -0.0038976616981000,
  0.0012449847328131, -0.0040301383511849,
  0.0012144366685351, -0.0041565892463065,
  0.0011814773507257, -0.0042800391934541,
  0.0011339974150484, -0.0044050452618144,
  0.0010671734741675, -0.0045349820827403,
  0.0009868164761715, -0.0046682075954273,
  0.0009027351743865, -0.0047982903238381,
  0.0008199811684008, -0.0049206045886280,
  0.0007367910249090, -0.0050383926093765,
  0.0006483570415629, -0.0051580121558078,
  0.0005527017942154, -0.0052803660713600,
  0.0004574166247491, -0.0054012072569536,
  0.0003749690308834, -0.0055145996890117,
  0.0003098081907689, -0.0056153364074911,
  0.0002579184531561, -0.0057052253538024,
  0.0002138528212031, -0.0057926358601716,
  0.0001743894453857, -0.0058808802934601,
  0.0001414582135540, -0.0059646679374385,
  0.0001205659621807, -0.0060372908263319,
  0.0001129189881205, -0.0060968696510501,
  0.0001107772078793, -0.0061477826306767,
  0.0001036176115723, -0.0061976452730437,
  0.0000874728234965, -0.0062522119088349,
  0.0000643335066327, -0.0063083807921905,
  0.0000365261984467, -0.0063565434557999,
  0.0000054532279480, -0.0063942544937586,
 -0.0000312279909718, -0.0064283007868352,
 -0.0000797937462818, -0.0064655248256507,
 -0.0001411275568695, -0.0065084045913837,
 -0.0002078248582747, -0.0065526688349852,
 -0.0002723377787748, -0.0065882623520575,
 -0.0003314763539366, -0.0066091243850081,
 -0.0003846626592553, -0.0066202582433192,
 -0.0004322267565148, -0.0066308281720548,
 -0.0004740482762987, -0.0066421044809517,
 -0.0005062435329666, -0.0066464214984006,
 -0.0005222301749987, -0.0066355562660939,
 -0.0005209998656029, -0.0066060046505427,
 -0.0005078992234562, -0.0065621433796779,
 -0.0004869671510687, -0.0065153063727038,
 -0.0004601627223242, -0.0064710346335618,
 -0.0004295980463316, -0.0064221095482789,
 -0.0003958496567039, -0.0063598235382965,
 -0.0003597727748265, -0.0062839876213643,
 -0.0003266165601527, -0.0062021703585232,
 -0.0003024898335747, -0.0061243238704302,
 -0.0002882171850161, -0.0060552719427982,
 -0.0002817191324368, -0.0059895207690453,
 -0.0002823686153302, -0.0059155228674905,
 -0.0002891439935394, -0.0058293532629922,
 -0.0002998034149692, -0.0057395768775192,
 -0.0003136345740964, -0.0056549382243331,
 -0.0003292039805032, -0.0055753175686405,
 -0.0003409741259761, -0.0054931234690639,
 -0.0003441566499607, -0.0053971076037138,
 -0.0003378835109107, -0.0052814686033167,
 -0.0003208001060339, -0.0051531646984029,
 -0.0002905028583922, -0.0050235144058905,
 -0.0002471025768860, -0.0048941110682859,
 -0.0001920108539127, -0.0047559153062300,
 -0.0001253893953512, -0.0046000408764501,
 -0.0000490935373518, -0.0044259337679782,
  0.0000324319951589, -0.0042418789828120,
  0.0001167345489147, -0.0040602942422221,
  0.0002025079396177, -0.0038869614612119,
  0.0002855620103606, -0.0037141949222638,
  0.0003614025436300, -0.0035316929139913,
  0.0004289390417916, -0.0033402142575290,
  0.0004882882239700, -0.0031496440330164,
  0.0005390405541088, -0.0029696465797343,
  0.0005827490963569, -0.0028023825985159,
  0.0006213936928519, -0.0026393887675757,
  0.0006544773905524, -0.0024679463644738,
  0.0006834144737598, -0.0022840571671302,
  0.0007140945400189, -0.0020963422780162,
  0.0007518314433621, -0.0019141304944319,
  0.0007986439377641, -0.0017358439714545,
  0.0008554494508235, -0.0015512258964661,
  0.0009223978637173, -0.0013498426170181,
  0.0009986809727097, -0.0011288505577990,
  0.0010855826794552, -0.0008971263623117,
  0.0011861052115515, -0.0006672662233546,
  0.0012990282324283, -0.0004415239677260,
  0.0014178965395347, -0.0002109026284128,
  0.0015370235662213,  0.0000325592295978,
  0.0016537604144601,  0.0002866895030473,
  0.0017667847933389,  0.0005405141344929,
  0.0018764963927997,  0.0007820302668696,
  0.0019824548728118,  0.0010077023011633,
  0.0020796776140806,  0.0012260777596546,
  0.0021627824592533,  0.0014478274888297,
  0.0022322415815509,  0.0016727869184555,
  0.0022935804500566,  0.0018910022417097,
  0.0023521354265631,  0.0020943280203976,
  0.0024104090733200,  0.0022843481153756,
  0.0024683582908462,  0.0024717879916046,
  0.0025244393852245,  0.0026689144781154,
  0.0025801165288050,  0.0028786331187024,
  0.0026429073788269,  0.0030921954143198,
  0.0027199155718561,  0.0033006229694227,
  0.0028113259216915,  0.0035056060556376,
  0.0029126121327538,  0.0037173209630974,
  0.0030189125416273,  0.0039441002833191,
  0.0031281849821859,  0.0041847368649119,
  0.0032426427901644,  0.0044282535912386,
  0.0033651412159559,  0.0046624958681646,
  0.0034930035731971,  0.0048851878969139,
  0.0036171447774801,  0.0051043108770276,
  0.0037291706032374,  0.0053267516633055,
  0.0038276795820405,  0.0055490755241223,
  0.0039163824191810,  0.0057601005422580,
  0.0039992473452284,  0.0059503729250924,
  0.0040766671856877,  0.0061199247772398,
  0.0041436641477403,  0.0062787657923403,
  0.0041954142414731,  0.0064373328544493,
  0.0042348236869846,  0.0065960985762067,
  0.0042712754715579,  0.0067470687833158,
  0.0043132142837462,  0.0068842806064837,
  0.0043626370266811,  0.0070115269947287,
  0.0044157457430435,  0.0071403089321252,
  0.0044687587642670,  0.0072804642874024,
  0.0045232733072439,  0.0074322244468620,
  0.0045865874894056,  0.0075866182477911,
  0.0046649864873675,  0.0077350574506238,
  0.0047560714790657,  0.0078783859367156,
  0.0048504961836005,  0.0080245696671344,
  0.0049400981938839,  0.0081788501961408,
  0.0050230372378688,  0.0083370807672896,
  0.0051034684187896,  0.0084875399673094,
  0.0051850914496404,  0.0086200096501087,
  0.0052642965472517,  0.0087338499705299,
  0.0053315322972987,  0.0088363093507334,
  0.0053792161408687,  0.0089333088281422,
  0.0054085134418156,  0.0090224085210425,
  0.0054279023313648,  0.0090948430459525,
  0.0054447906591620,  0.0091448901125630,
  0.0054595271913749,  0.0091763172044681,
  0.0054666895220322,  0.0091999019144612,
  0.0054623720889928,  0.0092249201477633,
  0.0054510536341983,  0.0092519190744546,
  0.0054436627163923,  0.0092748712290474,
  0.0054486015954036,  0.0092898737789900,
  0.0054654622321540,  0.0093006664639916,
  0.0054866623355284,  0.0093165914425421,
  0.0055057043230736,  0.0093439989455543,
  0.0055240890399545,  0.0093797923594747,
  0.0055488899217205,  0.0094145923907248,
  0.0055842838013562,  0.0094409088340808,
  0.0056256136520079,  0.0094584587433036,
  0.0056614589619548,  0.0094722754762854,
  0.0056827986648133,  0.0094850376245690,
  0.0056897774184038,  0.0094918136175338,
  0.0056893634757622,  0.0094827841156365,
  0.0056866475081585,  0.0094512490493101,
  0.0056781996537891,  0.0093991075569798,
  0.0056552359773118,  0.0093337436355581,
  0.0056127469811484,  0.0092604664251849,
  0.0055549704402453,  0.0091787468824663,
  0.0054929696053355,  0.0090840503656699,
  0.0054356123856777,  0.0089742115079155,
  0.0053823726500539,  0.0088547806226211,
  0.0053262967530186,  0.0087357530125066,
  0.0052636737704054,  0.0086237081101636,
  0.0051995574718131,  0.0085181664710381,
  0.0051439765195863,  0.0084143831689120,
  0.0051031018355642,  0.0083093000334902,
  0.0050734830522445,  0.0082048922713802,
  0.0050447913626279,  0.0081062373808720,
  0.0050092174335519,  0.0080156389513820,
  0.0049683870540315,  0.0079281000665996,
  0.0049295873196898,  0.0078346595697206,
  0.0048957319428620,  0.0077296640649711,
  0.0048608385432704,  0.0076128777332032,
  0.0048141960766572,  0.0074868944463256,
  0.0047487657867892,  0.0073531776517381,
  0.0046672716921611,  0.0072086864578351,
  0.0045792840679298,  0.0070476915735080,
  0.0044910814409902,  0.0068678915619766,
  0.0043995571883741,  0.0066735050891872,
  0.0042971213687836,  0.0064717606319925,
  0.0041811604019248,  0.0062674303256958,
  0.0040579058074727,  0.0060615194745567,
  0.0039384836779971,  0.0058532156058926,
  0.0038304560159908,  0.0056428205271512,
  0.0037315719656688,  0.0054347197002222,
  0.0036333164137264,  0.0052356503262718,
  0.0035313663683644,  0.0050486806094168,
  0.0034305164536869,  0.0048714332129067,
  0.0033389862942188,  0.0046997532605988,
  0.0032598415926665,  0.0045307971191935,
  0.0031874855381905,  0.0043638965426223,
  0.0031111089156499,  0.0041997377592573,
  0.0030235321960932,  0.0040375177434950,
  0.0029273786726114,  0.0038725462811233,
  0.0028304105618686,  0.0036984898790861,
  0.0027353358624076,  0.0035122777156543,
  0.0026363781928060,  0.0033147048146428,
  0.0025249665707133,  0.0031074559341885,
  0.0023974459653317,  0.0028918534943705,
  0.0022588298131006,  0.0026682758287748,
  0.0021193827892899,  0.0024361000760684,
  0.0019854202941395,  0.0021965844250706,
  0.0018538235417096,  0.0019546611798867,
  0.0017176644080174,  0.0017160553851107,
  0.0015756828007794,  0.0014841113160480,
  0.0014343403718455,  0.0012603234137342,
  0.0013026749535698,  0.0010457823219348,
  0.0011852663544197,  0.0008412399981844,
  0.0010779609514257,  0.0006478515786454,
  0.0009716716094842,  0.0004672413001653,
  0.0008618930829648,  0.0002989175716939,
  0.0007527375847188,  0.0001394302127082,
  0.0006507714168035, -0.0000148333652937,
  0.0005568965579705, -0.0001663265244756,
  0.0004648178280799, -0.0003175971837301,
  0.0003656074126950, -0.0004711134842865,
  0.0002545121540024, -0.0006286436716477,
  0.0001353108646692, -0.0007922383656936,
  0.0000160187510185, -0.0009638608552540,
 -0.0001005476572224, -0.0011434159836377,
 -0.0002191541566374, -0.0013291340700836,
 -0.0003458616283170, -0.0015195082473854,
 -0.0004815478388517, -0.0017127025742211,
 -0.0006202719677926, -0.0019053713891378,
 -0.0007531957248930, -0.0020939764988445,
 -0.0008757347053277, -0.0022756038716758,
 -0.0009913170511425, -0.0024472259946988,
 -0.0011064167936073, -0.0026063699479594,
 -0.0012221462960006, -0.0027520296137202,
 -0.0013330825790937, -0.0028833324693986,
 -0.0014331397258720, -0.0029989164508992,
 -0.0015208997031337, -0.0030991342215990,
 -0.0016013800876479, -0.0031867631419955,
 -0.0016826145960235, -0.0032650335242489,
 -0.0017682294579362, -0.0033368733928130,
 -0.0018545643519942, -0.0034049768130327,
 -0.0019363720419529, -0.0034711422223614,
 -0.0020135151386302, -0.0035369121176946,
 -0.0020913271525199, -0.0036052905056671,
 -0.0021758203039112, -0.0036797784651736,
 -0.0022687187104829, -0.0037612960451945,
 -0.0023656596392581, -0.0038478628773103,
 -0.0024596834296883, -0.0039367009484403,
 -0.0025482249069940, -0.0040252628982332,
 -0.0026350040595529, -0.0041118108248830,
 -0.0027241793903199, -0.0041956130282387,
 -0.0028152293777924, -0.0042747232855355,
 -0.0029031173452010, -0.0043442757157558,
 -0.0029818929533740, -0.0043990225530949,
 -0.0030495025197415, -0.0044366759933871,
 -0.0031096571497036, -0.0044580132442932,
 -0.0031678104771439, -0.0044650201921946,
 -0.0032251718479513, -0.0044591264269908,
 -0.0032780185952326, -0.0044400977030834,
 -0.0033227544514157, -0.0044069742819960,
 -0.0033599131270356, -0.0043614572155884,
 -0.0033939440194569, -0.0043092525809425,
 -0.0034302537208718, -0.0042565557356669,
 -0.0034707774096061, -0.0042065169627019,
 -0.0035123056124500, -0.0041591804020270,
 -0.0035507664334495, -0.0041132466327522,
 -0.0035860745202895, -0.0040686727576296,
 -0.0036217093897228, -0.0040281546922239,
 -0.0036608376482451, -0.0039946780686255,
 -0.0037032341857528, -0.0039673431137497,
 -0.0037450876894617, -0.0039406776476613,
 -0.0037818253349464, -0.0039084412660928,
 -0.0038120284083478, -0.0038673857815287,
 -0.0038383744021463, -0.0038175914285885,
 -0.0038637419974905, -0.0037602164117743,
 -0.0038875603902509, -0.0036941322300930,
 -0.0039067240350656, -0.0036145644000197,
 -0.0039184904955622, -0.0035167477968650,
 -0.0039228011965439, -0.0034006957328126,
 -0.0039227560391211, -0.0032712998424590,
 -0.0039219676563507, -0.0031344245650390,
 -0.0039212139757466, -0.0029930179558219,
 -0.0039183958612837, -0.0028463716785890,
 -0.0039117103219422, -0.0026932487441610,
 -0.0039019790353617, -0.0025360111028301,
 -0.0038919040511054, -0.0023813203515109,
 -0.0038838786465600, -0.0022357307968152,
 -0.0038781491095166, -0.0021006719576478,
 -0.0038725211235028, -0.0019724572654547,
 -0.0038645811339899, -0.0018464818373345,
 -0.0038542234676407, -0.0017213052687569,
 -0.0038431458863190, -0.0015993663139654,
 -0.0038324979722643, -0.0014830574078003,
 -0.0038216536448098, -0.0013699278955518,
 -0.0038086681536054, -0.0012527120526204,
 -0.0037918174562087, -0.0011242843917603,
 -0.0037710481403468, -0.0009826064491766,
 -0.0037479108660379, -0.0008308833024784,
 -0.0037238583973626, -0.0006729872162367,
 -0.0036988182123773, -0.0005089839955452,
 -0.0036717817438515, -0.0003349616442798,
 -0.0036422660395772, -0.0001476555648242,
 -0.0036108755306897,  0.0000505192372210,
 -0.0035789479033657,  0.0002518391426936,
 -0.0035476091033244,  0.0004486680381081,
 -0.0035169245538191,  0.0006383919446204,
 -0.0034861905999931,  0.0008234845275592,
 -0.0034549674973848,  0.0010066127416813,
 -0.0034235191393754,  0.0011858233473619,
 -0.0033923457424107,  0.0013550303017679,
 -0.0033615888394004,  0.0015093214034286,
 -0.0033309275726973,  0.0016498662632602,
 -0.0032999174664657,  0.0017834699870240,
 -0.0032683934328411,  0.0019169473548269,
 -0.0032667474347344,  0.0020519888639813,
 -0.0033240711905842,  0.0021844373542984,
 -0.0034087339867939,  0.0023058291486905,
 -0.0034903339954161,  0.0024079766246290,
 -0.0035687979217162,  0.0024913912551499,
 -0.0036440552867970,  0.0025642383274883,
 -0.0037160384928627,  0.0026293627275021,
 -0.0037846828858726,  0.0026786496993010,
 -0.0038499268117333,  0.0026993190334255,
 -0.0039117116695076,  0.0026852083780762,
 -0.0039699819661660,  0.0026454521089103,
 -0.0040246853685074,  0.0025985805486251,
 -0.0040757727481084,  0.0025569116478783,
 -0.0041231982226126,  0.0025195446565909,
 -0.0041669192014608,  0.0024796891412320,
 -0.0042068964240371,  0.0024365582279399,
 -0.0042430939904557,  0.0024008044748833,
 -0.0042754793966608,  0.0023886721043898,
 -0.0043040235658799,  0.0024088901872442,
 -0.0043287008724477,  0.0024543950270485,
 -0.0043494891624473,  0.0025089345856221,
 -0.0043663697759795,  0.0025630830138933,
 -0.0043793275662378,  0.0026199968973845,
 -0.0043883509107473,  0.0026864586540512,
 -0.0043934317194037,  0.0027625344287581,
 -0.0043945654441358,  0.0028363835981769,
 -0.0043917510853404,  0.0028891872196513,
 -0.0043849911903526,  0.0029101920174867,
 -0.0043742918487815,  0.0029050038295814,
 -0.0043596626894385,  0.0028865478251026,
 -0.0043411168740209,  0.0028602478959155,
 -0.0043186710828450,  0.0028205389078310,
 -0.0042923454975444,  0.0027591028287066,
 -0.0042621637853037,  0.0026747431522106,
 -0.0042281530798875,  0.0025795211877692,
 -0.0041903439548428,  0.0024930861342894,
 -0.0041487703938048,  0.0024264562677837,
 -0.0041034697622615,  0.0023749351817718,
 -0.0040544827761994,  0.0023288012554292,
 -0.0040018534631640,  0.0022863821564720,
 -0.0039456291200689,  0.0022555192748805,
 -0.0038858602750449,  0.0022469052322865,
 -0.0038226006419198,  0.0022639570635496,
 -0.0037559070677929,  0.0022952184491331,
 -0.0036858394845909,  0.0023219199215887,
 -0.0036124608572486,  0.0023347416192606,
 -0.0035358371249546,  0.0023381442189404,
 -0.0034560371400911,  0.0023392231355138,
 -0.0033731326083113,  0.0023373970835014,
 -0.0032871980259767,  0.0023229113934129,
 -0.0031983106111898,  0.0022823814606662,
 -0.0031065502328067,  0.0022104600187660,
 -0.0030119993404312,  0.0021172943111824,
 -0.0029147428920161,  0.0020192219089279,
 -0.0028148682756697,  0.0019227225258945,
 -0.0027124652297535,  0.0018229122664910,
 -0.0026076257641512,  0.0017141934752177,
 -0.0025004440779952,  0.0015978899463677,
 -0.0023910164732126,  0.0014850230298572,
 -0.0022794412703742,  0.0013912641782950,
 -0.0021658187194470,  0.0013231216938859,
 -0.0020502509069579,  0.0012719730188906,
 -0.0019328416671733,  0.0012253344580399,
 -0.0018136964894617,  0.0011799738052709,
 -0.0016929224216719,  0.0011416199707092,
 -0.0015706279741532,  0.0011162882892998,
 -0.0014469230235640,  0.0011031054541059,
 -0.0013219187134682,  0.0010907301943458,
 -0.0011957273528722,  0.0010628647157892,
 -0.0010684623170525,  0.0010130232594094,
 -0.0009402379461546,  0.0009485957744122,
 -0.0008111694412875,  0.0008781885369423,
 -0.0006813727614130,  0.0008022493058458,
 -0.0005509645190305,  0.0007143191575935,
 -0.0004200618758677,  0.0006069227856358,
 -0.0002887824372235,  0.0004798366157300,
 -0.0001572441461048,  0.0003443883304354,
 -0.0000255651775718,  0.0002157591003194,
  0.0001061361672198,  0.0000993860415243,
  0.0002377415676554, -0.0000106155707427,
  0.0003691327898491, -0.0001198259503178,
  0.0005001917927082, -0.0002265766881093,
  0.0006308008343960, -0.0003233149098427,
  0.0007608425781924, -0.0004008372419431,
  0.0008902001967001, -0.0004573820304862,
  0.0010187574779341, -0.0005033637478809,
  0.0011463989297727, -0.0005513283439809,
  0.0012730098832248, -0.0006044411115845,
  0.0013984765952132, -0.0006579677751958,
  0.0015226863519184, -0.0007078757826761,
  0.0016455275698386, -0.0007563604834167,
  0.0017668898936423, -0.0008119688490669,
  0.0018866642976533, -0.0008847715601188,
  0.0020047431840657, -0.0009771959351844,
  0.0021210204784021, -0.0010804410126105,
  0.0022353917252125, -0.0011849659799387,
  0.0023477541812468, -0.0012897604909317,
  0.0024580069097052, -0.0013989288514643,
  0.0025660508704068, -0.0015157611440581,
  0.0026717890051458, -0.0016383405597386,
  0.0027751263284867, -0.0017575139755303,
  0.0028759700136049, -0.0018629197270139,
  0.0029742294737144, -0.0019522793520587,
  0.0030698164441057, -0.0020321210782176,
  0.0031626450605511, -0.0021086096116956,
  0.0032526319390552, -0.0021811585389951,
  0.0033396962499785, -0.0022453202213171,
  0.0034237597860203, -0.0022974815783623,
  0.0035047470371171, -0.0023388986419174,
  0.0035825852590003, -0.0023780780531619,
  0.0036572045359432, -0.0024244194656964,
  0.0037285378444329, -0.0024793762211770,
  0.0037965211123171, -0.0025381835349249,
  0.0038610932795097, -0.0025974434590713,
  0.0039221963518205, -0.0026584048954162,
  0.0039797754476638, -0.0027257801019226,
  0.0040337788527878, -0.0028038411898261,
  0.0040841580676254, -0.0028916061222733,
  0.0041308678477594, -0.0029818099393051,
  0.0041738662444438, -0.0030669921728073,
  0.0042131146457430, -0.0031463193885022,
  0.0042485778100319, -0.0032231446748375,
  0.0042802238918629, -0.0032990516401644,
  0.0043080244764303, -0.0033723456754178,
  0.0043319546060917, -0.0034382265003161,
  0.0043519927993999, -0.0034919803380677,
  0.0043681210715215, -0.0035341846321874,
  0.0043803249491728, -0.0035704790608867,
  0.0043885934872405, -0.0036057065304814,
  0.0043929192773156, -0.0036400324278230,
  0.0043932984484040, -0.0036711116899402,
  0.0043897306764305, -0.0036978869135424,
  0.0043822191855925, -0.0037221410345157,
  0.0043707707419279, -0.0037482772647281,
  0.0043553956484056, -0.0037804724997786,
  0.0043361077344665, -0.0038184372541800,
  0.0043129243471736, -0.0038582016610973,
  0.0042858663342859, -0.0038971160958467,
  0.0042549580197752, -0.0039355007277736,
  0.0042202271878335, -0.0039749435757691,
  0.0041817050589790, -0.0040163343641593,
  0.0041394262585293, -0.0040581414818500,
  0.0040934287855235, -0.0040966945016362,
  0.0040437539819664, -0.0041290115762861,
  0.0039904464943673, -0.0041552829841000,
  0.0039335542283068, -0.0041777742484391,
  0.0038731283108345, -0.0041977047821072,
  0.0038092230455680, -0.0042145582887860,
  0.0037418958606419, -0.0042272735052035,
  0.0036712072581826, -0.0042352977484704,
  0.0035972207589654, -0.0042397711147583,
  0.0035200028483204, -0.0042431741550321,
  0.0034396229151796, -0.0042471561925468,
  0.0033561531852016, -0.0042515555985844,
  0.0032696686605498, -0.0042554930350984,
  0.0031802470534273, -0.0042586424612742,
  0.0030879687134166, -0.0042613694929613,
  0.0029929165562292, -0.0042641506466897,
  0.0028951759884195, -0.0042669490676747,
  0.0027948348330485, -0.0042689775949531,
  0.0026919832497330, -0.0042692501648072,
  0.0025867136501509, -0.0042673256952747,
  0.0024791206186426, -0.0042632953377996,
  0.0023693008279978, -0.0042568320335664,
  0.0022573529503393, -0.0042470213236681,
  0.0021433775686490, -0.0042333951318988,
  0.0020274770881736, -0.0042159657183609,
  0.0019097556435694, -0.0041947487609818,
  0.0017903190029326, -0.0041697633357887,
  0.0016692744753198, -0.0041410319055067,
  0.0015467308149269, -0.0041085803004198,
  0.0014227981217359, -0.0040724376917663,
  0.0012975877431421, -0.0040326365666516,
  0.0011712121736092, -0.0039892126977588,
  0.0010437849545703, -0.0039422051145063,
  0.0009154205718439, -0.0038916560666984,
  0.0007862343517229, -0.0038376109813763,
  0.0006563423585312, -0.0037801184273124,
  0.0005258612907120, -0.0037192300723760,
  0.0003949083751282, -0.0036550006339331,
  0.0002636012620246, -0.0035874878307317,
  0.0001320579193093, -0.0035167523300777,
  0.0000003965266807, -0.0034428576962408,
 -0.0001312646308181, -0.0033658703321591,
 -0.0002628072687071, -0.0032858594153361,
 -0.0003941132096054, -0.0032028968402589,
 -0.0005250644892933, -0.0031170571547077,
 -0.0006555434627090, -0.0030284174899971,
 -0.0007854329096388, -0.0029370574925949,
 -0.0009146161397580, -0.0028430592517923,
 -0.0010429770982216, -0.0027465072283009,
 -0.0011704004698801, -0.0026474881773483,
 -0.0012967717811198, -0.0025460910672964,
 -0.0014219775043992, -0.0024424070032722,
 -0.0015459051603887, -0.0023365291460711,
 -0.0016684434181994, -0.0022285526262358,
 -0.0017894821951696, -0.0021185744587535,
 -0.0019089127572428, -0.0020066934576456,
 -0.0020266278163306, -0.0018930101463604,
 -0.0021425216237927, -0.0017776266650615,
 -0.0022564900683022, -0.0016606466813844,
 -0.0023684307697498, -0.0015421752978815,
 -0.0024782431696973, -0.0014223189559659,
 -0.0025858286222230, -0.0013011853408188,
 -0.0026910904817858, -0.0011788832843342,
 -0.0027939341922742, -0.0010555226683158,
 -0.0028942673713295, -0.0009312143251867,
 -0.0029919998892910, -0.0008060699373316,
 -0.0030870439542054, -0.0006802019379529,
 -0.0031793141912938, -0.0005537234104206,
 -0.0032687277174179, -0.0004267479858105,
 -0.0033552042162816, -0.0002993897411007,
 -0.0034386660096182, -0.0001717630966532,
 -0.0035190381298199, -0.0000439827135584,
 -0.0035962483863986,  0.0000838366096538,
 -0.0036702274258702,  0.0002115800398578,
 -0.0037409087990496,  0.0003391328127012,
 -0.0038082290215389,  0.0004663803355928,
 -0.0038721276279319,  0.0005932082907044,
 -0.0039325472259907,  0.0007195027374466,
 -0.0039894335514548,  0.0008451502154279,
 -0.0040427355157032,  0.0009700378463946,
 -0.0040924052461164,  0.0010940534341544,
 -0.0041383981346720,  0.0012170855667910,
 -0.0041806728789418,  0.0013390237168583,
 -0.0042191915159869,  0.0014597583400123,
 -0.0042539194575274,  0.0015791809736499,
 -0.0042848255198250,  0.0016971843338656,
 -0.0043118819552295,  0.0018136624132374,
 -0.0043350644758659,  0.0019285105757600,
 -0.0043543522695730,  0.0020416256480831,
 -0.0043697280245550,  0.0021529060149271,
 -0.0043811779459618,  0.0022622517107182,
 -0.0043886917648197,  0.0023695645079524,
 -0.0043922627483954,  0.0024747480059240,
 -0.0043918877050193,  0.0025777077166003,
 -0.0043875669905857,  0.0026783511516416,
 -0.0043793045069090,  0.0027765879048966,
 -0.0043671076923063,  0.0028723297297322,
 -0.0043509875209133,  0.0029654906221881,
 -0.0043309584938989,  0.0030559868988134,
 -0.0043070386229039,  0.0031437372697066,
 -0.0042792494138513,  0.0032286629113555,
 -0.0042476158511602,  0.0033106875401171,
 -0.0042121663739601,  0.0033897374799287,
 -0.0041729328448928,  0.0034657417238089,
 -0.0041299505272407,  0.0035386320023494,
 -0.0040832580543111,  0.0036083428457894,
 -0.0040328973912970,  0.0036748116401770,
 -0.0039789137987030,  0.0037379786844963,
 -0.0039213557906056,  0.0037977872432421,
 -0.0038602750943022,  0.0038541836005304,
 -0.0037957266025548,  0.0039071171073108,
 -0.0037277683192314,  0.0039565402215168,
 -0.0036564613123548,  0.0040024085561745,
 -0.0035818696602368,  0.0040446809201681,
 -0.0035040603907881,  0.0040833193521512,
 -0.0034231034223242,  0.0041182891556724,
 -0.0033390714998342,  0.0041495589291886,
 -0.0032520401323869,  0.0041771005977064,
 -0.0031620875241325,  0.0042008894368036,
 -0.0030692944998930,  0.0042209040891281,
 -0.0029737444368295,  0.0042371265893698,
 -0.0028755231903988,  0.0042495423813918,
 -0.0027747190145859,  0.0042581403279405,
 -0.0026714224834839,  0.0042629127217706,
 -0.0025657264092228,  0.0042638552913781,
 -0.0024577257607036,  0.0042609672083556,
 -0.0023475175773161,  0.0042542510868549,
 -0.0022352008787375,  0.0042437129754967,
 -0.0021208765791209,  0.0042293623577673,
 -0.0020046473971192,  0.0042112121445396,
 -0.0018866177616082,  0.0041892786590368,
 -0.0017668937180549,  0.0041635816221588,
 -0.0016455828347020,  0.0041341441382086,
 -0.0015227941051845,  0.0041009926728323,
 -0.0013986378487227,  0.0040641570237411,
 -0.0012732256130130,  0.0040236702995451,
 -0.0011466700745175,  0.0039795688910393,
 -0.0010190849358922,  0.0039318924351721,
 -0.0008905848242758,  0.0038806837805393,
 -0.0007612851881118,  0.0038259889478315,
 -0.0006313021940580,  0.0037678570916467,
 -0.0005007526221642,  0.0037063404550741,
 -0.0003697537604609,  0.0036414943178369,
 -0.0002384233001844,  0.0035733769516715,
 -0.0001068792303052,  0.0035020495689423,
  0.0000247602689991,  0.0034275762646039,
  0.0001563769323482,  0.0033500239596195,
  0.0002878525153119,  0.0032694623399385,
  0.0004190689008797,  0.0031859637965918,
  0.0005499082057231,  0.0030996033595267,
  0.0006802528851772,  0.0030104586261272,
  0.0008099858396863,  0.0029186096956940,
  0.0009389905199991,  0.0028241390983296,
  0.0010671510315578,  0.0027271317182132,
  0.0011943522383804,  0.0026276747174812,
  0.0013204798674873,  0.0025258574600900,
  0.0014454206114295,  0.0024217714305619,
  0.0015690622279559,  0.0023155101486655,
  0.0016912936429187,  0.0022071690886478,
  0.0018120050502808,  0.0020968455941615,
  0.0019310880097185,  0.0019846387887600,
  0.0020484355443934,  0.0018706494875183,
  0.0021639422364426,  0.0017549801059881,
  0.0022775043234751,  0.0016377345696350,
  0.0023890197913461,  0.0015190182197360,
  0.0024983884624185,  0.0013989377168547,
  0.0026055120889140,  0.0012776009470180,
  0.0027102944416430,  0.0011551169252876,
  0.0028126413946382,  0.0010315956964861,
  0.0029124610103172,  0.0009071482367683,
  0.0030096636212288,  0.0007818863537186,
  0.0031041619131024,  0.0006559225865493,
  0.0031958710025535,  0.0005293701045355,
  0.0032847085088883,  0.0004023426048047,
  0.0033705946325663,  0.0002749542108304,
  0.0034534522275727,  0.0001473193701686,
  0.0035332068682318,  0.0000195527510920,
  0.0036097869158952, -0.0001082308602052,
  0.0036831235862867, -0.0002359166628211,
  0.0037531510103388, -0.0003633899444772,
  0.0038198062882000, -0.0004905361839077,
  0.0038830295509438, -0.0006172411543311,
  0.0039427640151877, -0.0007433910260229,
  0.0039989560311489, -0.0008688724684075,
  0.0040515551318209, -0.0009935727519349,
  0.0041005140771675, -0.0011173798490316,
  0.0041457888999522, -0.0012401825356702,
  0.0041873389440838, -0.0013618704911731,
  0.0042251268954237, -0.0014823343953160,
  0.0042591188210825, -0.0016014660284938,
  0.0042892842008756, -0.0017191583691414,
  0.0043155959514067, -0.0018353056889014,
  0.0043380304515033, -0.0019498036479407,
  0.0043565675622262, -0.0020625493880988,
  0.0043711906485572, -0.0021734416269993,
  0.0043818865930590, -0.0022823807486191,
  0.0043886458017232, -0.0023892688895492,
  0.0043914622186089, -0.0024940100301193,
  0.0043903333323341, -0.0025965100810967,
  0.0043852601748119, -0.0026966769664833,
  0.0043762473214861, -0.0027944207068118,
  0.0043633028860074, -0.0028896534991635,
  0.0043464385165469, -0.0029822897984426,
  0.0043256693839927, -0.0030722463935263,
  0.0043010141624984, -0.0031594424777396,
  0.0042724950186258, -0.0032437997257299,
  0.0042401375925071, -0.0033252423644847,
  0.0042039709713034, -0.0034036972390140,
  0.0041640276630865, -0.0034790938778981,
  0.0041203435710755, -0.0035513645594753,
  0.0040729579600522, -0.0036204443717660,
  0.0040219134156463, -0.0036862712657951,
  0.0039672558116313, -0.0037487861163520,
  0.0039090342697479, -0.0038079327759176,
  0.0038473011122492, -0.0038636581222518,
  0.0037821118159903, -0.0039159121070621,
  0.0037135249615627, -0.0039646477998568,
  0.0036416021837317, -0.0040098214333803,
  0.0035664081148191, -0.0040513924418275,
  0.0034880103219261, -0.0040893234917554,
  0.0034064792510667, -0.0041235805212013,
  0.0033218881648244, -0.0041541327712222,
  0.0032343130735940, -0.0041809528103129,
  0.0031438326682585, -0.0042040165601141,
  0.0030505282486561, -0.0042233033158578,
  0.0029544836530629, -0.0042387957684634,
  0.0028557851817828, -0.0042504800188503,
  0.0027545215158922, -0.0042583455846530,
  0.0026507836414192, -0.0042623854154809,
  0.0025446647683990, -0.0042625959002772,
  0.0024362602447426, -0.0042589768671441,
  0.0023256674707389, -0.0042515315834577,
  0.0022129858134701, -0.0042402667564450,
  0.0020983165166405, -0.0042251925258590,
  0.0019817626069436, -0.0042063224491802,
  0.0018634288043013, -0.0041836734952204,
  0.0017434214284149, -0.0041572660299197,
  0.0016218483014522, -0.0041271237946329,
  0.0014988186517674, -0.0040932738859267,
  0.0013744430154034, -0.0040557467301126,
  0.0012488331379218, -0.0040145760592619,
  0.0011221018733747, -0.0039697988796062,
  0.0009943630815740, -0.0039214554329890,
  0.0008657315272549, -0.0038695891661281,
  0.0007363227773769, -0.0038142466925940,
  0.0006062530962765, -0.0037554777476888,
  0.0004756393415501, -0.0036933351448360,
  0.0003445988589874, -0.0036278747271300,
  0.0002132493774322, -0.0035591553201623,
  0.0000817089026792, -0.0034872386779605,
 -0.0000499043884712, -0.0034121894228928,
 -0.0001814722543597, -0.0033340749923478,
 -0.0003128764945367, -0.0032529655790733,
 -0.0004439990561424, -0.0031689340652354,
 -0.0005747221397316, -0.0030820559570545,
 -0.0007049283055810, -0.0029924093195139,
 -0.0008345005792546, -0.0029000747051431,
 -0.0009633225553852, -0.0028051350778577,
 -0.0010912785034873, -0.0027076757423367,
 -0.0012182534719918, -0.0026077842681910,
 -0.0013441333909685, -0.0025055504088665,
 -0.0014688051747937, -0.0024010660218031,
 -0.0015921568232855, -0.0022944249852875,
 -0.0017140775236413, -0.0021857231160091,
 -0.0018344577497323, -0.0020750580820923,
 -0.0019531893578513, -0.0019625293127025,
 -0.0020701656864674, -0.0018482379114882,
 -0.0021852816523711, -0.0017322865663726,
 -0.0022984338437138, -0.0016147794555233,
 -0.0024095206133656, -0.0014958221543399,
 -0.0025184421695230, -0.0013755215402377,
 -0.0026251006674417, -0.0012539856977648,
 -0.0027294002967732, -0.0011313238208691,
 -0.0028312473638053, -0.0010076461134402,
 -0.0029305503794526, -0.0008830636917704,
 -0.0030272201420013, -0.0007576884851329,
 -0.0031211698151464, -0.0006316331341990,
 -0.0032123150067025, -0.0005050108901753,
 -0.0033005738434907, -0.0003779355129706,
 -0.0033858670476223, -0.0002505211693046,
 -0.0034681180068802, -0.0001228823298008,
 -0.0035472528387462,  0.0000048663338421,
 -0.0036232004615898,  0.0001326100517902,
 -0.0036958926592774,  0.0002602340590172,
 -0.0037652641397483,  0.0003876236986277,
 -0.0038312525935105,  0.0005146645246392,
 -0.0038937987527756,  0.0006412424052259,
 -0.0039528464436706,  0.0007672436253237,
 -0.0040083426312809,  0.0008925549875812,
 -0.0040602374727563,  0.0010170639151940,
 -0.0041084843629881,  0.0011406585530937,
 -0.0041530399733456,  0.0012632278679403,
 -0.0041938642916412,  0.0013846617480444,
 -0.0042309206568943,  0.0015048511018544,
 -0.0042641757957613,  0.0016236879572116,
 -0.0042935998512174,  0.0017410655581107,
 -0.0043191664035327,  0.0018568784580892,
 -0.0043408524999194,  0.0019710226174307,
 -0.0043586386761651,  0.0020833954969339,
 -0.0043725089706836,  0.0021938961487402,
 -0.0043824509399884,  0.0023024253074524,
 -0.0043884556686540,  0.0024088854786337,
 -0.0043905177809457,  0.0025131810283852,
 -0.0043886354443356,  0.0026152182687260,
 -0.0043828103652227,  0.0027149055380871,
 -0.0043730477934130,  0.0028121532873145,
 -0.0043593565184708,  0.0029068741606465,
 -0.0043417488582875,  0.0029989830721828,
 -0.0043202406479960,  0.0030883972821313,
 -0.0042948512293167,  0.0031750364736957,
 -0.0042656034318367,  0.0032588228244552,
 -0.0042325235467676,  0.0033396810717593,
 -0.0041956413091615,  0.0034175385848700,
 -0.0041549898722647,  0.0034923254309168,
 -0.0041106057742666,  0.0035639744351782,
 -0.0040625289066171,  0.0036324212422681,
 -0.0040108024770762,  0.0036976043729201,
 -0.0039554729742097,  0.0037594652822794,
 -0.0038965901243258,  0.0038179484114916,
 -0.0038342068416080,  0.0038730012323744,
 -0.0037683791858803,  0.0039245742998895,
 -0.0036991663132588,  0.0039726212974249,
 -0.0036266304198069,  0.0040170990753881,
 -0.0035508366867133,  0.0040579676909698,
 -0.0034718532207753,  0.0040951904428809,
 -0.0033897509960772,  0.0041287339077083,
 -0.0033046037890395,  0.0041585679687731,
 -0.0032164881077896,  0.0041846658375250,
 -0.0031254831279030,  0.0042070040833327,
 -0.0030316706221630,  0.0042255626555131,
 -0.0029351348843539,  0.0042403248980197,
 -0.0028359626536694,  0.0042512775643342,
 -0.0027342430391260,  0.0042584108328810,
 -0.0026300674384747,  0.0042617183145853,
 -0.0025235294526822,  0.0042611970528489,
 -0.0024147248053732,  0.0042568475320493,
 -0.0023037512575805,  0.0042486736781379,
 -0.0021907085177043,  0.0042366828516862,
 -0.0020756981526592,  0.0042208858424013,
 -0.0019588234960944,  0.0042012968582666,
 -0.0018401895571810,  0.0041779335162463,
 -0.0017199029254699,  0.0041508168251554,
 -0.0015980716729708,  0.0041199711612125,
 -0.0014748052593411,  0.0040854242518133,
 -0.0013502144340929,  0.0040472071516574,
 -0.0012244111355966,  0.0040053542114829,
 -0.0010975083910075,  0.0039599030483116,
 -0.0009696202144658,  0.0039108945105720,
 -0.0008408615054668,  0.0038583726446353,
 -0.0007113479451168,  0.0038023846539702,
 -0.0005811958914230,  0.0037429808516779,
 -0.0004505222756445,  0.0036802146204677,
 -0.0003194444975520,  0.0036141423656750,
 -0.0001880803192623,  0.0035448234614755,
 -0.0000565477596654,  0.0034723201985713,
  0.0000750350115668,  0.0033966977272892,
  0.0002065497802071,  0.0033180240018570,
  0.0003378783938865,  0.0032363697181934,
  0.0004689028676038,  0.0031518082461309,
  0.0005995054902763,  0.0030644155678845,
  0.0007295689304330,  0.0029742702106652,
  0.0008589763414762,  0.0028814531734450,
  0.0009876114664205,  0.0027860478543166,
  0.0011153587431563,  0.0026881399778728,
  0.0012421034081988,  0.0025878175171758,
  0.0013677315979374,  0.0024851706113647,
  0.0014921304527214,  0.0023802914881608,
  0.0016151882184174,  0.0022732743817404,
  0.0017367943459290,  0.0021642154458952,
  0.0018568395908087,  0.0020532126683667,
  0.0019752161108378,  0.0019403657822858,
  0.0020918175645450,  0.0018257761781744,
  0.0022065392063584,  0.0017095468120730,
  0.0023192779775638,  0.0015917821108926,
  0.0024299326019983,  0.0014725878808621,
  0.0025384036774517,  0.0013520712130143,
  0.0026445937632972,  0.0012303403854881,
  0.0027484074685858,  0.0011075047667359,
  0.0028497515369435,  0.0009836747170103,
  0.0029485349327061,  0.0008589614900291,
  0.0030446689220229,  0.0007334771325067,
  0.0031380671483252,  0.0006073343826742,
  0.0032286457141539,  0.0004806465699169,
  0.0033163232571671,  0.0003535275132696,
  0.0034010210208744,  0.0002260914184546,
  0.0034826629252075,  0.0000984527754986,
  0.0035611756377460, -0.0000292737440442,
  0.0036364886386911, -0.0001569733903705,
  0.0037085342792000, -0.0002845314381278,
  0.0037772478472043, -0.0004118332897872,
  0.0038425676263498, -0.0005387645784991,
  0.0039044349485790, -0.0006652112708338,
  0.0039627942477845, -0.0007910597692353,
  0.0040175931086072, -0.0009161970138065,
  0.0040687823168463, -0.0010405105846399,
  0.0041163159025550, -0.0011638888027624,
  0.0041601511757087, -0.0012862208287209,
  0.0042002487702368, -0.0014073967638423,
  0.0042365726803343, -0.0015273077491157,
  0.0042690902895451, -0.0016458460621708,
  0.0042977724011460, -0.0017629052143298,
  0.0043225932631589, -0.0018783800457407,
  0.0043435305950622, -0.0019921668214057,
  0.0043605656065567, -0.0021041633240117,
  0.0043736830085187, -0.0022142689427639,
  0.0043828710327229, -0.0023223847667380,
  0.0043881214434668, -0.0024284136741310,
  0.0043894295414715, -0.0025322604179255,
  0.0043867941680445, -0.0026338317112520,
  0.0043802177097517, -0.0027330363133741,
  0.0043697060949411, -0.0028297851110427,
  0.0043552687825215, -0.0029239911945951,
  0.0043369187594552, -0.0030155699399812,
  0.0043146725301611, -0.0031044390853759,
  0.0042885500981593, -0.0031905188028932,
  0.0042585749492598, -0.0032737317710283,
  0.0042247740292924, -0.0033540032431813,
  0.0041871777233916, -0.0034312611175788,
  0.0041458198273566, -0.0035054360011778,
  0.0041007375117446, -0.0035764612671691,
  0.0040519712941382, -0.0036442731196958,
  0.0039995650037938, -0.0037088106519347,
  0.0039435657388841, -0.0037700158980609,
  0.0038840238252981, -0.0038278338862373,
  0.0038209927703758, -0.0038822126869169,
  0.0037545292179907, -0.0039331034626980,
  0.0036846928963971, -0.0039804605111229,
  0.0036115465596838, -0.0040242413002957,
  0.0035351559364028, -0.0040644065125815,
  0.0034555896714911, -0.0041009200808454,
  0.0033729192615593, -0.0041337492176944,
  0.0032872189916620, -0.0041628644459759,
  0.0031985658676850, -0.0041882396240930,
  0.0031070395497986, -0.0042098519729477,
  0.0030127222797658, -0.0042276820951885,
  0.0029156988031204, -0.0042417139868976,
  0.0028160562970983, -0.0042519350577735,
  0.0027138842931475, -0.0042583361434540,
  0.0026092745939776, -0.0042609115103635,
  0.0025023211912401, -0.0042596588608087,
  0.0023931201831526, -0.0042545793385588,
  0.0022817696872159, -0.0042456775265329,
  0.0021683697491374, -0.0042329614369587,
  0.0020530222560039, -0.0042164425099857,
  0.0019358308454189, -0.0041961356044464,
  0.0018169008104511, -0.0041720589810840,
  0.0016963390056762, -0.0041442342872767,
  0.0015742537507573, -0.0041126865364452,
  0.0014507547344295, -0.0040774440889798,
  0.0013259529152635, -0.0040385386254659,
  0.0011999604203598, -0.0039960051128147,
  0.0010728904463492, -0.0039498817783581,
  0.0009448571581519, -0.0039002100765295,
  0.0008159755852261, -0.0038470346483364,
  0.0006863615186124, -0.0037904032823350,
  0.0005561314067688, -0.0037303668706619,
  0.0004254022514113, -0.0036669793663979,
  0.0002942915020020, -0.0036002977338653,
  0.0001629169500155, -0.0035303818926734,
  0.0000313966234296, -0.0034572946687785,
 -0.0001001513190995, -0.0033811017389890,
 -0.0002316086947507, -0.0033018715689998,
 -0.0003628574024814, -0.0032196753519820,
 -0.0004937795294306, -0.0031345869472817,
 -0.0006242574569750, -0.0030466828129477,
 -0.0007541739653709, -0.0029560419330444,
 -0.0008834123400121, -0.0028627457508094,
 -0.0010118564762973, -0.0027668780963211,
 -0.0011393909835571, -0.0026685251086522,
 -0.0012659012888506, -0.0025677751593107,
 -0.0013912737398955, -0.0024647187728368,
 -0.0015153957071695, -0.0023594485454688,
 -0.0016381556850906, -0.0022520590619437,
 -0.0017594433921886, -0.0021426468105135,
 -0.0018791498691128, -0.0020313100951687,
 -0.0019971675796332, -0.0019181489506795,
 -0.0021133905065456, -0.0018032650511140,
 -0.0022277142408895, -0.0016867616139454,
 -0.0023400360817101, -0.0015687433121158,
 -0.0024502551291110, -0.0014493161811280,
 -0.0025582723717237, -0.0013285875206694,
 -0.0026639907767282, -0.0012066657992384,
 -0.0027673153770158, -0.0010836605566916,
 -0.0028681533564972, -0.0009596823058298,
 -0.0029664141334820, -0.0008348424331087,
 -0.0030620094420458, -0.0007092530985644,
 -0.0031548534113198, -0.0005830271350466,
 -0.0032448626426219, -0.0004562779468449,
 -0.0033319562843739, -0.0003291194078043,
 -0.0034160561028307, -0.0002016657589440,
 -0.0034970865580180, -0.0000740315061549,
 -0.0035749748698440,  0.0000536686832445,
 -0.0036496510736183,  0.0001813200830249,
 -0.0037210480928318,  0.0003088080114375,
 -0.0037891018010007,  0.0004360179339970,
 -0.0038537510736788,  0.0005628355665328,
 -0.0039149378452411,  0.0006891469778214,
 -0.0039726071610325,  0.0008148386919406,
 -0.0040267072267291,  0.0009397977902134,
 -0.0040771894548549,  0.0010639120126527,
 -0.0041240085084170,  0.0011870698588122,
 -0.0041671223416233,  0.0013091606879554,
 -0.0042064922376428,  0.0014300748184506,
 -0.0042420828433710,  0.0015497036263048,
 -0.0042738622011764,  0.0016679396427479,
 -0.0043018017752290,  0.0017846766497645,
 -0.0043258764842547,  0.0018998097784759,
 -0.0043460647215875,  0.0020132356026949,
 -0.0043623483627920,  0.0021248522260975,
 -0.0043747127939077,  0.0022345593794443,
 -0.0043831469266600,  0.0023422585114058,
 -0.0043876432014760,  0.0024478528740824,
 -0.0043881975965918,  0.0025512476109321,
 -0.0043848096316450,  0.0026523498419835,
 -0.0043774823680933,  0.0027510687472712,
 -0.0043662224064470,  0.0028473156484169,
 -0.0043510398803232,  0.0029410040882902,
 -0.0043319484473264,  0.0030320499086719,
 -0.0043089652767630,  0.0031203713258494,
 -0.0042821110342014,  0.0032058890040823,