timestep:   0.0072289156626506
yAxisLabel:acceleration [m/s2] 
title:sprung mass acceleration 
matlab av1 
 -0.0000811315382035
 -0.0000257949588826
 -0.0001700947856665
 -0.0007777283788579
 -0.0020241589248223
 -0.0036843993411560
 -0.0060517353327318
 -0.0100189117630000
 -0.0156008548916085
 -0.0225589336663933
 -0.0305989137690969
 -0.0402263866077264
 -0.0509785045377866
 -0.0626355932846562
 -0.0747608669185983
 -0.0875391955348985
 -0.0991568787889356
 -0.1094160062564978
 -0.1174711505068207
 -0.1255258725463966
 -0.1304944606423138
 -0.1311834579125633
 -0.1275928643571080
 -0.1210610264956767
 -0.1123258447488151
 -0.0995674615583673
 -0.0838579936034941
 -0.0656670200857259
 -0.0458736909930989
 -0.0251491181197486
 -0.0038477091612739
  0.0164045433540335
  0.0343745568234079
  0.0518088387656319
  0.0665143488904705
  0.0765403866956478
  0.0819247023995439
  0.0843763998342746
  0.0840740363126113
  0.0799436751055222
  0.0721602008431320
  0.0617720807664446
  0.0507751772536541
  0.0385971497439557
  0.0273383881594511
  0.0176359455202537
  0.0095373786957334
  0.0028501981929425
  0.0010035604761725
  0.0041426203159071
  0.0110587764448025
  0.0203586439136840
  0.0338394681394621
  0.0508342529774245
  0.0698121222302487
  0.0902567507208810
  0.1107670058630331
  0.1304309331487299
  0.1489004527268765
  0.1642406321645371
  0.1750712656769392
  0.1815730408961619
  0.1839719015232752
  0.1804096166145035
  0.1708031058975904
  0.1568860043921845
  0.1385453619188269
  0.1160409567553107
  0.0904532525648220
  0.0631496225734108
  0.0352734935659675
  0.0081486676499026
 -0.0174864564730905
 -0.0413151337955284
 -0.0605624443381875
 -0.0749056271277433
 -0.0853358828830394
 -0.0914483489695475
 -0.0915738099393548
 -0.0859957981726818
 -0.0772776575782846
 -0.0650639228228417
 -0.0498423413642842
 -0.0320821376720320
 -0.0140510565519299
  0.0043778738267903
  0.0213157532990546
  0.0362869126904956
  0.0487861861906654
  0.0595040856566860
  0.0661251876277655
  0.0683967453147321
  0.0670647442559765
  0.0637374718487663
  0.0571854912065255
  0.0480949534319892
  0.0374171333653947
  0.0257184040599711
  0.0136822944805758
  0.0018071008318568
 -0.0093055229756041
 -0.0188272445536375
 -0.0268247291516075
 -0.0336238011292230
 -0.0381090771840319
 -0.0401940435513875
 -0.0405999692957754
 -0.0403196696901035
 -0.0389916823647258
 -0.0367394045046291
 -0.0337139251930148
 -0.0315248023493536
 -0.0299479025376269
 -0.0292299441682481
 -0.0295090231007985
 -0.0310576677622812
 -0.0341367895658778
 -0.0382754293055920
 -0.0434173402666401
 -0.0495100847295944
 -0.0561468538386556
 -0.0629494806596537
 -0.0694826244079777
 -0.0755858958445885
 -0.0808672462957730
 -0.0850356803363427
 -0.0879142684200569
 -0.0892375258115432
 -0.0888303003342907
 -0.0866399427962972
 -0.0825450837637289
 -0.0765799658604965
 -0.0688801471099271
 -0.0595187879351185
 -0.0490372547535511
 -0.0376707076481754
 -0.0254621095753761
 -0.0127698623111836
 -0.0008339921023041
  0.0103005581225742
  0.0207293421404504
  0.0301641050013618
  0.0376933882011740
  0.0432848889770483
  0.0474056542461733
  0.0497928719929343
  0.0504847959876499
  0.0497325775304294
  0.0479056728757533
  0.0451877266414659
  0.0423691987575913
  0.0396243582332518
  0.0369238885420575
  0.0348467723356083
  0.0342120342419114
  0.0348537102515132
  0.0362427578976904
  0.0388910823434854
  0.0429077390792391
  0.0478261235312243
  0.0530233184421587
  0.0583424512721193
  0.0631354726144866
  0.0669606946197479
  0.0699951991382743
  0.0706269135129744
  0.0685692070187229
  0.0640671780762511
  0.0572885956497109
  0.0472076815870867
  0.0337579554085638
  0.0180574204717265
  0.0001881302003355
 -0.0194530955349288
 -0.0405171577956811
 -0.0617958804205371
 -0.0830705628859529
 -0.1026682369019366
 -0.1201034670427132
 -0.1353244114404789
 -0.1477355094333425
 -0.1552493301612983
 -0.1578632093072659
 -0.1566575631813019
 -0.1512392043014087
 -0.1407827391703441
 -0.1255987547093201
 -0.1072921807462914
 -0.0858207535335148
 -0.0620428097484522
 -0.0365901668609741
 -0.0104729184820015
  0.0155443936390957
  0.0398223214537042
  0.0617646735336049
  0.0821783543677585
  0.0998575024923703
  0.1127520176899144
  0.1208651139066924
  0.1255688402601205
  0.1274334033031145
  0.1252490335241145
  0.1191305432405366
  0.1100515372694287
  0.0994816795839353
  0.0871095344591886
  0.0738845030044021
  0.0605036172389793
  0.0468838073685907
  0.0343296002930204
  0.0234807319415354
  0.0142183373375831
  0.0060645216495476
 -0.0001724328121341
 -0.0041797131156906
 -0.0066777221610731
 -0.0082835331485704
 -0.0088415758655409
 -0.0085376021780871
 -0.0081717590851937
 -0.0079602913363133
 -0.0083540594088945
 -0.0095992476183256
 -0.0119251652099311
 -0.0150625560942467
 -0.0194739127215931
 -0.0252568749021276
 -0.0321038351998023
 -0.0393057702661107
 -0.0468521574233936
 -0.0544454512579389
 -0.0620324878223602
 -0.0686583523425592
 -0.0741939380839491
 -0.0782470863521678
 -0.0806133777892508
 -0.0811563414319526
 -0.0798420878721647
 -0.0764668169272231
 -0.0710556648145741
 -0.0640076749321364
 -0.0554599146365357
 -0.0457405554348547
 -0.0349896473456797
 -0.0237123427119276
 -0.0121924336398661
 -0.0009133925052363
  0.0100468975749458
