timestep:         0.0063532800000000
yAxisLabel:deflection [m]       
title:bridge deflection 
ub_mid  ,       ub_quart
  0.0000000000000000,         0.0000000000000000
 -0.0000000001300554,        -0.0000000021925023
 -0.0000000015921813,        -0.0000000149477943
 -0.0000000095871696,        -0.0000000375286101
 -0.0000000384606062,        -0.0000000025274199
 -0.0000001170692390,         0.0000002823942379
 -0.0000002899638324,         0.0000010810823440
 -0.0000006066264954,         0.0000024962823927
 -0.0000010908422593,         0.0000041757880955
 -0.0000016956441266,         0.0000052263653003
 -0.0000022693851362,         0.0000044803191926
 -0.0000025580509541,         0.0000009446305668
 -0.0000022423600395,        -0.0000058753993808
 -0.0000009852587743,        -0.0000159393126454
  0.0000015335434554,        -0.0000288705072795
  0.0000056032677332,        -0.0000442297354551
  0.0000114765668037,        -0.0000617137547984
  0.0000193497964837,        -0.0000812193695658
  0.0000293159241542,        -0.0001027985437099
  0.0000413072078068,        -0.0001265641548839
  0.0000550665973230,        -0.0001526027887027
  0.0000701757523837,        -0.0001809304285033
  0.0000861336128488,        -0.0002114968352522
  0.0001024523697565,        -0.0002442190307702
  0.0001187347037902,        -0.0002790165054174
  0.0001347119533901,        -0.0003158297967384
  0.0001502424343498,        -0.0003546196011596
  0.0001652820673038,        -0.0003953549082436
  0.0001798436702384,        -0.0004380008242643
  0.0001939591030944,        -0.0004825118838133
  0.0002076529760669,        -0.0005288304976806
  0.0002209304957058,        -0.0005768872554432
  0.0002337772375428,        -0.0006266007768089
  0.0002461661604593,        -0.0006778774027091
  0.0002580668473581,        -0.0007306125589676
  0.0002694530166930,        -0.0007846950323904
  0.0002803060437411,        -0.0008400134653952
  0.0002906139984584,        -0.0008964627273829
  0.0003003671577222,        -0.0009539476359036
  0.0003095518545485,        -0.0010123828313202
  0.0003181448329955,        -0.0010716895508262
  0.0003261100651642,        -0.0011317914499672
  0.0003333993836264,        -0.0011926118065081
  0.0003399574201457,        -0.0012540735166298
  0.0003457303728073,        -0.0013161019265488
  0.0003506772416477,        -0.0013786294736669
  0.0003547815761142,        -0.0014416007349511
  0.0003580615993475,        -0.0015049767344626
  0.0003605768321847,        -0.0015687378996505
  0.0003624299421262,        -0.0016328855153101
  0.0003637633360632,        -0.0016974417163037
  0.0003647508384733,        -0.0017624480024478
  0.0003655855102387,        -0.0018279620041819
  0.0003664651633268,        -0.0018940518848271
  0.0003675773572298,        -0.0019607883893035
  0.0003690856379811,        -0.0020282366209158
  0.0003711185779611,        -0.0020964496371482
  0.0003737628550023,        -0.0021654619880531
  0.0003770611129682,        -0.0022352795376513
  0.0003810145680721,        -0.0023058661956233
  0.0003855894034217,        -0.0023771324993266
  0.0003907253935131,        -0.0024489304991883
  0.0003963452387514,        -0.0025210565712388
  0.0004023634594849,        -0.0025932614207040
  0.0004086938482726,        -0.0026652650704878
  0.0004152544535079,        -0.0027367742096801
  0.0004219694712402,        -0.0028074997056070
  0.0004287684471765,        -0.0028771725861140
  0.0004355841829468,        -0.0029455570221001
  0.0004423509489710,        -0.0030124590218180
  0.0004490040061388,        -0.0030777299709178
  0.0004554806015973,        -0.0031412648579486
  0.0004617220208744,        -0.0032029958462499
  0.0004676760294301,        -0.0032628825470271
  0.0004732989772961,        -0.0033209007323471
  0.0004785568808033,        -0.0033770312402814
  0.0004834249628192,        -0.0034312505195052
  0.0004878854630201,        -0.0034835237663572
  0.0004919239680792,        -0.0035338010783626
  0.0004955249222366,        -0.0035820166025254
  0.0004986672240091,        -0.0036280903374276
  0.0005013208262347,        -0.0036719320371409
  0.0005034450528120,        -0.0037134465293123
  0.0005049890056223,        -0.0037525396890224
  0.0005058940568308,        -0.0037891243186632
  0.0005060980868141,        -0.0038231252885529
  0.0005055408865053,        -0.0038544834870099
  0.0005041700146694,        -0.0038831583755034
  0.0005019463837167,        -0.0039091291889415
  0.0004988489272183,        -0.0039323950105117
  0.0004948778548835,        -0.0039529740534112
  0.0004900561973608,        -0.0039709024954807
  0.0004844295532046,        -0.0039862331573781
  0.0004780640056708,        -0.0039990365903708
  0.0004710417492815,        -0.0040094041863667
  0.0004634535533973,        -0.0040174306978549
  0.0004553882795439,        -0.0040231515734407
  0.0004469220916058,        -0.0040264803493147
  0.0004381125625872,        -0.0040272657994101
  0.0004290064101594,        -0.0040255373979453
  0.0004196695937506,        -0.0040218122655492
  0.0004102339069338,        -0.0040171839194708
  0.0004009324456705,        -0.0040130444035821
  0.0003920969520528,        -0.0040106156449776
  0.0003841188071921,        -0.0040106072093346
  0.0003773999436367,        -0.0040131680377122
  0.0003723183535591,        -0.0040180848161580
  0.0003692154704672,        -0.0040250643793017
  0.0003683931118201,        -0.0040339434167212
  0.0003700954389490,        -0.0040447593499166
  0.0003744612673146,        -0.0040577075473505
  0.0003814634720769,        -0.0040730467039360
  0.0003908757688500,        -0.0040910102624195
  0.0004022970167402,        -0.0041117598567002
  0.0004152287097988,        -0.0041353863065471
  0.0004291727008982,        -0.0041619389583969
  0.0004437116700334,        -0.0041914571442677
  0.0004585499798548,        -0.0042239865298267
  0.0004735126078152,        -0.0042595778170306
  0.0004885139487176,        -0.0042982756990290
  0.0005035135980810,        -0.0043401077566543
  0.0005184746519047,        -0.0043850783039513
  0.0005333346128905,        -0.0044331665733715
  0.0005479925057985,        -0.0044843262903701
  0.0005623104747395,        -0.0045384850202775
  0.0005761250440858,        -0.0045955442466379
  0.0005892623286804,        -0.0046553823707331
  0.0006015521864368,        -0.0047178618437272
  0.0006128379787782,        -0.0047828394138387
  0.0006229806615488,        -0.0048501766636460
  0.0006318578256413,        -0.0049197477879703
  0.0006393596211145,        -0.0049914429560425
  0.0006453840533614,        -0.0050651676923411
  0.0006498339959666,        -0.0051408403090984
  0.0006526176045508,        -0.0052183897904593
  0.0006536528407559,        -0.0052977557051425
  0.0006528757261080,        -0.0053788903563917
  0.0006502509570270,        -0.0054617622367015
  0.0006457828368719,        -0.0055463594057664
  0.0006395242675941,        -0.0056326916571951
  0.0006315818226591,        -0.0057207909539802
  0.0006221155990166,        -0.0058107101916274
  0.0006113334409099,        -0.0059025206287402
  0.0005994800432538,        -0.0059963082645113
  0.0005868222066506,        -0.0060921690765903
  0.0005736320141254,        -0.0061902025079179
  0.0005601698859177,        -0.0062905030842535
  0.0005466693812911,        -0.0063931521257531
  0.0005333253569069,        -0.0064982115405242
  0.0005202867284269,        -0.0066057176150858
  0.0005076545441247,        -0.0067156708676716
  0.0004954852434108,        -0.0068280246946496
  0.0004837979810423,        -0.0069426659464811
  0.0004725842566792,        -0.0070593881928479
  0.0004618181804838,        -0.0071778848384720
  0.0004514662398844,        -0.0072977688964604
  0.0004414957305403,        -0.0074186040133493
  0.0004318808029130,        -0.0075399350814477
  0.0004226047686080,        -0.0076613121753415
  0.0004136576886704,        -0.0077823062527607
  0.0004050298423916,        -0.0079025184248530
  0.0003967037816252,        -0.0080215848650451
  0.0003886485481883,        -0.0081391784256527
  0.0003808183246208,        -0.0082550073272028
  0.0003731554208179,        -0.0083688110900760
  0.0003655958294883,        -0.0084803537558170
  0.0003580751752577,        -0.0085894145571864
  0.0003505332381638,        -0.0086957768490013
  0.0003429158574321,        -0.0087992169891531
  0.0003351737739262,        -0.0088994953099042
  0.0003272587972895,        -0.0089963509750296
  0.0003191184192737,        -0.0090895015150532
  0.0003106903978407,        -0.0091786466435710
  0.0003018987642112,        -0.0092634750696980
  0.0002926522303115,        -0.0093436726813224
  0.0002828453377097,        -0.0094189306337819
  0.0002723621343247,        -0.0094889788075068
  0.0002610818085427,        -0.0095536706888595
  0.0002488855350051,        -0.0096129076610672
  0.0002356637217448,        -0.0096666145391104
  0.0002213228498065,        -0.0097147402970233
  0.0002057911671378,        -0.0097572578798722
  0.0001890226587327,        -0.0097941635085905
  0.0001709989609224,        -0.0098254758204472
  0.0001517291772898,        -0.0098512351130358
  0.0001312478250729,        -0.0098715028551715
  0.0001096113424852,        -0.0098863615220380
  0.0000868936956621,        -0.0098959147094293
  0.0000631816425713,        -0.0099002873991755
  0.0000385701587830,        -0.0098996261988574
  0.0000131584289398,        -0.0098940993748920
 -0.0000129533208131,        -0.0098838965376234
 -0.0000396660114541,        -0.0098692279049116
 -0.0000668829130572,        -0.0098503230615415
 -0.0000945099661478,        -0.0098274303883616
 -0.0001224554227913,        -0.0098008202291083
 -0.0001506290628351,        -0.0097707898377511
 -0.0001789411970518,        -0.0097376617829415
 -0.0002073015203408,        -0.0097017742942727
 -0.0002356178020254,        -0.0096634709224373
 -0.0002637945712890,        -0.0096230939824241
 -0.0002917322140620,        -0.0095809759016795
 -0.0003193269578388,        -0.0095374281681286
 -0.0003464720689104,        -0.0094927378328381
 -0.0003730603520828,        -0.0094471703022042
 -0.0003989880529091,        -0.0094009737523849
 -0.0004241607275222,        -0.0093543860444950
 -0.0004485013702180,        -0.0093076392665698
 -0.0004719590205796,        -0.0092609578216700
 -0.0004945144990750,        -0.0092145522063868
 -0.0005161815356193,        -0.0091686122002466
 -0.0005370045795458,        -0.0091233021123858
 -0.0005570556316330,        -0.0090787590011137
 -0.0005764314263879,        -0.0090350933866604
 -0.0005952511046585,        -0.0089923916293190
 -0.0006136539754149,        -0.0089507192820920
 -0.0006317968567496,        -0.0089101247371628
 -0.0006498505946836,        -0.0088706424908715
 -0.0006679956123915,        -0.0088322956365758
 -0.0006864166384349,        -0.0087950976836195
 -0.0007052969788482,        -0.0087590541914314
 -0.0007248127937876,        -0.0087241648011380
 -0.0007451278600598,        -0.0086904260407894
 -0.0007663892796800,        -0.0086578348924181
 -0.0007887244996911,        -0.0086263927100160
 -0.0008122398034588,        -0.0085961088348485
 -0.0008370201574374,        -0.0085670032617189
 -0.0008631300561025,        -0.0085391079399912
 -0.0008906148963843,        -0.0085124666236961
 -0.0009195024540322,        -0.0084871334753679
 -0.0009498041798156,        -0.0084631707934126
 -0.0009815162077804,        -0.0084406462674431
 -0.0010146201094954,        -0.0084196301186108
 -0.0010490835074734,        -0.0084001924095374
 -0.0010848606764028,        -0.0083824007430797
 -0.0011218932289589,        -0.0083663185112771
 -0.0011601109282221,        -0.0083520037893794
 -0.0011994326161399,        -0.0083395088839567
 -0.0012397672160753,        -0.0083288804454775
 -0.0012810147647331,        -0.0083201599659436
 -0.0013230674484132,        -0.0083133844248929
 -0.0013658106447455,        -0.0083085868359378
 -0.0014091239876099,        -0.0083057964802238
 -0.0014528824728059,        -0.0083050411831985
 -0.0014969576101594,        -0.0083063383380641
 -0.0015412186062449,        -0.0083096702783507
 -0.0015855335029597,        -0.0083149724285824
 -0.0016297700697339,        -0.0083221428000774
 -0.0016737961519089,        -0.0083310581794739
 -0.0017174794445365,        -0.0083415871131307
 -0.0017606875029904,        -0.0083535953705752
 -0.0018032895381638,        -0.0083669445149896
 -0.0018451608636410,        -0.0083814879517772
 -0.0018861895042762,        -0.0083970677827240
 -0.0019262841725391,        -0.0084135135274126
 -0.0019653815028680,        -0.0084306439202277
 -0.0020034481950116,        -0.0084482715149347
 -0.0020404760944706,        -0.0084662065331673
 -0.0020764736634343,        -0.0084842572898754
 -0.0021114584178217,        -0.0085022274965395
 -0.0021454521467673,        -0.0085199117033209
 -0.0021784788026853,        -0.0085370907329957
 -0.0022105645960602,        -0.0085535293916624
 -0.0022417398451854,        -0.0085689776856990
 -0.0022720420222927,        -0.0085831750357917
 -0.0023015191667437,        -0.0085958557801219
 -0.0023302326738418,        -0.0086067539809020
 -0.0023582586924445,        -0.0086156061448390
 -0.0023856878886040,        -0.0086221802786769
 -0.0024126238314084,        -0.0086263604776767
 -0.0024391805087325,        -0.0086280585237050
 -0.0024654794960187,        -0.0086271838049723
 -0.0024916471959688,        -0.0086236430768405
 -0.0025178124148193,        -0.0086173412164795
 -0.0025441043703413,        -0.0086081826127670
 -0.0025706510752680,        -0.0085960727549227
 -0.0025975779532375,        -0.0085809197537646
 -0.0026250065373244,        -0.0085626357733301
 -0.0026530531456477,        -0.0085411385475733
 -0.0026818274817015,        -0.0085163532147300
 -0.0027114311441314,        -0.0084882146128904
 -0.0027419560522367,        -0.0084566699978633
 -0.0027734828121984,        -0.0084216819570598
 -0.0028060790745595,        -0.0083832311801766
 -0.0028397979670628,        -0.0083413187483623
 -0.0028746767235301,        -0.0082959677068733
 -0.0029107356601387,        -0.0082472238422783
 -0.0029479776628115,        -0.0081951557315035
 -0.0029863883295235,        -0.0081398542174508
 -0.0030259368499231,        -0.0080814314759473
 -0.0030665776053018,        -0.0080200197856787
 -0.0031082523546292,        -0.0079557700337458
 -0.0031508927690000,        -0.0078888499271602
 -0.0031944230194517,        -0.0078194361513123
 -0.0032387621148738,        -0.0077477007704065
 -0.0032838256338213,        -0.0076738030690202
 -0.0033295264039634,        -0.0075978875917922
 -0.0033757742077512,        -0.0075200859243893
 -0.0034224760857119,        -0.0074405243594533
 -0.0034695393165890,        -0.0073593319215854
 -0.0035168767821129,        -0.0072766428760487
 -0.0035644121502142,        -0.0071925941112198
 -0.0036120839495669,        -0.0071073200986464
 -0.0036598448164561,        -0.0070209480813293
 -0.0037076532140048,        -0.0069335953312302
 -0.0037554660306510,        -0.0068453690599895
 -0.0038032387419421,        -0.0067563685589498
 -0.0038509296432770,        -0.0066666888819375
 -0.0038985038759370,        -0.0065764251171591
 -0.0039459356551516,        -0.0064856753643035
 -0.0039932082972037,        -0.0063945404594685
 -0.0040403128185805,        -0.0063031202557280
 -0.0040872463192464,        -0.0062115081371950
 -0.0041340108855233,        -0.0061197859216236
 -0.0041806130610921,        -0.0060280207674926
 -0.0042270636008240,        -0.0059362647940142
 -0.0042733773717038,        -0.0058445571490524
 -0.0043195734570860,        -0.0057529275851919
 -0.0043656754001995,        -0.0056614004589903
 -0.0044117112468709,        -0.0055699983264843
 -0.0044577129645243,        -0.0054787446995046
 -0.0045037150282646,        -0.0053876658716505
 -0.0045497522853925,        -0.0052967919541355
 -0.0045958574067371,        -0.0052061573610811
 -0.0046420582338347,        -0.0051158009545062
 -0.0046883752149068,        -0.0050257659518421
 -0.0047348190141368,        -0.0049360996054044
 -0.0047813883549879,        -0.0048468526573623
 -0.0048280682149455,        -0.0047580786561720
 -0.0048748285621316,        -0.0046698333233355
 -0.0049216238430289,        -0.0045821741978238
 -0.0049683933635671,        -0.0044951607139701
 -0.0050150625720627,        -0.0044088547071017
 -0.0050615450998559,        -0.0043233211612666
 -0.0051077452911718,        -0.0042386288968056
 -0.0051535608872134,        -0.0041548508908886
 -0.0051988855308576,        -0.0040720640265152
 -0.0052436108224599,        -0.0039903482256958
 -0.0052876277670459,        -0.0039097850764672
 -0.0053308275816819,        -0.0038304561619141
 -0.0053731019477592,        -0.0037524413248990
 -0.0054143428700849,        -0.0036758170676776
 -0.0054544423311141,        -0.0036006552208861
 -0.0054932918717041,        -0.0035270222972427
 -0.0055307820856086,        -0.0034549801702501
 -0.0055668027042287,        -0.0033845875106862
 -0.0056012452828471,        -0.0033159007440924
 -0.0056340085651053,        -0.0032489751762355
 -0.0056650023183664,        -0.0031838666457334
 -0.0056941464155073,        -0.0031206315965340
 -0.0057213671319062,        -0.0030593246180452
 -0.0057466158254635,        -0.0029999948030170
 -0.0057699279447777,        -0.0029426820217016
 -0.0057913379444616,        -0.0028874137272207
 -0.0058108531211783,        -0.0028342029740018
 -0.0058284612821742,        -0.0027830478497691
 -0.0058441448730993,        -0.0027339320230988
 -0.0058578949791672,        -0.0026868260874243
 -0.0058697220898905,        -0.0026416893832471
 -0.0058796619146605,        -0.0025984718821551
 -0.0058877758040566,        -0.0025571157979554
 -0.0058941472653134,        -0.0025175566991088
 -0.0058988768331957,        -0.0024797238297763
 -0.0059020772991495,        -0.0024435394424773
 -0.0059038705783163,        -0.0024089173816631
 -0.0059043864778696,        -0.0023757615128504
 -0.0059037626914835,        -0.0023439645592885
 -0.0059021448923433,        -0.0023134076543147
 -0.0058996859738730,        -0.0022839606767456
 -0.0058965441118157,        -0.0022554832876241
 -0.0058928799839623,        -0.0022278265442662
 -0.0058888538310252,        -0.0022008350035596
 -0.0058846229800412,        -0.0021743492523332
 -0.0058803401168938,        -0.0021482087419078
 -0.0058761522068377,        -0.0021222546725845
 -0.0058721996969744,        -0.0020963325691062
 -0.0058686155724692,        -0.0020702942045356
 -0.0058655239701543,        -0.0020439986862666
 -0.0058630383094346,        -0.0020173127509230
 -0.0058612591791350,        -0.0019901105269136
 -0.0058602724149444,        -0.0019622731350453
 -0.0058601478399491,        -0.0019336884771749
 -0.0058609390033705,        -0.0019042514296370
 -0.0058626839900527,        -0.0018738644678868
 -0.0058654070818547,        -0.0018424385700378
 -0.0058691208342799,        -0.0018098941373124
 -0.0058738280561821,        -0.0017761616584894
 -0.0058795232609923,        -0.0017411819286232
 -0.0058861933557958,        -0.0017049057746081
 -0.0058938175784518,        -0.0016672933885816
 -0.0059023669065871,        -0.0016283134723358
 -0.0059118032889354,        -0.0015879424191438
 -0.0059220790662368,        -0.0015461637022981
 -0.0059331373563317,        -0.0015029675108042
 -0.0059449151693091,        -0.0014583505049193
 -0.0059573448947956,        -0.0014123155863368
 -0.0059703492413309,        -0.0013648718780706
 -0.0059838371609753,        -0.0013160350763246
 -0.0059977072592554,        -0.0012658278832957
 -0.0060118546079076,        -0.0012142803199939
 -0.0060261763995228,        -0.0011614299524888
 -0.0060405749691270,        -0.0011073213626035
 -0.0060549570148558,        -0.0010520038051450
 -0.0060692301255685,        -0.0009955271363390
 -0.0060833016872959,        -0.0009379373205386
 -0.0060970812749120,        -0.0008792727987340
 -0.0061104830649340,        -0.0008195622663034
 -0.0061234280777266,        -0.0007588237522215
 -0.0061358468438582,        -0.0006970646780547
 -0.0061476808241708,        -0.0006342828771448
 -0.0061588817815830,        -0.0005704689134183
 -0.0061694099224125,        -0.0005056098705989
 -0.0061792318988874,        -0.0004396941492890
 -0.0061883195676461,        -0.0003727162589626
 -0.0061966499588195,        -0.0003046804786334
 -0.0062042062049146,        -0.0002356025910205
 -0.0062109785748403,        -0.0001655095140410
 -0.0062169646383563,        -0.0000944372868730
 -0.0062221680068085,        -0.0000224282255049
 -0.0062265957538491,         0.0000504719404313
 -0.0062302551371752,         0.0001242163587606
 -0.0062331504526224,         0.0001987584444395
 -0.0062352807880862,         0.0002740522593375
 -0.0062366391801636,         0.0003500519519446
 -0.0062372132778819,         0.0004267104756007
 -0.0062369871921877,         0.0005039779133086
 -0.0062359438998866,         0.0005817997763485
 -0.0062340674815810,         0.0006601155924090
 -0.0062313446135346,         0.0007388579767270
 -0.0062277650226060,         0.0008179522420793
 -0.0062233209316956,         0.0008973165040039
 -0.0062180057646688,         0.0009768621939296
 -0.0062118124861310,         0.0010564948846017
 -0.0062047319225891,         0.0011361153275843
 -0.0061967512947732,         0.0012156205859898
 -0.0061878530546608,         0.0012949051242608
 -0.0061780140237837,         0.0013738617093090
 -0.0061672047983808,         0.0014523819976139
 -0.0061553894112635,         0.0015303567328689
 -0.0061425252841789,         0.0016076755498860
 -0.0061285635286898,         0.0016842264592468
 -0.0061134496350864,         0.0017598951592666
 -0.0060971245298808,         0.0018345643734654
 -0.0060795494453815,         0.0019081134296219
 -0.0060607727200316,         0.0019804182797172
 -0.0060408391430251,         0.0020513521458852
 -0.0060197621670915,         0.0021207869990189
 -0.0059975313030100,         0.0021885959977239
 -0.0059741250674095,         0.0022546565978891
 -0.0059495228445977,         0.0023188534796930
 -0.0059237131309463,         0.0023810803456653
 -0.0058966973505730,         0.0024412401414357
 -0.0058684895766268,         0.0024992438916860
 -0.0058391142206653,         0.0025550089421945
 -0.0058086037044158,         0.0026084578193630
 -0.0057769971400227,         0.0026595186720174
 -0.0057443407523052,         0.0027081273466637
 -0.0057106898537183,         0.0027542303575087
 -0.0056761104595302,         0.0027977878635123
 -0.0056406787698381,         0.0028387760141979
 -0.0056044785463789,         0.0028771882821503
 -0.0055675973658502,         0.0029130355631978
 -0.0055301227892020,         0.0029463449933706
 -0.0054921395561658,         0.0029771576843660
 -0.0054537286915796,         0.0030055258448058
 -0.0054149686668713,         0.0030315098714966
 -0.0053759378941533,         0.0030551759086407
 -0.0053367172523618,         0.0030765941824267
 -0.0052973913091960,         0.0030958382275516
 -0.0052580474678835,         0.0031129849538713
 -0.0052187731723488,         0.0031281153537019
 -0.0051796520793621,         0.0031413155424921
 -0.0051407603997087,         0.0031526777788967
 -0.0051021643964265,         0.0031623011327850
 -0.0050639195298797,         0.0031702915581858
 -0.0050260712114569,         0.0031767612634248
 -0.0049886567227649,         0.0031818274192788
 -0.0049517076302178,         0.0031856103757461
 -0.0049152519852096,         0.0031882316471172
 -0.0048793157338618,         0.0031898119567989
 -0.0048439230229305,         0.0031904695962304
 -0.0048090954010195,         0.0031903192516931
 -0.0047748501853347,         0.0031894713196417
 -0.0047411984245296,         0.0031880316116240
 -0.0047081429147104,         0.0031861012826678
 -0.0046756766414084,         0.0031837768151133
 -0.0046437818748651,         0.0031811499388098
 -0.0046124299913872,         0.0031783074398595
 -0.0045815819677620,         0.0031753308778261
 -0.0045511894167819,         0.0031722962812180
 -0.0045211960002573,         0.0031692739192568
 -0.0044915390603231,         0.0031663282547008
 -0.0044621513344579,         0.0031635181678188
 -0.0044329625349365,         0.0031608975053112
 -0.0044038995224388,         0.0031585159532315
 -0.0043748850268353,         0.0031564201685874
 -0.0043458387281967,         0.0031546550519701
 -0.0043166808831757,         0.0031532650586246
 -0.0042873347028660,         0.0031522955647248
 -0.0042577277741919,         0.0031517943884966
 -0.0042277936940834,         0.0031518133432890
 -0.0041974724638374,         0.0031524092112896
 -0.0041667090148228,         0.0031536432999042
 -0.0041354509542124,         0.0031555791852968
 -0.0041036468614293,         0.0031582790710919
 -0.0040712463227106,         0.0031617997851022
 -0.0040382024787141,         0.0031661895359771
 -0.0040044766648763,         0.0031714862459519
 -0.0039700434380430,         0.0031777177430558
 -0.0039348939962734,         0.0031849035612125
 -0.0038990366818604,         0.0031930577665615
 -0.0038624943714440,         0.0032021921237210
 -0.0038252997362473,         0.0032123189278684
 -0.0037874900346116,         0.0032234529252134
 -0.0037491029478500,         0.0032356119820081
 -0.0037101743753092,         0.0032488165261735
 -0.0036707384875696,         0.0032630881240406
 -0.0036308297240277,         0.0032784476930323
 -0.0035904858423979,         0.0032949137512850
 -0.0035497508198629,         0.0033125008928653
 -0.0035086765667839,         0.0033312185146048
 -0.0034673229847009,         0.0033510697778073
 -0.0034257565853272,         0.0033720508361026
 -0.0033840483504628,         0.0033941504349547
 -0.0033422715828162,         0.0034173500247282
 -0.0033005002321149,         0.0034416244738492
 -0.0032588077822954,         0.0034669433060077
 -0.0032172664686012,         0.0034932721699957
 -0.0031759464852886,         0.0035205740917176
 -0.0031349149493133,         0.0035488100540326
 -0.0030942346080749,         0.0035779386257343
 -0.0030539624899164,         0.0036079146496559
 -0.0030141487959631,         0.0036386872824544
 -0.0029748362907433,         0.0036701978461573
 -0.0029360603014903,         0.0037023779559390
 -0.0028978492515460,         0.0037351482569408
 -0.0028602255022140,         0.0037684179140174
 -0.0028232062074055,         0.0038020848368822
 -0.0027868039115280,         0.0038360365382889
 -0.0027510267268291,         0.0038701515111946
 -0.0027158780731504,         0.0039043010304695
 -0.0026813561041754,         0.0039383512881648
 -0.0026474530399744,         0.0039721657357329
 -0.0026141546777823,         0.0040056074448633
 -0.0025814405213665,         0.0040385412486944
 -0.0025492850833053,         0.0040708354248323
 -0.0025176602773135,         0.0041023627441430
 -0.0024865381147634,         0.0041330008267993
 -0.0024558933636791,         0.0041626319157419
 -0.0024257058557065,         0.0041911423788886
 -0.0023959611229565,         0.0042184223902303
 -0.0023666486022758,         0.0042443661682361
 -0.0023377584641259,         0.0042688728177556
 -0.0023092785349046,         0.0042918474029607
 -0.0022811920750955,         0.0043132016873169
 -0.0022534767420300,         0.0043328541771013
 -0.0022261048586145,         0.0043507295167805
 -0.0021990449735411,         0.0043667575692006
 -0.0021722646358267,         0.0043808725512918
 -0.0021457339850659,         0.0043930125458677
 -0.0021194292255112,         0.0044031197071143
 -0.0020933348856712,         0.0044111414301441
 -0.0020674441772255,         0.0044170324960627
 -0.0020417574178110,         0.0044207577573888
 -0.0020162790915011,         0.0044222945683726
 -0.0019910145734592,         0.0044216341928566
 -0.0019659676459118,         0.0044187818776837
 -0.0019411395660647,         0.0044137558697094
 -0.0019165297953658,         0.0044065859871640
 -0.0018921378903571,         0.0043973122507944
 -0.0018679657220765,         0.0043859836848760
 -0.0018440192003116,         0.0043726570469246
 -0.0018203089517059,         0.0043573951982967
 -0.0017968497779235,         0.0043402650958552
 -0.0017736590559123,         0.0043213357467359
 -0.0017507544597361,         0.0043006766513603
 -0.0017281514688338,         0.0042783571306091
 -0.0017058611003265,         0.0042544465672188
 -0.0016838881952277,         0.0042290152006082
 -0.0016622304385429,         0.0042021349044000
 -0.0016408781422071,         0.0041738794354699
 -0.0016198147014155,         0.0041443239170566
 -0.0015990175641296,         0.0041135436597824
 -0.0015784595242136,         0.0040816126817684
 -0.0015581101444655,         0.0040486023741502
 -0.0015379371254943,         0.0040145806699263
 -0.0015179074599001,         0.0039796118784730
 -0.0014979882538062,         0.0039437571370973
 -0.0014781471598464,         0.0039070752805622
 -0.0014583524377798,         0.0038696238744212
 -0.0014385727249782,         0.0038314601887855
 -0.0014187766440562,         0.0037926419672995
 -0.0013989323906199,         0.0037532279275328
 -0.0013790074255019,         0.0037132779843631
 -0.0013589683133853,         0.0036728532115975
 -0.0013387805924414,         0.0036320155625176
 -0.0013184085596726,         0.0035908273729373
 -0.0012978152937556,         0.0035493506744229
 -0.0012769636423764,         0.0035076463542389
 -0.0012558184913639,         0.0034657732399014
 -0.0012343497579565,         0.0034237872882582
 -0.0012125351001437,         0.0033817411796492
 -0.0011903613777658,         0.0033396846276808
 -0.0011678243192564,         0.0032976655082039
 -0.0011449266687057,         0.0032557315456203
 -0.0011216757296743,         0.0032139319916237
 -0.0010980811257173,         0.0031723187028721
 -0.0010741531472847,         0.0031309463009036
 -0.0010499018461687,         0.0030898715125962
 -0.0010253370541827,         0.0030491521040694
 -0.0010004694358363,         0.0030088458843977
 -0.0009753124602039,         0.0029690100857276
 -0.0009498849289814,         0.0029297011617528
 -0.0009242135214557,         0.0028909748296402
 -0.0008983347459987,         0.0028528860928617
 -0.0008722958037027,         0.0028154890553193
 -0.0008461542170230,         0.0027788365538635
 -0.0008199764880044,         0.0027429798911456
 -0.0007938362546890,         0.0027079690580598
 -0.0007678123274066,         0.0026738536541750
 -0.0007419867738623,         0.0026406842957052
 -0.0007164430679765,         0.0026085138896085
 -0.0006912642646570,         0.0025773980250634
 -0.0006665311763264,         0.0025473939963918
 -0.0006423205917854,         0.0025185584894684
 -0.0006187036787735,         0.0024909444574130
 -0.0005957447881461,         0.0024645979396455
 -0.0005735008555511,         0.0024395554752294
 -0.0005520214568250,         0.0024158424450218
 -0.0005313493760935,         0.0023934723456423
 -0.0005115213894596,         0.0023724468015076
 -0.0004925689263122,         0.0023527560936015
 -0.0004745183556989,         0.0023343800608833
 -0.0004573908098768,         0.0023172893139985
 -0.0004412016307484,         0.0023014467218493
 -0.0004259596492457,         0.0022868090788404
 -0.0004116665538730,         0.0022733287738559
 -0.0003983165714475,         0.0022609552195912
 -0.0003858965887486,         0.0022496358060591
 -0.0003743867182205,         0.0022393162241114
 -0.0003637611899434,         0.0022299401393994
 -0.0003539893702389,         0.0022214483415108
 -0.0003450366877763,         0.0022137776043757
 -0.0003368652954052,         0.0022068595444061
 -0.0003294343956587,         0.0022006197453427
 -0.0003227002643815,         0.0021949773465798
 -0.0003166160251250,         0.0021898451887154
 -0.0003111311196128,         0.0021851304964843
 -0.0003061904058010,         0.0021807359682664
 -0.0003017331747920,         0.0021765610590137
 -0.0002976928733134,         0.0021725032446953
 -0.0002939982974988,         0.0021684591886817
 -0.0002905763429543,         0.0021643259489759
 -0.0002873556212374,         0.0021600024970115
 -0.0002842698579272,         0.0021553916812428
 -0.0002812600476714,         0.0021504023809489
 -0.0002782748294872,         0.0021449512451471
 -0.0002752692636867,         0.0021389634373335
 -0.0002722027415819,         0.0021323722762001
 -0.0002690369643604,         0.0021251182614675
 -0.0002657348706632,         0.0021171482380842
 -0.0002622610175047,         0.0021084151601190
 -0.0002585831941342,         0.0020988783045161
 -0.0002546744217181,         0.0020885033577558
 -0.0002505145264819,         0.0020772618784536
 -0.0002460910494987,         0.0020651301064758
 -0.0002413996742045,         0.0020520875519664
 -0.0002364442436601,         0.0020381159613949
 -0.0002312361383813,         0.0020231990995361
 -0.0002257927759281,         0.0020073234479147
 -0.0002201353278870,         0.0019904795523028
 -0.0002142861166163,         0.0019726634788321
 -0.0002082662872493,         0.0019538777722316
 -0.0002020942328109,         0.0019341315002064
 -0.0001957850130812,         0.0019134393314927
 -0.0001893507643591,         0.0018918199413865
 -0.0001828018877956,         0.0018692941999919
 -0.0001761486402357,         0.0018458835429905
 -0.0001694026650968,         0.0018216087525040
 -0.0001625780350117,         0.0017964892190663
 -0.0001556915413493,         0.0017705426817744
 -0.0001487622048606,         0.0017437854307059
 -0.0001418102035760,         0.0017162329416143
 -0.0001348555380783,         0.0016879008583919
 -0.0001279167523603,         0.0016588061550520
 -0.0001210099300709,         0.0016289682409514
 -0.0001141480524166,         0.0015984097632189
 -0.0001073406933180,         0.0015671569229580
 -0.0001005939696284,         0.0015352392385036
 -0.0000939106569777,         0.0015026888216386
 -0.0000872904032886,         0.0014695393405870
 -0.0000807299989135,         0.0014358248981673
 -0.0000742236816675,         0.0014015790458431
 -0.0000677634657313,         0.0013668340960243
 -0.0000613394933977,         0.0013316208115803
 -0.0000549404277673,         0.0012959684726037
 -0.0000485539191294,         0.0012599052657995
 -0.0000421671289581,         0.0012234589105333
 -0.0000357671483820,         0.0011866574131292
 -0.0000293410219254,         0.0011495298305897
 -0.0000228751921451,         0.0011121069590524
 -0.0000163545262876,         0.0010744219539605
 -0.0000097614098421,         0.0010365109814890
 -0.0000030754856916,         0.0009984140150036
  0.0000037254591016,         0.0009601758132768
  0.0000106630677633,         0.0009218469823978
  0.0000177542082909,         0.0008834848326838
  0.0000250051236705,         0.0008451535490906
  0.0000324049776745,         0.0008069232631052
  0.0000399211446712,         0.0007688682144788
  0.0000474989976978,         0.0007310650446741
  0.0000550668071816,         0.0006935925038102
  0.0000625425460052,         0.0006565329496172
  0.0000698380174084,         0.0006199746268434
  0.0000768594108825,         0.0005840131295521
  0.0000835085800295,         0.0005487511262578
  0.0000896897082619,         0.0005142964849325
  0.0000953207380727,         0.0004807592772735
  0.0001003438469456,         0.0004482477794273
  0.0001047294428217,         0.0004168634685079
  0.0001084725080852,         0.0003866956653588
  0.0001115841297063,         0.0003578172330617
  0.0001140821522953,         0.0003302825812140
  0.0001159837463830,         0.0003041280875076
  0.0001173010359541,         0.0002793739788860
  0.0001180397677678,         0.0002560266790405
  0.0001182004084138,         0.0002340814710599
  0.0001177807708684,         0.0002135260393408
  0.0001167791443552,         0.0001943452896545
  0.0001151969476359,         0.0001765269551402
  0.0001130402119418,         0.0001600666393836
  0.0001103196914005,         0.0001449707609014
  0.0001070499222047,         0.0001312564306329
  0.0001032478867996,         0.0001189482451861
  0.0000989319638254,         0.0001080728418187
  0.0000941216071394,         0.0000986525381852
  0.0000888378645228,         0.0000906994109637
  0.0000831045803142,         0.0000842108524730
  0.0000769499945699,         0.0000791671429689
  0.0000704084296803,         0.0000755310512134
  0.0000635217853691,         0.0000732490679272
  0.0000563406067494,         0.0000722536786539
  0.0000489245416549,         0.0000724661087542
  0.0000413420689156,         0.0000737991519501
  0.0000336694563145,         0.0000761599027142
  0.0000259889821209,         0.0000794523436178
  0.0000183865154213,         0.0000835797502781
  0.0000109486070742,         0.0000884468032682
  0.0000037593374454,         0.0000939612188582
 -0.0000031026760559,         0.0001000347144604
 -0.0000095666107201,         0.0001065832544714
 -0.0000155708080092,         0.0001135267293194
 -0.0000210633603406,         0.0001207883673268
 -0.0000260023893986,         0.0001282941559357
 -0.0000303562330915,         0.0001359724046163
 -0.0000341033091477,         0.0001437534780722
 -0.0000372314339517,         0.0001515697405861
 -0.0000397368334446,         0.0001593557815531
 -0.0000416233323852,         0.0001670489189323
 -0.0000429018961550,         0.0001745898408837
 -0.0000435902075790,         0.0001819231956027
 -0.0000437118307434,         0.0001889980325395
 -0.0000432948152939,         0.0001957681258336
 -0.0000423699914996,         0.0002021922390331
 -0.0000409693961439,         0.0002082343157587
 -0.0000391252118026,         0.0002138635109182
 -0.0000368694218659,         0.0002190539885351
 -0.0000342341946261,         0.0002237844782685
 -0.0000312528489322,         0.0002280376308197
 -0.0000279611220205,         0.0002317992178237
 -0.0000243983760049,         0.0002350572238238
 -0.0000206083824359,         0.0002378009188765
 -0.0000166394329067,         0.0002400200675334
 -0.0000125437048300,         0.0002417044612707
 -0.0000083759937386,         0.0002428439025694
 -0.0000041920398206,         0.0002434286242222
 -0.0000000467003971,         0.0002434499617754
  0.0000040078283335,         0.0002429009919912
  0.0000079236119687,         0.0002417768546836
  0.0000116583326732,         0.0002400745829633
  0.0000151763576692,         0.0002377924284058
  0.0000184494860986,         0.0002349288204164
  0.0000214573422256,         0.0002314811951809
  0.0000241874000437,         0.0002274449499124
  0.0000266346559163,         0.0002228127319596
  0.0000288010008773,         0.0002175741876164
  0.0000306943698219,         0.0002117162049091
  0.0000323277545113,         0.0002052236134298
  0.0000337181625383,         0.0001980802628310
  0.0000348855910397,         0.0001902703853820
  0.0000358520680836,         0.0001817801436505
  0.0000366408013597,         0.0001725992585862
  0.0000372754714547,         0.0001627225998639
  0.0000377797337722,         0.0001521516039774
  0.0000381770508589,         0.0001408953836925
  0.0000384909771409,         0.0001289714330700
  0.0000387457871547,         0.0001164059285795
  0.0000389668196720,         0.0001032337206393
  0.0000391793921972,         0.0000894980680404
  0.0000394052464043,         0.0000752499539333
  0.0000396567880107,         0.0000605467000887
  0.0000399315460674,         0.0000454499326881
  0.0000402103757626,         0.0000300236268528
  0.0000404608204002,         0.0000143332200756
  0.0000406427031903,        -0.0000015538925482
  0.0000407111795299,        -0.0000175672416260
  0.0000406162446048,        -0.0000336326472453
  0.0000403032270038,        -0.0000496724640795
  0.0000397191678845,        -0.0000656063086730
  0.0000388242540945,        -0.0000813519666004
  0.0000376020628952,        -0.0000968269213037
  0.0000360627749394,        -0.0001119511613493
  0.0000342383536546,        -0.0001266510501069
  0.0000321729685885,        -0.0001408629303064
  0.0000299129383989,        -0.0001545350508389
  0.0000274990510931,        -0.0001676274940048
  0.0000249622637756,        -0.0001801109090586
  0.0000223225740175,        -0.0001919649298468
  0.0000195903304114,        -0.0002031762971640
  0.0000167690705122,        -0.0002137359860323
  0.0000138589098875,        -0.0002236348591690
  0.0000108595500723,        -0.0002328583535789
  0.0000077722150031,        -0.0002413816312369
  0.0000046002706771,        -0.0002491668097907
  0.0000013487817542,        -0.0002561632651350
 -0.0000019764077743,        -0.0002623109860160
 -0.0000053694470382,        -0.0002675460785166
 -0.0000088247001595,        -0.0002718070739263
 -0.0000123363196668,        -0.0002750407228095
 -0.0000158973031969,        -0.0002772063243919
 -0.0000194982567715,        -0.0002782781576616
 -0.0000231260799640,        -0.0002782460807951
 -0.0000267627518290,        -0.0002771147205679
 -0.0000303843726450,        -0.0002749018116140
 -0.0000339606027995,        -0.0002716361728819
 -0.0000374546155408,        -0.0002673556109235
 -0.0000408236331720,        -0.0002621048428035
 -0.0000440200519956,        -0.0002559334367409
 -0.0000469930932184,        -0.0002488938013128
 -0.0000496908557909,        -0.0002410393589439
 -0.0000520625983998,        -0.0002324231228555
 -0.0000540610456435,        -0.0002230968852066
 -0.0000556445029311,        -0.0002131111038762
 -0.0000567785806141,        -0.0002025153934952
 -0.0000574373710425,        -0.0001913593612372
 -0.0000576039876248,        -0.0001796934475964
 -0.0000572704530498,        -0.0001675694646992
 -0.0000564370035439,        -0.0001550406498201
 -0.0000551109469630,        -0.0001421612168805
 -0.0000533052653619,        -0.0001289855336100
 -0.0000510371792399,        -0.0001155671331855
 -0.0000483268846043,        -0.0001019577725760
 -0.0000451966332619,        -0.0000882066905261
 -0.0000416702561419,        -0.0000743601289691
 -0.0000377731416355,        -0.0000604610982499
 -0.0000335325943524,        -0.0000465493143553
 -0.0000289784336651,        -0.0000326612243068
 -0.0000241436601189,        -0.0000188300570878
 -0.0000190650257530,        -0.0000050858753648
 -0.0000137833851167,         0.0000085443603332
 -0.0000083437623464,         0.0000220366813323
 -0.0000027951280346,         0.0000353699176203
  0.0000028100775031,         0.0000485253971092
  0.0000084166184741,         0.0000614865322001
  0.0000139672822500,         0.0000742383069798
  0.0000194038064822,         0.0000867666904122
  0.0000246678985439,         0.0000990580051166
  0.0000297023429099,         0.0001110982797262
  0.0000344521897700,         0.0001228726088575
  0.0000388660018124,         0.0001343645415263
  0.0000428971110996,         0.0001455555180289
  0.0000465048127580,         0.0001564243768452
  0.0000496554053657,         0.0001669469558465
  0.0000523229855501,         0.0001770958144832
  0.0000544899185053,         0.0001868401043575
  0.0000561469349083,         0.0001961456137875
  0.0000572928428563,         0.0002049750071182
  0.0000579338841650,         0.0002132882713826
  0.0000580828008913,         0.0002210433713622
  0.0000577577048729,         0.0002281970993962
  0.0000569808571286,         0.0002347060892015
  0.0000557774641860,         0.0002405279450395
  0.0000541745859875,         0.0002456224210625
  0.0000522002277977,         0.0002499525733687
  0.0000498826603434,         0.0002534858019139
  0.0000472499825036,         0.0002561947030453
  0.0000443299132351,         0.0002580576668461
  0.0000411497773017,         0.0002590591759246
  0.0000377366348663,         0.0002591897913523
  0.0000341174988359,         0.0002584458434806
  0.0000303195854299,         0.0002568288760357
  0.0000263705510870,         0.0002543449169641
  0.0000222986801631,         0.0002510036655637
  0.0000181330003616,         0.0002468176903861
  0.0000139033142301,         0.0002418017257771
  0.0000096401438317,         0.0002359721379275
  0.0000053745912243,         0.0002293466064833
  0.0000011381199676,         0.0002219440386787
 -0.0000030377364590,         0.0002137847035273
 -0.0000071217333131,         0.0002048905476505
 -0.0000110833333552,         0.0001952856349186
 -0.0000148931760632,         0.0001849966412936
 -0.0000185235829602,         0.0001740533348111
 -0.0000219490785947,         0.0001624889779581
 -0.0000251469003377,         0.0001503406040551
 -0.0000280974650966,         0.0001376491380783
 -0.0000307847588608,         0.0001244593526954
 -0.0000331966168424,         0.0001108196692544
 -0.0000353248683113,         0.0000967818286293
 -0.0000371653306350,         0.0000824004666065
 -0.0000387176502912,         0.0000677326322448
 -0.0000399850028906,         0.0000528372857146
 -0.0000409736774396,         0.0000377748056668
 -0.0000416925802530,         0.0000226065268930
 -0.0000421526996220,         0.0000073943187907
 -0.0000423665728769,        -0.0000077997943304
 -0.0000423477929495,        -0.0000229139774496
 -0.0000421105828594,        -0.0000378869044540
 -0.0000416694551605,        -0.0000526580656759
 -0.0000410389610446,        -0.0000671680748473
 -0.0000402335222367,        -0.0000813589841162
 -0.0000392673294883,        -0.0000951746119118
 -0.0000381542853745,        -0.0001085608844419
 -0.0000369079666781,        -0.0001214661880730
 -0.0000355415828232,        -0.0001338417271856
 -0.0000340679110604,        -0.0001456418804083
 -0.0000324991955801,        -0.0001568245473287
 -0.0000308470054366,        -0.0001673514775937
 -0.0000291220541141,        -0.0001771885744674
 -0.0000273339908461,        -0.0001863061651302
 -0.0000254911797186,        -0.0001946792301104
 -0.0000236004866473,        -0.0002022875841680
 -0.0000216670962698,        -0.0002091160007680
 -0.0000196943805889,        -0.0002151542721410
 -0.0000176838389729,        -0.0002203971970706
 -0.0000156351251292,        -0.0002248444892180
 -0.0000135461712914,        -0.0002285006002090
 -0.0000114134135165,        -0.0002313744540224
 -0.0000092321151571,        -0.0002334790924546
 -0.0000069967787259,        -0.0002348312354933
 -0.0000047016299806,        -0.0002354507650820
 -0.0000023411525738,        -0.0002353601456427
  0.0000000893525709,        -0.0002345837994137
  0.0000025932115615,        -0.0002331474587036
  0.0000051718546446,        -0.0002310775201100
  0.0000078243540280,        -0.0002284004272429
  0.0000105470472275,        -0.0002251421082822
  0.0000133332659468,        -0.0002213274926633
  0.0000161731843579,        -0.0002169801274045
  0.0000190537936271,        -0.0002121219082507
  0.0000219590021807,        -0.0002067729342934
  0.0000248698541134,        -0.0002009514874989
  0.0000277648518570,        -0.0001946741312023
  0.0000306203642267,        -0.0001879559146861
  0.0000334110975688,        -0.0001808106650301
  0.0000361106061216,        -0.0001732513429836
  0.0000386918178554,        -0.0001652904370293
  0.0000411275538076,        -0.0001569403692800
  0.0000433910219655,        -0.0001482138883626
  0.0000454562706955,        -0.0001391244278116
  0.0000472985911419,        -0.0001296864133139
  0.0000488948625283,        -0.0001199155079141
  0.0000502238385360,        -0.0001098287903886
  0.0000512663766383,        -0.0000994448678108
  0.0000520056152585,        -0.0000887839283094
  0.0000524271057845,        -0.0000778677437264
  0.0000525189077940,        -0.0000667196340491
  0.0000522716563397,        -0.0000553644060536
  0.0000516786098712,        -0.0000438282776791
  0.0000507356864298,        -0.0000321387975326
  0.0000494414942328,        -0.0000203247660105
  0.0000477973608142,        -0.0000084161612828
  0.0000458073626458,         0.0000035559297462
  0.0000434783547955,         0.0000155593779903
  0.0000408199978900,         0.0000275610805643
  0.0000378447776128,         0.0000395270361831
  0.0000345680103947,         0.0000514224326940
  0.0000310078279897,         0.0000632117509523
  0.0000271851334023,         0.0000748588877284
  0.0000231235211881,         0.0000863272984665
  0.0000188491564674,         0.0000975801587926
  0.0000143906089587,         0.0001085805419397
  0.0000097786407880,         0.0001192916079413
  0.0000050459495104,         0.0001296767996580
  0.0000002268704381,         0.0001397000404877
 -0.0000046429552669,         0.0001493259289514
 -0.0000095269384430,         0.0001585199261279
 -0.0000143879162981,         0.0001672485330212
 -0.0000191885335347,         0.0001754794562115
 -0.0000238916209341,         0.0001831817614302
 -0.0000284605632835,         0.0001903260158760
 -0.0000328596502546,         0.0001968844210618
 -0.0000370544059107,         0.0002028309386750
 -0.0000410118946625,         0.0002081414123355
 -0.0000447010034876,         0.0002127936882223
 -0.0000480927018372,         0.0002167677373398
 -0.0000511602817404,         0.0002200457817314
 -0.0000538795810550,         0.0002226124262490
 -0.0000562291926167,         0.0002244547965923
 -0.0000581906612335,         0.0002255626832792
 -0.0000597486691872,         0.0002259286900311
 -0.0000608912093010,         0.0002255483838155
 -0.0000616097428965,         0.0002244204425336
 -0.0000618993382946,         0.0002225467951473
 -0.0000617587841055,         0.0002199327479941
 -0.0000611906705483,         0.0002165870902247
 -0.0000602014315742,         0.0002125221708141
 -0.0000588013406975,         0.0002077539395154
 -0.0000570044541891,         0.0002023019445208
 -0.0000548284966266,         0.0001961892804903
 -0.0000522946856412,         0.0001894424820098
 -0.0000494274949442,         0.0001820913594026
 -0.0000462543572001,         0.0001741687760561
 -0.0000428053108833,         0.0001657103689175
 -0.0000391125977389,         0.0001567542164132
 -0.0000352102197043,         0.0001473404605713
 -0.0000311334659898,         0.0001375108924299
 -0.0000269184223565,         0.0001273085116990
 -0.0000226014753747,         0.0001167770730124
 -0.0000182188245742,         0.0001059606318267
 -0.0000138060148998,         0.0000949031030710
 -0.0000093975008142,         0.0000836478450057
 -0.0000050262518233,         0.0000722372794745
 -0.0000007234072564,         0.0000607125579167
  0.0000034820140668,         0.0000491132802902
  0.0000075633459587,         0.0000374772715893
  0.0000114964477293,         0.0000258404180991
  0.0000152598188781,         0.0000142365630724
  0.0000188346585558,         0.0000026974592900
  0.0000222048742648,        -0.0000087472259068
  0.0000253570453941,        -0.0000200698589709
  0.0000282803479027,        -0.0000312447487301
  0.0000309664467782,        -0.0000422480225503
  0.0000334093628471,        -0.0000530574775332
  0.0000356053201510,        -0.0000636524139426
  0.0000375525795046,        -0.0000740134575328
  0.0000392512631007,        -0.0000841223767618
  0.0000407031741962,        -0.0000939619001061
  0.0000419116150934,        -0.0001035155379382
  0.0000428812058762,        -0.0001127674127349
  0.0000436177057346,        -0.0001217021008000
  0.0000441278382405,        -0.0001303044882210
  0.0000444191216443,        -0.0001385596434205
  0.0000444997051408,        -0.0001464527083937
  0.0000443782120769,        -0.0001539688104924
  0.0000440635912182,        -0.0001610929963917
  0.0000435649773956,        -0.0001678101896140
  0.0000428915630718,        -0.0001741051726491
  0.0000420524825481,        -0.0001799625942915
  0.0000410567106167,        -0.0001853670023046
  0.0000399129774259,        -0.0001903029009296
  0.0000386297011341,        -0.0001947548321090
  0.0000372149395780,        -0.0001987074786344
  0.0000356763616852,        -0.0002021457867764
  0.0000340212387460,        -0.0002050551053801
  0.0000322564549710,        -0.0002074213379301
  0.0000303885360480,        -0.0002092311037455
  0.0000284236937345,        -0.0002104719042907
  0.0000263678839378,        -0.0002111322905718
  0.0000242268752885,        -0.0002112020277600
  0.0000220063249460,        -0.0002106722535049
  0.0000197118583044,        -0.0002095356268773
  0.0000173491493971,        -0.0002077864654603
  0.0000149239991159,        -0.0002054208687745
  0.0000124424088265,        -0.0002024368269246
  0.0000099106475373,        -0.0001988343140557
  0.0000073353114061,        -0.0001946153668674
  0.0000047233749847,        -0.0001897841490089
  0.0000020822341647,        -0.0001843470026400
 -0.0000005802587734,        -0.0001783124887572
 -0.0000032557673035,        -0.0001716914180365
 -0.0000059354491605,        -0.0001644968739201
 -0.0000086099404305,        -0.0001567442294737
 -0.0000112693446562,        -0.0001484511591806
 -0.0000139032267431,        -0.0001396376463334
 -0.0000165006118987,        -0.0001303259860776
 -0.0000190499903402,        -0.0001205407834844
 -0.0000215393289988,        -0.0001103089453462
 -0.0000239560918927,        -0.0000996596637351
 -0.0000262872711748,        -0.0000886243888054
 -0.0000285194310500,        -0.0000772367879039
 -0.0000306387667738,        -0.0000655326878044
 -0.0000326311807622,        -0.0000535499968564
 -0.0000344823774791,        -0.0000413286040234
 -0.0000361779782114,        -0.0000289102522089
 -0.0000377036561443,        -0.0000163383838905
 -0.0000390452913253,        -0.0000036579578919
 -0.0000401891442185,         0.0000090847629296
 -0.0000411220456414,         0.0000218424522725
 -0.0000418315999967,         0.0000345669873818
 -0.0000423063979223,         0.0000472097395340
 -0.0000425362338136,         0.0000597218841557
 -0.0000425123231692,         0.0000720547258994
 -0.0000422275144030,         0.0000841600333565
 -0.0000416764896539,         0.0000959903776461
 -0.0000408559492283,         0.0001074994688922
 -0.0000397647746077,         0.0001186424845959
 -0.0000384041654334,         0.0001293763841097
 -0.0000367777465069,         0.0001396602038085
 -0.0000348916415966,         0.0001494553280971
 -0.0000327545116617,         0.0001587257320654
 -0.0000303775559761,         0.0001674381923599
 -0.0000277744755048,         0.0001755624636484
 -0.0000249613987260,         0.0001830714188889
 -0.0000219567708788,         0.0001899411524295
 -0.0000187812083209,         0.0001961510457607
 -0.0000154573202976,         0.0002016837964763
 -0.0000120095009361,         0.0002065254116817
 -0.0000084636946987,         0.0002106651676994
 -0.0000048471388511,         0.0002140955384615
 -0.0000011880867411,         0.0002168120954478
  0.0000024844841513,         0.0002188133824257
  0.0000061411753226,         0.0002201007685727
  0.0000097524773890,         0.0002206782838153
  0.0000132890831220,         0.0002205524403992
  0.0000167221992474,         0.0002197320448061
  0.0000200238529315,         0.0002182280041600
  0.0000231671889520,         0.0002160531312016
  0.0000261267536706,         0.0002132219517698
  0.0000288787620799,         0.0002097505184914
  0.0000314013444057,         0.0002056562340661
  0.0000336747690103,         0.0002009576871319
  0.0000356816386694,         0.0001956745032214
  0.0000374070576877,         0.0001898272127859
  0.0000388387677734,         0.0001834371376745
  0.0000399672511090,         0.0001765262968445
  0.0000407857996157,         0.0001691173314514
  0.0000412905500062,         0.0001612334488532
  0.0000414804848331,         0.0001528983844813
  0.0000413574003421,         0.0001441363800037
  0.0000409258425205,         0.0001349721757495
  0.0000401930132549,         0.0001254310149980
  0.0000391686489735,         0.0001155386574731
  0.0000378648745192,         0.0001053213992240
  0.0000362960352745,         0.0000948060960324
  0.0000344785107334,         0.0000840201875516
  0.0000324305127845,         0.0000729917195487
  0.0000301718719398,         0.0000617493618822
  0.0000277238146341,         0.0000503224201739
  0.0000251087345345,         0.0000387408395223
  0.0000223499605655,         0.0000270351990195
  0.0000194715240924,         0.0000152366962606
  0.0000164979274311,         0.0000033771214480
  0.0000134539155880,        -0.0000085111789293
  0.0000103642528985,        -0.0000203953485313
  0.0000072535060316,        -0.0000322420771468
  0.0000041458346783,        -0.0000440176654599
  0.0000010647911406,        -0.0000556880977369
 -0.0000019668700186,        -0.0000672191215388
 -0.0000049273711132,        -0.0000785763336063
 -0.0000077960780956,        -0.0000897252711666
 -0.0000105536537411,        -0.0001006315080623
 -0.0000131821960210,        -0.0001112607552814
 -0.0000156653604102,        -0.0001215789656540
 -0.0000179884648819,        -0.0001315524426686
 -0.0000201385763963,        -0.0001411479535097
 -0.0000221045777877,        -0.0001503328465404
 -0.0000238772141199,        -0.0001590751735120
 -0.0000254491177934,        -0.0001673438167881
 -0.0000268148119692,        -0.0001751086218098
 -0.0000279706921956,        -0.0001823405349033
 -0.0000289149864955,        -0.0001890117463518
 -0.0000296476945607,        -0.0001950958384226
 -0.0000301705071096,        -0.0002005679377701
 -0.0000304867068626,        -0.0002054048713449
 -0.0000306010529715,        -0.0002095853246343
 -0.0000305196510850,        -0.0002130900007608
 -0.0000302498115259,        -0.0002159017786868
 -0.0000297998982939,        -0.0002180058685219
 -0.0000291791717710,        -0.0002193899617234
 -0.0000283976281040,        -0.0002200443738248
 -0.0000274658382511,        -0.0002199621772229
 -0.0000263947896302,        -0.0002191393215179
 -0.0000251957331742,        -0.0002175747389227
 -0.0000238800384144,        -0.0002152704323412
 -0.0000224590589674,        -0.0002122315438621
 -0.0000209440105085,        -0.0002084664016189
 -0.0000193458629908,        -0.0002039865432194
 -0.0000176752485137,        -0.0001988067142580
 -0.0000159423858753,        -0.0001929448407673
 -0.0000141570224607,        -0.0001864219748502
 -0.0000123283937421,        -0.0001792622131470
 -0.0000104652002867,        -0.0001714925882265
 -0.0000085756018087,        -0.0001631429334357
 -0.0000066672274512,        -0.0001542457221984
 -0.0000047472011612,        -0.0001448358831992
 -0.0000028221807177,        -0.0001349505933221
 -0.0000008984087014,        -0.0001246290506228
  0.0000010182265406,        -0.0001139122299873
  0.0000029221220844,        -0.0001028426244566
  0.0000048078860809,        -0.0000914639754710
  0.0000066702602865,        -0.0000798209954975
  0.0000085040419554,        -0.0000679590866405
  0.0000103040075814,        -0.0000559240588986
  0.0000120648409331,        -0.0000437618517100
  0.0000137810677197,        -0.0000315182623268
  0.0000154469990632,        -0.0000192386843770
  0.0000170566857389,        -0.0000069678597151
  0.0000186038848762,         0.0000052503536704
  0.0000200820405002,         0.0000173731953088
  0.0000214842789463,         0.0000293591955185
  0.0000228034197992,         0.0000411683468294
  0.0000240320026176,         0.0000527622525872
  0.0000251623293014,         0.0000641042522705
  0.0000261865215667,         0.0000751595235475
  0.0000270965926208,         0.0000858951615655
  0.0000278845317790,         0.0000962802363984
  0.0000285424004643,         0.0001062858299590
  0.0000290624377683,         0.0001158850540009
  0.0000294371735473,         0.0001250530510912
  0.0000296595468800,         0.0001337669806162
  0.0000297230276203,         0.0001420059919939
  0.0000296217387476,         0.0001497511873034
  0.0000293505772351,         0.0001569855755178
  0.0000289053312284,         0.0001636940204382
  0.0000282827914335,         0.0001698631842885
  0.0000274808547652,         0.0001754814687562
  0.0000264986184730,         0.0001805389550532
  0.0000253364631601,         0.0001850273443480
  0.0000239961233078,         0.0001889398996867
  0.0000224807441314,         0.0001922713902928
  0.0000207949237972,         0.0001950180389160
  0.0000189447402334,         0.0001971774727019
  0.0000169377619660,         0.0001987486778816
  0.0000147830425911,         0.0001997319584312
  0.0000124910986768,         0.0002001288987319
  0.0000100738710526,         0.0001999423301743
  0.0000075446696053,         0.0001991763015815
  0.0000049181018581,         0.0001978360532869
  0.0000022099857585,         0.0001959279946782
 -0.0000005627527454,         0.0001934596850078
 -0.0000033821966121,         0.0001904398172676
 -0.0000062295682153,         0.0001868782049287
 -0.0000090853724200,         0.0001827857713439
 -0.0000119295510404,         0.0001781745416052
 -0.0000147416473390,         0.0001730576366358
 -0.0000175009790827,         0.0001674492692689
 -0.0000201868185258,         0.0001613647420295
 -0.0000227785775643,         0.0001548204462887
 -0.0000252559961824,         0.0001478338623971
 -0.0000275993322157,         0.0001404235603365
 -0.0000297895503757,         0.0001326092003548
 -0.0000318085084218,         0.0001244115329640
 -0.0000336391383403,         0.0001158523976051
 -0.0000352656203869,         0.0001069547192025
 -0.0000366735478781,         0.0000977425017601
 -0.0000378500806760,         0.0000882408180917
 -0.0000387840853990,         0.0000784757947307
 -0.0000394662605107,         0.0000684745910382
 -0.0000398892445856,         0.0000582653715209
 -0.0000400477062247,         0.0000478772703891
 -0.0000399384142921,         0.0000373403474295
 -0.0000395602873674,         0.0000266855343387
 -0.0000389144215463,         0.0000159445707688
 -0.0000380040959857,         0.0000051499294618
 -0.0000368347558572,        -0.0000056652699851
 -0.0000354139726607,        -0.0000164673590026
 -0.0000337513821396,        -0.0000272222296440
 -0.0000318586003345,        -0.0000378954557326
 -0.0000297491186080,        -0.0000484524251544
 -0.0000274381787624,        -0.0000588584826356
 -0.0000249426296559,        -0.0000690790820909
 -0.0000222807669861,        -0.0000790799473699
 -0.0000194721581628,        -0.0000888272399905
 -0.0000165374544125,        -0.0000982877322192
 -0.0000134981924514,        -0.0001074289836611
 -0.0000103765882280,        -0.0001162195193510
 -0.0000071953253529,        -0.0001246290072073
 -0.0000039773409181,        -0.0001326284326222
 -0.0000007456114375,        -0.0001401902679198
  0.0000024770583674,        -0.0001472886344224
  0.0000056682412802,        -0.0001538994549223
  0.0000088060852464,        -0.0001600005944703
  0.0000118695005817,        -0.0001655719875428
  0.0000148383345308,        -0.0001705957498591
  0.0000176935312178,        -0.0001750562733574
  0.0000204172752950,        -0.0001789403031189
  0.0000229931178956,        -0.0001822369953287
  0.0000254060838138,        -0.0001849379556857
  0.0000276427591600,        -0.0001870372580046
  0.0000296913590774,        -0.0001885314430852
  0.0000315417754325,        -0.0001894194982494
  0.0000331856047121,        -0.0001897028182544
  0.0000346161566614,        -0.0001893851485797
  0.0000358284444747,        -0.0001884725123367
  0.0000368191575996,        -0.0001869731222767
  0.0000375866184327,        -0.0001848972795509
  0.0000381307243633,        -0.0001822572610184
  0.0000384528767691,        -0.0001790671969938
  0.0000385558986698,        -0.0001753429413811
  0.0000384439428148,        -0.0001711019361521
  0.0000381223920156,        -0.0001663630720980
  0.0000375977535289,        -0.0001611465477227
  0.0000368775492692,        -0.0001554737280463
  0.0000359702035673,        -0.0001493670049668
  0.0000348849301096,        -0.0001428496606827
  0.0000336316195903,        -0.0001359457355126
  0.0000322207294883,        -0.0001286799012794
  0.0000306631772462,        -0.0001210773412389
  0.0000289702379897,        -0.0001131636373525
  0.0000271534477734,        -0.0001049646655187
  0.0000252245131864,        -0.0000965064992027
  0.0000231952279978,        -0.0000878153217313
  0.0000210773973657,        -0.0000789173473665
  0.0000188827699845,        -0.0000698387511205
  0.0000166229783944,        -0.0000606056071462
  0.0000143094875379,        -0.0000512438354191
  0.0000119535515107,        -0.0000417791563216
  0.0000095661783256,        -0.0000322370526560
  0.0000071581023913,        -0.0000226427385363
  0.0000047397642962,        -0.0000130211345472
  0.0000023212973859,        -0.0000033968485142
 -0.0000000874794620,         0.0000062058388143
 -0.0000024770635439,         0.0000157629838943
 -0.0000048382652588,         0.0000252509870649
 -0.0000071622010555,         0.0000346465965324
 -0.0000094402832350,         0.0000439269104160
 -0.0000116642074739,         0.0000530693776102
 -0.0000138259389474,         0.0000620517982128
 -0.0000159176979355,         0.0000708523242560
 -0.0000179319457825,         0.0000794494614599
 -0.0000198613720556,         0.0000878220727092
 -0.0000216988837148,         0.0000959493839271
 -0.0000234375970527,         0.0001038109929877
 -0.0000250708331030,         0.0001113868822726
 -0.0000265921171434,         0.0001186574354309
 -0.0000279951828331,         0.0001256034588493
 -0.0000292739814275,         0.0001322062082784
 -0.0000304226964106,         0.0001384474209892
 -0.0000314357637653,         0.0001443093537519
 -0.0000323078979850,         0.0001497748268383
 -0.0000330341237929,         0.0001548272741466
 -0.0000336098134057,         0.0001594507994340
 -0.0000340307290365,         0.0001636302385218
 -0.0000342930701945,         0.0001673512272079
 -0.0000343935251954,         0.0001706002744861
 -0.0000343293261689,         0.0001733648405325
 -0.0000340983067126,         0.0001756334187800
 -0.0000336989612291,         0.0001773956212636
 -0.0000331305048746,         0.0001786422662873
 -0.0000323929329541,         0.0001793654673415
 -0.0000314870785305,         0.0001795587220904
 -0.0000304146669597,         0.0001792170001548
 -0.0000291783660394,         0.0001783368283452
 -0.0000277818304554,         0.0001769163719481
 -0.0000262297392353,         0.0001749555106452
 -0.0000245278249708,         0.0001724559076503
 -0.0000226828936524,         0.0001694210706768
 -0.0000207028340649,         0.0001658564034147
 -0.0000185966158269,         0.0001617692462833
 -0.0000163742753158,         0.0001571689053450
 -0.0000140468888938,         0.0001520666684100
 -0.0000116265330505,         0.0001464758075275
 -0.0000091262312842,         0.0001404115672463
 -0.0000065598877641,         0.0001338911382312
 -0.0000039422080390,         0.0001269336160332
 -0.0000012886072847,         0.0001195599450336
  0.0000013848932017,         0.0001117928478018
  0.0000040617803362,         0.0001036567403286
  0.0000067251732932,         0.0000951776338023
  0.0000093579559607,         0.0000863830237969
  0.0000119429163441,         0.0000773017679194
  0.0000144628913262,         0.0000679639531252
  0.0000169009150738,         0.0000584007540453
  0.0000192403693091,         0.0000486442837815
  0.0000214651336040,         0.0000387274387059
  0.0000235597338408,         0.0000286837388586
  0.0000255094869853,         0.0000185471655584
  0.0000273006403601,         0.0000083519978405
  0.0000289205036690,        -0.0000018673506970
  0.0000303575721157,        -0.0000120764931114
  0.0000316016390785,        -0.0000222412269553
  0.0000326438969364,        -0.0000323276873937
  0.0000334770248051,        -0.0000423024943735
  0.0000340952621092,        -0.0000521328927560
  0.0000344944671067,        -0.0000617868844668
  0.0000346721596775,        -0.0000712333518706
  0.0000346275478879,        -0.0000804421717375
  0.0000343615380531,        -0.0000893843193233
  0.0000338767282209,        -0.0000980319622454
  0.0000331773852078,        -0.0001063585439852
  0.0000322694055123,        -0.0001143388569943
  0.0000311602606230,        -0.0001219491055128
  0.0000298589274148,        -0.0001291669583360
  0.0000283758044953,        -0.0001359715918700
  0.0000267226155138,        -0.0001423437239174
  0.0000249123005815,        -0.0001482656387125
  0.0000229588970693,        -0.0001537212037955
  0.0000208774111522,        -0.0001586958793637
  0.0000186836815481,        -0.0001631767207786
  0.0000163942369660,        -0.0001671523749301
  0.0000140261488177,        -0.0001706130711727
  0.0000115968807767,        -0.0001735506075471
  0.0000091241367731,        -0.0001759583329915
  0.0000066257090007,        -0.0001778311262268
  0.0000041193274886,        -0.0001791653719737
  0.0000016225127398,        -0.0001799589351230
 -0.0000008475671140,        -0.0001802111334439
 -0.0000032742332728,        -0.0001799227093659
 -0.0000056414260560,        -0.0001790958013243
 -0.0000079338263345,        -0.0001777339151043
 -0.0000101369675302,        -0.0001758418955639
 -0.0000122373372299,        -0.0001734258990589
 -0.0000142224675853,        -0.0001704933668302
 -0.0000160810138125,        -0.0001670529995538
 -0.0000178028202424,        -0.0001631147331884
 -0.0000193789735227,        -0.0001586897161899
 -0.0000208018427253,        -0.0001537902880953
 -0.0000220651062609,        -0.0001484299594093
 -0.0000231637656619,        -0.0001426233926596
 -0.0000240941464401,        -0.0001363863844174
 -0.0000248538863810,        -0.0001297358480122
 -0.0000254419117749,        -0.0001226897966037
 -0.0000258584022237,        -0.0001152673262105
 -0.0000261047447918,        -0.0001074885982367
 -0.0000261834783830,        -0.0000993748209847
 -0.0000260982293336,        -0.0000909482295936
 -0.0000258536392969,        -0.0000822320638082
 -0.0000254552865744,        -0.0000732505429519
 -0.0000249096020982,        -0.0000640288374631
 -0.0000242237813133,        -0.0000545930363484
 -0.0000234056932230,        -0.0000449701099163
 -0.0000224637878590,        -0.0000351878671791
 -0.0000214070034186,        -0.0000252749073487
 -0.0000202446742690,        -0.0000152605649068
 -0.0000189864409559,        -0.0000051748477983
 -0.0000176421632801,         0.0000049516316187
 -0.0000162218374067,         0.0000150877331394
 -0.0000147355178641,         0.0000252018729563
 -0.0000131932451691,         0.0000352621156241
 -0.0000116049796791,         0.0000452362736630
 -0.0000099805421378,         0.0000550920145829
 -0.0000083295612320,         0.0000647969749755
 -0.0000066614283368,         0.0000743188811839
 -0.0000049852594756,         0.0000836256759243
 -0.0000033098643893,         0.0000926856501052
 -0.0000016437224664,         0.0001014675789656
  0.0000000050348294,         0.0001099408615435
  0.0000016286355174,         0.0001180756623870
  0.0000032196732199,         0.0001258430543357
  0.0000047711085069,         0.0001332151611345
  0.0000062762661914,         0.0001401652985933
  0.0000077288293529,         0.0001466681129784
  0.0000091228308916,         0.0001526997153126
  0.0000104526434313,         0.0001582378102759
  0.0000117129683790,         0.0001632618184302
  0.0000128988249227,         0.0001677529905472
  0.0000140055397101,         0.0001716945128895
  0.0000150287378880,         0.0001750716023881
  0.0000159643361143,         0.0001778715907629
  0.0000168085380665,         0.0001800839967553
  0.0000175578328773,         0.0001817005857740
  0.0000182089968259,         0.0001827154163936
  0.0000187590985022,         0.0001831248732986
  0.0000192055075531,         0.0001829276864101
  0.0000195459070025,         0.0001821249360917
  0.0000197783090305,         0.0001807200444783
  0.0000199010739841,         0.0001787187531203
  0.0000199129322936,         0.0001761290872785
  0.0000198130088727,         0.0001729613073347
  0.0000196008494957,         0.0001692278479094
  0.0000192764485701,         0.0001649432453857
  0.0000188402776629,         0.0001601240546400
  0.0000182933140885,         0.0001547887558609
  0.0000176370688307,         0.0001489576524094
  0.0000168736130512,         0.0001426527607282
  0.0000160056024306,         0.0001358976933451
  0.0000150362985927,         0.0001287175360440
  0.0000139695868883,         0.0001211387202859
  0.0000128099898444,         0.0001131888919582
  0.0000115626756349,         0.0001048967775190
  0.0000102334609858,         0.0000962920485726
  0.0000088288079958,         0.0000874051858762
  0.0000073558144325,         0.0000782673437316
  0.0000058221971480,         0.0000689102156592
  0.0000042362683521,         0.0000593659021912
  0.0000026069045781,         0.0000496667815507
  0.0000009435082755,         0.0000398453839145
 -0.0000007440379280,         0.0000299342698764
 -0.0000024454241515,         0.0000199659136552
 -0.0000041499731232,         0.0000099725915038
 -0.0000058467066245,        -0.0000000137242964
 -0.0000075244180646,        -0.0000099614655621
 -0.0000091717506312,        -0.0000198395622343
 -0.0000107772803775,        -0.0000296175301658
 -0.0000123296035153,        -0.0000392655526076
 -0.0000138174271091,        -0.0000487545554037
 -0.0000152296622950,        -0.0000580562759763
 -0.0000165555190886,        -0.0000671433262466
 -0.0000177846017959,        -0.0000759892496998
 -0.0000189070040033,        -0.0000845685728578
 -0.0000199134020954,        -0.0000928568514710
 -0.0000207951462350,        -0.0001008307117868
 -0.0000215443477402,        -0.0001084678872846
