timestep:         0.0052944000000000
yAxisLabel:deflection [m]       
title:bridge deflection 
ub_mid  ,       ub_quart
  0.0000000000000000,         0.0000000000000000
 -0.0000000000014974,        -0.0000000001630756
 -0.0000000000351075,        -0.0000000024676906
 -0.0000000003753574,        -0.0000000156221403
 -0.0000000024283650,        -0.0000000526866630
 -0.0000000106444094,        -0.0000000927090366
 -0.0000000338829674,        -0.0000000166248616
 -0.0000000841515063,         0.0000004320183619
 -0.0000001810362818,         0.0000016959173361
 -0.0000003768650987,         0.0000042460846384
 -0.0000007679965843,         0.0000076770240234
 -0.0000013998436026,         0.0000101801701941
 -0.0000021201569998,         0.0000103449956238
 -0.0000026618732648,         0.0000084098490353
 -0.0000029162543962,         0.0000040615125738
 -0.0000028200615003,        -0.0000036596051948
 -0.0000019531628985,        -0.0000137270878652
  0.0000001121396985,        -0.0000249880297683
  0.0000030619399112,        -0.0000376987725814
  0.0000064541632219,        -0.0000512838999536
  0.0000110019462260,        -0.0000657416286098
  0.0000179657786329,        -0.0000820281588988
  0.0000274837771168,        -0.0000998864765439
  0.0000388346577149,        -0.0001195834326364
  0.0000518409696457,        -0.0001414748662860
  0.0000664668202287,        -0.0001650706633835
  0.0000817376672613,        -0.0001904003107227
  0.0000967296526056,        -0.0002168243920632
  0.0001114653445305,        -0.0002442118107546
  0.0001257319226572,        -0.0002730880341014
  0.0001391308664884,        -0.0003032414024130
  0.0001520565819285,        -0.0003352474342375
  0.0001646383145238,        -0.0003688976258393
  0.0001766997393326,        -0.0004037273457121
  0.0001887446171425,        -0.0004400063189176
  0.0002008345744166,        -0.0004772261516578
  0.0002126225512988,        -0.0005157169263409
  0.0002243149703058,        -0.0005554491094528
  0.0002358332462834,        -0.0005962253332190
  0.0002469303827423,        -0.0006386835312485
  0.0002575630711681,        -0.0006823759913309
  0.0002676540154690,        -0.0007272191585825
  0.0002774681361767,        -0.0007731054019778
  0.0002869524089852,        -0.0008194598922443
  0.0002957847500051,        -0.0008662463663805
  0.0003041033985115,        -0.0009134767472698
  0.0003120657309243,        -0.0009614817715677
  0.0003200024819435,        -0.0010105188313000
  0.0003277796370194,        -0.0010606397573528
  0.0003349433884221,        -0.0011114017569901
  0.0003420455119220,        -0.0011624764263533
  0.0003491104747558,        -0.0012141109292581
  0.0003554606156735,        -0.0012662394705797
  0.0003609376102589,        -0.0013186163667698
  0.0003654627666046,        -0.0013710033442724
  0.0003694030211935,        -0.0014236396204332
  0.0003727371368415,        -0.0014766800909574
  0.0003747989787355,        -0.0015299576945177
  0.0003756074928300,        -0.0015833608627654
  0.0003754155289598,        -0.0016368079973998
  0.0003745486941715,        -0.0016904772065986
  0.0003730403767312,        -0.0017444320672074
  0.0003709722849667,        -0.0017985543513763
  0.0003692218309912,        -0.0018526347099803
  0.0003680540764539,        -0.0019066694710124
  0.0003672914596966,        -0.0019609962110562
  0.0003668032489953,        -0.0020162443617013
  0.0003668522135673,        -0.0020722992103698
  0.0003682269845526,        -0.0021287347348211
  0.0003706464601012,        -0.0021859235309190
  0.0003740184586323,        -0.0022440739842087
  0.0003786773162547,        -0.0023035745032582
  0.0003841908984235,        -0.0023646086279807
  0.0003903962041552,        -0.0024271170416725
  0.0003967376849230,        -0.0024908632122705
  0.0004028060726691,        -0.0025553143737021
  0.0004089677422643,        -0.0026203237573194
  0.0004150468457439,        -0.0026853143725504
  0.0004206820447251,        -0.0027492664827929
  0.0004257650627939,        -0.0028119414986694
  0.0004307620582515,        -0.0028738764928062
  0.0004362266786748,        -0.0029344967388652
  0.0004421348208345,        -0.0029933316104915
  0.0004484826019037,        -0.0030506135582151
  0.0004552750028745,        -0.0031059697572385
  0.0004623374191089,        -0.0031593493487305
  0.0004692181096794,        -0.0032106771558923
  0.0004753509404575,        -0.0032599583620456
  0.0004803421671364,        -0.0033075973777157
  0.0004844040225399,        -0.0033540506591812
  0.0004880156524950,        -0.0033997000854832
  0.0004909774304851,        -0.0034450102301002
  0.0004934275913503,        -0.0034901522703267
  0.0004959561957517,        -0.0035348986967183
  0.0004984506915819,        -0.0035790715279408
  0.0005006025665889,        -0.0036221027046477
  0.0005027287792907,        -0.0036635122700147
  0.0005053115765324,        -0.0037030848952081
  0.0005083553755983,        -0.0037405362229614
  0.0005116707705136,        -0.0037757642426984
  0.0005148183160938,        -0.0038090588909634
  0.0005175487635334,        -0.0038404386615133
  0.0005199431420041,        -0.0038698016301801
  0.0005215543201819,        -0.0038973542632196
  0.0005221379522477,        -0.0039227421912557
  0.0005219453345027,        -0.0039453675485306
  0.0005208794642090,        -0.0039657450462694
  0.0005186514371685,        -0.0039844300409862
  0.0005150096432267,        -0.0040009915168100
  0.0005099298205641,        -0.0040155163169143
  0.0005037828755856,        -0.0040281482030631
  0.0004966326189928,        -0.0040387566920567
  0.0004884232711076,        -0.0040474685436890
  0.0004794546059391,        -0.0040543817762773
  0.0004700280350870,        -0.0040593955925541
  0.0004604293295566,        -0.0040628121475681
  0.0004506402022995,        -0.0040650644680607
  0.0004408058923957,        -0.0040655016038092
  0.0004312675676888,        -0.0040630971922633
  0.0004220295692654,        -0.0040570994837467
  0.0004132511789279,        -0.0040478424052955
  0.0004048522782201,        -0.0040369635447564
  0.0003966816270911,        -0.0040268393339975
  0.0003890533266962,        -0.0040192534326420
  0.0003820741251284,        -0.0040147747407712
  0.0003755549884154,        -0.0040136096609696
  0.0003696654367430,        -0.0040152128233486
  0.0003646273492712,        -0.0040183112075508
  0.0003603110038418,        -0.0040218427534369
  0.0003565697100007,        -0.0040251923815465
  0.0003536130451518,        -0.0040284324642131
  0.0003527944482131,        -0.0040327374419414
  0.0003555967104607,        -0.0040388331963451
  0.0003621598021480,        -0.0040470906394534
  0.0003716154666612,        -0.0040579639319588
  0.0003829067186336,        -0.0040711475806414
  0.0003952449032594,        -0.0040863647763179
  0.0004075520569840,        -0.0041031849740876
  0.0004190251780679,        -0.0041211781801571
  0.0004296739201118,        -0.0041407393624650
  0.0004398456127653,        -0.0041623513588023
  0.0004502456678890,        -0.0041863914996901
  0.0004613735833576,        -0.0042131126320783
  0.0004733100951358,        -0.0042423861603093
  0.0004864670562924,        -0.0042742110310277
  0.0005012018134188,        -0.0043083822121467
  0.0005173345015954,        -0.0043450749629797
  0.0005347224358193,        -0.0043845710389576
  0.0005527663812448,        -0.0044267144152212
  0.0005706492083508,        -0.0044718503609203
  0.0005878478599163,        -0.0045201198208836
  0.0006039891120263,        -0.0045711451400416
  0.0006191957082179,        -0.0046244692679068
  0.0006333378753569,        -0.0046796582928521
  0.0006461557563563,        -0.0047362887645094
  0.0006576289806352,        -0.0047941556147919
  0.0006677136349900,        -0.0048533576006662
  0.0006766095163837,        -0.0049140428969464
  0.0006842859141603,        -0.0049759685272921
  0.0006904463591911,        -0.0050382541660947
  0.0006951451965644,        -0.0051003160619745
  0.0006984259480704,        -0.0051623242361665
  0.0007001475664130,        -0.0052245360602469
  0.0007001007130001,        -0.0052873793538845
  0.0006979391727917,        -0.0053514000052431
  0.0006939234888047,        -0.0054168281787214
  0.0006884450380399,        -0.0054839742764566
  0.0006813996157299,        -0.0055530074174808
  0.0006725425817835,        -0.0056236071668919
  0.0006616172413472,        -0.0056956462288734
  0.0006488814050582,        -0.0057694797535412
  0.0006347088378336,        -0.0058455120058428
  0.0006194365492910,        -0.0059237708888774
  0.0006037313113513,        -0.0060037781438738
  0.0005882850636875,        -0.0060851639049611
  0.0005737197962944,        -0.0061679825533536
  0.0005600688688678,        -0.0062526218333019
  0.0005469326831350,        -0.0063391620326919
  0.0005346161633533,        -0.0064271256945087
  0.0005236521112852,        -0.0065163089288178
  0.0005142420883262,        -0.0066070007271731
  0.0005062384598623,        -0.0066998905085357
  0.0004990271368036,        -0.0067953878765935
  0.0004920789481184,        -0.0068936127785660
  0.0004845477683785,        -0.0069946186059878
  0.0004757354097667,        -0.0070980161074781
  0.0004656510839133,        -0.0072034085684853
  0.0004544665130724,        -0.0073101762071000
  0.0004424844077709,        -0.0074173652390976
  0.0004297837653904,        -0.0075245323382978
  0.0004167341610111,        -0.0076318037085311
  0.0004041795207338,        -0.0077390765429886
  0.0003928619735297,        -0.0078458807391705
  0.0003833276196332,        -0.0079516200532494
  0.0003757292767200,        -0.0080554360070800
  0.0003699582251893,        -0.0081568572190707
  0.0003656420418484,        -0.0082557379717664
  0.0003618975565727,        -0.0083518910839684
  0.0003576867870561,        -0.0084456631548105
  0.0003524725871170,        -0.0085378345656386
  0.0003464930180094,        -0.0086291654652710
  0.0003402593718188,        -0.0087204007355272
  0.0003340909199889,        -0.0088116555038043
  0.0003281976420827,        -0.0089022816727066
  0.0003224716113121,        -0.0089919796588125
  0.0003167199773482,        -0.0090800615150081
  0.0003109644690056,        -0.0091652703956267
  0.0003052947731834,        -0.0092468492368247
  0.0002998972506792,        -0.0093242459177095
  0.0002949528011512,        -0.0093970573665567
  0.0002901286814412,        -0.0094653988423973
  0.0002846919155829,        -0.0095296050640105
  0.0002782270046439,        -0.0095899958084604
  0.0002704694257556,        -0.0096465799043491
  0.0002614728214770,        -0.0096990098705804
  0.0002515197648472,        -0.0097468416853908
  0.0002405501235019,        -0.0097898527058383
  0.0002284837235873,        -0.0098284463162581
  0.0002151321362903,        -0.0098629152549197
  0.0002000850429917,        -0.0098934094350321
  0.0001834000058040,        -0.0099200192377406
  0.0001654466928604,        -0.0099426403602341
  0.0001465697685873,        -0.0099614637945068
  0.0001271747252618,        -0.0099766953615854
  0.0001073538551995,        -0.0099884867783454
  0.0000872160426851,        -0.0099972440125563
  0.0000667297830918,        -0.0100031555327784
  0.0000457075759429,        -0.0100058421772067
  0.0000242216092892,        -0.0100044614911590
  0.0000023242220525,        -0.0099979014449214
 -0.0000197646024005,        -0.0099858455258655
 -0.0000419314309551,        -0.0099688989958792
 -0.0000643905007912,        -0.0099480515120847
 -0.0000873596115186,        -0.0099243326975186
 -0.0001109603247853,        -0.0098984502138969
 -0.0001353853674344,        -0.0098707499564140
 -0.0001608753176734,        -0.0098410158475091
 -0.0001876567425546,        -0.0098086305356976
 -0.0002157837629967,        -0.0097729622187257
 -0.0002448521969821,        -0.0097337087240741
 -0.0002743901108494,        -0.0096912409413495
 -0.0003037882231490,        -0.0096465707259823
 -0.0003321587898933,        -0.0096007414065736
 -0.0003588036108200,        -0.0095545027097003
 -0.0003835319390111,        -0.0095084250583511
 -0.0004069167151286,        -0.0094628349857385
 -0.0004298801546051,        -0.0094178186315565
 -0.0004529868278321,        -0.0093733850371090
 -0.0004763335046222,        -0.0093294964260678
 -0.0004996572854566,        -0.0092862706606380
 -0.0005224852547016,        -0.0092438992891976
 -0.0005439951470109,        -0.0092022998837060
 -0.0005634428053561,        -0.0091613803682658
 -0.0005807227599197,        -0.0091210851392921
 -0.0005958474387267,        -0.0090813505485528
 -0.0006086837162739,        -0.0090423235300818
 -0.0006191073389339,        -0.0090041664660234
 -0.0006272675131404,        -0.0089669206527478
 -0.0006338747867334,        -0.0089306913368360
 -0.0006399481666498,        -0.0088956270944523
 -0.0006463698827651,        -0.0088617833087907
 -0.0006537667777594,        -0.0088291745667648
 -0.0006624640429659,        -0.0087978088060902
 -0.0006725845014166,        -0.0087677630732165
 -0.0006841222753375,        -0.0087392193761594
 -0.0006969533941270,        -0.0087123908811418
 -0.0007110076592606,        -0.0086873307262328
 -0.0007262612925077,        -0.0086636350766591
 -0.0007428064280134,        -0.0086405432809183
 -0.0007606925056820,        -0.0086171004869117
 -0.0007798542930361,        -0.0085924716284909
 -0.0008002044411785,        -0.0085664908278644
 -0.0008214953465484,        -0.0085396224984006
 -0.0008435635074089,        -0.0085127904466410
 -0.0008664038097291,        -0.0084870304859418
 -0.0008899303511391,        -0.0084628117379900
 -0.0009141567136552,        -0.0084402238094497
 -0.0009392174507660,        -0.0084191858688969
 -0.0009653446976648,        -0.0083993726987178
 -0.0009929599423153,        -0.0083806189113207
 -0.0010225676387934,        -0.0083632249503450
 -0.0010545876837357,        -0.0083478962695481
 -0.0010889045974217,        -0.0083351217468216
 -0.0011250878481278,        -0.0083247448658152
 -0.0011627673444889,        -0.0083162985959087
 -0.0012014264906049,        -0.0083093640589499
 -0.0012405869741089,        -0.0083035877722645
 -0.0012801266913319,        -0.0082986147841573
 -0.0013201583852494,        -0.0082941071710113
 -0.0013606412126716,        -0.0082898088550134
 -0.0014011762000790,        -0.0082857559378767
 -0.0014413658883756,        -0.0082823160391909
 -0.0014812672257984,        -0.0082797715051040
 -0.0015212421756188,        -0.0082783327477836
 -0.0015618123120087,        -0.0082782652318281
 -0.0016033926255231,        -0.0082798475423901
 -0.0016461330847036,        -0.0082835523258559
 -0.0016899201301943,        -0.0082896608020705
 -0.0017342217990634,        -0.0082981265041361
 -0.0017784922780482,        -0.0083090782060711
 -0.0018223146347711,        -0.0083227758847371
 -0.0018653295924029,        -0.0083392894552087
 -0.0019072096885005,        -0.0083582510012918
 -0.0019473992016559,        -0.0083788596533068
 -0.0019854013661217,        -0.0084002509006930
 -0.0020210566370232,        -0.0084217223541312
 -0.0020543959913488,        -0.0084427671296844
 -0.0020857876909227,        -0.0084631124431248
 -0.0021160258617634,        -0.0084828295398583
 -0.0021459288712233,        -0.0085022589054124
 -0.0021759330039707,        -0.0085217547690117
 -0.0022059795096019,        -0.0085416082773792
 -0.0022356847966373,        -0.0085618110309905
 -0.0022647461561686,        -0.0085818777519089
 -0.0022930473321167,        -0.0086014407988213
 -0.0023204738541490,        -0.0086203390676941
 -0.0023469377928590,        -0.0086382935656489
 -0.0023723290321145,        -0.0086550340356688
 -0.0023965334959650,        -0.0086701925862280
 -0.0024194766862130,        -0.0086835347381258
 -0.0024410225422264,        -0.0086952288248516
 -0.0024611207511704,        -0.0087056210999724
 -0.0024799960861609,        -0.0087151756144099
 -0.0024981192237018,        -0.0087241953526091
 -0.0025157944182378,        -0.0087325833414069
 -0.0025328910733156,        -0.0087400072669681
 -0.0025492481510939,        -0.0087459778833666
 -0.0025649525109851,        -0.0087500349153449
 -0.0025801728617151,        -0.0087519054232804
 -0.0025950861767096,        -0.0087514719615656
 -0.0026097948973484,        -0.0087487142294705
 -0.0026243097799451,        -0.0087435780615477
 -0.0026386757502996,        -0.0087360156402486
 -0.0026528574764193,        -0.0087260496292513
 -0.0026669631638456,        -0.0087137784212071
 -0.0026814334935327,        -0.0086993751919991
 -0.0026968259869642,        -0.0086827882574680
 -0.0027136885251177,        -0.0086636005284296
 -0.0027324361038785,        -0.0086411516156098
 -0.0027532766306926,        -0.0086146710610705
 -0.0027761232251672,        -0.0085837556158337
 -0.0028008112224300,        -0.0085486239689805
 -0.0028272787789805,        -0.0085098669418872
 -0.0028555066399616,        -0.0084680595512143
 -0.0028855625281894,        -0.0084236122681414
 -0.0029175346968908,        -0.0083766761727863
 -0.0029514231397182,        -0.0083270222205571
 -0.0029871457573808,        -0.0082741587976115
 -0.0030245397188991,        -0.0082174216458397
 -0.0030632314148264,        -0.0081562819891689
 -0.0031026228275145,        -0.0080907922851849
 -0.0031420656006787,        -0.0080215009199981
 -0.0031810720197154,        -0.0079491355720549
 -0.0032193899345246,        -0.0078744368924927
 -0.0032569670809895,        -0.0077981466851269
 -0.0032940592928183,        -0.0077209545418466
 -0.0033312984090779,        -0.0076433157414440
 -0.0033694413289625,        -0.0075654541127183
 -0.0034089907028178,        -0.0074874627982047
 -0.0034500314630565,        -0.0074094175759360
 -0.0034924071454306,        -0.0073313039051131
 -0.0035358091056409,        -0.0072529140140882
 -0.0035798487776607,        -0.0071738979904360
 -0.0036241279272583,        -0.0070938833350172
 -0.0036681277180543,        -0.0070126461856007
 -0.0037113778032006,        -0.0069302446898162
 -0.0037535085043439,        -0.0068468368541913
 -0.0037942245042947,        -0.0067624323762216
 -0.0038335266285400,        -0.0066770608559508
 -0.0038718091641181,        -0.0065909287372865
 -0.0039096742322862,        -0.0065042740131047
 -0.0039475471125473,        -0.0064172530571060
 -0.0039855298097658,        -0.0063300673990249
 -0.0040235968561722,        -0.0062431378768920
 -0.0040616182371276,        -0.0061571326959036
 -0.0040993799675678,        -0.0060727277589137
 -0.0041367490102193,        -0.0059903649824983
 -0.0041737086036893,        -0.0059100893221555
 -0.0042103458994879,        -0.0058314109013655
 -0.0042466790140880,        -0.0057534945593789
 -0.0042826685052987,        -0.0056755026917085
 -0.0043182796765538,        -0.0055968872074059
 -0.0043533785448239,        -0.0055175575322279
 -0.0043878589500293,        -0.0054377868031804
 -0.0044216813676945,        -0.0053580061405859
 -0.0044547970395467,        -0.0052783748149856
 -0.0044873151591402,        -0.0051985045150155
 -0.0045196428822573,        -0.0051178171625149
 -0.0045523888475292,        -0.0050359442361400
 -0.0045861514537111,        -0.0049529285159029
 -0.0046213776448808,        -0.0048692657302091
 -0.0046584099612501,        -0.0047857276103840
 -0.0046974064795180,        -0.0047030502959559
 -0.0047382243305717,        -0.0046216233153383
 -0.0047805105869454,        -0.0045414027485579
 -0.0048238500840951,        -0.0044621470896415
 -0.0048678826718376,        -0.0043836521380939
 -0.0049122803753486,        -0.0043058104543444
 -0.0049566856699410,        -0.0042286052952285
 -0.0050007376795507,        -0.0041520284660701
 -0.0050440927738297,        -0.0040761298078060
 -0.0050864214662657,        -0.0040010230421025
 -0.0051274886738891,        -0.0039267228172017
 -0.0051673393014084,        -0.0038531724510252
 -0.0052063624791553,        -0.0037803353875087
 -0.0052450706702775,        -0.0037082859898600
 -0.0052837887784521,        -0.0036372741579580
 -0.0053225948743654,        -0.0035675498077469
 -0.0053614256205435,        -0.0034992181054520
 -0.0054001315732774,        -0.0034323187313816
 -0.0054384860183014,        -0.0033668843010044
 -0.0054762751256385,        -0.0033029735892344
 -0.0055133645522751,        -0.0032405610444277
 -0.0055494816255070,        -0.0031794358961805
 -0.0055842182905311,        -0.0031194510687078
 -0.0056173153178177,        -0.0030606428466536
 -0.0056487485475070,        -0.0030030822321569
 -0.0056787329397337,        -0.0029467498161217
 -0.0057076885059071,        -0.0028915903139360
 -0.0057360439162160,        -0.0028376742289162
 -0.0057640597037290,        -0.0027852178357280
 -0.0057917430526272,        -0.0027344639736362
 -0.0058188552332748,        -0.0026855197129383
 -0.0058450067374759,        -0.0026384280032876
 -0.0058697217328347,        -0.0025933193699733
 -0.0058924516193274,        -0.0025503031834735
 -0.0059126794548315,        -0.0025093533379214
 -0.0059299884124761,        -0.0024703126982887
 -0.0059441069016857,        -0.0024329299705585
 -0.0059549495580997,        -0.0023970378105930
 -0.0059625790649236,        -0.0023627451123467
 -0.0059671611622982,        -0.0023304478536735
 -0.0059689323857879,        -0.0023007124949392
 -0.0059682315941567,        -0.0022740677779310
 -0.0059655416533346,        -0.0022508121222555
 -0.0059613476639613,        -0.0022309193233138
 -0.0059559408613617,        -0.0022140627478757
 -0.0059494344833580,        -0.0021997193120623
 -0.0059419316959467,        -0.0021873371848435
 -0.0059335460598334,        -0.0021765074338937
 -0.0059242651370996,        -0.0021668943301017
 -0.0059139831827849,        -0.0021582109071278
 -0.0059027038257656,        -0.0021502732998577
 -0.0058905596608243,        -0.0021429393857064
 -0.0058776877031080,        -0.0021361082786122
 -0.0058642370226673,        -0.0021297115360774
 -0.0058504472125149,        -0.0021236356720109
 -0.0058366327283224,        -0.0021176769080276
 -0.0058230661630166,        -0.0021115705659724
 -0.0058098743877388,        -0.0021050646717711
 -0.0057970777825033,        -0.0020981051667320
 -0.0057847694843455,        -0.0020909354459289
 -0.0057731949565591,        -0.0020839547276677
 -0.0057626302049817,        -0.0020775121408421
 -0.0057533417486710,        -0.0020717947959919
 -0.0057455899106195,        -0.0020667548749710
 -0.0057396185527637,        -0.0020620402168518
 -0.0057356798936422,        -0.0020570711946656
 -0.0057339029303527,        -0.0020510581485962
 -0.0057342181672315,        -0.0020431202177823
 -0.0057363435913046,        -0.0020325716256512
 -0.0057397710262090,        -0.0020190045313594
 -0.0057439686000523,        -0.0020022535616173
 -0.0057486048520649,        -0.0019823104363725
 -0.0057536550125856,        -0.0019592912348464
 -0.0057594174543933,        -0.0019335041369468
 -0.0057664084344388,        -0.0019053881380049
 -0.0057752202870794,        -0.0018753253550332
 -0.0057863849096662,        -0.0018435968956479
 -0.0058002402414822,        -0.0018104971035299
 -0.0058168505157222,        -0.0017763044138957
 -0.0058360156976216,        -0.0017411976191565
 -0.0058573664403061,        -0.0017052301604726
 -0.0058804122755897,        -0.0016683564113371
 -0.0059044767394388,        -0.0016305670373880
 -0.0059287366998618,        -0.0015919441542881
 -0.0059524338620654,        -0.0015525279392057
 -0.0059751034891451,        -0.0015121959002383
 -0.0059966397014942,        -0.0014707325965838
 -0.0060171870975203,        -0.0014279859458252
 -0.0060370247001005,        -0.0013839259444469
 -0.0060564245991795,        -0.0013385720977798
 -0.0060754884068801,        -0.0012919736916947
 -0.0060940898438323,        -0.0012442786900959
 -0.0061119839456884,        -0.0011958364941597
 -0.0061290409748082,        -0.0011471624254452
 -0.0061453413011145,        -0.0010986323529402
 -0.0061611133848833,        -0.0010502836212953
 -0.0061766678355719,        -0.0010018264229623
 -0.0061922261110427,        -0.0009527474611986
 -0.0062077924505191,        -0.0009024633922136
 -0.0062231696887118,        -0.0008505014874831
 -0.0062380238512767,        -0.0007967274456296
 -0.0062520291365610,        -0.0007414051423999
 -0.0062649064395083,        -0.0006849737355425
 -0.0062763979744728,        -0.0006277074122200
 -0.0062863278167351,        -0.0005694776617607
 -0.0062946457404726,        -0.0005098144959852
 -0.0063014567240016,        -0.0004482123160390
 -0.0063070163005552,        -0.0003844453183761
 -0.0063116467361176,        -0.0003187176516779
 -0.0063156058863954,        -0.0002515270760373
 -0.0063190351387702,        -0.0001833939396547
 -0.0063219611580767,        -0.0001146952160122
 -0.0063242464207829,        -0.0000456046103851
 -0.0063256028290598,         0.0000238852782378
 -0.0063257541270440,         0.0000938543672652
 -0.0063245859561005,         0.0001643562536256
 -0.0063220664230978,         0.0002353517471402
 -0.0063181055269337,         0.0003067230947807
 -0.0063125986037354,         0.0003783962685596
 -0.0063055732483511,         0.0004504026084736
 -0.0062972423834877,         0.0005228800792629
 -0.0062879587322475,         0.0005960080212173
 -0.0062781774665248,         0.0006698741556231
 -0.0062684219099909,         0.0007443917169194
 -0.0062591424207122,         0.0008193468744167
 -0.0062505367015501,         0.0008945737672529
 -0.0062425206672518,         0.0009700940541389
 -0.0062348561785560,         0.0010461255190154
 -0.0062273207491339,         0.0011230048292104
 -0.0062197774341128,         0.0012010351610517
 -0.0062120964151185,         0.0012803436857210
 -0.0062040301848716,         0.0013608414054589
 -0.0061951936939473,         0.0014422461172446
 -0.0061851696405022,         0.0015241661238428
 -0.0061736673990514,         0.0016062177966640
 -0.0061607091793125,         0.0016881152827640
 -0.0061466582485375,         0.0017696846397239
 -0.0061320137315242,         0.0018507659873606
 -0.0061172150598539,         0.0019311006816444
 -0.0061025329026194,         0.0020103373071543
 -0.0060880447731534,         0.0020881563243287
 -0.0060736305254870,         0.0021643315141072
 -0.0060590682547653,         0.0022386888265042
 -0.0060441117546961,         0.0023111530950028
 -0.0060284802151519,         0.0023818768113572
 -0.0060118803573697,         0.0024513090947130
 -0.0059940757232352,         0.0025200289381451
 -0.0059749259306517,         0.0025884047781726
 -0.0059543731623559,         0.0026564167608917
 -0.0059324421187980,         0.0027236790770511
 -0.0059092628990724,         0.0027895358688235
 -0.0058850142020054,         0.0028532608413592
 -0.0058598522660002,         0.0029142858238771
 -0.0058339239001798,         0.0029722892880483
 -0.0058073738431220,         0.0030271455942039
 -0.0057802754778614,         0.0030788036019425
 -0.0057525927630477,         0.0031271530060847
 -0.0057242353600011,         0.0031719347007224
 -0.0056950817793959,         0.0032128224375222
 -0.0056649488772689,         0.0032496085753764
 -0.0056335928894676,         0.0032822618750109
 -0.0056007767589790,         0.0033109200241348
 -0.0055663716562048,         0.0033358254931999
 -0.0055303786191307,         0.0033572627980809
 -0.0054928694948795,         0.0033755992415401
 -0.0054539317344840,         0.0033912412217679
 -0.0054136502233149,         0.0034045290081186
 -0.0053721129633476,         0.0034157080864395
 -0.0053294200892692,         0.0034249000120157
 -0.0052857670829354,         0.0034320557602960
 -0.0052415461842671,         0.0034369795528025
 -0.0051973249597924,         0.0034394050090056
 -0.0051537075878150,         0.0034391019176730
 -0.0051111867466462,         0.0034359700899764
 -0.0050701238408660,         0.0034300653219518
 -0.0050308302199225,         0.0034215870172373
 -0.0049935528576062,         0.0034108827008644
 -0.0049584093829520,         0.0033984257491300
 -0.0049253346718281,         0.0033847318494165
 -0.0048940144314534,         0.0033703063911713
 -0.0048639193894499,         0.0033555961756105
 -0.0048344499285167,         0.0033409407621203
 -0.0048051375012269,         0.0033265414114567
 -0.0047758596056750,         0.0033124388375535
 -0.0047468897717994,         0.0032985290649035
 -0.0047187358561341,         0.0032846256100161
 -0.0046918871067218,         0.0032705576915363
 -0.0046666396620048,         0.0032562281814677
 -0.0046430830064470,         0.0032416077645838
 -0.0046211649839326,         0.0032266813123802
 -0.0046007531474581,         0.0032114136828352
 -0.0045816375481001,         0.0031957750343592
 -0.0045635226283629,         0.0031797352684646
 -0.0045460561454059,         0.0031632636102896
 -0.0045288781508415,         0.0031464122021369
 -0.0045117175705381,         0.0031293931853409
 -0.0044945092360979,         0.0031125362994178
 -0.0044774326018074,         0.0030961508765842
 -0.0044607816011517,         0.0030804209467520
 -0.0044447800729404,         0.0030654230801912
 -0.0044295134624256,         0.0030511823823718
 -0.0044149317388343,         0.0030377026272950
 -0.0044008379771673,         0.0030249479099126
 -0.0043869679357844,         0.0030127745491828
 -0.0043731440834710,         0.0030009761030971
 -0.0043593614223676,         0.0029894412130482
 -0.0043457420823943,         0.0029782570370472
 -0.0043323673527230,         0.0029676771028393
 -0.0043191265261477,         0.0029580138549121
 -0.0043056730459784,         0.0029495500530420
 -0.0042915172264096,         0.0029424211675203
 -0.0042761975018907,         0.0029364708108064
 -0.0042593733863618,         0.0029312626927724
 -0.0042408249572489,         0.0029263438748030
 -0.0042204355622563,         0.0029215270939012
 -0.0041981704096005,         0.0029169472015627
 -0.0041740426463746,         0.0029129214571433
 -0.0041481444038422,         0.0029097459918050
 -0.0041207050342398,         0.0029075801853655
 -0.0040920469221144,         0.0029064780927214
 -0.0040624583699168,         0.0029064686219016
 -0.0040320906121300,         0.0029076113962211
 -0.0040009160841380,         0.0029100018824894
 -0.0039687493705895,         0.0029137443124523
 -0.0039353290465128,         0.0029189450590080
 -0.0039004386461125,         0.0029257056708108
 -0.0038639852003044,         0.0029340869562344
 -0.0038259643764146,         0.0029440942699001
 -0.0037863992418410,         0.0029557275813182
 -0.0037453419855042,         0.0029690293975182
 -0.0037029119339033,         0.0029840448346178
 -0.0036593248697959,         0.0030007207435567
 -0.0036148713310575,         0.0030188272459756
 -0.0035698534449620,         0.0030379329081764
 -0.0035245416240763,         0.0030574898963565
 -0.0034791671026517,         0.0030770227625038
 -0.0034338842735369,         0.0030963063935475
 -0.0033887350504774,         0.0031154731960016
 -0.0033437090431924,         0.0031349693547147
 -0.0032988322246298,         0.0031553863089055
 -0.0032541308928720,         0.0031772693840174
 -0.0032095128386907,         0.0032009568099083
 -0.0031647372579577,         0.0032265358902941
 -0.0031195224215629,         0.0032539531581868
 -0.0030736967521309,         0.0032831893467532
 -0.0030273293327861,         0.0033143610814134
 -0.0029807830163013,         0.0033476937215310
 -0.0029346493528154,         0.0033833908063152
 -0.0028896235802469,         0.0034214806928908
 -0.0028463582971802,         0.0034617447190995
 -0.0028053334349286,         0.0035037715143989
 -0.0027667827493516,         0.0035470757326022
 -0.0027307006336554,         0.0035912113251301
 -0.0026969469044767,         0.0036358893321543
 -0.0026653320240564,         0.0036810798781384
 -0.0026356136583986,         0.0037270394891508
 -0.0026074854936348,         0.0037741928112790
 -0.0025806033687510,         0.0038228750584262
 -0.0025546250240452,         0.0038731179146764
 -0.0025292651859113,         0.0039246240982885
 -0.0025043561542300,         0.0039768867910612
 -0.0024798704945061,         0.0040293581333502
 -0.0024558832529241,         0.0040815982956518
 -0.0024324976627176,         0.0041333348767406
 -0.0024097917778988,         0.0041844223939495
 -0.0023877985542112,         0.0042347261055886
 -0.0023665013184256,         0.0042839790344152
 -0.0023458336158478,         0.0043317309237312
 -0.0023256744803935,         0.0043774449637660
 -0.0023058865328489,         0.0044206632455249
 -0.0022863747946400,         0.0044611090829173
 -0.0022670898409428,         0.0044986745542773
 -0.0022480108067486,         0.0045333469709445
 -0.0022291367987065,         0.0045651661981117
 -0.0022104657026229,         0.0045942421529927
 -0.0021919513716013,         0.0046207757009604
 -0.0021734630123579,         0.0046450319225080
 -0.0021548006302894,         0.0046672803250324
 -0.0021357537015972,         0.0046877420178174
 -0.0021161707750837,         0.0047065436466816
 -0.0020960100096357,         0.0047236657891937
 -0.0020753646098865,         0.0047388902238619
 -0.0020544481886860,         0.0047518318853913
 -0.0020335100028102,         0.0047620822313995
 -0.0020127483230465,         0.0047693320179738
 -0.0019922822573177,         0.0047734222477826
 -0.0019721666331289,         0.0047743640378148
 -0.0019524183330111,         0.0047723117257400
 -0.0019329907774280,         0.0047674827043494
 -0.0019137173040771,         0.0047600706293704
 -0.0018942995529051,         0.0047501858823986
 -0.0018743520833329,         0.0047378610357024
 -0.0018535289634377,         0.0047231010251864
 -0.0018317219944435,         0.0047059240198504
 -0.0018091719103521,         0.0046863915135792
 -0.0017864085560876,         0.0046646161016433
 -0.0017640813029014,         0.0046407476577712
 -0.0017427681595773,         0.0046149583304810
 -0.0017228344557556,         0.0045874367101986
 -0.0017043995262750,         0.0045583760567351
 -0.0016874049254736,         0.0045279443164845
 -0.0016716710862594,         0.0044962657678086
 -0.0016569244595236,         0.0044634311012112
 -0.0016428566346182,         0.0044295337000627
 -0.0016292034474483,         0.0043947103606848
 -0.0016157881510926,         0.0043591488161402
 -0.0016025141365487,         0.0043230339076266
 -0.0015893715949522,         0.0042864494944796
 -0.0015764481767942,         0.0042493131885471
 -0.0015638815022157,         0.0042114136967417
 -0.0015517767910325,         0.0041725166219680
 -0.0015401460523930,         0.0041324560791611
 -0.0015288862045809,         0.0040911691154774
 -0.0015178118871357,         0.0040486741120369
 -0.0015067359057406,         0.0040050277826608
 -0.0014955547512438,         0.0039603024877079
 -0.0014842905962577,         0.0039146184590632
 -0.0014730526658688,         0.0038681829431980
 -0.0014619512804745,         0.0038212837010567
 -0.0014509834310473,         0.0037742591859132
 -0.0014399722970009,         0.0037274361020012
 -0.0014286522768506,         0.0036810289868123
 -0.0014167894701920,         0.0036350652994750
 -0.0014042319947691,         0.0035894233544272
 -0.0013909248973246,         0.0035439681970251
 -0.0013769191125993,         0.0034986418660513
 -0.0013623481439839,         0.0034534508755205
 -0.0013473908440612,         0.0034084062599881
 -0.0013322580960346,         0.0033634770685634
 -0.0013171929025987,         0.0033185921802250
 -0.0013024275894937,         0.0032736548230240
 -0.0012880865102194,         0.0032285602140319
 -0.0012740883155288,         0.0031832311835060
 -0.0012601145383061,         0.0031376516955411
 -0.0012456791575487,         0.0030918983521480
 -0.0012302631856903,         0.0030461434942065
 -0.0012134235072606,         0.0030005972000238
 -0.0011948259227537,         0.0029554477636027
 -0.0011742337000046,         0.0029108613262584
 -0.0011514885301119,         0.0028670062155028
 -0.0011265012989271,         0.0028240327220880
 -0.0010992628933775,         0.0027819919244836
 -0.0010698804687271,         0.0027407679302139
 -0.0010385877983688,         0.0027000677041101
 -0.0010057043867207,         0.0026594782347224
 -0.0009716042177737,         0.0026185973607645
 -0.0009367012468183,         0.0025771698995376
 -0.0009014199413865,         0.0025351777541550
 -0.0008661450295050,         0.0024928485318193
 -0.0008311636601762,         0.0024505686982994
 -0.0007966202606704,         0.0024087480086115
 -0.0007624933599032,         0.0023677027093153
 -0.0007286114397475,         0.0023276227661206
 -0.0006947355773130,         0.0022886375949071
 -0.0006606772154058,         0.0022509197200686
 -0.0006264007958401,         0.0022147502485137
 -0.0005920686864020,         0.0021805078279890
 -0.0005580177513583,         0.0021485708255492
 -0.0005247102157010,         0.0021191883086214
 -0.0004926504951017,         0.0020924081507827
 -0.0004622780106976,         0.0020680860577811
 -0.0004338915255749,         0.0020459415741271
 -0.0004076227833941,         0.0020256346509345
 -0.0003834668853667,         0.0020068683575203
 -0.0003613463335410,         0.0019895031298144
 -0.0003411383139632,         0.0019736201464569
 -0.0003226588592172,         0.0019594778241342
 -0.0003056551800388,         0.0019473836105197
 -0.0002898579357140,         0.0019375595831692
 -0.0002750937857377,         0.0019300741382249
 -0.0002613578830111,         0.0019248712227282
 -0.0002487908483110,         0.0019218639203830
 -0.0002376131678905,         0.0019210170574731
 -0.0002280519801077,         0.0019223625576098
 -0.0002202731692528,         0.0019259577283097
 -0.0002143509238838,         0.0019318166948541
 -0.0002102864965931,         0.0019398371446329
 -0.0002080426980652,         0.0019497797245463
 -0.0002075574006148,         0.0019613456073224
 -0.0002087482950022,         0.0019743075458568
 -0.0002115172772977,         0.0019885719308589
 -0.0002157555535082,         0.0020040947339868
 -0.0002213528472473,         0.0020207356523437
 -0.0002281914267252,         0.0020381875944154
 -0.0002361171092814,         0.0020560128726606
 -0.0002449142944344,         0.0020737467470772
 -0.0002543020228331,         0.0020910198776659
 -0.0002639397576591,         0.0021076412272410
 -0.0002734621079188,         0.0021236031804125
 -0.0002825689166506,         0.0021390018995078
 -0.0002911023287523,         0.0021539020158512
 -0.0002990378748022,         0.0021682210449377
 -0.0003064200647641,         0.0021817020301650
 -0.0003133030720561,         0.0021939984421516
 -0.0003197287127782,         0.0022048306237494
 -0.0003257220839471,         0.0022141148536517
 -0.0003312976227457,         0.0022219892196466
 -0.0003364696585519,         0.0022287381584430
 -0.0003412192979901,         0.0022346824774708
 -0.0003454306245325,         0.0022400875206566
 -0.0003488670495148,         0.0022450832376698
 -0.0003512086992336,         0.0022496352738804
 -0.0003521422810332,         0.0022536070115197
 -0.0003515006898768,         0.0022568455384506
 -0.0003493795056267,         0.0022592212305708
 -0.0003461278223022,         0.0022606175871801
 -0.0003422211616204,         0.0022609100724213
 -0.0003381128013051,         0.0022599638865500
 -0.0003341195220718,         0.0022576424744234
 -0.0003303561065968,         0.0022538146565777
 -0.0003267446841845,         0.0022483634274219
 -0.0003230844038680,         0.0022412003624514
 -0.0003191273092291,         0.0022323000072133
 -0.0003146210708404,         0.0022217492984467
 -0.0003093314478167,         0.0022097625255939
 -0.0003030659627780,         0.0021966352238609
 -0.0002956875482644,         0.0021826535794724
 -0.0002871342273332,         0.0021679869647626
 -0.0002774549732833,         0.0021526181060878
 -0.0002668100808118,         0.0021363666106902
 -0.0002554202197473,         0.0021189939226645
 -0.0002435119997313,         0.0021003002816051
 -0.0002312842064376,         0.0020801448452146
 -0.0002189082999311,         0.0020584330303669
 -0.0002065637542691,         0.0020351134268554
 -0.0001944741128079,         0.0020101812830243
 -0.0001829026308281,         0.0019837060691271
 -0.0001721017622596,         0.0019558722441246
 -0.0001622673410917,         0.0019269934425456
 -0.0001535013729722,         0.0018974744455859
 -0.0001457668160240,         0.0018677182278620
 -0.0001388854057775,         0.0018380201093920
 -0.0001325865359665,         0.0018085066516975
 -0.0001265671221712,         0.0017791534310278
 -0.0001205525326694,         0.0017498787314869
 -0.0001143473762518,         0.0017206354220924
 -0.0001078731821473,         0.0016914341398552
 -0.0001011901809903,         0.0016623105312633
 -0.0000944892354015,         0.0016332654305275
 -0.0000880483594500,         0.0016042067799469
 -0.0000821513307239,         0.0015749177742030
 -0.0000769945451740,         0.0015450623802165
 -0.0000726307435542,         0.0015142306186338
 -0.0000689597353479,         0.0014820276422757
 -0.0000657590986577,         0.0014481920531360
 -0.0000627550416265,         0.0014126732972327
 -0.0000596995073997,         0.0013756129875099
 -0.0000564003430629,         0.0013372792095507
 -0.0000526923149602,         0.0012980141136746
 -0.0000484074876570,         0.0012581747017839
 -0.0000433938843460,         0.0012180537954769
 -0.0000375482786771,         0.0011778153429942
 -0.0000308285327726,         0.0011374769044377
 -0.0000232517481615,         0.0010969301745539
 -0.0000148828027297,         0.0010559795916670
 -0.0000058246685574,         0.0010144039711368
  0.0000037841656225,         0.0009720247527408
  0.0000137744119839,         0.0009287469002229
  0.0000239607799625,         0.0008845602998696
  0.0000341754996820,         0.0008395106887479
  0.0000443096697171,         0.0007936588214942
  0.0000543596638114,         0.0007470444639903
  0.0000645037855617,         0.0006996775669311
  0.0000751535687583,         0.0006515772297520
  0.0000868081257367,         0.0006028244263976
  0.0000997177336432,         0.0005535753266136
  0.0001137231596788,         0.0005040318669055
  0.0001284758705849,         0.0004543918486431
  0.0001436472758165,         0.0004048163023576
  0.0001588554869606,         0.0003554591579698
  0.0001736599626406,         0.0003065403005523
  0.0001877207667597,         0.0002583514170732
  0.0002007822284034,         0.0002111269317745
  0.0002126148417604,         0.0001649216893224
  0.0002231296343093,         0.0001197185666556
  0.0002323605550705,         0.0000756838641504
  0.0002403505411509,         0.0000332089828531
  0.0002472208994651,        -0.0000073088997098
  0.0002531399287074,        -0.0000456017240762
  0.0002581272261139,        -0.0000815034259887
  0.0002620183637216,        -0.0001149853460810
  0.0002645177783319,        -0.0001461754067288
  0.0002652972807585,        -0.0001751920538543
  0.0002641657563033,        -0.0002020430904895
  0.0002611157815619,        -0.0002267207777560
  0.0002562722470280,        -0.0002492148619305
  0.0002497944683467,        -0.0002694855979985
  0.0002417828513649,        -0.0002875924018096
  0.0002323231577736,        -0.0003036808859814
  0.0002215222719505,        -0.0003177282929292
  0.0002095289540573,        -0.0003294580551138
  0.0001965663917082,        -0.0003385032011267
  0.0001828199681643,        -0.0003446367613541
  0.0001683911908918,        -0.0003479707039836
  0.0001533455720625,        -0.0003488722557866
  0.0001377122844426,        -0.0003476696767132
  0.0001215572742573,        -0.0003445702616979
  0.0001050127452887,        -0.0003396936323146
  0.0000882539820782,        -0.0003330096675752
  0.0000714390275297,        -0.0003244018208551
  0.0000545677944277,        -0.0003138533653750
  0.0000375385985451,        -0.0003015199957927
  0.0000202731483575,        -0.0002877226311665
  0.0000027006171659,        -0.0002729384471809
 -0.0000152563778874,        -0.0002576820745032
 -0.0000336555820413,        -0.0002422658867177
 -0.0000524454307106,        -0.0002266798258507
 -0.0000714788412947,        -0.0002106812998896
 -0.0000906071343184,        -0.0001939096286802
 -0.0001096171419134,        -0.0001759990596466
 -0.0001281230949864,        -0.0001567156962639
 -0.0001455467159314,        -0.0001360046169223
 -0.0001612742640790,        -0.0001139402227725
 -0.0001748459972519,        -0.0000906562727865
 -0.0001860564807022,        -0.0000663448955963
 -0.0001950245647684,        -0.0000412908849209
 -0.0002020467530481,        -0.0000158458318146
 -0.0002074014342311,         0.0000095879216829
 -0.0002113261261352,         0.0000346123077586
 -0.0002140198775258,         0.0000589158248687
 -0.0002155991804995,         0.0000822525046066
 -0.0002160485640872,         0.0001044930386393
 -0.0002152761540814,         0.0001256850552336
 -0.0002131524866936,         0.0001459462242786
 -0.0002095297556121,         0.0001654161966535
 -0.0002043195031376,         0.0001842553449321
 -0.0001974730041378,         0.0002025912213014
 -0.0001889555694954,         0.0002205216453713
 -0.0001787864818432,         0.0002381520302057
 -0.0001671028601531,         0.0002556031619576
 -0.0001541536127216,         0.0002729591396092
 -0.0001402116484931,         0.0002902500007228
 -0.0001255253154400,         0.0003074780033244
 -0.0001102643249622,         0.0003245585951704
 -0.0000945616916772,         0.0003412588942424
 -0.0000785925305528,         0.0003571997778604
 -0.0000625366786691,         0.0003719718716406
 -0.0000465568405814,         0.0003853108361858
 -0.0000308385933166,         0.0003971662517392
 -0.0000155883643324,         0.0004077070959742
 -0.0000009253773945,         0.0004171846584644
  0.0000131464722991,         0.0004257616932318
  0.0000266781019587,         0.0004335367394436
  0.0000397757228136,         0.0004405808338893
  0.0000526110481257,         0.0004469629975644
  0.0000653765793877,         0.0004527940609085
  0.0000781507484283,         0.0004582168634571
  0.0000908061022034,         0.0004634024761493
  0.0001030386653641,         0.0004685557255111
  0.0001144635862428,         0.0004738907205316
  0.0001247256455703,         0.0004795084761850
  0.0001335596425735,         0.0004853416748968
  0.0001407961592831,         0.0004912343605958
  0.0001463532305168,         0.0004969458557235
  0.0001502591532674,         0.0005022022577451
  0.0001526323463239,         0.0005068117982366
  0.0001536057657093,         0.0005106839990449
  0.0001532609554337,         0.0005137952616512
  0.0001516503777928,         0.0005161537993850
  0.0001489006895943,         0.0005177813983708
  0.0001452220151558,         0.0005186529706099
  0.0001408289842280,         0.0005186559449209
  0.0001358816121808,         0.0005176140720336
  0.0001304834658666,         0.0005153259329690
  0.0001246925594537,         0.0005116264457126
  0.0001185539068962,         0.0005063725105878
  0.0001121470299595,         0.0004994253802944
  0.0001055679828489,         0.0004907183232810
  0.0000988778551882,         0.0004802793304563
  0.0000920852058454,         0.0004681851238051
  0.0000852035326235,         0.0004545219146034
  0.0000782853210852,         0.0004393622178247
  0.0000714768882650,         0.0004227107831557
  0.0000651266606036,         0.0004045079112057
  0.0000597078280316,         0.0003847248754965
  0.0000555132215588,         0.0003634110172341
  0.0000524520986720,         0.0003406312003799
  0.0000502141160575,         0.0003163987187566
  0.0000484774210056,         0.0002907155441727
  0.0000468998749876,         0.0002636179799877
  0.0000451183059024,         0.0002352309497053
  0.0000428789958008,         0.0002058048812532
  0.0000400868766319,         0.0001755431178691
  0.0000367552143908,         0.0001444061244811
  0.0000330423415863,         0.0001122012252810
  0.0000291770711721,         0.0000789166798107
  0.0000253565408250,         0.0000448831098112
  0.0000218571710437,         0.0000105826661840
  0.0000190139121192,        -0.0000235298131516
  0.0000170124201851,        -0.0000570716985397
  0.0000158383736756,        -0.0000898244043442
  0.0000152641876450,        -0.0001218278449839
  0.0000149111615615,        -0.0001532953916072
  0.0000145060917987,        -0.0001844649391931
  0.0000139428389798,        -0.0002155694613668
  0.0000132219770072,        -0.0002467495109567
  0.0000123684375311,        -0.0002779553145783
  0.0000113064855888,        -0.0003090888410853
  0.0000099165200214,        -0.0003400954068430
  0.0000080690506263,        -0.0003707936877839
  0.0000056291651947,        -0.0004007926945826
  0.0000025374927169,        -0.0004295758643806
 -0.0000012139513807,        -0.0004566655674118
 -0.0000055880741167,        -0.0004818706896361
 -0.0000104905651301,        -0.0005052420753462
 -0.0000158550049978,        -0.0005267465666918
 -0.0000216439621254,        -0.0005462166301493
 -0.0000278084471631,        -0.0005634699425067
 -0.0000342277987264,        -0.0005782819902088
 -0.0000406920323373,        -0.0005904182499750
 -0.0000470614274970,        -0.0005997289689295
 -0.0000533168531773,        -0.0006061920394942
 -0.0000595322749245,        -0.0006100165741624
 -0.0000658710308119,        -0.0006117202445328
 -0.0000725319081253,        -0.0006119983153846
 -0.0000796963426590,        -0.0006114224860509
 -0.0000874002183344,        -0.0006102683872958
 -0.0000955228240006,        -0.0006085550734600
 -0.0001039220016388,        -0.0006061275705143
 -0.0001124397220099,        -0.0006027963552582
 -0.0001208374258011,        -0.0005984179769292
 -0.0001287466856247,        -0.0005928470118370
 -0.0001357359346485,        -0.0005858963651863
 -0.0001414554853147,        -0.0005773302604075
 -0.0001457217620236,        -0.0005669277247490
 -0.0001486057969356,        -0.0005545791470542
 -0.0001503493733630,        -0.0005403264537223
 -0.0001512205571132,        -0.0005243971481902
 -0.0001515064263743,        -0.0005071516093210
 -0.0001514783371614,        -0.0004889484080524
 -0.0001513277396430,        -0.0004701015760729
 -0.0001510725959828,        -0.0004507739904173
 -0.0001505567188945,        -0.0004309092774049
 -0.0001495264663601,        -0.0004104089111831
 -0.0001477217254647,        -0.0003892394155066
 -0.0001449435575251,        -0.0003674522035710
 -0.0001409920914486,        -0.0003452114504861
 -0.0001356594024853,        -0.0003227214380181
 -0.0001287788430568,        -0.0003001407494046
 -0.0001202950430136,        -0.0002775604246981
 -0.0001103003780421,        -0.0002550300105128
 -0.0000989590590349,        -0.0002325525687952
 -0.0000864149700634,        -0.0002100648939469
 -0.0000727054949959,        -0.0001874914770940
 -0.0000578243939097,        -0.0001648375756294
 -0.0000418311749200,        -0.0001422685237411
 -0.0000248213464718,        -0.0001200334960156
 -0.0000069253935341,        -0.0000982780615057
  0.0000116223396924,        -0.0000769934520041
  0.0000304603821592,        -0.0000560592398542
  0.0000492203783603,        -0.0000353727430549
  0.0000676494133004,        -0.0000149679699988
  0.0000856022037175,         0.0000050611887070
  0.0001030099621753,         0.0000246232149416
  0.0001198468901145,         0.0000436738288225
  0.0001360972586550,         0.0000622678632751
  0.0001516826608170,         0.0000805030199030
  0.0001664080127375,         0.0000984800133564
  0.0001799944701759,         0.0001163487200701
  0.0001921552293305,         0.0001343476531667
  0.0002026674103424,         0.0001526611310169
  0.0002113846126602,         0.0001713120783227
  0.0002182441104189,         0.0001902675497812
  0.0002232790705293,         0.0002094876971688
  0.0002266255397055,         0.0002289338455832
  0.0002284873609991,         0.0002485947456535
  0.0002290644274234,         0.0002684776369984
  0.0002284845095567,         0.0002885897837932
  0.0002268099956750,         0.0003089232678944
  0.0002241330539345,         0.0003294625301357
  0.0002205997360767,         0.0003501541658326
  0.0002163387958146,         0.0003708648368523
  0.0002113651298910,         0.0003913807647856
  0.0002055663645162,         0.0004114409256524
  0.0001987533573882,         0.0004308077723856
  0.0001907326855287,         0.0004492546999475
  0.0001813672018966,         0.0004665307895152
  0.0001705637655943,         0.0004824564730325
  0.0001582564079902,         0.0004970261674271
  0.0001444091447009,         0.0005104030048048
  0.0001290577841823,         0.0005228252671947
  0.0001123308386307,         0.0005344958368624
  0.0000944578287308,         0.0005454975512387
  0.0000757709706628,         0.0005557913310537
  0.0000566803449474,         0.0005653025875910
  0.0000376617904363,         0.0005739617009758
  0.0000191529529285,         0.0005816432749631
  0.0000013838083119,         0.0005881261530871
 -0.0000156926966010,         0.0005931698587508
 -0.0000322619960180,         0.0005965573068489
 -0.0000485004550462,         0.0005981079164774
 -0.0000645499252892,         0.0005977052791123
 -0.0000804445288569,         0.0005952135501423
 -0.0000960729419757,         0.0005904040447154
 -0.0001112309920431,         0.0005829810091012
 -0.0001256737141056,         0.0005727094859449
 -0.0001391372599146,         0.0005596032289966
 -0.0001513406701405,         0.0005439828576765
 -0.0001619971424175,         0.0005263586668399
 -0.0001708571656050,         0.0005072677115636
 -0.0001777726966495,         0.0004871885468530
 -0.0001827591002795,         0.0004664681049668
 -0.0001860049935713,         0.0004452295836459
 -0.0001877611677170,         0.0004234057902912
 -0.0001882648404687,         0.0004008671170889
 -0.0001877011000946,         0.0003775205717590
 -0.0001861751516866,         0.0003533669180080
 -0.0001837750807142,         0.0003284635970799
 -0.0001806031582919,         0.0003028273676260
 -0.0001768038976030,         0.0002764208026985
 -0.0001725916260567,         0.0002492019972286
 -0.0001681820157848,         0.0002211703305179
 -0.0001636849885574,         0.0001923760950030
 -0.0001590713923072,         0.0001628590851422
 -0.0001542145758724,         0.0001326197485503
 -0.0001489655708430,         0.0001016983021896
 -0.0001432230035539,         0.0000702469214169
 -0.0001369403759457,         0.0000385079907005
 -0.0001300612327886,         0.0000067409508484
 -0.0001224663130852,        -0.0000248003552090
 -0.0001140127446064,        -0.0000557978731199
 -0.0001046343213496,        -0.0000858742761918
 -0.0000944461373502,        -0.0001147695668642
 -0.0000837118760321,        -0.0001424763178981
 -0.0000727455387280,        -0.0001691914337939
 -0.0000618839275676,        -0.0001951512520205
 -0.0000514580259204,        -0.0002204840991136
 -0.0000417313051328,        -0.0002451565229089
 -0.0000328404967078,        -0.0002690136111718
 -0.0000247979027395,        -0.0002918941580859
 -0.0000175559424459,        -0.0003136752643308
 -0.0000110480993990,        -0.0003342331012144
 -0.0000051440275257,        -0.0003534128719674
  0.0000003400861139,        -0.0003710319641013
  0.0000055603611955,        -0.0003869289004528
  0.0000105833025575,        -0.0004009931117136
  0.0000153484764185,        -0.0004131906547265
  0.0000196910357545,        -0.0004236134218314
  0.0000234153828978,        -0.0004324900268557
  0.0000263798812286,        -0.0004400925303846
  0.0000285176496991,        -0.0004466123010481
  0.0000298513648340,        -0.0004521069407895
  0.0000305393618603,        -0.0004565225553428
  0.0000308539575551,        -0.0004597856939306
  0.0000310953606703,        -0.0004618756917699
  0.0000315414316717,        -0.0004628640325496
  0.0000324235660313,        -0.0004629099220226
  0.0000338861741551,        -0.0004622009763845
  0.0000359813827841,        -0.0004609366393213
  0.0000386712531153,        -0.0004593312440716
  0.0000418324061628,        -0.0004575509738095
  0.0000453076912587,        -0.0004556521759824
  0.0000489776465666,        -0.0004536089719473
  0.0000527945524596,        -0.0004513552877674
  0.0000567630750648,        -0.0004488375105327
  0.0000609042192883,        -0.0004460812514610
  0.0000652274942820,        -0.0004431463838555
  0.0000697123267848,        -0.0004399908779515
  0.0000743214216749,        -0.0004364150160343
  0.0000790107995920,        -0.0004321339262492
  0.0000837254944656,        -0.0004268965253674
  0.0000884589824202,        -0.0004205906512958
  0.0000933043001716,        -0.0004132894602903
  0.0000984133966658,        -0.0004052173460053
  0.0001039006814310,        -0.0003966415314787
  0.0001097919357263,        -0.0003877635413397
  0.0001160627369091,        -0.0003786903967470
  0.0001226690147583,        -0.0003694811181454
  0.0001295161593889,        -0.0003601922816951
  0.0001364111684786,        -0.0003508802717582
  0.0001430789813140,        -0.0003416236671040
  0.0001492348313060,        -0.0003325558534665
  0.0001546637967446,        -0.0003238217864165
  0.0001592594863595,        -0.0003154553785280
  0.0001629848636576,        -0.0003073124825466
  0.0001658172562136,        -0.0002991170934534
  0.0001677252170649,        -0.0002905331225585
  0.0001686720087323,        -0.0002812237846802
  0.0001686428221712,        -0.0002708740136407
  0.0001676632869581,        -0.0002591861229231
  0.0001658037310774,        -0.0002458963364284
  0.0001631695190766,        -0.0002308227367401
  0.0001598247256218,        -0.0002138989216400
  0.0001557125097977,        -0.0001951798761820
  0.0001506598373338,        -0.0001748497632800
  0.0001444503815132,        -0.0001532000023025
  0.0001368979830824,        -0.0001305875532209
  0.0001278771666652,        -0.0001073737958039
  0.0001173251557754,        -0.0000838085418497
  0.0001052276413969,        -0.0000599422011982
  0.0000915986997226,        -0.0000356925931892
  0.0000764950296215,        -0.0000110084679070
  0.0000600938872165,         0.0000140564441831
  0.0000427417519417,         0.0000394033348583
  0.0000249270167516,         0.0000649895712845
  0.0000071952760162,         0.0000908518506847
 -0.0000099814056100,         0.0001170344375316
 -0.0000263096741484,         0.0001435291777349
 -0.0000417375986969,         0.0001702848958548
 -0.0000564555915122,         0.0001972394281092
 -0.0000707821535680,         0.0002243244092277
 -0.0000850193692280,         0.0002514268285094
 -0.0000993764430757,         0.0002783159096116
 -0.0001139546251517,         0.0003046214728708
 -0.0001287452849665,         0.0003299029796059
 -0.0001436287323269,         0.0003537601209571
 -0.0001584212810781,         0.0003759544578756
 -0.0001729214817281,         0.0003964725536334
 -0.0001869228344979,         0.0004154892689773
 -0.0002002175556542,         0.0004332911903862
 -0.0002125987259467,         0.0004501547949366
 -0.0002238835292599,         0.0004662110915407
 -0.0002339534719855,         0.0004814181105800
 -0.0002427573552524,         0.0004956272270366
 -0.0002502495701313,         0.0005086646484315
 -0.0002563242287252,         0.0005204007000636
 -0.0002608090853767,         0.0005307942336716
 -0.0002635300591146,         0.0005398644682679
 -0.0002643703218574,         0.0005476182082593
 -0.0002632879016363,         0.0005540283181662
 -0.0002603027922204,         0.0005590510223425
 -0.0002554689077882,         0.0005626222899657
 -0.0002488619993528,         0.0005646393659699
 -0.0002405714842859,         0.0005649564392240
 -0.0002306891569281,         0.0005634010202758
 -0.0002193024961064,         0.0005598312535148
 -0.0002064970767850,         0.0005541950398996
 -0.0001923697131133,         0.0005465362351709
 -0.0001770320492181,         0.0005369599706584
 -0.0001606083415256,         0.0005256128764316
 -0.0001432394398754,         0.0005127148323096
 -0.0001250759775085,         0.0004985790223115
 -0.0001062967128005,         0.0004835416055971
 -0.0000871336810593,         0.0004678302895501
 -0.0000678517583862,         0.0004514871911633
 -0.0000487106448042,         0.0004344176824802
 -0.0000299433410201,         0.0004165186756528
 -0.0000117521334389,         0.0003977616756455
  0.0000057005442990,         0.0003782165150844
  0.0000223330648393,         0.0003580483371010
  0.0000381865036632,         0.0003374684165779
  0.0000533996459423,         0.0003166787709890
  0.0000681455836335,         0.0002958522098335
  0.0000825783948096,         0.0002751028112659
  0.0000967868249578,         0.0002544213808840
  0.0001107517884414,         0.0002336887133003
  0.0001243302050812,         0.0002127647225330
  0.0001372894823805,         0.0001915282447117
  0.0001493637593278,         0.0001698801681513
  0.0001602924602642,         0.0001477744311455
  0.0001698463765226,         0.0001252547472216
  0.0001778523938293,         0.0001024716044218
  0.0001842257259856,         0.0000796790228558
  0.0001890135547590,         0.0000571807784188
  0.0001923982819599,         0.0000352678180597
  0.0001946095823347,         0.0000141909561392
  0.0001958176397720,        -0.0000058509430856
  0.0001961043960496,        -0.0000247264002494
  0.0001954783472448,        -0.0000424013202703
  0.0001938807022719,        -0.0000589607847848
  0.0001912024402695,        -0.0000745808702700
  0.0001873297066250,        -0.0000894601793869
  0.0001821956800611,        -0.0001037804571515
  0.0001758217834902,        -0.0001177205049940
  0.0001683188174162,        -0.0001315016859897
  0.0001598406402917,        -0.0001454165808105
  0.0001505352314994,        -0.0001597656531447
  0.0001405296656272,        -0.0001747389617960
  0.0001299495443367,        -0.0001903583764353
  0.0001189469613843,        -0.0002065053546464
  0.0001077132958281,        -0.0002230066192245
  0.0000964635030050,        -0.0002397184827555
  0.0000854215143380,        -0.0002565528097180
  0.0000748206052979,        -0.0002734549614849
  0.0000648961281678,        -0.0002903640082614
  0.0000558562868553,        -0.0003071801991267
  0.0000478446315887,        -0.0003237545901721
  0.0000409287088020,        -0.0003399178112204
  0.0000351036349272,        -0.0003555402621276
  0.0000302691009635,        -0.0003705849347504
  0.0000262029355033,        -0.0003851288997342
  0.0000225900696027,        -0.0003993481539602
  0.0000191029755696,        -0.0004134639030705
  0.0000154869798914,        -0.0004276665062064
  0.0000116031615957,        -0.0004420391278064
  0.0000074179629697,        -0.0004565142865349
  0.0000029676873260,        -0.0004709008758302
 -0.0000016747183906,        -0.0004849588455426
 -0.0000064088343420,        -0.0004984590114332
 -0.0000110975738339,        -0.0005111749333148
 -0.0000155721365533,        -0.0005228534614528
 -0.0000196479752335,        -0.0005332293072722
 -0.0000231505617326,        -0.0005420584336811
 -0.0000259630612079,        -0.0005491592522688
 -0.0000280762678193,        -0.0005544653608365
 -0.0000295940677037,        -0.0005580588661943
 -0.0000306787157591,        -0.0005601459965990
 -0.0000315007046637,        -0.0005609750770863
 -0.0000322388059295,        -0.0005607229086833
 -0.0000330923631333,        -0.0005594061558060
 -0.0000342597538402,        -0.0005568908146030
 -0.0000359005876212,        -0.0005530044504700
 -0.0000380934060735,        -0.0005476645735813
 -0.0000407974863891,        -0.0005409079665846
 -0.0000438541304291,        -0.0005328014234524
 -0.0000470351882355,        -0.0005233420182068
 -0.0000501141558962,        -0.0005124431574262
 -0.0000529351527381,        -0.0004999658367787
 -0.0000554893169702,        -0.0004857224006851
 -0.0000579582991606,        -0.0004694820051786
 -0.0000606637290785,        -0.0004510220404772
 -0.0000639506577028,        -0.0004302098703492
 -0.0000680551576434,        -0.0004070792443166
 -0.0000730181718736,        -0.0003818472358163
 -0.0000787138825521,        -0.0003548549193989
 -0.0000849449738247,        -0.0003264792870920
 -0.0000915070155853,        -0.0002970582582878
 -0.0000981990470899,        -0.0002668449419615
 -0.0001048200944060,        -0.0002359816026072
 -0.0001111786756517,        -0.0002044999917638
 -0.0001171020807100,        -0.0001723763385148
 -0.0001224492428405,        -0.0001396281970890
 -0.0001271286077152,        -0.0001063928368415
 -0.0001311095612654,        -0.0000729360968676
 -0.0001344158562971,        -0.0000395866497098
 -0.0001370892733834,        -0.0000066515571864
 -0.0001391420397426,         0.0000256345918619
 -0.0001405335845316,         0.0000571422123823
 -0.0001411914232742,         0.0000878667327848
 -0.0001410594201820,         0.0001179223339829
 -0.0001401205892233,         0.0001475121723691
 -0.0001383794370876,         0.0001768669917581
 -0.0001358402556775,         0.0002061549919597
 -0.0001324983179182,         0.0002354183435094
 -0.0001283325576768,         0.0002645698048310
 -0.0001233011518324,         0.0002934168308637
 -0.0001173523233673,         0.0003216907512196
 -0.0001104426587832,         0.0003490912504416
 -0.0001025411080006,         0.0003753450151450
 -0.0000936199634836,         0.0004002592164650
 -0.0000836651201596,         0.0004237601093777
 -0.0000727022240160,         0.0004458841722323
 -0.0000608134496581,         0.0004666839695908
 -0.0000481344930117,         0.0004861030703248
 -0.0000348240289458,         0.0005039176194036
 -0.0000210233239237,         0.0005197844101920
 -0.0000068343835958,         0.0005333650456345
  0.0000076661153590,         0.0005444425826824
  0.0000223930900578,         0.0005529816644531
  0.0000372567176742,         0.0005591371834476
  0.0000522066969069,         0.0005632194665418
  0.0000672555994763,         0.0005656210530830
  0.0000824572544102,         0.0005667258338021
  0.0000978557886139,         0.0005668360392949
  0.0001134300338376,         0.0005661289710580
  0.0001290670299647,         0.0005646463873780
  0.0001445609532440,         0.0005623181039358
  0.0001596037187407,         0.0005590164933232
  0.0001737930570675,         0.0005546172660358
  0.0001866910073980,         0.0005490320054589
  0.0001979056242806,         0.0005422138055797
  0.0002071540728130,         0.0005341610121294
  0.0002142818295169,         0.0005249226002850
  0.0002192495061878,         0.0005145922461833
  0.0002221238525037,         0.0005033092438617
  0.0002230814092099,         0.0004912769532944
  0.0002223961738057,         0.0004787711825895
  0.0002203858533404,         0.0004661074733527
  0.0002173313987821,         0.0004535593845310
  0.0002134155349841,         0.0004412686124991
  0.0002087011450448,         0.0004292197236346
  0.0002031473281123,         0.0004172951320627
  0.0001966675705696,         0.0004053545046672
  0.0001892041150836,         0.0003932823843936
  0.0001807576332697,         0.0003809799682886
  0.0001713579070552,         0.0003683190006398
  0.0001610154250245,         0.0003551202130888
  0.0001496963617746,         0.0003411986591987
  0.0001373344002216,         0.0003264231638308
  0.0001238645493326,         0.0003107237942804
  0.0001092617382851,         0.0002940656079378
  0.0000935678084271,         0.0002764408394276
  0.0000768952012887,         0.0002578804775200
  0.0000594100272321,         0.0002384540612087
  0.0000413093067421,         0.0002182628098584
  0.0000228068984069,         0.0001974394820157
  0.0000041344339620,         0.0001761517267738
 -0.0000144544291409,         0.0001546059909578
 -0.0000326980558481,         0.0001330245042084
 -0.0000503709777786,         0.0001115779903706
 -0.0000673415942659,         0.0000903133992940
 -0.0000835980574113,         0.0000691283628695
 -0.0000992070474650,         0.0000478080112410
 -0.0001142219850064,         0.0000261022678871
 -0.0001286002267162,         0.0000038019655816
 -0.0001421875410132,        -0.0000192258440071
 -0.0001547739903136,        -0.0000430462137371
 -0.0001661645556039,        -0.0000676837848274
 -0.0001762060223581,        -0.0000931485250532
 -0.0001847691878024,        -0.0001194314345248
 -0.0001917311346457,        -0.0001464645638732
 -0.0001969792769118,        -0.0001740898516860
 -0.0002004255416847,        -0.0002020636931697
 -0.0002020201114793,        -0.0002300986047620
 -0.0002017694054701,        -0.0002579392391350
 -0.0001997629120798,        -0.0002854336228119
 -0.0001961934326396,        -0.0003125445510891
 -0.0001913414859252,        -0.0003392879279312
 -0.0001855236381417,        -0.0003656369228048
 -0.0001790377025232,        -0.0003914456536176
 -0.0001721319451567,        -0.0004164410944721
 -0.0001649896630462,        -0.0004402985566037
 -0.0001577103679722,        -0.0004627580570350
 -0.0001502969719508,        -0.0004836997679561
 -0.0001426532247790,        -0.0005031315189161
 -0.0001345987716920,        -0.0005211274554881
 -0.0001259249530306,        -0.0005377827532898
 -0.0001164801597524,        -0.0005531922218068
 -0.0001062415998642,        -0.0005674204291093
 -0.0000953386773185,        -0.0005804618801107
 -0.0000840192606418,        -0.0005922261784384
 -0.0000725783264103,        -0.0006025756772833
 -0.0000612758891200,        -0.0006113932243154
 -0.0000502765103369,        -0.0006186244041309
 -0.0000396378983827,        -0.0006242687487235
 -0.0000293376736809,        -0.0006283384187961
 -0.0000193102641912,        -0.0006308117724341
 -0.0000094773961825,        -0.0006316076056211
  0.0000002319167675,        -0.0006305873227277
  0.0000098629404598,        -0.0006275685731023
  0.0000194176059273,        -0.0006223503849773
  0.0000288438497693,        -0.0006147596974642
  0.0000380335448869,        -0.0006047061852811
  0.0000468252853063,        -0.0005922190754923
  0.0000550120274169,        -0.0005774458632960
  0.0000623672107572,        -0.0005606227279439
  0.0000686908946209,        -0.0005420512436957
  0.0000738566970305,        -0.0005220737782769
  0.0000778279731994,        -0.0005010140208003
  0.0000806274912883,        -0.0004790923187849
  0.0000822943239591,        -0.0004563676772978
  0.0000828758238886,        -0.0004327560287661
  0.0000824531918746,        -0.0004081184678662
  0.0000811606175853,        -0.0003823592447558
  0.0000791738746864,        -0.0003554828364593
  0.0000766916209779,        -0.0003276012996550
  0.0000739419050420,        -0.0002989050766103
  0.0000711983917071,        -0.0002696139452742
  0.0000687646510389,        -0.0002399251876298
  0.0000669178731772,        -0.0002099676937025
  0.0000658456481567,        -0.0001797728411519
  0.0000656125556015,        -0.0001493002897818
  0.0000661693628750,        -0.0001185284277667
  0.0000673899349389,        -0.0000875541591839
  0.0000691141663126,        -0.0000566399515480
  0.0000711770495141,        -0.0000261821028894
  0.0000734149659513,         0.0000033826265238
  0.0000756664116898,         0.0000316849173012
  0.0000777821714695,         0.0000585033757459
  0.0000796437868876,         0.0000838031782737
  0.0000811907443826,         0.0001077292809948
  0.0000824499078389,         0.0001305525731105
  0.0000835440373952,         0.0001525869627531
  0.0000846644170280,         0.0001741071746282
  0.0000860193935956,         0.0001952888697993
  0.0000877764981516,         0.0002161869037277
  0.0000900114131278,         0.0002367458329367
  0.0000926808082658,         0.0002568227235012
  0.0000956295999793,         0.0002762198920017
  0.0000986251496616,         0.0002947258941964
  0.0001014066249858,         0.0003121439974262
  0.0001037389417974,         0.0003282943406544
  0.0001054491090836,         0.0003430098570519
  0.0001064347748538,         0.0003561516952017
  0.0001066652953151,         0.0003676415957275
  0.0001061889199306,         0.0003774947057554
  0.0001051292050282,         0.0003858359509316
  0.0001036520220527,         0.0003928782664440
  0.0001019058850443,         0.0003988633850252
  0.0000999629836223,         0.0004040036443756
  0.0000977949964097,         0.0004084633463112
  0.0000952890702877,         0.0004123831947053
  0.0000922804636590,         0.0004159221413553
  0.0000885908508296,         0.0004192829848944
  0.0000840728694779,         0.0004226936423614
  0.0000786443704127,         0.0004263478977037
  0.0000722877417736,         0.0004303496336278
  0.0000650105952454,         0.0004347014364215
  0.0000568007774219,         0.0004393330445333
  0.0000476133426313,         0.0004441335206786
  0.0000373967855057,         0.0004489672104995
  0.0000261350747701,         0.0004536864564449
  0.0000138739721326,         0.0004581513215817
  0.0000007176480616,         0.0004622401160866
 -0.0000131923185181,         0.0004658360870256
 -0.0000276899979741,         0.0004688046872702
 -0.0000425816688006,         0.0004709920523239
 -0.0000576448572079,         0.0004722552868446
 -0.0000726476889534,         0.0004725007050082
 -0.0000873853071468,         0.0004716945244351
 -0.0001017137501642,         0.0004698351355748
 -0.0001155631001170,         0.0004669148322515
 -0.0001289267045330,         0.0004629034859273
 -0.0001418322071605,         0.0004577596529520
 -0.0001543060655539,         0.0004514550240909
 -0.0001663441894921,         0.0004439950087525
 -0.0001778934148612,         0.0004354288644025
 -0.0001888487587402,         0.0004258485255778
 -0.0001990715669396,         0.0004153667205048
 -0.0002084186685655,         0.0004040754083324
 -0.0002167612723072,         0.0003920110159510
 -0.0002239839346737,         0.0003791538547880
 -0.0002299773308382,         0.0003654628421151
 -0.0002346375173545,         0.0003509111764755
 -0.0002378730188749,         0.0003354847673911
 -0.0002396245442542,         0.0003191452636284
 -0.0002398933865697,         0.0003018010892303
 -0.0002387523231391,         0.0002833271629735
 -0.0002363177173248,         0.0002636288262794
 -0.0002326941481082,         0.0002427050272533
 -0.0002279286334445,         0.0002206640441827
 -0.0002219997502090,         0.0001976833380513
 -0.0002148295219942,         0.0001739449269340
 -0.0002062962948125,         0.0001495877562001
 -0.0001962454012843,         0.0001246979064022
 -0.0001845128740044,         0.0000993256740770
 -0.0001709695844008,         0.0000735064763669
 -0.0001555666688222,         0.0000472743855063
 -0.0001383675952574,         0.0000206691707209
 -0.0001195642060850,        -0.0000062608079525
 -0.0000994714443430,        -0.0000334651218452
 -0.0000785019888378,        -0.0000609124166214
 -0.0000571201072438,        -0.0000886140043043
 -0.0000357746802197,        -0.0001166240977746
 -0.0000148323116738,        -0.0001450010413729
  0.0000054586582750,        -0.0001737481133932
  0.0000249621443161,        -0.0002027697797529
  0.0000436240385316,        -0.0002318604818834
  0.0000614447543076,        -0.0002607159559717
  0.0000784637852591,        -0.0002889579659321
  0.0000947441305365,        -0.0003161781350524
  0.0001103462641905,        -0.0003419918489334
  0.0001252987510839,        -0.0003660813315545
  0.0001395829124217,        -0.0003882256275501
  0.0001531422301253,        -0.0004083199167492
  0.0001659080555402,        -0.0004263785673724
  0.0001778192247571,        -0.0004425263238633
  0.0001888230856212,        -0.0004569780961557
  0.0001988636040674,        -0.0004699937527061
  0.0002078681736006,        -0.0004818074923065
  0.0002157416208213,        -0.0004925587302690
  0.0002223701529791,        -0.0005022656054716
  0.0002276359714522,        -0.0005108602201226
  0.0002314406055943,        -0.0005182550759845
  0.0002337255459310,        -0.0005243929762063
  0.0002344801001530,        -0.0005292634096759
  0.0002337420840167,        -0.0005328931240962
  0.0002315992913941,        -0.0005353162137936
  0.0002281819831488,        -0.0005365283390488
  0.0002236339834689,        -0.0005364407338588
  0.0002180726609678,        -0.0005348568462295
  0.0002115621294363,        -0.0005314990049960
  0.0002041136188609,        -0.0005260996777526
  0.0001957048294950,        -0.0005185234396478
  0.0001863019005273,        -0.0005088472491226
  0.0001758789639435,        -0.0004973519126886
  0.0001644361530026,        -0.0004844438975837
  0.0001520099865064,        -0.0004705620103488
  0.0001386699198434,        -0.0004561058499433
  0.0001245097080979,        -0.0004413940148791
  0.0001096521268674,        -0.0004266437282004
  0.0000942742355863,        -0.0004119617929282
  0.0000786390891556,        -0.0003973498218254
  0.0000631018722368,        -0.0003827315344039
  0.0000480663029707,        -0.0003679945364934
  0.0000339046315720,        -0.0003530336091371
  0.0000208817749863,        -0.0003377925760836
  0.0000091166026056,        -0.0003222952078145
 -0.0000014123929886,        -0.0003066449526187
 -0.0000108278178062,        -0.0002909871178674
 -0.0000192996082241,        -0.0002754523649214
 -0.0000269976040879,        -0.0002601134610243
 -0.0000340621753487,        -0.0002449757920107
 -0.0000405933251516,        -0.0002299939377384
 -0.0000466533481936,        -0.0002150925439733
 -0.0000522738438481,        -0.0002001794270152
 -0.0000574566146557,        -0.0001851565700309
 -0.0000621698765653,        -0.0001699424064106
 -0.0000663579413484,        -0.0001545041258421
 -0.0000699770015459,        -0.0001388795373533
 -0.0000730418282344,        -0.0001231682012726
 -0.0000756492955782,        -0.0001074895279322
 -0.0000779569604185,        -0.0000919287494540
 -0.0000801277628380,        -0.0000765015358332
 -0.0000822731170588,        -0.0000611531198888
 -0.0000844209702830,        -0.0000457860190248
 -0.0000865185397338,        -0.0000303002528315
 -0.0000884660063379,        -0.0000146239371289
 -0.0000901639863784,         0.0000012848765177
 -0.0000915475725243,         0.0000174596643561
 -0.0000925892756752,         0.0000339458815673
 -0.0000932815305767,         0.0000508061496637
 -0.0000936232740128,         0.0000681122731003
 -0.0000936213118641,         0.0000859278261487
 -0.0000932995568902,         0.0001042840433553
 -0.0000927025782453,         0.0001231579276060
 -0.0000918872244937,         0.0001424705812190
 -0.0000909117050343,         0.0001621196419340
 -0.0000898363674859,         0.0001820289265958
 -0.0000887382701524,         0.0002021727563205
 -0.0000877264223824,         0.0002225521547605
 -0.0000869434461041,         0.0002431446638945
 -0.0000865533196806,         0.0002638659879548
 -0.0000867206108940,         0.0002845665963758
 -0.0000875825079635,         0.0003050672363880
 -0.0000892180600459,         0.0003252168836183
 -0.0000916255020498,         0.0003449419888847
 -0.0000947179075372,         0.0003642645374397
 -0.0000983360116983,         0.0003832833191378
 -0.0001022684556822,         0.0004021231027037
 -0.0001062716271256,         0.0004208689822860
 -0.0001100853677426,         0.0004395149016733
 -0.0001134493069759,         0.0004579503823945
 -0.0001161301992029,         0.0004759820432762
 -0.0001179570298311,         0.0004933604341700
 -0.0001188437204204,         0.0005097920935540
 -0.0001187872792596,         0.0005249512966779
 -0.0001178509554336,         0.0005385154865881
 -0.0001161452575637,         0.0005502191673122
 -0.0001138052876680,         0.0005598938958416
 -0.0001109591576434,         0.0005674723703390
 -0.0001076933988193,         0.0005729651499820
 -0.0001040275956134,         0.0005764340764634
 -0.0000999061738394,         0.0005779803861367
 -0.0000952055439774,         0.0005777448567125
 -0.0000897506717465,         0.0005759005489219
 -0.0000833442104964,         0.0005726296860485
 -0.0000758122596797,         0.0005680996708270
 -0.0000670541478099,         0.0005624547541435
 -0.0000570745047179,         0.0005558186760297
 -0.0000459869670744,         0.0005482875802046
 -0.0000339943676923,         0.0005399023051821
 -0.0000213541500477,         0.0005306119436589
 -0.0000083374923200,         0.0005202532444517
  0.0000048092577118,         0.0005085643158664
  0.0000178953389031,         0.0004952328628320
  0.0000308048408844,         0.0004799627547265
  0.0000435016825453,         0.0004625367128550
  0.0000560204218485,         0.0004428583439756
  0.0000684446630028,         0.0004209650086112
  0.0000808732566798,         0.0003970077976486
  0.0000933793936272,         0.0003712090771019
  0.0001059804761955,         0.0003438233953847
  0.0001186357134455,         0.0003151162770890
  0.0001312676491602,         0.0002853526917090
  0.0001437855226417,         0.0002547816966640
  0.0001560904987061,         0.0002236155012900
  0.0001680611027323,         0.0001920157240655
  0.0001795330373253,         0.0001601021986260
  0.0001902916519124,         0.0001279855175395
  0.0002000881357897,         0.0000958051035900
  0.0002086736694363,         0.0000637468938291
  0.0002158330603722,         0.0000320270909092
  0.0002214052610399,         0.0000008517818167
  0.0002252912921658,        -0.0000296256327199
  0.0002274511102822,        -0.0000593332169197
  0.0002278899938758,        -0.0000882852675503
  0.0002266432276001,        -0.0001165543692235
  0.0002237705179845,        -0.0001442131492317
  0.0002193597450232,        -0.0001712662455731
  0.0002135251163484,        -0.0001976051322061
  0.0002063894881399,        -0.0002230142411433
  0.0001980610212064,        -0.0002472321913596
  0.0001886211937622,        -0.0002700411082669
  0.0001781295917228,        -0.0002913393911092
  0.0001666373494256,        -0.0003111604952752
  0.0001541961951981,        -0.0003296342809807
  0.0001408572584646,        -0.0003469244532657
  0.0001266652478761,        -0.0003631815009034
  0.0001116568656206,        -0.0003785229661319
  0.0000958690856382,        -0.0003930267118894
  0.0000793595306173,        -0.0004067241331874
  0.0000622326838172,        -0.0004195971715676
  0.0000446552086645,        -0.0004315882599483
  0.0000268455119298,        -0.0004426225288123
  0.0000090355105121,        -0.0004526357547037
 -0.0000085825590976,        -0.0004616029793227
 -0.0000258993725660,        -0.0004695603491692
 -0.0000428995405840,        -0.0004766087178076
 -0.0000596369594547,        -0.0004828905240454
 -0.0000761880081774,        -0.0004885429401619
 -0.0000926012306291,        -0.0004936481830169
 -0.0001088597104277,        -0.0004982080601054
 -0.0001248655936782,        -0.0005021528208547
 -0.0001404437623157,        -0.0005053730856980
 -0.0001553528119220,        -0.0005077542286481
 -0.0001692975725967,        -0.0005092005023748
 -0.0001819485516934,        -0.0005096533746549
 -0.0001929746110822,        -0.0005091099512116
 -0.0002020885545771,        -0.0005076311745658
 -0.0002090976309329,        -0.0005053272316411
 -0.0002139415411864,        -0.0005023280910635
 -0.0002166967736915,        -0.0004987598299212
 -0.0002175401514532,        -0.0004947386359490
 -0.0002166879072538,        -0.0004903778063059
 -0.0002143381679930,        -0.0004857915157504
 -0.0002106385571882,        -0.0004810813643824
 -0.0002056852919719,        -0.0004763072200099
 -0.0001995478455490,        -0.0004714577161909
 -0.0001923052297408,        -0.0004664353171503
 -0.0001840728664191,        -0.0004610607963464
 -0.0001750025340916,        -0.0004550946419765
 -0.0001652557172551,        -0.0004482696426447
 -0.0001549694921497,        -0.0004403268454338
 -0.0001442375022462,        -0.0004310475681211
 -0.0001331128088350,        -0.0004202749632257
 -0.0001216217552148,        -0.0004079189903847
 -0.0001097769628802,        -0.0003939421332132
 -0.0000975884319617,        -0.0003783333793750
 -0.0000850784588185,        -0.0003610901890753
 -0.0000723007428151,        -0.0003422280928752
 -0.0000593537398812,        -0.0003218163569760
 -0.0000463797534109,        -0.0003000134726501
 -0.0000335516318090,        -0.0002770744863766
 -0.0000210532139778,        -0.0002533192190029
 -0.0000090570834523,        -0.0002290681886797
  0.0000022997252725,        -0.0002045675985780
  0.0000129384802774,        -0.0001799330660927
  0.0000228509384865,        -0.0001551360195026
  0.0000320945603099,        -0.0001300373060664
  0.0000407734112281,        -0.0001044498185774
  0.0000490125894204,        -0.0000781994541041
  0.0000569317868984,        -0.0000511598209825
  0.0000646200021105,        -0.0000232574284003
  0.0000721131011077,         0.0000055349320728
  0.0000793764032173,         0.0000351967578954
  0.0000862965793344,         0.0000656490831896
  0.0000926889511158,         0.0000967504513073
  0.0000983208286656,         0.0001283108226997
  0.0001029436141329,         0.0001601158410495
  0.0001063275648224,         0.0001919461977975
  0.0001082984991180,         0.0002235872399409
  0.0001087724845492,         0.0002548366234744
  0.0001077787440052,         0.0002855170563820
  0.0001054647824131,         0.0003154887912491
  0.0001020849855173,         0.0003446491078494
  0.0000979734566922,         0.0003729162226774
  0.0000934994616058,         0.0004002118198506
  0.0000890099112275,         0.0004264591854682
  0.0000847749343610,         0.0004515986685970
  0.0000809569726492,         0.0004756019699868
  0.0000776130184386,         0.0004984641964335
  0.0000747224907888,         0.0005201727226307
  0.0000722240448928,         0.0005406717149229
  0.0000700480805063,         0.0005598417849920
  0.0000681397941678,         0.0005775020857730
  0.0000664707284891,         0.0005934329222365
  0.0000650379125093,         0.0006074144543061
  0.0000638541705880,         0.0006192730845471
  0.0000629370012958,         0.0006289180562352
  0.0000623005911018,         0.0006363478183956
  0.0000619479805503,         0.0006416209575834
  0.0000618589578603,         0.0006448104701223
  0.0000619790437735,         0.0006459681982050
  0.0000622226035535,         0.0006451126128241
  0.0000624945259240,         0.0006422352538801
  0.0000627168975184,         0.0006373147654991
  0.0000628404931554,         0.0006303333814318
  0.0000628341005983,         0.0006212975748619
  0.0000626635275163,         0.0006102607357357
  0.0000622792045804,         0.0005973366530888
  0.0000616235917049,         0.0005826942210896
  0.0000606547624503,         0.0005665357662436
  0.0000593704079497,         0.0005490681114678
  0.0000578162022530,         0.0005304716346275
  0.0000560740638259,         0.0005108696263380
  0.0000542382143501,         0.0004903058174297
  0.0000523905386240,         0.0004687446283250
  0.0000505832472278,         0.0004461062974474
  0.0000488336652487,         0.0004223323217042
  0.0000471307031688,         0.0003974528345410
  0.0000454424466686,         0.0003716181653312
  0.0000437129223749,         0.0003450749681030
  0.0000418492387559,         0.0003180996598508
  0.0000397126224911,         0.0002909248066775
  0.0000371255894877,         0.0002636956908760
  0.0000338960383261,         0.0002364752668050
  0.0000298477368482,         0.0002092890069948
  0.0000248436549719,         0.0001821817274799
  0.0000187956971985,         0.0001552553007588
  0.0000116643754612,         0.0001286735791779
  0.0000034568696934,         0.0001026450582260
 -0.0000057698957813,         0.0000773990029443
 -0.0000159010678270,         0.0000531581966449
 -0.0000267589578857,         0.0000301057418310
 -0.0000381153932304,         0.0000083485713557
 -0.0000497286898552,        -0.0000121159644711
 -0.0000613944767072,        -0.0000314215997910
 -0.0000729870407695,        -0.0000498294171043
 -0.0000844713826791,        -0.0000676886372080
