timestep:         0.0035997120230382
yAxisLabel:velocity [m/s]       
title:bogies velocity   
vv1,    vv2,    
  0.0000000000000000,  0.0000000000000000,
  0.0000000000000000,  0.0000000000000000,
 -0.0000000033340098,  0.0000000000000000,
 -0.0000000249605440,  0.0000000000000000,
 -0.0000000945008711,  0.0000000000000000,
 -0.0000002517002240,  0.0000000000000000,
 -0.0000005432992705,  0.0000000000000000,
 -0.0000010218972341,  0.0000000000000000,
 -0.0000017453422105,  0.0000000000000000,
 -0.0000027762380442,  0.0000000000000000,
 -0.0000041783758425,  0.0000000000000000,
 -0.0000060072219648,  0.0000000000000000,
 -0.0000083040028337,  0.0000000000000000,
 -0.0000111156338448,  0.0000000000000000,
 -0.0000145346352147,  0.0000000000000000,
 -0.0000187051780074,  0.0000000000000000,
 -0.0000237780865892,  0.0000000000000000,
 -0.0000298843332470,  0.0000000000000000,
 -0.0000371535135167,  0.0000000000000000,
 -0.0000457128787032,  0.0000000000000000,
 -0.0000556658459299,  0.0000000000000000,
 -0.0000670900034402,  0.0000000000000000,
 -0.0000800198441146,  0.0000000000000000,
 -0.0000944350957804,  0.0000000000000000,
 -0.0001103205732555,  0.0000000000000000,
 -0.0001277250573033,  0.0000000000000000,
 -0.0001467374875080,  0.0000000000000000,
 -0.0001674214258502,  0.0000000000000000,
 -0.0001897816644955,  0.0000000000000000,
 -0.0002137942060118,  0.0000000000000000,
 -0.0002394217454190,  0.0000000000000000,
 -0.0002665724473987,  0.0000000000000000,
 -0.0002950871686785,  0.0000000000000000,
 -0.0003247433688477,  0.0000000000000000,
 -0.0003552590634664,  0.0000000000000000,
 -0.0003863778561536,  0.0000000000000000,
 -0.0004179542282207,  0.0000000000000000,
 -0.0004499057873019,  0.0000000000000000,
 -0.0004821171898631,  0.0000000000000000,
 -0.0005144353652124,  0.0000000000000000,
 -0.0005467159983530,  0.0000000000000000,
 -0.0005788207440022,  0.0000000000000000,
 -0.0006105816020839,  0.0000000000000000,
 -0.0006417742117071,  0.0000000000000000,
 -0.0006721232122956,  0.0000000000000000,
 -0.0007013556632880,  0.0000000000000000,
 -0.0007292894408421,  0.0000000000000000,
 -0.0007559076189898,  0.0000000000000000,
 -0.0007813029362313,  0.0000000000000000,
 -0.0008055494188254,  0.0000000000000000,
 -0.0008287088553737,  0.0000000000000000,
 -0.0008508963307818,  0.0000000000000000,
 -0.0008722437183261,  0.0000000000000000,
 -0.0008928368300184,  0.0000000000000000,
 -0.0009126935714919,  0.0000000000000000,
 -0.0009317706538670,  0.0000000000000000,
 -0.0009500316547253,  0.0000000000000000,
 -0.0009675552585111,  0.0000000000000000,
 -0.0009845736195243,  0.0000000000000000,
 -0.0010013850437990,  0.0000000000000000,
 -0.0010182399095779,  0.0000000000000000,
 -0.0010353430185448,  0.0000000000000000,
 -0.0010529137273163,  0.0000000000000000,
 -0.0010711429920445,  0.0000000000000000,
 -0.0010900950686795,  0.0000000000000000,
 -0.0011096902655649,  0.0000000000000000,
 -0.0011297507409804,  0.0000000000000000,
 -0.0011500762375577,  0.0000000000000000,
 -0.0011705578843231,  0.0000000000000000,
 -0.0011912104817537,  0.0000000000000000,
 -0.0012120603337369,  0.0000000000000000,
 -0.0012330567728838,  0.0000000000000000,
 -0.0012541050558302,  0.0000000000000000,
 -0.0012751085899441,  0.0000000000000000,
 -0.0012959190624911,  0.0000000000000000,
 -0.0013162443321466,  0.0000000000000000,
 -0.0013356382024536,  0.0000000000000000,
 -0.0013535852308181,  0.0000000000000000,
 -0.0013696089925919,  0.0000000000000000,
 -0.0013833722392092,  0.0000000000000000,
 -0.0013946964052667,  0.0000000000000000,
 -0.0014034612613894,  0.0000000000000000,
 -0.0014095317571994,  0.0000000000000000,
 -0.0014128067889369, -0.0000006123146323,
 -0.0014132778853040, -0.0000030532423569,
 -0.0014110298836984, -0.0000079354517912,
 -0.0014061871419844, -0.0000152731431855,
 -0.0013988215471845, -0.0000250700076198,
 -0.0013889601053870, -0.0000373168784599,
 -0.0013767173930991, -0.0000520008468851,
 -0.0013623917934792, -0.0000691190383356,
 -0.0013464449025227, -0.0000886859509291,
 -0.0013293844408542, -0.0001107240626638,
 -0.0013116683975497, -0.0001352458371824,
 -0.0012937555571128, -0.0001622589045204,
 -0.0012762393762604, -0.0001917967862036,
 -0.0012598862594598, -0.0002239348039291,
 -0.0012455053847102, -0.0002587686860070,
 -0.0012337881895208, -0.0002963741579336,
 -0.0012253021709331, -0.0003367957171739,
 -0.0012206092189303, -0.0003800872176101,
 -0.0012203300933270, -0.0004263357787178,
 -0.0012250797155101, -0.0004756335071585,
 -0.0012353392751305, -0.0005280473284163,
 -0.0012513985782329, -0.0005835910365195,
 -0.0012734316233854, -0.0006422316634643,
 -0.0013016082232530, -0.0007039536070163,
 -0.0013361017297839, -0.0007687693335670,
 -0.0013769598749781, -0.0008366498410685,
 -0.0014239879800602, -0.0009074736799177,
 -0.0014767925390442, -0.0009810376491962,
 -0.0015349071801330, -0.0010571174256159,
 -0.0015978446969611, -0.0011355041318541,
 -0.0016650396767365, -0.0012159588368501,
 -0.0017357607630925, -0.0012981566408186,
 -0.0018091110428110, -0.0013816849090449,
 -0.0018841429108323, -0.0014660889935783,
 -0.0019599690387754, -0.0015509441696700,
 -0.0020357530627106, -0.0016358723397286,
 -0.0021106121010358, -0.0017204555187960,
 -0.0021835697435529, -0.0018041715670201,
 -0.0022536242956513, -0.0018864615954128,
 -0.0023198682550142, -0.0019668242625855,
 -0.0023815353936127, -0.0020448267965913,
 -0.0024379324685827, -0.0021200614493464,
 -0.0024883845597335, -0.0021920860537902,
 -0.0025322752375995, -0.0022604293798741,
 -0.0025691387736127, -0.0023246903775397,
 -0.0025987365302804, -0.0023846046291100,
 -0.0026210181804430, -0.0024400209776344,
 -0.0026360172361747, -0.0024908107409709,
 -0.0026438305016427, -0.0025368019888991,
 -0.0026446686775889, -0.0025778633317585,
 -0.0026389099710922, -0.0026140146413475,
 -0.0026271040310129, -0.0026453998603086,
 -0.0026098901864549, -0.0026721966061040,
 -0.0025879289398175, -0.0026945649000149,
 -0.0025619330471296, -0.0027126648903514,
 -0.0025327259180468, -0.0027267451654185,
 -0.0025012401834833, -0.0027372021282857,
 -0.0024684501340003, -0.0027445053615938,
 -0.0024352862546221, -0.0027490676364102,
 -0.0024026005394545, -0.0027512137932207,
 -0.0023711975472980, -0.0027512670442345,
 -0.0023418522397253, -0.0027496320454170,
 -0.0023152727757775, -0.0027467518816254,
 -0.0022920481947584, -0.0027429808564649,
 -0.0022726087110960, -0.0027385380613627,
 -0.0022572455008354, -0.0027335715749928,
 -0.0022461710289860, -0.0027282400390068,
 -0.0022395072289471, -0.0027227457566567,
 -0.0022372266499139, -0.0027172541596017,
 -0.0022391359130504, -0.0027117627410370,
 -0.0022448810761575, -0.0027061082004065,
 -0.0022539695880448, -0.0027000947679453,
 -0.0022658053812820, -0.0026935600863190,
 -0.0022796874757855, -0.0026863170632523,
 -0.0022948005200256, -0.0026780528838189,
 -0.0023102381988109, -0.0026683144474797,
 -0.0023250470225874, -0.0026566128332603,
 -0.0023382768015799, -0.0026425309818224,
 -0.0023489992589139, -0.0026257330270498,
 -0.0023562935454624, -0.0026058793278016,
 -0.0023592645306015, -0.0025825425024734,
 -0.0023570826905425, -0.0025552478800634,
 -0.0023489913115326, -0.0025236155474723,
 -0.0023343204352307, -0.0024874189050808,
 -0.0023125205013723, -0.0024464994517774,
 -0.0022831720108746, -0.0024006810033182,
 -0.0022459975890263, -0.0023497923312366,
 -0.0022008912493228, -0.0022937749702149,
 -0.0021479254731981, -0.0022327713379545,
 -0.0020873409128716, -0.0021671008627341,
 -0.0020195450026421, -0.0020971489868967,
 -0.0019451140267129, -0.0020232979713507,
 -0.0018647804768297, -0.0019459822503880,
 -0.0017793946646784, -0.0018657928644526,
 -0.0016898932857614, -0.0017834852523176,
 -0.0015973107246993, -0.0016998665146821,
 -0.0015027841546688, -0.0016157008601013,
 -0.0014075180358907, -0.0015317371693937,
 -0.0013127510676899, -0.0014488018209996,
 -0.0012197297578051, -0.0013678371392051,
 -0.0011296767292341, -0.0012898327503852,
 -0.0010437845394733, -0.0012157057062394,
 -0.0009632128860485, -0.0011462437556760,
 -0.0008890340519805, -0.0010821632716418,
 -0.0008221635540192, -0.0010241836509907,
 -0.0007633422156683, -0.0009729969011344,
 -0.0007131654013199, -0.0009291546289743,
 -0.0006721033680957, -0.0008930016773580,
 -0.0006404699452593, -0.0008647276566235,
 -0.0006183805182928, -0.0008444587659410,
 -0.0006057453214428, -0.0008322832679931,
 -0.0006022902588376, -0.0008281854792821,
 -0.0006075981772276, -0.0008319562192091,
 -0.0006211297825596, -0.0008431918901430,
 -0.0006421872594086, -0.0008613799318472,
 -0.0006698749642081, -0.0008859641261938,
 -0.0007031347357100, -0.0009163256972598,
 -0.0007408398960077, -0.0009517102307658,
 -0.0007818481670254, -0.0009912132433764,
 -0.0008249831609582, -0.0010338712004565,
 -0.0008690152930769, -0.0010787609572784,
 -0.0009126886325146, -0.0011250228583550,
 -0.0009547910021011, -0.0011718141826111,
 -0.0009942272493144, -0.0012182627826969,
 -0.0010300347575282, -0.0012634994889877,
 -0.0010613373098295, -0.0013067475117536,
 -0.0010873147320655, -0.0013473680249710,
 -0.0011072600093131, -0.0013848263477379,
 -0.0011206754619664, -0.0014186435607061,
 -0.0011272979833360, -0.0014484029058115,
 -0.0011270425491048, -0.0014738179010955,
 -0.0011199481599141, -0.0014948012138958,
 -0.0011061920347372, -0.0015114545003441,
 -0.0010861509320532, -0.0015239973549198,
 -0.0010604304435065, -0.0015327284463443,
 -0.0010298193433526, -0.0015380428459847,
 -0.0009951938606205, -0.0015404653841198,
 -0.0009574573482239, -0.0015406486019712,
 -0.0009175827474505, -0.0015393084458342,
 -0.0008766727998859, -0.0015371641924825,
 -0.0008359226223685, -0.0015349389172917,
 -0.0007965149227099, -0.0015333846875496,
 -0.0007595414793339, -0.0015332969768437,
 -0.0007260082376707, -0.0015354826086879,
 -0.0006968916392591, -0.0015406837159831,
 -0.0006731434428522, -0.0015495381897447,
 -0.0006556078664925, -0.0015625946865746,
 -0.0006449218052053, -0.0015803176119314,
 -0.0006414877030315, -0.0016030592754873,
 -0.0006455380330465, -0.0016310207538910,
 -0.0006572025703172, -0.0016642250316270,
 -0.0006764751134452, -0.0017025280004011,
 -0.0007031182154841, -0.0017456529954978,
 -0.0007366325396729, -0.0017932067034856,
 -0.0007763226117420, -0.0018446699180822,
 -0.0008213870794599, -0.0018993807779009,
 -0.0008709491837916, -0.0019565360175755,
 -0.0009240004751147, -0.0020152250117726,
 -0.0009793438699484, -0.0020744580693338,
 -0.0010356409929252, -0.0021331622749105,
 -0.0010915295896851, -0.0021901910241523,
 -0.0011457003365806, -0.0022443587232198,
 -0.0011968819728541, -0.0022944708532478,
 -0.0012437789498969, -0.0023393612100728,
 -0.0012850769409221, -0.0023779298899826,
 -0.0013195497460237, -0.0024091600579608,
 -0.0013461587459479, -0.0024321320894925,
 -0.0013640609722520, -0.0024460458121383,
 -0.0013725483668229, -0.0024502386019597,
 -0.0013710053412694, -0.0024441935232466,
 -0.0013589619403999, -0.0024275412301771,
 -0.0013361979840851, -0.0024000732140419,
 -0.0013027730123794, -0.0023617663306802,
 -0.0012589579600806, -0.0023127845013487,
 -0.0012051565980012, -0.0022534636705331,
 -0.0011418951599971, -0.0021843170599349,
 -0.0010698882558127, -0.0021060415542616,
 -0.0009900894509696, -0.0020195027250196,
 -0.0009036341497139, -0.0019257135224522,
 -0.0008117281735733, -0.0018258007833980,
 -0.0007155936127581, -0.0017209619403111,
 -0.0006164987808406, -0.0016124431361419,
 -0.0005158079934885, -0.0015015392699985,
 -0.0004149576013806, -0.0013895804467774,
 -0.0003153497175917, -0.0012778851063422,
 -0.0002182608364709, -0.0011677110611576,
 -0.0001248373957460, -0.0010602434834621,
 -0.0000361459644061, -0.0009566028493439,
  0.0000468079620027, -0.0008578304407286,
  0.0001231443530121, -0.0007648456140027,
  0.0001922064969661, -0.0006783992573652,
  0.0002535821854873, -0.0005990446287853,
  0.0003070375308948, -0.0005271437492912,
  0.0003524641712557, -0.0004629002318920,
  0.0003898988091476, -0.0004063624763267,
  0.0004195865843664, -0.0003573843073270,
  0.0004420167372742, -0.0003156069344403,
  0.0004578761706161, -0.0002804984326354,
  0.0004679620932273, -0.0002514128400930,
  0.0004731433389232, -0.0002276139808003,
  0.0004743896352675, -0.0002082580243162,
  0.0004728068389383, -0.0001923770923981,
  0.0004695994694921, -0.0001789001282111,
  0.0004659698481774, -0.0001667168714455,
  0.0004630511796757, -0.0001547469285395,
  0.0004619155045743, -0.0001419548867488,
  0.0004636055487461, -0.0001273238317605,
  0.0004691288903845, -0.0001098622213953,
  0.0004793978414959, -0.0000886730463817,
  0.0004951562701663, -0.0000630307987550,
  0.0005169559066593, -0.0000323962853403,
  0.0005451936593597,  0.0000036220429114,
  0.0005801424828699,  0.0000452949624192,
  0.0006219165715311,  0.0000927516004055,
  0.0006704087271503,  0.0001459229370441,
  0.0007252758439611,  0.0002045061247614,
  0.0007859852916946,  0.0002680012926564,
  0.0008518707541344,  0.0003357823436009,
  0.0009221502792660,  0.0004071157792683,
  0.0009959110782376,  0.0004811167942302,
  0.0010720987203821,  0.0005567178889161,
  0.0011495461303603,  0.0006327111397032,
  0.0012270403601106,  0.0007078391080819,
  0.0013033714713902,  0.0007808584513078,
  0.0013773276677670,  0.0008505352495731,
  0.0014476788040287,  0.0009156123906238,
  0.0015132038145195,  0.0009748221545465,
  0.0015727558128122,  0.0010269634195769,
  0.0016253141251591,  0.0010709890741390,
  0.0016700007804161,  0.0011060242801991,
  0.0017060805071080,  0.0011313157024669,
  0.0017329624196031,  0.0011462090593693,
  0.0017502209178904,  0.0011502045550267,
  0.0017576325958070,  0.0011430362654634,
  0.0017551862858967,  0.0011247028568940,
  0.0017430541634978,  0.0010954225537868,
  0.0017215635147842,  0.0010555670185167,
  0.0016911977347062,  0.0010056579078284,
  0.0016526120663229,  0.0009464220187254,
  0.0016066310769838,  0.0008788242588443,
  0.0015542232322302,  0.0008040234141990,
  0.0014964727742342,  0.0007232780866454,
  0.0014345556480917,  0.0006378914334042,
  0.0013697171700825,  0.0005492370115130,
  0.0013032531739848,  0.0004587979866693,
  0.0012364813737050,  0.0003681375845296,
  0.0011706936697453,  0.0002788069454972,
  0.0011071179778906,  0.0001922611955661,
  0.0010469051434853,  0.0001098469086865,
  0.0009911154233131,  0.0000328460349034,
  0.0009406965233843, -0.0000375158151935,
  0.0008964675716324, -0.0001001391572044,
  0.0008591096404354, -0.0001541361771515,
  0.0008291566713231, -0.0001988568318099,
  0.0008069827310052, -0.0002338437890784,
  0.0007927884642661, -0.0002587811160011,
  0.0007865958480810, -0.0002735126039770,
  0.0007882490317854, -0.0002781121003126,
  0.0007974195321608, -0.0002729156129125,
  0.0008136204966103, -0.0002584741129232,
  0.0008362194784823, -0.0002354738930869,
  0.0008644497290792, -0.0002047007631193,
  0.0008974431516601, -0.0001670721694611,
  0.0009342744450199, -0.0001236702128443,
  0.0009739830069229, -0.0000757038835654,
  0.0010155785252960, -0.0000244198543277,
  0.0010580513308297,  0.0000289668455145,
  0.0011003953768418,  0.0000832757260159,
  0.0011416441841468,  0.0001373222651564,
  0.0011808998993297,  0.0001899224656182,
  0.0012173423638114,  0.0002399710209320,
  0.0012502339162002,  0.0002865230247862,
  0.0012789377039703,  0.0003288125353009,
  0.0013029560217864,  0.0003662180587700,
  0.0013219685165814,  0.0003982380114830,
  0.0013358322388638,  0.0004245238070110,
  0.0013445501165690,  0.0004449439168661,
  0.0013482526649263,  0.0004596086849658,
  0.0013472063659649,  0.0004688284987588,
  0.0013418267090482,  0.0004730499729649,
  0.0013326705367303,  0.0004728377543614,
  0.0013203986355787,  0.0004689116628013,
  0.0013057351363810,  0.0004621729706505,
  0.0012894621500522,  0.0004536652223762,
  0.0012724410711017,  0.0004444992845793,
  0.0012556146433615,  0.0004358080301254,
  0.0012399663606856,  0.0004287480329987,
  0.0012264567469383,  0.0004245143564921,
  0.0012159840958768,  0.0004243197604816,
  0.0012093899231407,  0.0004293230239624,
  0.0012074677721213,  0.0004405564263382,
  0.0012109358672127,  0.0004589074029859,
  0.0012203848076308,  0.0004851430159832,
  0.0012362413480478,  0.0005199177702577,
  0.0012587828912775,  0.0005637325040640,
  0.0012881816010386,  0.0006168819627895,
  0.0013245169332157,  0.0006794424755380,
  0.0013677398768763,  0.0007512984972051,
  0.0014176309732078,  0.0008321711612643,
  0.0014737996281642,  0.0009216169240646,
  0.0015357286310644,  0.0010189975490301,
  0.0016028145593908,  0.0011234625030968,
  0.0016743607749644,  0.0012339785561470,
  0.0017495449148413,  0.0013493885775886,
  0.0018274220234636,  0.0014684483845631,
  0.0019069853278504,  0.0015898266275740,
  0.0019872388178622,  0.0017121083616686,
  0.0020672234021046,  0.0018338319533930,
  0.0021459917261640,  0.0019535436200496,
  0.0022225855581765,  0.0020698409600726,
  0.0022960640123234,  0.0021813897232456,
  0.0023655658167391,  0.0022869221331622,
  0.0024303472998013,  0.0023852455473334,
  0.0024897636371967,  0.0024752801009226,
  0.0025432289009525,  0.0025561052980569,
  0.0025902227043707,  0.0026269807021842,
  0.0026303519816018,  0.0026873414092460,
  0.0026634040286389,  0.0027367982757689,
  0.0026893374030561,  0.0027751559842783,
  0.0027082272013835,  0.0028024305510037,
  0.0027202275717172,  0.0028188467406418,
  0.0027255867001390,  0.0028248184235920,
  0.0027246840819647,  0.0028209214471518,
  0.0027180301208459,  0.0028078696800657,
  0.0027062077172843,  0.0027865058322874,
  0.0026898088697572,  0.0027577948398128,
  0.0026694311479395,  0.0027227995444221,
  0.0026457233637562,  0.0026826485520220,
  0.0026194081059844,  0.0026385142715411,
  0.0025912401065416,  0.0025915961480677,
  0.0025619354172855,  0.0025430973015655,
  0.0025321358219311,  0.0024941927514466,
  0.0025024283658384,  0.0024459962004048,
  0.0024733754847527,  0.0023995318812047,
  0.0024455009968585,  0.0023557094432422,
  0.0024192300857657,  0.0023153035373991,
  0.0023948426109105,  0.0022789420083341,
  0.0023724942910533,  0.0022470972673117,
  0.0023522788381808,  0.0022200825864951,
  0.0023342534024269,  0.0021980588850522,
  0.0023184034564134,  0.0021810387318560,
  0.0023045985947688,  0.0021688798248951,
  0.0022925934534864,  0.0021612848599443,
  0.0022820755395288,  0.0021578150236623,
  0.0022727105006316,  0.0021579056971174,
  0.0022641369703654,  0.0021608770160093,
  0.0022559259977703,  0.0021659416560400,
  0.0022475683124527,  0.0021722216459186,
  0.0022385237177963,  0.0021787824198180,
  0.0022282925679404,  0.0021846747838404,
  0.0022164402725462,  0.0021889691770716,
  0.0022025652186729,  0.0021907734944813,
  0.0021862701484382,  0.0021892399366113,
  0.0021671820953674,  0.0021835819696125,
  0.0021450012570612,  0.0021731084735641,
  0.0021195306462858,  0.0021572491931368,
  0.0020906574349324,  0.0021355547959747,
  0.0020583080144253,  0.0021076890908975,
  0.0020224376120492,  0.0020734348925518,
  0.0019830739985045,  0.0020327200163915,
  0.0019403622861116,  0.0019856477995088,
  0.0018945584190276,  0.0019325020025418,
  0.0018459807793022,  0.0018737221892716,
  0.0017949748327854,  0.0018098772785832,
  0.0017419241835808,  0.0017416587586753,
  0.0016872788036908,  0.0016698875451387,
  0.0016315535843999,  0.0015955041417702,
  0.0015752879939596,  0.0015195253560130,
  0.0015189976497930,  0.0014429952614055,
  0.0014631626459683,  0.0013669657608840,
  0.0014082595823939,  0.0012925059893067,
  0.0013547860839717,  0.0012207092351010,
  0.0013032369477190,  0.0011526676691987,
  0.0012540568937925,  0.0010894208348514,
  0.0012076190955101,  0.0010319171313273,
  0.0011642412339538,  0.0009810113219750,
  0.0011242091234856,  0.0009374740079347,
  0.0010877725881408,  0.0009019756118293,
  0.0010551121080302,  0.0008750415577282,
  0.0010263125527273,  0.0008570132881686,
  0.0010013737453160,  0.0008480523329693,
  0.0009802474956249,  0.0008481802882950,
  0.0009628621316676,  0.0008573066067568,
  0.0009491089758209,  0.0008752169142050,
  0.0009388167987764,  0.0009015449382327,
  0.0009317554882552,  0.0009357713758029,
  0.0009276655925795,  0.0009772628060256,
  0.0009262827113032,  0.0010253135540539,
  0.0009273377649077,  0.0010791506591652,
  0.0009305394493523,  0.0011379105407622,
  0.0009355667307442,  0.0012006321363825,
  0.0009420896919551,  0.0012662973177016,
  0.0009498019621874,  0.0013338978620358,
  0.0009584342980893,  0.0014024757064144,
  0.0009677423446656,  0.0014711151086429,
  0.0009774915793009,  0.0015389240064424,
  0.0009874629876797,  0.0016050512356700,
  0.0009974728487900,  0.0016687362772413,
  0.0010073816167541,  0.0017293441867959,
  0.0010170832157706,  0.0017863539944745,
  0.0010264881476880,  0.0018393215924565,
  0.0010355168805472,  0.0018878667553580,
  0.0010441085676401,  0.0019317069376076,
  0.0010522327043402,  0.0019707041569524,
  0.0010598855629884,  0.0020048718215849,
  0.0010670731821930,  0.0020343338791237,
  0.0010737990513333,  0.0020592846163578,
  0.0010800642870592,  0.0020799912638472,
  0.0010858720764973,  0.0020968215494237,
  0.0010912248461332,  0.0021102444002531,
  0.0010961130556092,  0.0021207835813386,
  0.0011005056086754,  0.0021289587378497,
  0.0011043486731878,  0.0021352628435206,
  0.0011075699349453,  0.0021401850290879,
  0.0011100812824726,  0.0021442372768726,
  0.0011117764135183,  0.0021479380260858,
  0.0011125274481302,  0.0021517580937584,
  0.0011121860890593,  0.0021560840075800,
  0.0011099417127435,  0.0021612306350229,
  0.0011043901565644,  0.0021674426740690,
  0.0010948726618523,  0.0021748087860217,
  0.0010814234786345,  0.0021831937820456,
  0.0010640909756323,  0.0021923103634836,
  0.0010429374663097,  0.0022018071826676,
  0.0010180389848460,  0.0022112958120389,
  0.0009894850128362,  0.0022203699980179,
  0.0009573781577061,  0.0022285981861373,
  0.0009218337840014,  0.0022355087798301,
  0.0008829795988671,  0.0022406220082313,
  0.0008409551932046,  0.0022434826000404,
  0.0007959115401646,  0.0022435885220246,
  0.0007480104527825,  0.0022402543003139,
  0.0006974240026829,  0.0022326151714887,
  0.0006443339019541,  0.0022198012732899,
  0.0005889308504270,  0.0022010578724597,
  0.0005314138506814,  0.0021757427230647,
  0.0004719894932394,  0.0021433430787369,
  0.0004108712145299,  0.0021035027126900,
  0.0003482785302908,  0.0020560000368636,
  0.0002844362471437,  0.0020007723030121,
  0.0002195736551751,  0.0019379420540400,
  0.0001539237044389,  0.0018677055692339,
  0.0000877221683397,  0.0017902054765057,
  0.0000212067968823,  0.0017055578084934,
 -0.0000453835371701,  0.0016139763070808,
 -0.0001118096961451,  0.0015158458647301,
 -0.0001778331362384,  0.0014116913183635,
 -0.0002432167641511,  0.0013021502868457,
 -0.0003077257885120,  0.0011879935248999,
 -0.0003711285630082,  0.0010701007855753,
 -0.0004331974181989,  0.0009494393013800,
 -0.0004937094790402,  0.0008270595790429,
 -0.0005524474651873,  0.0007039816647928,
 -0.0006092004711808,  0.0005810665491507,
 -0.0006637647237194,  0.0004590519743182,
 -0.0007159443133138,  0.0003386627858788,
 -0.0007655518976950,  0.0002206309679374,
 -0.0008124093744348,  0.0001056576120273,
 -0.0008563485203659, -0.0000055919507179,
 -0.0008972115955254, -0.0001124809482229,
 -0.0009348519094391, -0.0002144024530321,
 -0.0009691343477050, -0.0003107845566769,
 -0.0009999358570030, -0.0004011198106258,
 -0.0010271458867866, -0.0004850330753761,
 -0.0010506667860619, -0.0005623537720520,
 -0.0010704141538330, -0.0006330752016187,
 -0.0010863171419611, -0.0006972364649426,
 -0.0010983187093515, -0.0007549060723843,
 -0.0011063758265475, -0.0008062138401578,
 -0.0011104596300037, -0.0008513209196079,
 -0.0011105555254852, -0.0008903921804271,
 -0.0011066632402226, -0.0009235927655036,
 -0.0010987968236328, -0.0009510780226934,
 -0.0010869845966101, -0.0009730110121296,
 -0.0010712690495640, -0.0009896142744468,
 -0.0010517066895753, -0.0010011929159910,
 -0.0010283678372203, -0.0010080881254621,
 -0.0010013363737874, -0.0010106053006002,
 -0.0009707094397999, -0.0010090011704728,
 -0.0009365970859397, -0.0010035095687194,
 -0.0008991218776032, -0.0009943278599174,
 -0.0008584184545225, -0.0009815908116914,
 -0.0008146330470369, -0.0009653778611397,
 -0.0007679229507529, -0.0009457291124962,
 -0.0007184559614654, -0.0009226614367799,
 -0.0006664097723845, -0.0008962079154814,
 -0.0006119713358474, -0.0008664387194458,
 -0.0005553361917735, -0.0008334278435673,
 -0.0004967077652889, -0.0007972286468897,
 -0.0004362966360568, -0.0007578854116193,
 -0.0003743197819243, -0.0007154477575376,
 -0.0003109997996104, -0.0006699730688039,
 -0.0002465641052170, -0.0006215221032822,
 -0.0001812441174505, -0.0005701681492777,
 -0.0001152744265071, -0.0005160157728680,
 -0.0000488919515610, -0.0004592126822887,
  0.0000176649100997, -0.0003999591913426,
  0.0000841571392179, -0.0003385078684404,
  0.0001503459529335, -0.0002751491285983,
  0.0002159936622820, -0.0002102023472354,
  0.0002808645257619, -0.0001441053448085,
  0.0003447255958887, -0.0000773702663694,
  0.0004073475556778, -0.0000103585374485,
  0.0004685055420976,  0.0000566891873563,
  0.0005279799535165,  0.0001235321285063,
  0.0005855572382274,  0.0001899302461960,
  0.0006410306612340,  0.0002556451023567,
  0.0006942010465528,  0.0003204407169046,
  0.0007448774923531,  0.0003840844151427,
  0.0007928780563530,  0.0004463476632550,
  0.0008380304090447,  0.0005070068889376,
  0.0008801724523919,  0.0005658442842015,
  0.0009191529017617,  0.0006226485874472,
  0.0009548318290173,  0.0006772158420208,
  0.0009870811648160,  0.0007293501285198,
  0.0010157851583178,  0.0007788642682329,
  0.0010408407926442,  0.0008255804951742,
  0.0010621581545930,  0.0008693310942866,
  0.0010796607572967,  0.0009099590035555,
  0.0010932858146616,  0.0009473183778588,
  0.0011029844665947,  0.0009812751125148,
  0.0011087219542179,  0.0010117073246620,
  0.0011104777444394,  0.0010385057907388,
  0.0011082456034361,  0.0010615743384988,
  0.0011020336187820,  0.0010808301921464,
  0.0010918641701494,  0.0010962042693518,
  0.0010777738486824,  0.0011076414290921,
  0.0010598133253370,  0.0011151006694236,
  0.0010380471686613,  0.0011185552744716,
  0.0010125536126697,  0.0011179929101138,
  0.0009834242756496,  0.0011134156680173,
  0.0009507638309013,  0.0011048400578667,
  0.0009146896306019,  0.0010922969478151,
  0.0008753312841578,  0.0010758314533769,
  0.0008328301925338,  0.0010555027751545,
  0.0007873390402446,  0.0010313839859854,
  0.0007390212468395,  0.0010035617682776,
  0.0006880503798490,  0.0009721361024775,
  0.0006346095312867,  0.0009372199077815,
  0.0005788906599618,  0.0008989386363896,
  0.0005210939019818,  0.0008574298227724,
  0.0004614268518805,  0.0008128425895434,
  0.0004001038169729,  0.0007653371117237,
  0.0003373450476271,  0.0007150840413322,
  0.0002733759462038,  0.0006622638943592,
  0.0002084262575133,  0.0006070664023324,
  0.0001427292436788,  0.0005496898307875,
  0.0000765208463877,  0.0004903402671085,
  0.0000100388395584,  0.0004292308803110,
 -0.0000564780245814,  0.0003665811553876,
 -0.0001227908729168,  0.0003026161049817,
 -0.0001886615692754,  0.0002375654612365,
 -0.0002538535695973,  0.0001716628507060,
 -0.0003181327713698,  0.0001051449553002,
 -0.0003812683542907,  0.0000382506622591,
 -0.0004430336091255, -0.0000287797937728,
 -0.0005032067517647, -0.0000957056934729,
 -0.0005615717196016, -0.0001622866973144,
 -0.0006179189473525, -0.0002282837086659,
 -0.0006720461195176, -0.0002934597323975,
 -0.0007237588967942, -0.0003575807259258,
 -0.0007728716138434, -0.0004204164396533,
 -0.0008192079458902, -0.0004817412437662,
 -0.0008626015417529, -0.0005413349384070,
 -0.0009028966210607, -0.0005989835443533,
 -0.0009399485335021, -0.0006544800713478,
 -0.0009736242780835, -0.0007076252613026,
 -0.0010038029805476, -0.0007582283037278,
 -0.0010303763272323, -0.0008061075208067,
 -0.0010532489538207, -0.0008510910196723,
 -0.0010723387875762, -0.0008930173095277,
 -0.0010875773418358, -0.0009317358813868,
 -0.0010989099617130, -0.0009671077483811,
 -0.0011062960201271, -0.0009990059446828,
 -0.0011097090634477, -0.0010273159812400,
 -0.0011091369062398, -0.0010519362567007,
 -0.0011045816747674, -0.0010727784220467,
 -0.0010960597991006, -0.0010897676976335,
 -0.0010836019538538, -0.0011028431414923,
 -0.0010672529477762, -0.0011119578679300,
 -0.0010470715625814, -0.0011170792156515,
 -0.0010231303416015, -0.0011181888647983,
 -0.0009955153290256, -0.0011152829024795,
 -0.0009643257606619, -0.0011083718365656,
 -0.0009296737073250, -0.0010974805576930,
 -0.0008916836721384, -0.0010826482496178,
 -0.0008504921432114, -0.0010639282482485,
 -0.0008062471032706, -0.0010413878498523,
 -0.0007591074980200, -0.0010151080691326,
 -0.0007092426651477, -0.0009851833480458,
 -0.0006568317260207, -0.0009517212164054,
 -0.0006020629422603, -0.0009148419054922,
 -0.0005451330394937, -0.0008746779160529,
 -0.0004862465007247, -0.0008313735422441,
 -0.0004256148318803, -0.0007850843532505,
 -0.0003634558021291, -0.0007359766344050,
 -0.0002999926617181, -0.0006842267898348,
 -0.0002354533401518, -0.0006300207087874,
 -0.0001700696275770, -0.0005735530979027,
 -0.0001040763423236, -0.0005150267818370,
 -0.0000377104875719, -0.0004546519747337,
  0.0000287895998071, -0.0003926455251744,
  0.0000951851051624, -0.0003292301373393,
  0.0001612375936970, -0.0002646335711320,
  0.0002267098667271, -0.0001990878241594,
  0.0002913668134726, -0.0001328282985193,
  0.0003549762553397, -0.0000660929553741,
  0.0004173097796533,  0.0000008785396470,
  0.0004781435598645,  0.0000678456771643,
  0.0005372591592671,  0.0001345679677741,
  0.0005944443153260,  0.0002008058056654,
  0.0006494937018377,  0.0002663213290707,
  0.0007022096661734,  0.0003308792744427,
  0.0007524029389377,  0.0003942478212710,
  0.0007998933135118,  0.0004561994245207,
  0.0008445102930475,  0.0005165116317131,
  0.0008860937025751,  0.0005749678817002,
  0.0009244942640213,  0.0006313582822478,
  0.0009595741320962,  0.0006854803636756,
  0.0009912073891189,  0.0007371398058325,
  0.0010192804969901,  0.0007861511357804,
  0.0010436927047030,  0.0008323383936976,
  0.0010643564099249,  0.0008755357646044,
  0.0010811974733581,  0.0009155881736550,
  0.0010941554847437,  0.0009523518428438,
  0.0011031839795544,  0.0009856948071222,
  0.0011082506056060,  0.0010154973880963,
  0.0011093372389885,  0.0010416526235952,
  0.0011064400488949,  0.0010640666515581,
  0.0010995695111218,  0.0010826590468725,
  0.0010887503701930,  0.0010973631099512,
  0.0010740215502407,  0.0011081261060166,
  0.0010554360149656,  0.0011149094542282,
  0.0010330605771896,  0.0011176888659769,
  0.0010069756586697,  0.0011164544318522,
  0.0009772750010451,  0.0011112106569725,
  0.0009440653289576,  0.0011019764445464,
  0.0009074659665566,  0.0010887850277312,
  0.0008676084087558,  0.0010716838500279,
  0.0008246358487926,  0.0010507343946473,
  0.0007787026638002,  0.0010260119634675,
  0.0007299738602110,  0.0009976054063629,
  0.0006786244809968,  0.0009656168018857,
  0.0006248389768841,  0.0009301610904486,
  0.0005688105437942,  0.0008913656613254,
  0.0005107404288927,  0.0008493698949552,
  0.0004508372077278,  0.0008043246621846,
  0.0003893160350655,  0.0007563917822565,
  0.0003263978721351,  0.0007057434415087,
  0.0002623086930129,  0.0006525615748354,
  0.0001972786730166,  0.0005970372121499,
  0.0001315413620380,  0.0005393697922061,
  0.0000653328457682,  0.0004797664462313,
 -0.0000011091021644,  0.0004184412539517,
 -0.0000675458741154,  0.0003556144746655,
 -0.0001337388853218,  0.0002915117561416,
 -0.0001994504306784,  0.0002263633242039,
 -0.0002644445383631,  0.0001604031558673,
 -0.0003284878172265,  0.0000938681390139,
 -0.0003913502948855,  0.0000269972216436,
 -0.0004528062435241, -0.0000399694462583,
 -0.0005126349904505, -0.0001067913751681,
 -0.0005706217104790, -0.0001732285996698,
 -0.0006265581972811, -0.0002390425401805,
 -0.0006802436109716, -0.0003039968597077,
 -0.0007314851992319, -0.0003678583125405,
 -0.0007800989893650, -0.0004303975818118,
 -0.0008259104488122, -0.0004913901029406,
 -0.0008687551117549, -0.0005506168699893,
 -0.0009084791695620, -0.0006078652220566,
 -0.0009449400229515, -0.0006629296068655,
 -0.0009780067938753, -0.0007156123187912,
 -0.0010075607953150, -0.0007657242087156,
 -0.0010334959572920, -0.0008130853631459,
 -0.0010557192075523, -0.0008575257501420,
 -0.0010741508055700, -0.0008988858297508,
 -0.0010887246286678, -0.0009370171267482,
 -0.0010993884092315, -0.0009717827636435,
 -0.0011061039221622, -0.0010030579520211,
 -0.0011088471218942, -0.0010307304404493,
 -0.0011076082284926, -0.0010547009173704,
 -0.0011023917625192, -0.0010748833675157,
 -0.0010932165285419, -0.0010912053805592,
 -0.0010801155473472, -0.0011036084109101,
 -0.0010631359371040, -0.0011120479877095,
 -0.0010423387438992, -0.0011164938742812,
 -0.0010177987222589, -0.0011169301764596,
 -0.0009896040664542, -0.0011133553994103,
 -0.0009578560935382, -0.0011057824527401,
 -0.0009226688792621, -0.0010942386038781,
 -0.0008841688481839, -0.0010787653798963,
 -0.0008424943194391, -0.0010594184181247,
 -0.0007977950097955, -0.0010362672660927,
 -0.0007502314957887, -0.0010093951315212,
 -0.0006999746368844, -0.0009788985832719,
 -0.0006472049617073, -0.0009448872043124,
 -0.0005921120195545, -0.0009074831979486,
 -0.0005348936995357, -0.0008668209487496,
 -0.0004757555197725, -0.0008230465397323,
 -0.0004149098892178, -0.0007763172275475,
 -0.0003525753447302, -0.0007268008775403,
 -0.0002889757661585, -0.0006746753607238,
 -0.0002243395722764, -0.0006201279148517,
 -0.0001588989004083, -0.0005633544718461,
 -0.0000928887727127, -0.0005045589540121,
 -0.0000265462521333, -0.0004439525415811,
  0.0000398904089679, -0.0003817529141989,
  0.0001061826244290, -0.0003181834690920,
  0.0001720923311036, -0.0002534725187015,
  0.0002373828437779, -0.0001878524706841,
  0.0003018197051017, -0.0001215589932452,
  0.0003651715275259, -0.0000548301687528,
  0.0004272108242058,  0.0000120943613043,
  0.0004877148258669,  0.0000789742569312,
  0.0005464662807158,  0.0001455693427331,
  0.0006032542345349,  0.0002116404704292,
  0.0006578747881415,  0.0002769503776573,
  0.0007101318294809,  0.0003412645399683,
  0.0007598377377586,  0.0004043520129963,
  0.0008068140570721,  0.0004659862617598,
  0.0008508921371048,  0.0005259459741013,
  0.0008919137386003,  0.0005840158553600,
  0.0009297316014346,  0.0006399874014168,
  0.0009642099732585,  0.0006936596473513,
  0.0009952250968003,  0.0007448398890055,
  0.0010226656540738,  0.0007933443748526,
  0.0010464331659170,  0.0008389989657205,
  0.0010664423454206,  0.0008816397599869,
  0.0010826214039675,  0.0009211136819887,
  0.0010949123087945,  0.0009572790315465,
  0.0011032709911496,  0.0009900059926252,
  0.0011076675043004,  0.0010191770993156,
  0.0011080861308228,  0.0010446876574513,
  0.0011045254387895,  0.0010664461203462,
  0.0010969982866556,  0.0010843744173184,
  0.0010855317768253,  0.0010984082338158,
  0.0010701671580677,  0.0011084972421315,
  0.0010509596771328,  0.0011146052818866,
  0.0010279783800984,  0.0011167104896343,
  0.0010013058641637,  0.0011148053771175,
  0.0009710379807946,  0.0011088968579024,
  0.0009372834912652,  0.0010990062222923,
  0.0009001636758448,  0.0010851690606123,
  0.0008598118980378,  0.0010674351351427,
  0.0008163731254378,  0.0010458682011598,
  0.0007700034089208,  0.0010205457777319,
  0.0007208693220372,  0.0009915588690848,
  0.0006691473626264,  0.0009590116375470,
  0.0006150233188218,  0.0009230210292588,
  0.0005586916016858,  0.0008837163539683,
  0.0005003545468878,  0.0008412388204337,
  0.0004402216879459,  0.0007957410291096,
  0.0003785090036302,  0.0007473864239296,
  0.0003154381422379,  0.0006963487051625,
  0.0002512356255085,  0.0006428112054366,
  0.0001861320350572,  0.0005869662311858,
  0.0001203611842651,  0.0005290143719016,
  0.0000541592785553,  0.0004691637796316,
 -0.0000122359329087,  0.0004076294213304,
 -0.0000785860110409,  0.0003446323067602,
 -0.0001446526831179,  0.0002803986947020,
 -0.0002101986984455,  0.0002151592803352,
 -0.0002749886803543,  0.0001491483666860,
 -0.0003387899714443,  0.0000826030231392,
 -0.0004013734690281,  0.0000157622340539,
 -0.0004625144478152, -0.0000511339595065,
 -0.0005219933668656, -0.0001178453218272,
 -0.0005795966578985, -0.0001841322852647,
 -0.0006351174921386, -0.0002497568105558,
 -0.0006883565229570, -0.0003144832416352,
 -0.0007391226016250, -0.0003780791518749,
 -0.0007872334635981, -0.0004403161786888,
 -0.0008325163829001, -0.0005009708435506,
 -0.0008748087922457, -0.0005598253544611,
 -0.0009139588666585, -0.0006166683879664,
 -0.0009498260685058, -0.0006712958479383,
 -0.0009822816519865, -0.0007235115983813,
 -0.0010112091252700, -0.0007731281676531,
 -0.0010365046686175, -0.0008199674215504,
 -0.0010580775069811, -0.0008638612028372,
 -0.0010758502357576, -0.0009046519349474,
 -0.0010897590985253, -0.0009421931876840,
 -0.0010997542157559, -0.0009763502028689,
 -0.0011057997636906, -0.0010070003780716,
 -0.0011078741027364, -0.0010340337066734,
 -0.0011059698549233, -0.0010573531726965,
 -0.0011000939301415, -0.0010768750989699,
 -0.0010902675010731, -0.0010925294473833,
 -0.0010765259269000, -0.0011042600701610,
 -0.0010589186260694, -0.0011120249112507,
 -0.0010375088985713, -0.0011157961570994,
 -0.0010123736983716, -0.0011155603362801,
 -0.0009836033568094, -0.0011113183676128,
 -0.0009513012579598, -0.0011030855566047,
 -0.0009155834671404, -0.0010908915402299,
 -0.0008765783138716, -0.0010747801802399,
 -0.0008344259308019, -0.0010548094053936,
 -0.0007892777502593, -0.0010310510031736,
 -0.0007412959602309, -0.0010035903617374,
 -0.0006906529217314, -0.0009725261630330,
 -0.0006375305496376, -0.0009379700281736,
 -0.0005821196592279, -0.0009000461163531,
 -0.0005246192807904, -0.0008588906787565,
 -0.0004652359447218, -0.0008146515690401,
 -0.0004041829397030, -0.0007674877121532,
 -0.0003416795466280, -0.0007175685334170,
 -0.0002779502510245, -0.0006650733499035,
 -0.0002132239368022, -0.0006101907263057,
 -0.0001477330642062, -0.0005531177975989,
 -0.0000817128349483, -0.0004940595609394,
 -0.0000154003475283, -0.0004332281393632,
  0.0000509662542616, -0.0003708420198860,
  0.0001171486365769, -0.0003071252687606,
  0.0001829091314131, -0.0002423067267233,
  0.0002480115900934, -0.0001766191871099,
  0.0003122222312966, -0.0001102985597782,
  0.0003753104805639, -0.0000435830238583,
  0.0004370497982538,  0.0000232878276087,
  0.0004972184930126,  0.0000900738481167,
  0.0005556005178251,  0.0001565352001175,
  0.0006119862457672,  0.0002224332163050,
  0.0006661732226939,  0.0002875312566856,
  0.0007179668941515,  0.0003515955583490,
  0.0007671813039188,  0.0004143960749047,
  0.0008136397616529,  0.0004757073025516,
  0.0008571754772327,  0.0005353090897991,
  0.0008976321595543,  0.0005929874279741,
  0.0009348645776145,  0.0006485352196574,
  0.0009687390818562,  0.0007017530222751,
  0.0009991340839174,  0.0007524497641905,
  0.0010259404930553,  0.0008004434307186,
  0.0010490621076879,  0.0008455617176141,
  0.0010684159606380,  0.0008876426496697,
  0.0010839326168381,  0.0009265351621986,
  0.0010955564224412,  0.0009620996433375,
  0.0011032457044380,  0.0009942084352158,
  0.0011069729200587,  0.0010227462921769,
  0.0011067247554295,  0.0010476107944208,
  0.0011025021731301,  0.0010687127155778,
  0.0010943204084798,  0.0010859763429010,
  0.0010822089145669,  0.0010993397489193,
  0.0010662112562268,  0.0011087550135780,
  0.0010463849533384,  0.0011141883960762,
  0.0010228012740106,  0.0011156204557832,
  0.0009955449784001,  0.0011130461217951,
  0.0009647140140853,  0.0011064747108873,
  0.0009304191640793,  0.0010959298937978,
  0.0008927836487577,  0.0010814496099620,
  0.0008519426831414,  0.0010630859310140,
  0.0008080429911004,  0.0010409048735345,
  0.0007612422782339,  0.0010149861617228,
  0.0007117086653301,  0.0009854229408495,
  0.0006596200844309,  0.0009523214425161,
  0.0006051636396779,  0.0009158006029285,
  0.0005485349352198,  0.0008759916355452,
  0.0004899373726101,  0.0008330375596451,
  0.0004295814202365,  0.0007870926865229,
  0.0003676838573647,  0.0007383220651267,
  0.0003044669955290,  0.0006869008891435,
  0.0002401578800816,  0.0006330138676716,
  0.0001749874747516,  0.0005768545617307,
  0.0001091898321526,  0.0005186246889986,
  0.0000430012531987,  0.0004585333992572,
 -0.0000233405615347,  0.0003967965231650,
 -0.0000895973654370,  0.0003336357970720,
 -0.0001555312214587,  0.0002692780666193,
 -0.0002209053565834,  0.0002039544720012,
 -0.0002854850120917,  0.0001378996178313,
 -0.0003490382865760,  0.0000713507305829,
 -0.0004113369686925,  0.0000045468066155,
 -0.0004721573566411, -0.0000622722461352,
 -0.0005312810614160, -0.0001288664697020,
 -0.0005884957909842, -0.0001949967178189,
 -0.0006435961125579, -0.0002604255147269,
 -0.0006963841902088, -0.0003249179079526,
 -0.0007466704951911, -0.0003882423120135,
 -0.0007942744864170, -0.0004501713400137,
 -0.0008390252586535, -0.0005104826201586,
 -0.0008807621560982, -0.0005689595942408,
 -0.0009193353491247, -0.0006253922952136,
 -0.0009546063721526, -0.0006795781011020,
 -0.0009864486207008, -0.0007313224625256,
 -0.0010147478058285, -0.0007804396012074,
 -0.0010394023643430, -0.0008267531769748,
 -0.0010603238233000, -0.0008700969208527,
 -0.0010774371174909, -0.0009103152319867,
 -0.0010906808587737, -0.0009472637362404,
 -0.0011000075562776, -0.0009808098044535,
 -0.0011053837867022, -0.0010108330285259,
 -0.0011067903140946, -0.0010372256536078,
 -0.0011042221586736, -0.0010598929648346,
 -0.0010976886144571, -0.0010787536272273,
 -0.0010872132156289, -0.0010937399775418,
 -0.0010728336517659, -0.0011047982670121,
 -0.0010546016322391, -0.0011118888541186,
 -0.0010325827002640, -0.0011149863466932,
 -0.0010068559972747, -0.0011140796928537,
 -0.0009775139784713, -0.0011091722204336,
 -0.0009446620805601, -0.0011002816247738,
 -0.0009084183428825, -0.0010874399049185,
 -0.0008689129832871, -0.0010706932484430,
 -0.0008262879302735, -0.0010501018653301,
 -0.0007806963131073, -0.0010257397715004,
 -0.0007323019117040, -0.0009976945227599,
 -0.0006812785682732, -0.0009660669001282,
 -0.0006278095628462, -0.0009309705476816,
 -0.0005720869549190, -0.0008925315642084,
 -0.0005143108935829, -0.0008508880501479,
 -0.0004546888986047, -0.0008061896114287,
 -0.0003934351150538, -0.0007585968219999,
 -0.0003307695441714, -0.0007082806470013,
 -0.0002669172532020, -0.0006554218286102,
 -0.0002021075670427, -0.0006002102367867,
 -0.0001365732446293, -0.0005428441872597,
 -0.0000705496430005, -0.0004835297291929,
 -0.0000042738720518, -0.0004224799050950,
  0.0000620160570036, -0.0003599139856165,
  0.0001280820863914, -0.0002960566819984,
  0.0001936869666614, -0.0002311373390185,
  0.0002585951086776, -0.0001653891112905,
  0.0003225734296354, -0.0000990481258925,
  0.0003853921900482, -0.0000323526343484,
  0.0004468258187144,  0.0000344578430039,
  0.0005066537227123,  0.0001011433772001,
  0.0005646610794978,  0.0001674644922835,
  0.0006206396082467,  0.0002331830252742,
  0.0006743883177103,  0.0002980629814313,
  0.0007257142278835,  0.0003618713817165,
  0.0007744330628784,  0.0004243790994001,
  0.0008203699125316,  0.0004853616828218,
  0.0008633598603633,  0.0005446001613437,
  0.0009032485756445,  0.0006018818316181,
  0.0009398928674343,  0.0006570010213291,
  0.0009731611985915,  0.0007097598276530,
  0.0010029341579379,  0.0007599688278226,
  0.0010291048888703,  0.0008074477592296,
  0.0010515794728714,  0.0008520261666073,
  0.0010702772665533,  0.0008935440139861,
  0.0010851311910214,  0.0009318522592187,
  0.0010960879725241,  0.0009668133890212,
  0.0011031083335184,  0.0009983019125990,
  0.0011061671334689,  0.0010262048120803,
  0.0011052534588774,  0.0010504219481583,
  0.0011003706622216,  0.0010708664194808,
  0.0010915363496585,  0.0010874648744871,
  0.0010787823175435,  0.0011001577745800,
  0.0010621544379875,  0.0011088996076929,
  0.0010417124938686,  0.0011136590514776,
  0.0010175299638979,  0.0011144190855323,
  0.0009896937584987,  0.0011111770522676,
  0.0009583039074536,  0.0011039446661933,
  0.0009234732004481,  0.0010927479715920,
  0.0008853267817957,  0.0010776272487316,
  0.0008440017008059,  0.0010586368689594,
  0.0007996464194001,  0.0010358450991898,
  0.0007524202787515,  0.0010093338564951,
  0.0007024929268849,  0.0009791984136909,
  0.0006500437092546,  0.0009455470569543,
  0.0005952610245071,  0.0009085006967149,
  0.0005383416477520,  0.0008681924332207,
  0.0004794900237622,  0.0008247670783364,
  0.0004189175326462,  0.0007783806352931,
  0.0003568417306167,  0.0007291997382502,
  0.0002934855685967,  0.0006774010536897,
  0.0002290765914879,  0.0006231706458143,
  0.0001638461209345,  0.0005667033081887,
  0.0000980284245346,  0.0005082018640420,
  0.0000318598745001,  0.0004478764377568,
 -0.0000344219012265,  0.0003859437001531,
 -0.0001005788723629,  0.0003226260902630,
 -0.0001663734611025,  0.0002581510164091,
 -0.0002315693952676,  0.0001927500394746,
 -0.0002959325567812,  0.0001266580412517,
 -0.0003592318223912,  0.0000601123808769,
 -0.0004212398936131, -0.0000066479576035,
 -0.0004817341129247, -0.0000733832234916,
 -0.0005404972632778, -0.0001398537604294,
 -0.0005973183480686, -0.0002058208670500,
 -0.0006519933487511, -0.0002710476541785,
 -0.0007043259573597, -0.0003352998954881,
 -0.0007541282813470, -0.0003983468685999,
 -0.0008012215181919, -0.0004599621835896,
 -0.0008454365973408, -0.0005199245959066,
 -0.0008866147871912, -0.0005780188008054,
 -0.0009246082649340, -0.0006340362064289,
 -0.0009592806472179, -0.0006877756827809,
 -0.0009905074797188, -0.0007390442838848,
 -0.0010181766838526, -0.0007876579405218,
 -0.0010421889590465, -0.0008334421210965,
 -0.0010624581391183, -0.0008762324582433,
 -0.0010789115014744, -0.0009158753389087,
 -0.0010914900280268, -0.0009522284558077,
 -0.0011001486168896, -0.0009851613182654,
 -0.0011048562440985, -0.0010145557206229,
 -0.0011055960747690, -0.0010403061665118,
 -0.0011023655232981, -0.0010623202474736,
 -0.0010951762623938, -0.0010805189745791,
 -0.0010840541809009, -0.0010948370618535,
 -0.0010690392905747, -0.0011052231604804,
 -0.0010501855821407, -0.0011116400429527,
