timestep:         0.0063532800000000
yAxisLabel:deflection [m]       
title:bridge deflection 
ub_mid  ,       ub_quart
  0.0000000000000000,         0.0000000000000000
 -0.0000000000148866,        -0.0000000008230258
 -0.0000000002964813,        -0.0000000103993996
 -0.0000000026958938,        -0.0000000546340835
 -0.0000000149589991,        -0.0000001477312011
 -0.0000000575645238,        -0.0000001613785977
 -0.0000001684641912,         0.0000003310689793
 -0.0000004090059325,         0.0000020227306702
 -0.0000008796826204,         0.0000052994027240
 -0.0000016877523448,         0.0000089231305491
 -0.0000027671861985,         0.0000098727377186
 -0.0000037226784061,         0.0000064157077583
 -0.0000040694295639,        -0.0000004806868424
 -0.0000035521049383,        -0.0000108241636759
 -0.0000018612079122,        -0.0000252142733830
  0.0000015027972183,        -0.0000411830193239
  0.0000064918667991,        -0.0000574460403957
  0.0000128561988956,        -0.0000757298537799
  0.0000217795572804,        -0.0000960518421402
  0.0000347801115276,        -0.0001188114377715
  0.0000508857550464,        -0.0001449640925615
  0.0000680506534319,        -0.0001733926858443
  0.0000860112950933,        -0.0002042384931985
  0.0001044873418198,        -0.0002372480874844
  0.0001217343207184,        -0.0002713467544360
  0.0001373796820456,        -0.0003074279752606
  0.0001526400447635,        -0.0003456651961038
  0.0001674335166795,        -0.0003863405689585
  0.0001813683677701,        -0.0004293513980158
  0.0001952867756746,        -0.0004737427302594
  0.0002092747381368,        -0.0005199251544096
  0.0002228865833457,        -0.0005676137980918
  0.0002363699219512,        -0.0006172652262838
  0.0002492563259044,        -0.0006691172229567
  0.0002612634244704,        -0.0007224801847662
  0.0002729224869373,        -0.0007777483160326
  0.0002838125672317,        -0.0008339207211776
  0.0002939236759823,        -0.0008906557955177
  0.0003037600962933,        -0.0009479986895494
  0.0003128608177943,        -0.0010059745483255
  0.0003214275849345,        -0.0010655194893348
  0.0003299783466324,        -0.0011262125167416
  0.0003383133582092,        -0.0011882374607859
  0.0003460974548571,        -0.0012508915661126
  0.0003528885988677,        -0.0013133638683878
  0.0003588311403103,        -0.0013763429766862
  0.0003637603856780,        -0.0014396487482068
  0.0003669489448838,        -0.0015034129702205
  0.0003686012521397,        -0.0015673077274592
  0.0003691819483725,        -0.0016311753350940
  0.0003687539737775,        -0.0016955783319377
  0.0003668843568417,        -0.0017602705024465
  0.0003641972322737,        -0.0018248611411964
  0.0003623709898500,        -0.0018897504427531
  0.0003612935780461,        -0.0019553565292706
  0.0003608119239017,        -0.0020213867784292
  0.0003615379353102,        -0.0020880859228037
  0.0003635187237872,        -0.0021559505789537
  0.0003668084764325,        -0.0022254589072796
  0.0003711282548063,        -0.0022965692629152
  0.0003770961271440,        -0.0023691517833205
  0.0003849320646834,        -0.0024435428073797
  0.0003930111481647,        -0.0025198699210926
  0.0004006465032990,        -0.0025978414989158
  0.0004080556197614,        -0.0026760302738024
  0.0004153294543865,        -0.0027532828598383
  0.0004219820750905,        -0.0028290292659266
  0.0004280905259571,        -0.0029028683744736
  0.0004348591010295,        -0.0029743725288198
  0.0004421881078774,        -0.0030432298774745
  0.0004497285015632,        -0.0031097750985444
  0.0004577681683470,        -0.0031739216012694
  0.0004662233622955,        -0.0032353027939217
  0.0004741664495222,        -0.0032940112538416
  0.0004804531877412,        -0.0033503544740881
  0.0004852933571664,        -0.0034049388638107
  0.0004890108209346,        -0.0034588816712343
  0.0004920047021328,        -0.0035121131078598
  0.0004946755309950,        -0.0035644891346575
  0.0004972923087770,        -0.0036163760900488
  0.0005006677238263,        -0.0036669929425058
  0.0005041284784521,        -0.0037148365839715
  0.0005072128383709,        -0.0037592964272095
  0.0005105857328569,        -0.0038010378815189
  0.0005140945899292,        -0.0038393607247832
  0.0005172843513177,        -0.0038741975738380
  0.0005194762093304,        -0.0039066471372895
  0.0005203095785222,        -0.0039363533648878
  0.0005195510755875,        -0.0039629152108831
  0.0005169406408067,        -0.0039865098574024
  0.0005127290509986,        -0.0040067840163968
  0.0005071988501253,        -0.0040237538381253
  0.0005001873356840,        -0.0040380060626228
  0.0004911319744663,        -0.0040496236251263
  0.0004805742449691,        -0.0040590476738550
  0.0004695667378201,        -0.0040658945703926
  0.0004579624208589,        -0.0040700172490810
  0.0004457944066799,        -0.0040716948431520
  0.0004341736739954,        -0.0040705216109832
  0.0004231622574085,        -0.0040662963424901
  0.0004120108332327,        -0.0040581359101390
  0.0004012791630570,        -0.0040462572990928
  0.0003913730537678,        -0.0040335999049146
  0.0003821410243892,        -0.0040238919124078
  0.0003736815734321,        -0.0040187412572084
  0.0003661329759032,        -0.0040181081341617
  0.0003599069219645,        -0.0040217591121000
  0.0003550160008970,        -0.0040282477129775
  0.0003512069560904,        -0.0040348544836663
  0.0003489556862898,        -0.0040403995092476
  0.0003494552877280,        -0.0040463813730376
  0.0003541903345053,        -0.0040548197564351
  0.0003640116673495,        -0.0040668615219334
  0.0003776536850146,        -0.0040827811968049
  0.0003931303902734,        -0.0041025149793483
  0.0004091485023700,        -0.0041252140752238
  0.0004240001404500,        -0.0041499188960510
  0.0004369133828566,        -0.0041763261869018
  0.0004487742710767,        -0.0042050219159265
  0.0004609685517993,        -0.0042378012556655
  0.0004748634328265,        -0.0042751164218381
  0.0004912124727393,        -0.0043159322749348
  0.0005099167854733,        -0.0043604535753614
  0.0005301666654955,        -0.0044086564152914
  0.0005511617722482,        -0.0044606683242078
  0.0005721315576419,        -0.0045171325845040
  0.0005920752037102,        -0.0045775430025528
  0.0006103531413765,        -0.0046416819194290
  0.0006264934266702,        -0.0047090084358854
  0.0006404253514720,        -0.0047784734949971
  0.0006525507853671,        -0.0048491242064593
  0.0006626124239451,        -0.0049207626448917
  0.0006707933110767,        -0.0049940726924734
  0.0006776001434153,        -0.0050689737583641
  0.0006826634192151,        -0.0051449043622368
  0.0006854748786968,        -0.0052212879860802
  0.0006854751862249,        -0.0052975732724958
  0.0006829800962294,        -0.0053741469945721
  0.0006781991485423,        -0.0054520017984499
  0.0006704945346538,        -0.0055321423353062
  0.0006601676182342,        -0.0056154587843893
  0.0006477975599430,        -0.0057020287125101
  0.0006334596636493,        -0.0057916710285342
  0.0006170420461529,        -0.0058838681487593
  0.0005988939648749,        -0.0059779792987899
  0.0005803217763280,        -0.0060742242403906
  0.0005624326928730,        -0.0061730895634765
  0.0005454180050155,        -0.0062745440463452
  0.0005295405128486,        -0.0063784208749687
  0.0005153389810797,        -0.0064845813196742
  0.0005032042932537,        -0.0065932035208618
  0.0004926981524783,        -0.0067044475729784
  0.0004831589438608,        -0.0068183147099496
  0.0004745704045286,        -0.0069354760713717
  0.0004660927707784,        -0.0070564483630608
  0.0004564906885793,        -0.0071814336864580
  0.0004450416375729,        -0.0073094893386121
  0.0004319003367463,        -0.0074386148529218
  0.0004175162959277,        -0.0075676304460709
  0.0004021644582702,        -0.0076962616061997
  0.0003874080958556,        -0.0078238871538732
  0.0003747409108555,        -0.0079495764263054
  0.0003646306171802,        -0.0080732543784691
  0.0003572162083589,        -0.0081948666249682
  0.0003521719206295,        -0.0083134718792459
  0.0003483771956080,        -0.0084284253256074
  0.0003442089391072,        -0.0085397910855801
  0.0003390486552084,        -0.0086480670087182
  0.0003330066128680,        -0.0087547126341915
  0.0003259190297510,        -0.0088607252408584
  0.0003180500875269,        -0.0089660428318167
  0.0003102316557161,        -0.0090704699076082
  0.0003033002229011,        -0.0091731091750938
  0.0002972065058675,        -0.0092715633604879
  0.0002911957946002,        -0.0093634445423096
  0.0002851798418317,        -0.0094483365854393
  0.0002788325178920,        -0.0095262781700505
  0.0002714127184959,        -0.0095971419052745
  0.0002623947048227,        -0.0096617684750683
  0.0002515711749861,        -0.0097208185626327
  0.0002390453287156,        -0.0097742141515180
  0.0002243961306862,        -0.0098219813526950
  0.0002075911292294,        -0.0098636811051413
  0.0001891861840125,        -0.0098989564411410
  0.0001692433214799,        -0.0099281520105360
  0.0001473957978796,        -0.0099514935558023
  0.0001238238912700,        -0.0099695268213542
  0.0000992911874147,        -0.0099825705018557
  0.0000738949296971,        -0.0099906457083150
  0.0000475343511065,        -0.0099940822263631
  0.0000210161212993,        -0.0099925634170544
 -0.0000052118064996,        -0.0099856660508260
 -0.0000317385228887,        -0.0099729138897761
 -0.0000589526912738,        -0.0099538261243400
 -0.0000869108805956,        -0.0099285283329339
 -0.0001155153663076,        -0.0098973533622055
 -0.0001450176008207,        -0.0098613118749761
 -0.0001756316110322,        -0.0098219418378020
 -0.0002070414098354,        -0.0097803287248940
 -0.0002394734900630,        -0.0097369741103184
 -0.0002734811359514,        -0.0096912587624514
 -0.0003086506839187,        -0.0096418818661342
 -0.0003435703493934,        -0.0095885616729978
 -0.0003772603220187,        -0.0095323166141377
 -0.0004091298484611,        -0.0094749283831003
 -0.0004386197059089,        -0.0094183917607174
 -0.0004657223509870,        -0.0093640564315913
 -0.0004911091204610,        -0.0093120436193674
 -0.0005160069000271,        -0.0092618941270010
 -0.0005409122071810,        -0.0092126582087196
 -0.0005653071838252,        -0.0091636641241459
 -0.0005884304358717,        -0.0091154041209850
 -0.0006089139890960,        -0.0090684143910791
 -0.0006254600562601,        -0.0090228108742936
 -0.0006378446278994,        -0.0089785264755416
 -0.0006469544129501,        -0.0089355741251164
 -0.0006542323514829,        -0.0088941097521319
 -0.0006608692005922,        -0.0088541810844875
 -0.0006682102859224,        -0.0088160055319161
 -0.0006773003429161,        -0.0087799929126364
 -0.0006886089467521,        -0.0087461988714078
 -0.0007024466257193,        -0.0087145612443838
 -0.0007187915273665,        -0.0086848874173212
 -0.0007376109684470,        -0.0086565221389797
 -0.0007583944210705,        -0.0086291201413605
 -0.0007804251937123,        -0.0086026041545458
 -0.0008036640814859,        -0.0085761058839351
 -0.0008284376495167,        -0.0085488292474360
 -0.0008549522485111,        -0.0085206203427417
 -0.0008830577702786,        -0.0084917508229322
 -0.0009126617678643,        -0.0084631192870419
 -0.0009437591960455,        -0.0084358451130360
 -0.0009761072013754,        -0.0084113503156867
 -0.0010097814069330,        -0.0083907445504175
 -0.0010453463348136,        -0.0083740823827454
 -0.0010834606261867,        -0.0083604553391816
 -0.0011244411582595,        -0.0083485772486113
 -0.0011682594849085,        -0.0083382054225094
 -0.0012146610678588,        -0.0083299115177297
 -0.0012629042157158,        -0.0083238740151415
 -0.0013120828407925,        -0.0083202417272578
 -0.0013614981051674,        -0.0083187084721792
 -0.0014105088364830,        -0.0083182474674577
 -0.0014587597798855,        -0.0083178377257469
 -0.0015067432661060,        -0.0083171988765572
 -0.0015552845641741,        -0.0083173693462564
 -0.0016047886448378,        -0.0083196938430757
 -0.0016550245405987,        -0.0083251703747197
 -0.0017058564756760,        -0.0083342368495444
 -0.0017575010984583,        -0.0083467478369960
 -0.0018096823851303,        -0.0083625286706644
 -0.0018619019781313,        -0.0083815699120748
 -0.0019133898033825,        -0.0084039425934569
 -0.0019629943870793,        -0.0084292136393083
 -0.0020096581121695,        -0.0084566492329039
 -0.0020527457738658,        -0.0084855261023928
 -0.0020925032786988,        -0.0085145550670558
 -0.0021298048827954,        -0.0085424437926528
 -0.0021654313264114,        -0.0085686685820981
 -0.0021999448223376,        -0.0085933165001922
 -0.0022337170036596,        -0.0086168553016458
 -0.0022671827490828,        -0.0086399322436270
 -0.0023006556792200,        -0.0086631117745279
 -0.0023339296692232,        -0.0086864172928552
 -0.0023664549968056,        -0.0087093102525658
 -0.0023973788609723,        -0.0087307942046379
 -0.0024261886404086,        -0.0087496819416438
 -0.0024526858285562,        -0.0087654870471371
 -0.0024769429109170,        -0.0087784755871882
 -0.0024996367925847,        -0.0087891173719622
 -0.0025215006153151,        -0.0087978660016507
 -0.0025427197725871,        -0.0088049775617421
 -0.0025629645711194,        -0.0088104408996845
 -0.0025822005407690,        -0.0088141665576017
 -0.0026008692657705,        -0.0088158346747309
 -0.0026194385188089,        -0.0088147747085833
 -0.0026380458100286,        -0.0088101637849100
 -0.0026567054631552,        -0.0088014300477759
 -0.0026754890943965,        -0.0087884081856163
 -0.0026944510899546,        -0.0087709490524140
 -0.0027139601762755,        -0.0087492971354400
 -0.0027346840687313,        -0.0087242089029273
 -0.0027570944514158,        -0.0086957644728049
 -0.0027815167492251,        -0.0086632064777555
 -0.0028084996114450,        -0.0086255980336875
 -0.0028386297319444,        -0.0085822936622324
 -0.0028722867196599,        -0.0085332245248164
 -0.0029093838344576,        -0.0084783507477006
 -0.0029494465355956,        -0.0084177879213186
 -0.0029917752234128,        -0.0083522125126747
 -0.0030355050608315,        -0.0082824064129172
 -0.0030802876043925,        -0.0082087902774073
 -0.0031263107075583,        -0.0081312301736139
 -0.0031735582812411,        -0.0080494238894693
 -0.0032215540771749,        -0.0079631622940983
 -0.0032696482999289,        -0.0078722490351034
 -0.0033173579100220,        -0.0077769649611582
 -0.0033644256520344,        -0.0076786923256251
 -0.0034109053396425,        -0.0075795144115420
 -0.0034572014737632,        -0.0074810806246076
 -0.0035041799569578,        -0.0073839813076781
 -0.0035526710057776,        -0.0072878775687617
 -0.0036028347917016,        -0.0071920079903300
 -0.0036545326067370,        -0.0070954541006573
 -0.0037072699389356,        -0.0069973632791530
 -0.0037600148922516,        -0.0068973983137054
 -0.0038116014496450,        -0.0067956615693843
 -0.0038612507911982,        -0.0066924509257451
 -0.0039086986607537,        -0.0065881393157041
 -0.0039540854488496,        -0.0064830215450996
 -0.0039981543867285,        -0.0063774943607051
 -0.0040417891845688,        -0.0062722345014620
 -0.0040854513212399,        -0.0061678689586098
 -0.0041293464271992,        -0.0060648408671812
 -0.0041735399497933,        -0.0059636138436451
 -0.0042180041393353,        -0.0058643522512267
 -0.0042625521794521,        -0.0057670090307735
 -0.0043066903740803,        -0.0056714740900694
 -0.0043499153960976,        -0.0055772400692399
 -0.0043919642260997,        -0.0054836086794528
 -0.0044328245035524,        -0.0053898140468860
 -0.0044728377615594,        -0.0052950769083936
 -0.0045126645678376,        -0.0051988730710562
 -0.0045529491670523,        -0.0051010764310287
 -0.0045938136794075,        -0.0050021348546408
 -0.0046351742545892,        -0.0049028104022140
 -0.0046775007397109,        -0.0048037823137730
 -0.0047216130684817,        -0.0047054750745586
 -0.0047680215266352,        -0.0046078319748214
 -0.0048169194276147,        -0.0045107545934093
 -0.0048684023544470,        -0.0044145695397987
 -0.0049219430670772,        -0.0043196447101776
 -0.0049763506676772,        -0.0042264822932280
 -0.0050305414340928,        -0.0041355834660034
 -0.0050837718818164,        -0.0040468532703867
 -0.0051354945547788,        -0.0039595944229018
 -0.0051854274714951,        -0.0038728140851476
 -0.0052336807821613,        -0.0037861056214905
 -0.0052806088600186,        -0.0037000270378174
 -0.0053264408915011,        -0.0036154966296207
 -0.0053713573779941,        -0.0035332929874234
 -0.0054157802708511,        -0.0034537380724222
 -0.0054599894757477,        -0.0033766362126060
 -0.0055039512280744,        -0.0033014977098049
 -0.0055474787872274,        -0.0032279092231832
 -0.0055902769740915,        -0.0031559214861073
 -0.0056318976712574,        -0.0030860501691675
 -0.0056715835850769,        -0.0030187595014229
 -0.0057087758482548,        -0.0029539484633226
 -0.0057434682862190,        -0.0028911287046924
 -0.0057758376734442,        -0.0028298581202700
 -0.0058062834263503,        -0.0027700395352433
 -0.0058354663306398,        -0.0027120164353426
 -0.0058637500237058,        -0.0026562986543729
 -0.0058908766584699,        -0.0026034202567303
 -0.0059161639815842,        -0.0025537822319331
 -0.0059388876580684,        -0.0025073114686057
 -0.0059582651012585,        -0.0024636034529289
 -0.0059734390132455,        -0.0024224200886663
 -0.0059837784468533,        -0.0023838771211500
 -0.0059890420483332,        -0.0023483260977451
 -0.0059893453497800,        -0.0023160722542442
 -0.0059852973543672,        -0.0022872667352092
 -0.0059779780543569,        -0.0022619518950832
 -0.0059685829399982,        -0.0022401222725862
 -0.0059578984168512,        -0.0022218404416404
 -0.0059462469538346,        -0.0022070903759452
 -0.0059338170526150,        -0.0021956085707574
 -0.0059205554818342,        -0.0021867745236323
 -0.0059063475872326,        -0.0021795209649735
 -0.0058912537729490,        -0.0021727303917225
 -0.0058754660205431,        -0.0021655225563215
 -0.0058591550001080,        -0.0021574384495001
 -0.0058422911932296,        -0.0021486490371110
 -0.0058249641496324,        -0.0021396131789718
 -0.0058077325793251,        -0.0021307180184630
 -0.0057913928026180,        -0.0021221228860821
 -0.0057765855350407,        -0.0021136800817804
 -0.0057637311175290,        -0.0021050235462712
 -0.0057530299686147,        -0.0020957158499008
 -0.0057444480016583,        -0.0020855364768112
 -0.0057379038010944,        -0.0020746441522793
 -0.0057334888081279,        -0.0020632787897486
 -0.0057314517573317,        -0.0020512412825345
 -0.0057319693297781,        -0.0020375941856267
 -0.0057349884201177,        -0.0020210175133894
 -0.0057403252021744,        -0.0020003906130553
 -0.0057477681056481,        -0.0019749538251819
 -0.0057570549893615,        -0.0019443917345789
 -0.0057679360924217,        -0.0019089719551085
 -0.0057802759899973,        -0.0018694204386381
 -0.0057941096192988,        -0.0018267400666014
 -0.0058098378165738,        -0.0017819880322810
 -0.0058281654574813,        -0.0017359734744758
 -0.0058496608667328,        -0.0016892057875220
 -0.0058744859016427,        -0.0016418690336125
 -0.0059022415324428,        -0.0015937657870956
 -0.0059319173376574,        -0.0015444782654828
 -0.0059621507915441,        -0.0014936874292054
 -0.0059916118815649,        -0.0014414339561196
 -0.0060192297674631,        -0.0013878847671419
 -0.0060444234912371,        -0.0013330905492852
 -0.0060671941035974,        -0.0012770144863694
 -0.0060879348196650,        -0.0012195592374902
 -0.0061072416798422,        -0.0011607181680992
 -0.0061258845686949,        -0.0011005836963290
 -0.0061445600334109,        -0.0010393494706704
 -0.0061634340839507,        -0.0009773397905335
 -0.0061821831579445,        -0.0009149383358361
 -0.0062003119130120,        -0.0008522328475205
 -0.0062173942315721,        -0.0007888188851140
 -0.0062332594033597,        -0.0007241898639578
 -0.0062479567936325,        -0.0006578951693510
 -0.0062615546384354,        -0.0005894434511397
 -0.0062739743342547,        -0.0005183090899127
 -0.0062849993188219,        -0.0004441587830385
 -0.0062943635049667,        -0.0003672108210028
 -0.0063017686593611,        -0.0002881038904444
 -0.0063070585655092,        -0.0002074449178624
 -0.0063103812552958,        -0.0001256187956060
 -0.0063120163037369,        -0.0000428312321246
 -0.0063123102503273,         0.0000409124608484
 -0.0063117344516007,         0.0001257327569150
 -0.0063106457804823,         0.0002116368299625
 -0.0063089208214372,         0.0002983370657213
 -0.0063059188587674,         0.0003853798730218
 -0.0063009142073345,         0.0004724671624407
 -0.0062935637446735,         0.0005594928394593
 -0.0062840382304248,         0.0006465785687991
 -0.0062728653852667,         0.0007340676530189
 -0.0062607283942142,         0.0008223316226597
 -0.0062483164269367,         0.0009116603792559
 -0.0062361394003602,         0.0010021089202644
 -0.0062245206761090,         0.0010934525165994
 -0.0062136348708162,         0.0011854092237990
 -0.0062034546838881,         0.0012778901962548
 -0.0061937549301509,         0.0013711664713478
 -0.0061840800780711,         0.0014656128244788
 -0.0061737694008077,         0.0015612602307019
 -0.0061620583669092,         0.0016577523334319
 -0.0061483707539232,         0.0017545086285744
 -0.0061326358965089,         0.0018508908833361
 -0.0061150697540942,         0.0019463614023677
 -0.0060959774756622,         0.0020406328853808
 -0.0060758978045313,         0.0021334785233468
 -0.0060554257449022,         0.0022244318788862
 -0.0060348950099357,         0.0023128999449346
 -0.0060143000667401,         0.0023983789391990
 -0.0059934880008810,         0.0024807376145158
 -0.0059721309477177,         0.0025603678811553
 -0.0059495789469879,         0.0026379163578616
 -0.0059251568632508,         0.0027138212443824
 -0.0058985734446061,         0.0027880227284998
 -0.0058697808220879,         0.0028601861879656
 -0.0058387975365862,         0.0029299127577600
 -0.0058057972561410,         0.0029967667675614
 -0.0057711974726748,         0.0030602753256691
 -0.0057355501526438,         0.0031197388456316
 -0.0056992814506125,         0.0031742486614322
 -0.0056625319290851,         0.0032228898648239
 -0.0056250730462607,         0.0032649203824158
 -0.0055864378611275,         0.0033001855540523
 -0.0055461626343357,         0.0033293714301642
 -0.0055039982571853,         0.0033536331559780
 -0.0054599474590277,         0.0033739745767429
 -0.0054139997651399,         0.0033909045334405
 -0.0053660279380574,         0.0034044984163985
 -0.0053160765175585,         0.0034145478379778
 -0.0052645171807456,         0.0034207597029886
 -0.0052119449035290,         0.0034231455430370
 -0.0051591685123260,         0.0034222237310340
 -0.0051071692508999,         0.0034187468134276
 -0.0050567894876669,         0.0034132245635077
 -0.0050085275900314,         0.0034056196335200
 -0.0049626794002692,         0.0033954851315413
 -0.0049194487763264,         0.0033824185693993
 -0.0048789081940962,         0.0033664041832362
 -0.0048409956543251,         0.0033479670867125
 -0.0048055844708261,         0.0033281242674637
 -0.0047724890222230,         0.0033080924755618
 -0.0047413198588472,         0.0032888271497197
 -0.0047115351464317,         0.0032707054997461
 -0.0046826819010919,         0.0032536441134198
 -0.0046545378987254,         0.0032373941670006
 -0.0046271179581174,         0.0032216746482133
 -0.0046006231761870,         0.0032061170152341
 -0.0045754204606292,         0.0031902485591452
 -0.0045519104034672,         0.0031736091740750
 -0.0045303245749568,         0.0031559255506427
 -0.0045106236782462,         0.0031372639826215
 -0.0044925027898168,         0.0031180679094055
 -0.0044754158456377,         0.0030989694428648
 -0.0044586425716370,         0.0030805375444299
 -0.0044415992716155,         0.0030631088669983
 -0.0044240318090677,         0.0030467130064031
 -0.0044058915965078,         0.0030312663077881
 -0.0043873487354118,         0.0030167427535821
 -0.0043688901117049,         0.0030031955037690
 -0.0043511228948936,         0.0029907704100989
 -0.0043343646843419,         0.0029795731575694
 -0.0043183986093056,         0.0029695305572705
 -0.0043025808224166,         0.0029604624940031
 -0.0042860864566088,         0.0029522784486643
 -0.0042681370005155,         0.0029450245585120
 -0.0042482251702684,         0.0029388003646758
 -0.0042261751545181,         0.0029337958587297
 -0.0042019161687260,         0.0029302963118668
 -0.0041752553904101,         0.0029284646242197
 -0.0041459703608309,         0.0029281863012920
 -0.0041139954182924,         0.0029291383785699
 -0.0040794035267633,         0.0029309816421695
 -0.0040423788866664,         0.0029336140070033
 -0.0040032365458904,         0.0029372390177261
 -0.0039624149547080,         0.0029422463163897
 -0.0039203245556507,         0.0029491352776504
 -0.0038771651960898,         0.0029584388580627
 -0.0038329237714942,         0.0029704692728804
 -0.0037873763425630,         0.0029852052902652
 -0.0037401263475901,         0.0030024813938360
 -0.0036908083863085,         0.0030220654357261
 -0.0036393364809146,         0.0030436587962455
 -0.0035859614269953,         0.0030669446405865
 -0.0035311640754486,         0.0030916531175860
 -0.0034756184584729,         0.0031176244381851
 -0.0034200335504876,         0.0031447911161036
 -0.0033648592581126,         0.0031730330793552
 -0.0033102372252793,         0.0032020936730709
 -0.0032561649275824,         0.0032317095892134
 -0.0032026018015893,         0.0032618309743807
 -0.0031494620445535,         0.0032927356119849
 -0.0030965897184091,         0.0033250124165237
 -0.0030438356042830,         0.0033595130707291
 -0.0029911336099354,         0.0033971501393560
 -0.0029385971647996,         0.0034385610058670
 -0.0028865668330173,         0.0034838301256258
 -0.0028355000000036,         0.0035325451976343
 -0.0027859191019229,         0.0035840740699502
 -0.0027383854738457,         0.0036377344884440
 -0.0026934372861866,         0.0036929139131469
 -0.0026515441078271,         0.0037491580528819
 -0.0026130466099568,         0.0038062166484250
 -0.0025780616705424,         0.0038640093508301
 -0.0025463522814817,         0.0039225263493743
 -0.0025172934637777,         0.0039817314570920
 -0.0024899867211081,         0.0040415014933357
 -0.0024634815375657,         0.0041016041543769
 -0.0024369951890583,         0.0041617017303696
 -0.0024100511734529,         0.0042213923144454
 -0.0023825844943683,         0.0042802811121095
 -0.0023549557643380,         0.0043379871991441
 -0.0023277748126663,         0.0043940062038776
 -0.0023015897666964,         0.0044476132331376
 -0.0022766586081695,         0.0044978880395289
 -0.0022529253822515,         0.0045439003578401
 -0.0022300791433470,         0.0045850563855631
 -0.0022076776747172,         0.0046213144658847
 -0.0021852840168488,         0.0046531053530067
 -0.0021625369137481,         0.0046810618604483
 -0.0021392366356944,         0.0047057399581795
 -0.0021153795062423,         0.0047273755628718
 -0.0020910492640174,         0.0047458138248837
 -0.0020663235647078,         0.0047607918154978
 -0.0020413155400078,         0.0047722914151799
 -0.0020162419992592,         0.0047806005009126
 -0.0019913345398786,         0.0047861058158343
 -0.0019667187634682,         0.0047889511898403
 -0.0019423940618892,         0.0047888241812741
 -0.0019182444097951,         0.0047850859463190
 -0.0018941120134965,         0.0047770785858327
 -0.0018699155497455,         0.0047644171233125
 -0.0018457251133025,         0.0047471783439563
 -0.0018217337846647,         0.0047258967391289
 -0.0017980714473715,         0.0047012950118374
 -0.0017746711904783,         0.0046739385052603
 -0.0017513814390246,         0.0046441116513489
 -0.0017281425111184,         0.0046119110255343
 -0.0017050772028953,         0.0045774016073043
 -0.0016824965951080,         0.0045407098032612
 -0.0016608682968634,         0.0045020022088570
 -0.0016407405400841,         0.0044614350754253
 -0.0016225579032570,         0.0044191504023637
 -0.0016064690911045,         0.0043752975865644
 -0.0015922880705574,         0.0043300692087971
 -0.0015795757449120,         0.0042837539715358
 -0.0015677024959124,         0.0042367641688855
 -0.0015559511508604,         0.0041894886658415
 -0.0015436884559376,         0.0041420076664117
 -0.0015305213509720,         0.0040939617291679
 -0.0015164034203579,         0.0040447318355575
 -0.0015016803608299,         0.0039937987632230
 -0.0014869819919414,         0.0039409880234091
 -0.0014728966499040,         0.0038864943985478
 -0.0014596602243762,         0.0038307993997271
 -0.0014471211966925,         0.0037744463389762
 -0.0014348613304958,         0.0037177801451548
 -0.0014222533524547,         0.0036609195140497
 -0.0014086164260689,         0.0036039396633725
 -0.0013935241123726,         0.0035471007422695
 -0.0013769668865057,         0.0034908665596070
 -0.0013592558114414,         0.0034356482382711
 -0.0013408202301382,         0.0033815853140242
 -0.0013220346418955,         0.0033285260152625
 -0.0013030639053626,         0.0032761053776837
 -0.0012838378122072,         0.0032238805337813
 -0.0012641951476249,         0.0031714748883807
 -0.0012440717698454,         0.0031186829072869
 -0.0012235017189191,         0.0030655001022791
 -0.0012023963706699,         0.0030120664661114
 -0.0011804268977551,         0.0029586195182931
 -0.0011570701877416,         0.0029054793150886
 -0.0011317037011302,         0.0028530330487068
 -0.0011037452399186,         0.0028016552993142
 -0.0010727927369510,         0.0027515741666278
 -0.0010386593124903,         0.0027027858634318
 -0.0010013245507550,         0.0026550875828302
 -0.0009610038614928,         0.0026081722555434
 -0.0009182726733242,         0.0025617210887682
 -0.0008739948126782,         0.0025155074908081
 -0.0008291442545073,         0.0024694486707089
 -0.0007846431115866,         0.0024235965180128
 -0.0007411856899435,         0.0023781188030171
 -0.0006990989147221,         0.0023332653363122
 -0.0006583552410477,         0.0022893418430564
 -0.0006187891160290,         0.0022467696393858
 -0.0005802768753645,         0.0022061576124491
 -0.0005427514270637,         0.0021682564798100
 -0.0005061924764363,         0.0021338071412213
 -0.0004706659514145,         0.0021033326723608
 -0.0004363902074368,         0.0020769723226611
 -0.0004037280608958,         0.0020544588992856
 -0.0003731467842672,         0.0020352843151506
 -0.0003451779824808,         0.0020189714177361
 -0.0003202819159666,         0.0020052750221807
 -0.0002986795294204,         0.0019942061099539
 -0.0002803265812069,         0.0019858387469615
 -0.0002650172478753,         0.0019800829001051
 -0.0002523866209337,         0.0019767336623568
 -0.0002418738383031,         0.0019756706238005
 -0.0002328541365253,         0.0019769594261965
 -0.0002248722259991,         0.0019808323610931
 -0.0002178254171956,         0.0019875647125894
 -0.0002120148333561,         0.0019973675980193
 -0.0002080268253095,         0.0020102686507657
 -0.0002064620355388,         0.0020260021436010
 -0.0002076684432743,         0.0020440294082317
 -0.0002116653978770,         0.0020636370116588
 -0.0002182184384771,         0.0020840968515510
 -0.0002269030756138,         0.0021048010344213
 -0.0002371561772474,         0.0021253379009263
 -0.0002483476102229,         0.0021455261821076
 -0.0002598606858626,         0.0021653408313941
 -0.0002711924218051,         0.0021847281506005
 -0.0002819912049539,         0.0022034172418642
 -0.0002920401462480,         0.0022209125818836
 -0.0003012474108431,         0.0022366595207010
 -0.0003095891459946,         0.0022502123037888
 -0.0003170294507810,         0.0022613564881812
 -0.0003234976626179,         0.0022701787230706
 -0.0003289331327899,         0.0022770068853205
 -0.0003333279892308,         0.0022822247612210
 -0.0003367055395838,         0.0022861047837001
 -0.0003390683151525,         0.0022887767931838
 -0.0003403662913322,         0.0022903045912841
 -0.0003405087671833,         0.0022907664632100
 -0.0003394226321936,         0.0022902379169179
 -0.0003370875471122,         0.0022886928929415
 -0.0003335165409688,         0.0022859770109998
 -0.0003287371722642,         0.0022818708790952
 -0.0003228293542654,         0.0022761547910976
 -0.0003160079373076,         0.0022686423310947
 -0.0003086349123430,         0.0022591712827961
 -0.0003011359295151,         0.0022475845956019
 -0.0002938622564927,         0.0022337310504179
 -0.0002869192140309,         0.0022174845611041
 -0.0002800839356869,         0.0021987927873019
 -0.0002728974845685,         0.0021777373055956
 -0.0002648424434163,         0.0021545858765347
 -0.0002554885250725,         0.0021297981574419
 -0.0002445634874843,         0.0021039061956934
 -0.0002319888111435,         0.0020772961685779
 -0.0002179380174007,         0.0020500126777998
 -0.0002028770712964,         0.0020217168291900
 -0.0001875136073568,         0.0019918505368984
 -0.0001726639922914,         0.0019598968339865
 -0.0001590749504503,         0.0019256333527343
 -0.0001472277618171,         0.0018892564834656
 -0.0001372236951367,         0.0018512628637315
 -0.0001288279471096,         0.0018122016171380
 -0.0001216150378413,         0.0017725267808501
 -0.0001151322485717,         0.0017326514948834
 -0.0001090288007306,         0.0016930393749232
 -0.0001030993467455,         0.0016541468929119
 -0.0000972377061785,         0.0016162702589339
 -0.0000913780766752,         0.0015793912773185
 -0.0000854716567047,         0.0015430917084502
 -0.0000794704234830,         0.0015066360463288
 -0.0000733279269222,         0.0014692013029493
 -0.0000670648178839,         0.0014301473563427
 -0.0000608181198634,         0.0013891884617784
 -0.0000547762113138,         0.0013463402207938
 -0.0000490889157031,         0.0013017210553298
 -0.0000437899822537,         0.0012553943221038
 -0.0000387065281014,         0.0012073661448238
 -0.0000334248578636,         0.0011577139268015
 -0.0000273742337450,         0.0011066781239280
 -0.0000200045178472,         0.0010546462322885
 -0.0000109404687803,         0.0010020746183049
 -0.0000000565160911,         0.0009493551325377
  0.0000125245304861,         0.0008966828384226
  0.0000264995432709,         0.0008440104814389
  0.0000414255687351,         0.0007911285421250
  0.0000567319978049,         0.0007377985899874
  0.0000718239649225,         0.0006838077386043
  0.0000863335433764,         0.0006289582195996
  0.0001003554371111,         0.0005730923292837
  0.0001143109893332,         0.0005161851780044
  0.0001284955979905,         0.0004584167527619
  0.0001429191516503,         0.0004001625533735
  0.0001576039559772,         0.0003419671799563
  0.0001726705405295,         0.0002845240282683
  0.0001879798712016,         0.0002285765721149
  0.0002030987417451,         0.0001746703456576
  0.0002176516471314,         0.0001229164167427
  0.0002312723682599,         0.0000730613643007
  0.0002434277514899,         0.0000249110023872
  0.0002535960617875,        -0.0000212625574732
  0.0002613205028039,        -0.0000648244341847
  0.0002662022125340,        -0.0001052481033657
  0.0002681206608556,        -0.0001422832680762
  0.0002672053232123,        -0.0001758226861559
  0.0002637170428837,        -0.0002059043021968
  0.0002581291186456,        -0.0002326581800808
  0.0002509247289923,        -0.0002560437406687
  0.0002423272294142,        -0.0002758505196855
  0.0002323062324778,        -0.0002920087599200
  0.0002205887286166,        -0.0003046380048496
  0.0002068431432568,        -0.0003139151989928
  0.0001909510206235,        -0.0003200787644038
  0.0001730144997955,        -0.0003232805408733
  0.0001533186197858,        -0.0003235042842015
  0.0001322881512791,        -0.0003208265286574
  0.0001104508839487,        -0.0003153791465105
  0.0000884274105145,        -0.0003070890293783
  0.0000667729489824,        -0.0002958840883396
  0.0000458353469565,        -0.0002819698217667
  0.0000256709904880,        -0.0002657600287390
  0.0000060475697301,        -0.0002477325846183
 -0.0000133954254607,        -0.0002282921226983
 -0.0000329948948196,        -0.0002077804794502
 -0.0000528902357273,        -0.0001865759559351
 -0.0000730199621178,        -0.0001649318656650
 -0.0000932217941851,        -0.0001428790915492
 -0.0001131579848946,        -0.0001203390002855
 -0.0001323801938874,        -0.0000971038901349
 -0.0001504667360595,        -0.0000729274303565
 -0.0001670287763485,        -0.0000476903109826
 -0.0001816321123102,        -0.0000213301456851
 -0.0001938071577619,         0.0000061205268587
 -0.0002033075831793,         0.0000344221034642
 -0.0002101000054890,         0.0000632546983182
 -0.0002141310309769,         0.0000923132010753
 -0.0002153479075987,         0.0001212514180558
 -0.0002138381925786,         0.0001496769720386
 -0.0002099007186934,         0.0001771706369387
 -0.0002038857428754,         0.0002032530100345
 -0.0001960732123860,         0.0002274468646542
 -0.0001867078805013,         0.0002494509282160
 -0.0001759928518716,         0.0002692463017310
 -0.0001641039700675,         0.0002871467582820
 -0.0001510931776736,         0.0003037791790172
 -0.0001367944104749,         0.0003199134315500
 -0.0001209517112480,         0.0003362238370894
 -0.0001034890880868,         0.0003530491502939
 -0.0000846124271370,         0.0003702621264749
 -0.0000647116486156,         0.0003873631492211
 -0.0000443535248332,         0.0004037158014324
 -0.0000241904845025,         0.0004187494284295
 -0.0000048590928885,         0.0004320580967729
  0.0000130957726918,         0.0004434717070090
  0.0000294128195444,         0.0004530133696001
  0.0000441596968560,         0.0004607967937605
  0.0000576195348733,         0.0004670133352283
  0.0000701516997830,         0.0004718697257713
  0.0000821060560565,         0.0004756474752169
  0.0000936787647143,         0.0004788103176391
  0.0001048105361675,         0.0004818119965126
  0.0001152737850343,         0.0004849153829970
  0.0001247695488294,         0.0004882054551138
  0.0001330442768011,         0.0004916509520727
  0.0001398931553694,         0.0004951234004325
  0.0001451184540166,         0.0004983662044042
  0.0001485280126920,         0.0005010385659850
  0.0001498959663785,         0.0005027939608935
  0.0001490386718827,         0.0005033652306802
  0.0001459994378896,         0.0005025532991112
  0.0001411161742886,         0.0005001205887032
  0.0001347981860384,         0.0004958299127612
  0.0001274067180765,         0.0004895514142972
  0.0001193467544485,         0.0004812870341222
  0.0001110565867649,         0.0004711029493824
  0.0001029246058797,         0.0004590869867437
  0.0000952096859346,         0.0004452838371832
  0.0000880291770174,         0.0004295651273960
  0.0000813572639899,         0.0004116729386376
  0.0000750635940870,         0.0003913314296963
  0.0000690068658978,         0.0003683970399282
  0.0000631843227813,         0.0003429455930426
  0.0000577678427754,         0.0003151298753605
  0.0000528351959060,         0.0002851324940236
  0.0000482907503395,         0.0002531431217223
  0.0000441933198366,         0.0002193366946312
  0.0000408762021642,         0.0001840174925716
  0.0000385095040282,         0.0001476459714187
  0.0000368931883831,         0.0001105909282744
  0.0000357766066141,         0.0000728603489551
  0.0000349073782421,         0.0000341895556644
  0.0000339437179447,        -0.0000055755113676
  0.0000326368144495,        -0.0000461274487915
  0.0000308198636396,        -0.0000867946757353
  0.0000282768805151,        -0.0001270179686866
  0.0000249366956501,        -0.0001664618771765
  0.0000209518540185,        -0.0002048846891280
  0.0000166703981240,        -0.0002422246664488
  0.0000126924690571,        -0.0002786302110219
  0.0000095724266387,        -0.0003141952212912
  0.0000075093154394,        -0.0003487792532027
  0.0000062876531316,        -0.0003821593307468
  0.0000052612091563,        -0.0004140892355610
  0.0000036468947658,        -0.0004443107171403
  0.0000008928739377,        -0.0004727025862191
 -0.0000033287584230,        -0.0004992831467174
 -0.0000091771447434,        -0.0005241103109695
 -0.0000165990060647,        -0.0005472537887448
 -0.0000252435001499,        -0.0005685811214013
 -0.0000345091269209,        -0.0005874407338589
 -0.0000438402005116,        -0.0006029155188642
 -0.0000528625734409,        -0.0006143683616859
 -0.0000614247654763,        -0.0006216579309138
 -0.0000696269472592,        -0.0006250284689386
 -0.0000776983568546,        -0.0006247939915167
 -0.0000858223153381,        -0.0006213355900847
 -0.0000940151232428,        -0.0006152948519577
 -0.0001022365203879,        -0.0006073758443733
 -0.0001104961753648,        -0.0005981507251844
 -0.0001187451446913,        -0.0005880402915798
 -0.0001267917115282,        -0.0005771552726159
 -0.0001343368299494,        -0.0005653244944663
 -0.0001411359458423,        -0.0005522848858375
 -0.0001470300950697,        -0.0005377283248659
 -0.0001517881487339,        -0.0005215045572767
 -0.0001552242792889,        -0.0005037216174341
 -0.0001572040241736,        -0.0004844870296466
 -0.0001574724110330,        -0.0004637117702144
 -0.0001558230410009,        -0.0004411492313577
 -0.0001523279779972,        -0.0004166113158456
 -0.0001473580528816,        -0.0003901642790019
 -0.0001412806369701,        -0.0003621613511658
 -0.0001342753612796,        -0.0003331294394233
 -0.0001264149249552,        -0.0003036933581370
 -0.0001177239572667,        -0.0002745359087640
 -0.0001082788640463,        -0.0002461723474388
 -0.0000980920914898,        -0.0002187435390729
 -0.0000869035063081,        -0.0001920106674040
 -0.0000741820414872,        -0.0001655313042205
 -0.0000593844776379,        -0.0001388999823090
 -0.0000422407768115,        -0.0001118965216661
 -0.0000228313693822,        -0.0000845576449828
 -0.0000015716140955,        -0.0000571136217369
  0.0000209215802421,        -0.0000298640059503
  0.0000439274967139,        -0.0000030985849565
  0.0000666850798144,         0.0000229779081943
  0.0000885922494848,         0.0000481843564337
  0.0001092836496348,         0.0000723272267360
  0.0001285447010914,         0.0000953441891796
  0.0001463074936783,         0.0001173412537432
  0.0001626901766964,         0.0001386403262929
  0.0001777939534006,         0.0001597244997721
  0.0001914545516735,         0.0001808970128441
  0.0002033046812606,         0.0002021942224476
  0.0002129723500393,         0.0002235730597656
  0.0002202802827508,         0.0002450774310239
  0.0002252382490678,         0.0002668626306089
  0.0002279184815882,         0.0002890123942389
  0.0002284206541675,         0.0003114374634407
  0.0002267880470493,         0.0003339617791698
  0.0002230085363030,         0.0003564741258522
  0.0002171832531868,         0.0003789675776170
  0.0002096212476705,         0.0004014149600815
  0.0002005981340379,         0.0004236688093393
  0.0001902100761212,         0.0004454423025537
  0.0001785277515151,         0.0004663737907257
  0.0001657129079255,         0.0004860958984040
  0.0001519926084680,         0.0005043251030022
  0.0001375189390348,         0.0005209377183153
  0.0001223209315721,         0.0005358681986351
  0.0001062479438090,         0.0005490168786540
  0.0000889849179651,         0.0005602158833404
  0.0000702596565751,         0.0005693421057592
  0.0000500393803372,         0.0005764451811115
  0.0000285780386638,         0.0005815795688149
  0.0000063341843990,         0.0005847515126357
 -0.0000161187246805,         0.0005859470730862
 -0.0000382010789564,         0.0005851011110887
 -0.0000593557684282,         0.0005821813328935
 -0.0000790808883387,         0.0005771930439227
 -0.0000970511112316,         0.0005700494093180
 -0.0001131676448870,         0.0005604703671268
 -0.0001275015968470,         0.0005481029857905
 -0.0001401993811497,         0.0005326488656625
 -0.0001513631501895,         0.0005138997646211
 -0.0001609908666617,         0.0004918135084103
 -0.0001690965226905,         0.0004666006589072
 -0.0001757781726517,         0.0004387649410033
 -0.0001810822139729,         0.0004089060071884
 -0.0001848782728154,         0.0003775694804829
 -0.0001869079907609,         0.0003452557491627
 -0.0001868804941053,         0.0003123581243288
 -0.0001845644608981,         0.0002791336360040
 -0.0001799682837508,         0.0002457337525357
 -0.0001734290477280,         0.0002122370731770
 -0.0001655153977274,         0.0001786654053911
 -0.0001568546915952,         0.0001450326826623
 -0.0001480200746734,         0.0001112685478633
 -0.0001395090391251,         0.0000771036630674
 -0.0001316493942489,         0.0000422008277470
 -0.0001244550854280,         0.0000063378348099
 -0.0001176546736626,        -0.0000304088390474
 -0.0001108651629504,        -0.0000675711545494
 -0.0001036718625499,        -0.0001044732562446
 -0.0000956684005551,        -0.0001404942944714
 -0.0000866110518702,        -0.0001751593190656
 -0.0000765238127700,        -0.0002080777366643
 -0.0000655798219635,        -0.0002389847371091
 -0.0000540363865049,        -0.0002678245936087
 -0.0000422917704835,        -0.0002947158092520
 -0.0000308166852912,        -0.0003198718130105
 -0.0000200809718547,        -0.0003434915530690
 -0.0000104364745732,        -0.0003656564910695
 -0.0000020148910577,        -0.0003862578061625
  0.0000051863509583,        -0.0004049956823952
  0.0000111933522871,        -0.0004215476211004
  0.0000160679198824,        -0.0004358126870544
  0.0000199596978210,        -0.0004479461762911
  0.0000231306775938,        -0.0004581902605673
  0.0000259147779414,        -0.0004666731218195
  0.0000285484070245,        -0.0004733188526525
  0.0000310961480049,        -0.0004779804745906
  0.0000335129558494,        -0.0004805369690659
  0.0000357582622972,        -0.0004808929130043
  0.0000378402658846,        -0.0004790762892918
  0.0000398004605920,        -0.0004754584367777
  0.0000417373508861,        -0.0004708006872737
  0.0000437699543797,        -0.0004659267885271
  0.0000459968086473,        -0.0004613590935847
  0.0000484919650537,        -0.0004571638918334
  0.0000513908973299,        -0.0004530532250197
  0.0000549487967269,        -0.0004485809185364
  0.0000594032177967,        -0.0004433379463218
  0.0000648445154859,        -0.0004371478968286
  0.0000712450005681,        -0.0004300924565174
  0.0000784383739189,        -0.0004223916840650
  0.0000860991778061,        -0.0004142311285487
  0.0000938272230253,        -0.0004056597558005
  0.0001012562246551,        -0.0003966406439129
  0.0001081638816575,        -0.0003871340382414
  0.0001144634770091,        -0.0003770877282427
  0.0001202244456223,        -0.0003663697856941
  0.0001257118134259,        -0.0003547667165000
  0.0001312331018273,        -0.0003421353781278
  0.0001369352998478,        -0.0003285351953550
  0.0001427735823302,        -0.0003141824996756
  0.0001485810892698,        -0.0002993933351203
  0.0001541032987606,        -0.0002845154041920
  0.0001589961128713,        -0.0002698269609359
  0.0001628257538323,        -0.0002554544184397
  0.0001651555374111,        -0.0002412874636116
  0.0001656854952420,        -0.0002269742041827
  0.0001643353377107,        -0.0002120396786296
  0.0001612030085231,        -0.0001960149791882
  0.0001564365146345,        -0.0001785018009793
  0.0001501262415214,        -0.0001591969035152
  0.0001422893136544,        -0.0001378995165074
  0.0001329080727588,        -0.0001145207198383
  0.0001220161644055,        -0.0000890647369213
  0.0001097431464766,        -0.0000616053549850
  0.0000962365782917,        -0.0000323158025555
  0.0000816066120665,        -0.0000015350717305
  0.0000658660413987,         0.0000302578687238
  0.0000489168283911,         0.0000625749120413
  0.0000307227103179,         0.0000950039633007
  0.0000114243634694,         0.0001272306218865
 -0.0000087718108197,         0.0001589988962011
 -0.0000296561083865,         0.0001900783117855
 -0.0000509183390250,         0.0002203088739635
 -0.0000720910329103,         0.0002496937321066
 -0.0000926308218637,         0.0002784422227434
 -0.0001120695611285,         0.0003068445398531
 -0.0001301203072817,         0.0003350506637858
 -0.0001466748981108,         0.0003629166300753
 -0.0001617491675435,         0.0003900291463858
 -0.0001754491105233,         0.0004158634737115
 -0.0001879008040222,         0.0004399072618172
 -0.0001992440425683,         0.0004617063638110
 -0.0002097181717629,         0.0004809459629916
 -0.0002196105905682,         0.0004975153502465
 -0.0002290667612917,         0.0005114646893308
 -0.0002379511017485,         0.0005229775033811
 -0.0002458300010309,         0.0005323611123134
 -0.0002520542223498,         0.0005399697208737
 -0.0002559149325482,         0.0005460323203472
 -0.0002568223619022,         0.0005505510594285
 -0.0002544263476232,         0.0005534266150278
 -0.0002486345320073,         0.0005546078855949
 -0.0002396043338320,         0.0005541012640220
 -0.0002277320621534,         0.0005518757871702
 -0.0002136042467575,         0.0005477608039592
 -0.0001978621881286,         0.0005414410809363
 -0.0001810018041670,         0.0005326041262783
 -0.0001632451417361,         0.0005210865865568
 -0.0001445565857988,         0.0005068623596997
 -0.0001248100461824,         0.0004900011961230
 -0.0001039507934698,         0.0004707111155655
 -0.0000820656890615,         0.0004493792144268
 -0.0000593961506718,         0.0004265207853924
 -0.0000362770019076,         0.0004026730925271
 -0.0000131058940809,         0.0003782802548020
  0.0000096195674668,         0.0003536031908960
  0.0000313687030704,         0.0003286769147077
  0.0000517427276485,         0.0003033704277332
  0.0000705619207959,         0.0002775545979559
  0.0000878234897090,         0.0002512483399879
  0.0001036246082203,         0.0002246321459147
  0.0001180949328220,         0.0001979436187096
  0.0001313026725621,         0.0001713839768630
  0.0001432450664159,         0.0001450702714990
  0.0001539456347872,         0.0001190292655741
  0.0001634893532107,         0.0000932147158123
  0.0001719355088061,         0.0000675052204499
  0.0001792419475904,         0.0000417809816123
  0.0001852769752643,         0.0000161025774015
  0.0001898814083221,        -0.0000092289340475
  0.0001929048748184,        -0.0000338044222217
  0.0001941962125063,        -0.0000573104548589
  0.0001936213283651,        -0.0000796796740381
  0.0001910937314683,        -0.0001010540957753
  0.0001866000503056,        -0.0001216181582958
  0.0001802340106643,        -0.0001414548795194
  0.0001722358210542,        -0.0001605003490978
  0.0001629547311299,        -0.0001785971723127
  0.0001527296999994,        -0.0001956397799722
  0.0001418354644609,        -0.0002117149328212
  0.0001304994710339,        -0.0002271324145990
  0.0001189080201252,        -0.0002423506550859
  0.0001072015774121,        -0.0002578234860454
  0.0000954361411780,        -0.0002738904110971
  0.0000835621733647,        -0.0002907710219445
  0.0000715195211224,        -0.0003085980984804
  0.0000593830756519,        -0.0003273642624864
  0.0000474577296972,        -0.0003468222108329
  0.0000362505148702,        -0.0003665093175984
  0.0000262999706555,        -0.0003858911464173
  0.0000179843153215,        -0.0004045045537958
  0.0000114361978071,        -0.0004220328950797
  0.0000065502389477,        -0.0004383230205304
  0.0000030307646228,        -0.0004533719110172
  0.0000004469770103,        -0.0004673200823731
 -0.0000016924058286,        -0.0004803773457940
 -0.0000038695925431,        -0.0004926936949769
 -0.0000064805689442,        -0.0005043224712212
 -0.0000097160606485,        -0.0005152324747726
 -0.0000135019384168,        -0.0005252870907575
 -0.0000175958030028,        -0.0005342601572553
 -0.0000217811206466,        -0.0005418832836195
 -0.0000259506066135,        -0.0005478758568791
 -0.0000300538851762,        -0.0005519574031529
 -0.0000340430871892,        -0.0005537919887596
 -0.0000378324467244,        -0.0005529790239249
 -0.0000412805493166,        -0.0005492120285475
 -0.0000442369851323,        -0.0005424662378240
 -0.0000466293512385,        -0.0005330159740958
 -0.0000485330540350,        -0.0005212491488135
 -0.0000501618582075,        -0.0005074720303503
 -0.0000518195342589,        -0.0004918661165086
 -0.0000538721176205,        -0.0004745386688565
 -0.0000566892075682,        -0.0004555591507778
 -0.0000605187016651,        -0.0004349599332225
 -0.0000653719403102,        -0.0004127060575358
 -0.0000710321259070,        -0.0003886320790017
 -0.0000771619519044,        -0.0003624445156414
 -0.0000834135520839,        -0.0003338438217548
 -0.0000895043045908,        -0.0003026453223336
 -0.0000952632653444,        -0.0002688541987058
 -0.0001006304325506,        -0.0002327034442686
 -0.0001056327126638,        -0.0001946106584688
 -0.0001103606276554,        -0.0001550710546156
 -0.0001149505703242,        -0.0001145950614465
 -0.0001195515742695,        -0.0000737002728590
 -0.0001242430177354,        -0.0000328634663433
 -0.0001289294044820,         0.0000075365668914
 -0.0001332887946639,         0.0000472182903344
 -0.0001368361196217,         0.0000859657776755
 -0.0001390581714295,         0.0001236036889562
 -0.0001395603404312,         0.0001600205495360
 -0.0001381351013045,         0.0001952281571060
 -0.0001347212325564,         0.0002293422200485
 -0.0001293870964724,         0.0002624910178468
 -0.0001223757719977,         0.0002947408818492
 -0.0001140716411058,         0.0003260581923253
 -0.0001048655550204,         0.0003563226272866
 -0.0000950359033809,         0.0003853830125810
 -0.0000846958043079,         0.0004130878386304
 -0.0000737813412560,         0.0004392592020369
 -0.0000620955099884,         0.0004636808103672
 -0.0000494083787721,         0.0004861405395776
 -0.0000355473904779,         0.0005064944841078
 -0.0000204353198019,         0.0005246887284165
 -0.0000040898274792,         0.0005407058435535
  0.0000133423482839,         0.0005544825911751
  0.0000315314964725,         0.0005658460084247
  0.0000500159871566,         0.0005744929944876
  0.0000683570204697,         0.0005800690189613
  0.0000862557581655,         0.0005823400890557
  0.0001035626501715,         0.0005813627755291
  0.0001202053314505,         0.0005775263323220
  0.0001361084197556,         0.0005714055055643
  0.0001511583841502,         0.0005635698296969
  0.0001652194413288,         0.0005544799861906
  0.0001781676287137,         0.0005444434187416
  0.0001898943658627,         0.0005335896784240
  0.0002002633247896,         0.0005218735488899
  0.0002090501842207,         0.0005091526643201
  0.0002159375703424,         0.0004953380294466
  0.0002205679451702,         0.0004804960310952
  0.0002226199214335,         0.0004648273105389
  0.0002218864025754,         0.0004485855120277
  0.0002183136569681,         0.0004319812113629
  0.0002119986058050,         0.0004151014549984
  0.0002031729725708,         0.0003978782644164
  0.0001921871565657,         0.0003801518489553
  0.0001794892953724,         0.0003618293150853
  0.0001655547661718,         0.0003430005039345
  0.0001507799075930,         0.0003238984437988
  0.0001354409327273,         0.0003047661749336
  0.0001197069219885,         0.0002857488037037
  0.0001036352650860,         0.0002668397042793
  0.0000871770756544,         0.0002478542616561
  0.0000702119128980,         0.0002284140645867
  0.0000525718294632,         0.0002079845998778
  0.0000340585659197,         0.0001860167411477
  0.0000145260985827,         0.0001621484767688
 -0.0000059909599402,         0.0001363362983991
 -0.0000272299135907,         0.0001088391205754
 -0.0000487502913898,         0.0000801191492315
 -0.0000700139738279,         0.0000507388069199
 -0.0000904661530418,         0.0000212547738509
 -0.0001096031345142,        -0.0000079099721026
 -0.0001270298129161,        -0.0000365646762861
 -0.0001425130116700,        -0.0000647654870724
 -0.0001559834179836,        -0.0000927586243770
 -0.0001674942288672,        -0.0001208717153072
 -0.0001771687175879,        -0.0001493884505495
 -0.0001851157609680,        -0.0001784705904176
 -0.0001913475643503,        -0.0002081524863518
 -0.0001957752226587,        -0.0002383811430932
 -0.0001982821481299,        -0.0002690704529144
 -0.0001987842478819,        -0.0003001308171045
 -0.0001972434684011,        -0.0003314173771067
 -0.0001936711512129,        -0.0003626402736319
 -0.0001881286695883,        -0.0003933664094672
 -0.0001807353396927,        -0.0004231133797583
 -0.0001716835085108,        -0.0004514468135626
 -0.0001612194897347,        -0.0004780222070568
 -0.0001496127966859,        -0.0005025656736807
 -0.0001371565891647,        -0.0005248575418772
 -0.0001241872029948,        -0.0005447458062810
 -0.0001110912396993,        -0.0005621639406396
 -0.0000982523130487,        -0.0005771454592422
 -0.0000859383702784,        -0.0005898167359215
 -0.0000742202865687,        -0.0006003533476873
 -0.0000629854281509,        -0.0006089069308457
 -0.0000520035472985,        -0.0006155230880816
 -0.0000410130524524,        -0.0006200935026572
 -0.0000298214665747,        -0.0006223883976001
 -0.0000183571301783,        -0.0006221537565444
 -0.0000066445794074,        -0.0006192101840359
  0.0000052236431589,        -0.0006135135782562
  0.0000170656275843,        -0.0006051540708571
  0.0000285856577273,        -0.0005943066421496
  0.0000394208710392,        -0.0005811535079606
  0.0000492374645155,        -0.0005657826338427
  0.0000578067484230,        -0.0005481070434525
  0.0000650460147267,        -0.0005279071374230
  0.0000710100587763,        -0.0005050069208325
  0.0000758261674147,        -0.0004794268640006
  0.0000796323152360,        -0.0004513941170909
  0.0000825560041555,        -0.0004212509595314
  0.0000847130062814,        -0.0003893650741907
  0.0000861875835534,        -0.0003560873269994
  0.0000869812793947,        -0.0003217547880131
  0.0000869985606160,        -0.0002866989046901
  0.0000861148834094,        -0.0002512188313797
  0.0000842763310811,        -0.0002155352130260
  0.0000815556121113,        -0.0001797589288754
  0.0000781692966926,        -0.0001439155621613
  0.0000744889389477,        -0.0001080276323780
  0.0000710169072182,        -0.0000721838163969
  0.0000683089570284,        -0.0000365461578953
  0.0000668651380426,        -0.0000013017054144
  0.0000670087996340,         0.0000333948150663
  0.0000687813743235,         0.0000674143384559
  0.0000719148905122,         0.0001005838584740
  0.0000759192063834,         0.0001326376039535
  0.0000802368682280,         0.0001632455603168
  0.0000843869327585,         0.0001920844081525
  0.0000880426485383,         0.0002189017563776
  0.0000910286161195,         0.0002435641587599
  0.0000932798862554,         0.0002660945308663
  0.0000948166518772,         0.0002866937158991
  0.0000957499246246,         0.0003057112520402
  0.0000962812312097,         0.0003235377719357
  0.0000966441172581,         0.0003404584771806
  0.0000969997267074,         0.0003565586583588
  0.0000973752909253,         0.0003717386465152
  0.0000976815851143,         0.0003858124050321
  0.0000977504103594,         0.0003986030800923
  0.0000973690970441,         0.0004099808542201
  0.0000963182701850,         0.0004198504367234
  0.0000943859340942,         0.0004281276181380
  0.0000913687007406,         0.0004347433747571
  0.0000871079055874,         0.0004396822788414
  0.0000815420762024,         0.0004430308244037
  0.0000747224078847,         0.0004450003284162
  0.0000667672604646,         0.0004459095080676
  0.0000577925483012,         0.0004461488604838
  0.0000479001356093,         0.0004461450623967
  0.0000372159096914,         0.0004463299477247
  0.0000258968099388,         0.0004471092000399
  0.0000140775712458,         0.0004487792135111
  0.0000017928431029,         0.0004513895231194
 -0.0000110635744745,         0.0004546533796518
 -0.0000247153696870,         0.0004580008614921
 -0.0000394081057633,         0.0004607552141432
 -0.0000552692257124,         0.0004623223372278
 -0.0000722182619957,         0.0004623033221888
 -0.0000899742358258,         0.0004605146736182
 -0.0001081075024321,         0.0004569483057048
 -0.0001260815974569,         0.0004516910513969
 -0.0001432996029786,         0.0004448245963676
 -0.0001591900646935,         0.0004363673149684
 -0.0001733284888479,         0.0004262859021853
 -0.0001855451029292,         0.0004145350604006
 -0.0001959448853851,         0.0004010855318842
 -0.0002047952593881,         0.0003859476115091
 -0.0002123456902683,         0.0003692076701674
 -0.0002187048702271,         0.0003510362100952
 -0.0002238238803543,         0.0003316170876377
 -0.0002275428946856,         0.0003110457420706
 -0.0002296481788744,         0.0002893001986454
 -0.0002299249213560,         0.0002663207825988
 -0.0002282093783834,         0.0002421277861766
 -0.0002244192898970,         0.0002168606171945
 -0.0002185519089379,         0.0001907041822837
 -0.0002106711731940,         0.0001637857540350
 -0.0002008792277497,         0.0001361358122497
 -0.0001892568281403,         0.0001077090263967
 -0.0001758144122925,         0.0000784262121998
 -0.0001605180767850,         0.0000482434238894
 -0.0001433767874864,         0.0000172113780121
 -0.0001245137809946,        -0.0000145290394689
 -0.0001041748657222,        -0.0000467928386259
 -0.0000826782283468,        -0.0000793880289482
 -0.0000603390609535,        -0.0001121309140577
 -0.0000374129897661,        -0.0001448501497067
 -0.0000140867528887,        -0.0001773901626308
  0.0000094814493540,        -0.0002096072597143
  0.0000331040314754,        -0.0002413464542605
  0.0000565388453197,        -0.0002724258022166
  0.0000794943557864,        -0.0003026565060917
  0.0001016199498776,        -0.0003318903669859
  0.0001224905629154,        -0.0003600547083013
  0.0001416470761337,        -0.0003871071261125
  0.0001586974660138,        -0.0004129130475409
  0.0001734116440152,        -0.0004371585435036
  0.0001857610154668,        -0.0004593841784550
  0.0001958982195003,        -0.0004791107899639
  0.0002040967235669,        -0.0004959659931689
  0.0002106832565682,        -0.0005097547870770
  0.0002159792304464,        -0.0005204660513379
  0.0002202415397767,        -0.0005282378000672
  0.0002235969954051,        -0.0005333136419456
  0.0002259960672800,        -0.0005360043743237
  0.0002272196569775,        -0.0005366517067061
  0.0002269384587462,        -0.0005355821967457
  0.0002247969333264,        -0.0005330541909222
  0.0002205060433169,        -0.0005292188963927
  0.0002139236684391,        -0.0005241171980351
  0.0002050846006109,        -0.0005177094451438
  0.0001941812752021,        -0.0005099050159191
  0.0001815363659457,        -0.0005005737353553
  0.0001675755905792,        -0.0004895473627004
  0.0001527600076199,        -0.0004766318474852
  0.0001374705990287,        -0.0004616598731934
  0.0001219158578755,        -0.0004445749776297
  0.0001061335360813,        -0.0004255033640413
  0.0000900753456222,        -0.0004047794836387
  0.0000737096535197,        -0.0003829165330715
  0.0000570917132351,        -0.0003605365763396
  0.0000403816997078,        -0.0003382721618920
  0.0000238156976315,        -0.0003166410319764
  0.0000076639357313,        -0.0002959276301558
 -0.0000077886080434,        -0.0002761400309331
 -0.0000222409411371,        -0.0002570744170106
 -0.0000353850215871,        -0.0002384452315032
 -0.0000469409839347,        -0.0002200035755130
 -0.0000567010304466,        -0.0002015942810620
 -0.0000645649512372,        -0.0001831526060803
 -0.0000705684597639,        -0.0001646602768004
 -0.0000748975755560,        -0.0001460863116731
 -0.0000778680757447,        -0.0001273581703911
 -0.0000798737692942,        -0.0001083935519627
 -0.0000813336341332,        -0.0000891629996339
 -0.0000826362887521,        -0.0000697164483785
 -0.0000840720187675,        -0.0000501489338559
 -0.0000857868838665,        -0.0000305522300935
 -0.0000877861692436,        -0.0000109964698864
 -0.0000899689291389,         0.0000084692333045
 -0.0000921648638639,         0.0000278299853766
 -0.0000941676570814,         0.0000471451732566
 -0.0000957712271535,         0.0000665841138965
 -0.0000968184767673,         0.0000864099344991
 -0.0000972569026977,         0.0001069013162614
 -0.0000971653702841,         0.0001282408882199
 -0.0000967235564771,         0.0001504284010106
 -0.0000961381981509,         0.0001732670558373
 -0.0000955743474090,         0.0001964271173951
 -0.0000951305656185,         0.0002195679953830
 -0.0000948466421518,         0.0002424754777454
 -0.0000947077982103,         0.0002651344334006
 -0.0000946450536889,         0.0002876932254569
 -0.0000945598044948,         0.0003103551970519
 -0.0000943731621010,         0.0003332509808247
 -0.0000940721387789,         0.0003563370909272
 -0.0000937411088855,         0.0003793682576713
 -0.0000935640081176,         0.0004019625119844
 -0.0000937759430123,         0.0004237240879914
 -0.0000945778843892,         0.0004443584666771
 -0.0000960513853814,         0.0004637175837322
 -0.0000981084721302,         0.0004817569836286
 -0.0001004883456899,         0.0004984516749169
 -0.0001027870304411,         0.0005137449223989
 -0.0001045208262056,         0.0005275580482367
 -0.0001052259112885,         0.0005398129143810
 -0.0001045566182981,         0.0005504161125740
 -0.0001023365712003,         0.0005592211521622
 -0.0000985518462592,         0.0005660154810502
 -0.0000932984209286,         0.0005705497517303
 -0.0000867028415067,         0.0005725852284785
 -0.0000788576306589,         0.0005719299297658
 -0.0000698207029321,         0.0005684599995409
 -0.0000596680119048,         0.0005621341080420
 -0.0000485338868296,         0.0005530031770515
 -0.0000366000727395,         0.0005412140300201
 -0.0000240491727674,         0.0005270060580199
 -0.0000110193552009,         0.0005106912893748
  0.0000024156382645,         0.0004926040477955
  0.0000162360491021,         0.0004730286172409
  0.0000304529898738,         0.0004521418239739
  0.0000450925025570,         0.0004300059344195
  0.0000601725244190,         0.0004066021185942
  0.0000756530859310,         0.0003818551425953
  0.0000913812181062,         0.0003556240860145
  0.0001070710657301,         0.0003276917106744
  0.0001223390505342,         0.0002978014113309
  0.0001367847062707,         0.0002657388204875
  0.0001500839070847,         0.0002314094447505
  0.0001620522686705,         0.0001948840029149
  0.0001726517754573,         0.0001564215830910
  0.0001819446125453,         0.0001164782283990
  0.0001900325793382,         0.0000756784354430
  0.0001970187023188,         0.0000347351202499
  0.0002029792628286,        -0.0000056542617714
  0.0002079180445629,        -0.0000448986408737
  0.0002117192361652,        -0.0000825803718652
  0.0002141432939836,        -0.0001184906212351
  0.0002148713447463,        -0.0001526095536537
  0.0002135652149170,        -0.0001850290222631
  0.0002099190802461,        -0.0002158596122688
  0.0002037003410877,        -0.0002451740248711
  0.0001947855064218,        -0.0002730020764838
  0.0001831963384998,        -0.0002993457879200
  0.0001691327790417,        -0.0003241830244171
  0.0001529820931088,        -0.0003474625779114
  0.0001352729732159,        -0.0003691086239385
  0.0001165678208020,        -0.0003890369969263
  0.0000973434431560,        -0.0004071691659195
  0.0000779234676749,        -0.0004234392316672
  0.0000584697522736,        -0.0004378080512349
  0.0000390057385557,        -0.0004502991602570
  0.0000194622699890,        -0.0004610413462888
 -0.0000002584307875,        -0.0004702793136280
 -0.0000202192297187,        -0.0004783290003153
 -0.0000403985147684,        -0.0004854858959302
 -0.0000606591223903,        -0.0004919254299548
 -0.0000807462013798,        -0.0004976544870212
 -0.0001003190939033,        -0.0005025486664658
 -0.0001190066078622,        -0.0005064483377315
 -0.0001364668429717,        -0.0005092509875931
 -0.0001524303021369,        -0.0005109459624827
 -0.0001667128710613,        -0.0005115765896320
 -0.0001792051376920,        -0.0005111721285196
 -0.0001898579504349,        -0.0005097137988039
 -0.0001986698629286,        -0.0005071505491274
 -0.0002056582251309,        -0.0005034318000955
 -0.0002108057273099,        -0.0004985308447745
 -0.0002140165238145,        -0.0004924591618782
 -0.0002151298832200,        -0.0004852792134425
 -0.0002139865042654,        -0.0004771106219424
 -0.0002104909621961,        -0.0004681133397012
 -0.0002046303286381,        -0.0004584390162831
 -0.0001964642470786,        -0.0004481670787829
 -0.0001861229379303,        -0.0004372659858883
 -0.0001738214407474,        -0.0004256093077082
 -0.0001598735877499,        -0.0004130285481170
 -0.0001446893185194,        -0.0003993593049754
 -0.0001287406826168,        -0.0003844640683681
 -0.0001124929357084,        -0.0003682446611637
 -0.0000963329472334,        -0.0003506477333368
 -0.0000805373966445,        -0.0003316487969945
 -0.0000652818472254,        -0.0003112110333981
 -0.0000506561498715,        -0.0002892383971485
 -0.0000366621110155,        -0.0002655547705456
 -0.0000232058495866,        -0.0002399330066376
 -0.0000101167327058,        -0.0002121754055052
  0.0000027935460675,        -0.0001822271052250
  0.0000156442809384,        -0.0001502756664941
  0.0000284078103049,        -0.0001167637613471
  0.0000408874801871,        -0.0000822827305552
  0.0000527640817930,        -0.0000474072915886
  0.0000636800412872,        -0.0000125660110863
  0.0000733283336769,         0.0000220049727698
  0.0000815291299189,         0.0000562376343396
  0.0000882786467742,         0.0000901820507354
  0.0000937474624112,         0.0001239618534994
  0.0000982171407644,         0.0001577329939207
  0.0001019726237128,         0.0001916411737408
  0.0001051906030360,         0.0002257816870252
  0.0001078774840480,         0.0002601637558656
  0.0001098892258533,         0.0002946855891487
  0.0001110124615176,         0.0003291348092245
  0.0001110545884308,         0.0003632199778233
  0.0001098996673903,         0.0003966115180283
  0.0001075243011327,         0.0004289590206849
  0.0001039939986644,         0.0004598826824304
  0.0000994529363901,         0.0004889755486742
  0.0000941081387239,         0.0005158433302984
  0.0000882096835549,         0.0005401656172602
  0.0000820306655084,         0.0005617420632668
  0.0000758484686220,         0.0005805073355208
  0.0000699362492174,         0.0005965207085147
  0.0000645727795673,         0.0006099331899753
  0.0000600494695971,         0.0006209294464039
  0.0000566367498224,         0.0006296475811348
  0.0000545046986485,         0.0006361019337848
  0.0000536448043713,         0.0006401566306976
  0.0000538474003562,         0.0006415745514727
  0.0000547448805210,         0.0006401077162870
  0.0000558923556463,         0.0006355685824458
  0.0000568559955709,         0.0006278532545431
  0.0000572893403302,         0.0006169361912818
  0.0000569852271514,         0.0006028698709023
  0.0000559004957498,         0.0005858026692001
  0.0000541515208032,         0.0005660006618830
  0.0000519697344068,         0.0005438415258035
  0.0000496172287320,         0.0005197564670369
  0.0000472955757024,         0.0004941347079757
  0.0000450902636191,         0.0004672450266029
  0.0000429639668166,         0.0004392244088878
  0.0000407829233614,         0.0004101342344517
  0.0000383555673808,         0.0003800372501154
  0.0000354701082719,         0.0003490435014495
  0.0000319304484615,         0.0003173112756419
  0.0000275984457134,         0.0002850280746602
  0.0000224382942313,         0.0002523930277880
  0.0000165376255233,         0.0002195989084578
  0.0000100804992966,         0.0001868118234902
  0.0000032740665058,         0.0001541663648266
 -0.0000037411121708,         0.0001217915704711
 -0.0000109547100705,         0.0000898532584224
 -0.0000184952630653,         0.0000585782270699
 -0.0000265873129110,         0.0000282323912278
 -0.0000354845798854,        -0.0000009415818799
 -0.0000454067038681,        -0.0000287896600942
 -0.0000564888751833,        -0.0000552786414563
 -0.0000687371018923,        -0.0000804808318952
