timestep:         0.0063532800000000
yAxisLabel:velocity [m/s]       
title:bogies velocity   
vv1,    vv2,    
  0.0000000000000000,  0.0000000000000000,
  0.0000000000000000,  0.0000000000000000,
 -0.0000131802181279,  0.0000129158112498,
 -0.0000318764121876,  0.0000307211901779,
 -0.0000524543864476,  0.0000496526885843,
 -0.0000865838315347,  0.0000810912223867,
 -0.0001211937525336,  0.0001117159061946,
 -0.0001662921509296,  0.0001513451889848,
 -0.0002174519737406,  0.0001952566896093,
 -0.0002830098046639,  0.0002514144445838,
 -0.0003681234472372,  0.0003243421187238,
 -0.0004720193743723,  0.0004125563858050,
 -0.0005957520905392,  0.0005164084845855,
 -0.0007354562031821,  0.0006313955072482,
 -0.0008942841780657,  0.0007600516333116,
 -0.0010710434130731,  0.0009005306610597,
 -0.0012637652236777,  0.0010502760817250,
 -0.0014741883409497,  0.0012104407952383,
 -0.0017007213634507,  0.0013788430473489,
 -0.0019413683141292,  0.0015529632635785,
 -0.0021878973995385,  0.0017242443832976,
 -0.0024380907163992,  0.0018903361433919,
 -0.0026899243858713,  0.0020491495774782,
 -0.0029427520301838,  0.0022000066717887,
 -0.0031954099200751,  0.0023417314874276,
 -0.0034435437359879,  0.0024700515409992,
 -0.0036860223542331,  0.0025840118799376,
 -0.0039177624312585,  0.0026788152859102,
 -0.0041342003853973,  0.0027503641573627,
 -0.0043350127118344,  0.0027988839940438,
 -0.0045203839398411,  0.0028251022262711,
 -0.0046953546926932,  0.0028344932659971,
 -0.0048585194920609,  0.0028260205777919,
 -0.0050068602522663,  0.0027971348690507,
 -0.0051377209588469,  0.0027457772832067,
 -0.0052517881280648,  0.0026732850394587,
 -0.0053538404828144,  0.0025849978985604,
 -0.0054443783256397,  0.0024818975138526,
 -0.0055233288121595,  0.0023644152346775,
 -0.0055945799524976,  0.0022368979600923,
 -0.0056615721827540,  0.0021031351837354,
 -0.0057254621031734,  0.0019645792258757,
 -0.0057838733954739,  0.0018192145569840,
 -0.0058410010094281,  0.0016715945624873,
 -0.0059061622972845,  0.0015311603989996,
 -0.0059862119322400,  0.0014046063412728,
 -0.0060771042976997,  0.0012877149730035,
 -0.0061783578833972,  0.0011799576601173,
 -0.0062960636267870,  0.0010872937302586,
 -0.0064393845774946,  0.0010184733498773,
 -0.0066125962802145,  0.0009771187379711,
 -0.0068135173521193,  0.0009603776951385,
 -0.0070400630500469,  0.0009655968819893,
 -0.0072953474278864,  0.0009953049148501,
 -0.0075782813776738,  0.0010477872040220,
 -0.0078791421096254,  0.0011129025964624,
 -0.0081959438980829,  0.0011884577947110,
 -0.0085336893016615,  0.0012791524915229,
 -0.0088879238610704,  0.0013801861366530,
 -0.0092434924799626,  0.0014764102458485,
 -0.0095879622372737,  0.0015558964946640,
 -0.0099263204146381,  0.0016242150493146,
 -0.0102600397088570,  0.0016832290101542,
 -0.0105758803648609,  0.0017202667426511,
 -0.0108754858774173,  0.0017377096858758,
 -0.0111656959645135,  0.0017429078990484,
 -0.0114406941649571,  0.0017304944135278,
 -0.0116905531502153,  0.0016912691860914,
 -0.0119136394476079,  0.0016245203918992,
 -0.0121218832174183,  0.0015428603464596,
 -0.0123230434896940,  0.0014543253003027,
 -0.0125189451458830,  0.0013608312028548,
 -0.0127062724601410,  0.0012592019008983,
 -0.0128813524746715,  0.0011460636014525,
 -0.0130363121943065,  0.0010140961653749,
 -0.0131638646264861,  0.0008568847062368,
 -0.0132600145938458,  0.0006715445463456,
 -0.0133248821086341,  0.0004593913982425,
 -0.0133565531497611,  0.0002197546484177,
 -0.0133482392280583, -0.0000527265501089,
 -0.0132916784425489, -0.0003645776762142,
 -0.0131823559157782, -0.0007183235953027,
 -0.0130204484613849, -0.0011117145149221,
 -0.0128125467058356, -0.0015362271934613,
 -0.0125668479310148, -0.0019820219607773,
 -0.0122894444067934, -0.0024416360958995,
 -0.0119849114462803, -0.0029093130256281,
 -0.0116514349221757, -0.0033857139137939,
 -0.0112832141803184, -0.0038753077153368,
 -0.0108841296814111, -0.0043728292730332,
 -0.0104613353705012, -0.0048699455593496,
 -0.0100204152927486, -0.0053601328837809,
 -0.0095750532295521, -0.0058291350213712,
 -0.0087720291365005, -0.0066374113526274,
 -0.0079213150529735, -0.0074833305536159,
 -0.0070254314885830, -0.0083666162649807,
 -0.0061175259228377, -0.0092556435942885,
 -0.0052065375859831, -0.0101424135958520,
 -0.0043420424641650, -0.0109782538200016,
 -0.0035449380860481, -0.0117438072545907,
 -0.0028555679627482, -0.0124008437523850,
 -0.0022666749719098, -0.0129586245878285,
 -0.0017881736617335, -0.0134088547659334,
 -0.0014124784268185, -0.0137608398369037,
 -0.0011561956713320, -0.0139996773011234,
 -0.0010014165330807, -0.0141446494369205,
 -0.0009570680992080, -0.0141877702416956,
 -0.0010108350826250, -0.0141420753778195,
 -0.0011679699576585, -0.0140029938823045,
 -0.0014060131164023, -0.0137937801646826,
 -0.0017263421284296, -0.0135138339126604,
 -0.0021112676031424, -0.0131817464354994,
 -0.0025670716482026, -0.0127920687332827,
 -0.0030663575692222, -0.0123725602902817,
 -0.0036047042677871, -0.0119273751264547,
 -0.0041591292628229, -0.0114791064531675,
 -0.0047294576089362, -0.0110276672440009,
 -0.0052899317379689, -0.0105988200718565,
 -0.0058424279949308, -0.0101906672175221,
 -0.0063714144478462, -0.0098182956682137,
 -0.0068776615477901, -0.0094798807653951,
 -0.0073413102527136, -0.0091938144097938,
 -0.0077705599916271, -0.0089501789808828,
 -0.0081503356319963, -0.0087628123973896,
 -0.0084890506043186, -0.0086226160931107,
 -0.0087789556572162, -0.0085367120572205,
 -0.0090397421841942, -0.0084845018409878,
 -0.0092591459920800, -0.0084771240832460,
 -0.0094416107467529, -0.0085087901285014,
 -0.0095786900209115, -0.0085867791772410,
 -0.0096856274769351, -0.0086951444406624,
 -0.0097513836034408, -0.0088449413946415,
 -0.0097872068421986, -0.0090252172961440,
 -0.0097829487301195, -0.0092462578211418,
 -0.0097459778082303, -0.0095005729152234,
 -0.0096672804796273, -0.0097970209187278,
 -0.0095582142343386, -0.0101241590191173,
 -0.0094115442542624, -0.0104895520333669,
 -0.0092491030341204, -0.0108720125491313,
 -0.0090709364214018, -0.0112722560111728,
 -0.0088956480455828, -0.0116722257112586,
 -0.0087175735975448, -0.0120780486069791,
 -0.0085461371422821, -0.0124808243782045,
 -0.0083774222955600, -0.0128851908714287,
 -0.0082370111238281, -0.0132663257769899,
 -0.0081327644779547, -0.0136172446957999,
 -0.0080776461999226, -0.0139258590631556,
 -0.0080589042514347, -0.0142056415320509,
 -0.0080899455062971, -0.0144436460448458,
 -0.0081561209793084, -0.0146551605128986,
 -0.0082605716255537, -0.0148379129871445,
 -0.0084036608602640, -0.0149924710037953,
 -0.0086138369292609, -0.0150910417316327,
 -0.0088872233647484, -0.0151382016190701,
 -0.0092233234748441, -0.0151353558315694,
 -0.0096112532146833, -0.0150944189004592,
 -0.0100609819175902, -0.0150064968936163,
 -0.0105514300125223, -0.0148939742284827,
 -0.0110767647317556, -0.0147638225331699,
 -0.0116209783547521, -0.0146327021606190,
 -0.0121898794265112, -0.0144947481770039,
 -0.0127494541260818, -0.0143835442452430,
 -0.0132753561540798, -0.0143228772437015,
 -0.0137377519849960, -0.0143421491193805,
 -0.0141365047355187, -0.0144409176028906,
 -0.0144589185562096, -0.0146307786655947,
 -0.0147115873038747, -0.0149031723306244,
 -0.0148941130043771, -0.0152557967433133,
 -0.0150244652155018, -0.0156673923126032,
 -0.0150985636366136, -0.0161387072487621,
 -0.0151314894860570, -0.0166515275727570,
 -0.0151285676256402, -0.0171976003339756,
 -0.0151168666199041, -0.0177466861539394,
 -0.0150988753440464, -0.0182926412606741,
 -0.0150795570667288, -0.0188260435018736,
 -0.0150358946109294, -0.0193647851253798,
 -0.0149633577249890, -0.0199080608165790,
 -0.0148477180138722, -0.0204651618081507,
 -0.0146938985279722, -0.0210265797858235,
 -0.0145101029063451, -0.0215798289904250,
 -0.0143288204247335, -0.0220880585075951,
 -0.0141553850185204, -0.0225415025656331,
 -0.0139966620412580, -0.0229289876693583,
 -0.0138411950078853, -0.0232579849797984,
 -0.0136922626765875, -0.0235215769880887,
 -0.0135343709020468, -0.0237323857922048,
 -0.0133766466680925, -0.0238790506339288,
 -0.0132246374973269, -0.0239542428684029,
 -0.0131031402192866, -0.0239315691244689,
 -0.0130070319035106, -0.0238148669375529,
 -0.0129332836333721, -0.0236063289113286,
 -0.0128719939875448, -0.0233157880927503,
 -0.0128144247600569, -0.0229526035484810,
 -0.0127262641252904, -0.0225523082441465,
 -0.0125991436500570, -0.0221248227297480,
 -0.0124169771807550, -0.0216880963118741,
 -0.0121803602871857, -0.0212435071381242,
 -0.0118796561467106, -0.0208028451183441,
 -0.0115309057637854, -0.0203523368810232,
 -0.0111378255148084, -0.0198909140291178,
 -0.0107093600435665, -0.0194126186800829,
 -0.0102394301078583, -0.0189267370567560,
 -0.0097367055263363, -0.0184278723839501,
 -0.0091946113918815, -0.0179260874113060,
 -0.0086219382301790, -0.0174161195222962,
 -0.0080206942105644, -0.0168994824730131,
 -0.0074099384077804, -0.0163603377892396,
 -0.0067927461574182, -0.0157985974897667,
 -0.0061779385519901, -0.0152081921251054,
 -0.0055609571702502, -0.0145964718138156,
 -0.0049533281960908, -0.0139548847660188,
 -0.0043552600280673, -0.0132864355963593,
 -0.0037834126609832, -0.0125775646059196,
 -0.0032415302127027, -0.0118273456820812,
 -0.0027423840596178, -0.0110253247497419,
 -0.0022748213620183, -0.0101847037874977,
 -0.0018347503398970, -0.0093113945320652,
 -0.0014086411023093, -0.0084206997398035,
 -0.0009975955947231, -0.0075132333959288,
 -0.0005928793725525, -0.0065994613022984,
 -0.0001971264870346, -0.0056783217334748,
  0.0002048509523922, -0.0047663804908666,
  0.0006252504401700, -0.0038768847312012,
  0.0010872821290153, -0.0030340715925385,
  0.0015945224874056, -0.0022424445029176,
  0.0021539990240436, -0.0015098028958673,
  0.0027495369180701, -0.0008204521526704,
  0.0033722601564956, -0.0001658316661984,
  0.0040051482786146,  0.0004708209014520,
  0.0046444343859376,  0.0010927391900816,
  0.0052785877993982,  0.0017107172391484,
  0.0059140346554982,  0.0023172689942363,
  0.0065461644677549,  0.0029157180501718,
  0.0071821894628989,  0.0034974432210840,
  0.0078145174548937,  0.0040686912859733,
  0.0084422286396358,  0.0046287765231299,
  0.0090591345604417,  0.0051819128079321,
  0.0096665645663038,  0.0057242335911297,
  0.0102479865278624,  0.0062692877141664,
  0.0107981806738298,  0.0068189848027677,
  0.0113070990347740,  0.0073800433893432,
  0.0117740880395608,  0.0079498155145055,
  0.0121860253528713,  0.0085382883668719,
  0.0125446144945781,  0.0091405790598538,
  0.0128424322754848,  0.0097608955008106,
  0.0130851069308824,  0.0103902615768621,
  0.0132717431254059,  0.0110262084620880,
  0.0134144559714265,  0.0116532125262991,
  0.0135164817949809,  0.0122647884346524,
  0.0135948699878746,  0.0128408304727900,
  0.0136611231930199,  0.0133672003158802,
  0.0137311081044887,  0.0138257952156027,
  0.0138088827507324,  0.0142108326490438,
  0.0139092775451436,  0.0145062260241804,
  0.0140358190399822,  0.0147078109393986,
  0.0141923672544939,  0.0148115635332662,
  0.0143632782081406,  0.0148334582571009,
  0.0145418926024623,  0.0147808704214143,
  0.0147168863646877,  0.0146664607801419,
  0.0148918402783907,  0.0144887357324124,
  0.0150656233404010,  0.0142518379280409,
  0.0152495586904607,  0.0139481419950637,
  0.0154488170427266,  0.0135767075941098,
  0.0156730477094073,  0.0131322707015846,
  0.0159115933109148,  0.0126297998530251,
  0.0161566128734380,  0.0120811878230110,
  0.0163902175542386,  0.0115083936719142,
  0.0166006989845355,  0.0109272599191822,
  0.0167703173523117,  0.0103597168822433,
  0.0168967406354647,  0.0098120123572132,
  0.0169752037321663,  0.0092925446494034,
  0.0170145519777950,  0.0087957904099218,
  0.0170150675701922,  0.0083245923043632,
  0.0169829068596776,  0.0078755727135634,
  0.0169129809311207,  0.0074562927961111,
  0.0167976193596129,  0.0070764086675627,
  0.0166163252802809,  0.0067579470986174,
  0.0163621071683411,  0.0065089739290583,
  0.0160271276493823,  0.0063382676337844,
  0.0156188346903074,  0.0062393608382929,
  0.0151466654952890,  0.0062039947155251,
  0.0146334907550756,  0.0062104348243709,
  0.0140889599753512,  0.0062501503265319,
  0.0135257898333145,  0.0063114532869291,
  0.0129451638424839,  0.0063941712358154,
  0.0123511461856137,  0.0064952127997649,
  0.0117401165600802,  0.0066193685808211,
  0.0111188162913948,  0.0067613160893101,
  0.0104868926991005,  0.0069231152537313,
  0.0098485602868087,  0.0071021564485448,
  0.0091994094657366,  0.0073041636823243,
  0.0085448175462616,  0.0075245597149411,
  0.0078868456591923,  0.0077616622860471,
  0.0072385597497313,  0.0080024292050281,
  0.0066090259141659,  0.0082377777528516,
  0.0060149217061070,  0.0084510155870130,
  0.0054657362359289,  0.0086326203193784,
  0.0049742118403534,  0.0087695087254969,
  0.0045368721831659,  0.0088645686958286,
  0.0041510778012256,  0.0089196471783711,
  0.0038060051739263,  0.0089447796039422,
  0.0034988148417709,  0.0089419151301803,
  0.0032209579396288,  0.0089185883630086,
  0.0029710973471349,  0.0088748995014668,
  0.0027433571971845,  0.0088154165161178,
  0.0025396439998233,  0.0087368525368219,
  0.0023556842933445,  0.0086422138611775,
  0.0021917565697111,  0.0085300749201761,
  0.0020419993277765,  0.0084054799975153,
  0.0019091078572472,  0.0082652636160582,
  0.0017886153285784,  0.0081137694314612,
  0.0016812453740352,  0.0079502483103977,
  0.0015830521262035,  0.0077787556074301,
  0.0014941309712847,  0.0075994167465242,
  0.0014043014607002,  0.0074229113402048,
  0.0013132447192530,  0.0072503614212320,
  0.0012180117078608,  0.0070860363936367,
  0.0011211861432903,  0.0069291747633246,
  0.0010225380379958,  0.0067822695142163,
  0.0009310489999763,  0.0066385895603806,
  0.0008493608592372,  0.0064974814868466,
  0.0007798799222582,  0.0063580228952216,
  0.0007137482225248,  0.0062301145183654,
  0.0006474908232779,  0.0061178722769015,
  0.0005710462086824,  0.0060318260023918,
  0.0004753563950731,  0.0059813322124553,
  0.0003467588856236,  0.0059802634022455,
  0.0001861763231363,  0.0060276377578481,
 -0.0000073922535597,  0.0061240565552772,
 -0.0002297809824307,  0.0062643492192359,
 -0.0004770943534802,  0.0064429557774716,
 -0.0007337461426472,  0.0066419862176383,
 -0.0009888111756349,  0.0068479502538061,
 -0.0012289483796062,  0.0070448816865002,
 -0.0014455004311445,  0.0072216009508842,
 -0.0016249712007628,  0.0073620339962307,
 -0.0017622931060208,  0.0074584789393256,
 -0.0018480269152799,  0.0074987105700484,
 -0.0018777479412082,  0.0074754793287100,
 -0.0018436410310802,  0.0073781449550145,
 -0.0017443391863700,  0.0072027302680172,
 -0.0015781465668063,  0.0069451386144193,
 -0.0013561943916877,  0.0066144204500469,
 -0.0010892950520995,  0.0062195618733576,
 -0.0007935038296375,  0.0057751530682377,
 -0.0004797144950436,  0.0052910102126141,
 -0.0001617985651530,  0.0047804819936782,
  0.0001563310797524,  0.0042474393777734,
  0.0004714059197917,  0.0036955983065059,
  0.0007830434117891,  0.0031261294735292,
  0.0010801032267214,  0.0025513026174002,
  0.0013533122388329,  0.0019817323087161,
  0.0015863698387275,  0.0014353276644026,
  0.0017653350189014,  0.0009278131800665,
  0.0018739691291079,  0.0004774712008865,
  0.0019081955867652,  0.0000906423650297,
  0.0018700367057461, -0.0002321684735386,
  0.0017735247269746, -0.0005023264775011,
  0.0016330513075879, -0.0007313800944122,
  0.0014683361382695, -0.0009361518671829,
  0.0012911417279712, -0.0011254280169057,
  0.0011137146861417, -0.0013085251682214,
  0.0009383284096204, -0.0014848331762124,
  0.0007627887915887, -0.0016494575118359,
  0.0005768272367409, -0.0017895952353811,
  0.0003771110244808, -0.0018996299408763,
  0.0001606047297091, -0.0019743981713652,
 -0.0000674146998614, -0.0020173303395613,
 -0.0002988362824587, -0.0020350672207242,
 -0.0005159621229637, -0.0020444279479920,
 -0.0007052884402343, -0.0020585499928963,
 -0.0008537673239657, -0.0020905315331457,
 -0.0009559791094512, -0.0021459983677495,
 -0.0010071456365076, -0.0022299945457977,
 -0.0010130132234018, -0.0023370017294672,
 -0.0009805068594433, -0.0024605490595442,
 -0.0009233893652872, -0.0025877158927052,
 -0.0008532898434087, -0.0027081986304592,
 -0.0007861755094531, -0.0028076009514825,
 -0.0007319975339031, -0.0028776316748054,
 -0.0006979842605696, -0.0029126166753208,
 -0.0006820724581912, -0.0029161293824451,
 -0.0006831096321852, -0.0028907631510795,
 -0.0006961825835037, -0.0028429290389291,
 -0.0007199790477422, -0.0027755584738822,
 -0.0007515703484394, -0.0026934962289080,
 -0.0007950178909438, -0.0025947819674603,
 -0.0008513423132762, -0.0024806063868673,
 -0.0009221145067142, -0.0023515255473467,
 -0.0010017179112288, -0.0022151908062881,
 -0.0010847566859084, -0.0020788882747483,
 -0.0011615652007880, -0.0019541585604626,
 -0.0012263963521300, -0.0018486119324875,
 -0.0012711657934986, -0.0017722529289550,
 -0.0012944177478384, -0.0017283822124951,
 -0.0012955297754550, -0.0017193433646019,
 -0.0012797401927211, -0.0017413306282896,
 -0.0012504891589143, -0.0017920568980711,
 -0.0012165947595105, -0.0018634811252029,
 -0.0011866388550326, -0.0019474436070834,
 -0.0011722944451166, -0.0020322739961656,
 -0.0011793317316883, -0.0021118667477094,
 -0.0012131556804080, -0.0021801026393882,
 -0.0012736763148680, -0.0022361221303636,
 -0.0013606912273304, -0.0022790038183048,
 -0.0014679853587172, -0.0023137764851755,
 -0.0015931756595487, -0.0023414879044524,
 -0.0017349515826637, -0.0023619754891907,
 -0.0018990424114672, -0.0023678531038855,
 -0.0020921468247030, -0.0023507292957226,
 -0.0023269817448121, -0.0022961877759732,
 -0.0026125712253903, -0.0021936093401469,
 -0.0029569155212496, -0.0020334858984514,
 -0.0033605018709601, -0.0018140340324495,
 -0.0038212425735957, -0.0015362726474273,
 -0.0043296371169788, -0.0012089113661190,
 -0.0048760485511393, -0.0008409075604669,
 -0.0054473373129295, -0.0004447641565569,
 -0.0060325998937904, -0.0000306938456868,
 -0.0066182700136566,  0.0003883920640997,
 -0.0071948532888315,  0.0008036380178088,
 -0.0077501913029423,  0.0012034254546854,
 -0.0082739519705530,  0.0015778976301036,
 -0.0087540388612915,  0.0019152975750252,
 -0.0091839278559068,  0.0022093534589319,
 -0.0095584808682542,  0.0024550524423964,
 -0.0098780733628164,  0.0026528626836585,
 -0.0101421765792310,  0.0028022945148641,
 -0.0103525193912269,  0.0029050909278928,
 -0.0105068880530886,  0.0029589074457706,
 -0.0106016980428161,  0.0029599017848432,
 -0.0106262275195653,  0.0028969498892577,
 -0.0105712999756322,  0.0027604898195662,
 -0.0104279031413180,  0.0025412007649730,
 -0.0101909664432424,  0.0022338737049229,
 -0.0098540484499886,  0.0018320314139541,
 -0.0094184666134461,  0.0013370540171247,
 -0.0088926314262250,  0.0007573390257903,
 -0.0082939193468747,  0.0001101309410685,
 -0.0076419722236932, -0.0005852309626091,
 -0.0069627231923286, -0.0013032096780352,
 -0.0062800393846758, -0.0020204751761138,
 -0.0056136364342342, -0.0027179586630863,
 -0.0049733276546412, -0.0033866384333776,
 -0.0043658172006390, -0.0040206121343171,
 -0.0037912499606368, -0.0046205366494210,
 -0.0032499082004907, -0.0051868964096976,
 -0.0027419276798101, -0.0057203611488542,
 -0.0022741500995967, -0.0062148784548099,
 -0.0018548342895543, -0.0066629860361987,
 -0.0014953623483066, -0.0070539912174303,
 -0.0012060608542315, -0.0073780795101334,
 -0.0009977259989740, -0.0076246469751790,
 -0.0008734377425877, -0.0077905507016146,
 -0.0008320267655714, -0.0078766813480906,
 -0.0008675603603037, -0.0078885796199242,
 -0.0009746393185349, -0.0078310823421553,
 -0.0011425528392504, -0.0077141772496049,
 -0.0013595853928584, -0.0075486186372017,
 -0.0016119489164920, -0.0073470433973431,
 -0.0018889601940403, -0.0071187716946221,
 -0.0021801415493908, -0.0068727946821250,
 -0.0024811768644529, -0.0066118454781574,
 -0.0027910522223075, -0.0063353797442592,
 -0.0031140152956718, -0.0060376071927322,
 -0.0034527212067959, -0.0057143866922600,
 -0.0038083239405238, -0.0053631020516849,
 -0.0041746837095197, -0.0049885763968103,
 -0.0045430893612505, -0.0045983989553323,
 -0.0049003622234893, -0.0042049174718991,
 -0.0052339797397803, -0.0038200730764210,
 -0.0055314260660304, -0.0034560558634563,
 -0.0057846437239099, -0.0031207559421164,
 -0.0059845781817737, -0.0028232310275567,
 -0.0061228280997229, -0.0025720141232789,
 -0.0061900559857600, -0.0023767751228425,
 -0.0061810056634716, -0.0022432922182731,
 -0.0060896068259797, -0.0021783675847021,
 -0.0059124638670533, -0.0021862060675495,
 -0.0056474311856643, -0.0022697816031885,
 -0.0052969107874324, -0.0024274335814383,
 -0.0048635021878580, -0.0026572365260631,
 -0.0043540248529462, -0.0029529452282507,
 -0.0037786666030677, -0.0033049293727996,
 -0.0031526289211661, -0.0036985059937592,
 -0.0024897443577290, -0.0041202871828425,
 -0.0018050919660393, -0.0045554217655821,
 -0.0011109765760159, -0.0049916407841489,
 -0.0004177031009720, -0.0054185030484659,
  0.0002685485792507, -0.0058296332721399,
  0.0009406344446713, -0.0062176548845821,
  0.0015952504386267, -0.0065790994581743,
  0.0022312875229171, -0.0069127810271799,
  0.0028498109564434, -0.0072198174721010,
  0.0034478179446987, -0.0074973101204584,
  0.0040207572333612, -0.0077409198374898,
  0.0045598805468873, -0.0079422406105722,
  0.0050534399962399, -0.0080900329083270,
  0.0054843961808247, -0.0081678164682795,
  0.0058371701452436, -0.0081605822349755,
  0.0060985930242018, -0.0080557068315219,
  0.0062623094338426, -0.0078475034141617,
  0.0063270624543622, -0.0075356100075804,
  0.0062996841634198, -0.0071281052600021,
  0.0061902844787740, -0.0066366588923295,
  0.0060119351519891, -0.0060761641642961,
  0.0057774243234234, -0.0054613152848943,
  0.0055004570877035, -0.0048077105726201,
  0.0051917479112908, -0.0041278260499365,
  0.0048618338484010, -0.0034338541999861,
  0.0045185324714487, -0.0027351726890966,
  0.0041681879475524, -0.0020396605394837,
  0.0038132487524058, -0.0013512239127715,
  0.0034560910363459, -0.0006736082487538,
  0.0030968640660435, -0.0000081421195186,
  0.0027364186591849,  0.0006433680513105,
  0.0023755501128953,  0.0012794758887560,
  0.0020188537185131,  0.0018952155001694,
  0.0016721646078514,  0.0024846634596842,
  0.0013443355361409,  0.0030390449679358,
  0.0010444047268319,  0.0035495086144047,
  0.0007826872972007,  0.0040059707294594,
  0.0005674261374261,  0.0044005324127510,
  0.0004056805710540,  0.0047265973117614,
  0.0002994458321106,  0.0049827935824261,
  0.0002477154255903,  0.0051708470568202,
  0.0002449966206711,  0.0052970505914622,
  0.0002842814369015,  0.0053692258624220,
  0.0003567546360035,  0.0053970369034204,
  0.0004577181502280,  0.0053860266966414,
  0.0005873087629131,  0.0053369271280973,
  0.0007519476877443,  0.0052441832118225,
  0.0009595066155152,  0.0051008099157456,
  0.0012191323797357,  0.0048984880714063,
  0.0015363064402951,  0.0046324752638542,
  0.0019121390866136,  0.0043022552943399,
  0.0023403470457745,  0.0039146333374589,
  0.0028109979786502,  0.0034800508591623,
  0.0033123607407837,  0.0030108537836734,
  0.0038347593685838,  0.0025174364628786,
  0.0043689542517937,  0.0020098436265107,
  0.0049086470531309,  0.0014951366181628,
  0.0054483944608535,  0.0009794060422559,
  0.0059845781540823,  0.0004667050969633,
  0.0065124131533942, -0.0000379339679121,
  0.0070277603939510, -0.0005303169801585,
  0.0075253473598181, -0.0010052611405131,
  0.0079997627193905, -0.0014576159190663,
  0.0084420535194738, -0.0018788591716024,
  0.0088415825417979, -0.0022590226166452,
  0.0091863346535205, -0.0025869538852876,
  0.0094663438983983, -0.0028536919916397,
  0.0096729970863162, -0.0030516473633446,
  0.0098012430836337, -0.0031767834832713,
  0.0098473662044758, -0.0032263406709445,
  0.0098098365408342, -0.0031996804087857,
  0.0096873783918828, -0.0030962835029694,
  0.0094812940530556, -0.0029180892740005,
  0.0091949348010739, -0.0026689441711794,
  0.0088357550581146, -0.0023566862994765,
  0.0084128624411110, -0.0019906777802191,
  0.0079373647021728, -0.0015821860437611,
  0.0074196288325815, -0.0011416007491734,
  0.0068701618086153, -0.0006793083492488,
  0.0062982410184219, -0.0002042582230699,
  0.0057149701817167,  0.0002729709457702,
  0.0051325596707542,  0.0007409123390408,
  0.0045653848686497,  0.0011861160295988,
  0.0040280652811461,  0.0015950859076206,
  0.0035364004156809,  0.0019533303378782,
  0.0031042777508531,  0.0022485294672432,
  0.0027438216664703,  0.0024704356408950,
  0.0024630333206119,  0.0026133138284452,
  0.0022663328163120,  0.0026753446631453,
  0.0021521864953260,  0.0026609061826044,
  0.0021155818237287,  0.0025779193590284,
  0.0021487402260524,  0.0024370352915171,
  0.0022441622896727,  0.0022485290996759,
  0.0023950670698507,  0.0020219285372187,
  0.0025975165996641,  0.0017639179753441,
  0.0028476409375078,  0.0014811261955598,
  0.0031404466003938,  0.0011811908038374,
  0.0034675844489268,  0.0008748743137423,
  0.0038192489966671,  0.0005740444518065,
  0.0041827122920719,  0.0002931452772823,
  0.0045445144552549,  0.0000470222101125,
  0.0048911894624590, -0.0001497205367256,
  0.0052123514044713, -0.0002857922062759,
  0.0055002557612523, -0.0003527697386458,
  0.0057516112531427, -0.0003470109432797,
  0.0059660877538527, -0.0002682484475328,
  0.0061466585512509, -0.0001200282462957,
  0.0062981201696801,  0.0000918034993573,
  0.0064279342336965,  0.0003583286571582,
  0.0065431258863199,  0.0006708069028123,
  0.0066498649474334,  0.0010211441858210,
  0.0067517771085130,  0.0014036037764427,
  0.0068512994753024,  0.0018134298225939,
  0.0069472475917765,  0.0022493506393418,
  0.0070359371590449,  0.0027125055667452,
  0.0071122963060358,  0.0032054110999377,
  0.0071725205250369,  0.0037293057510762,
  0.0072131316956378,  0.0042850904974657,
  0.0072329072902605,  0.0048713234800551,
  0.0072335080149060,  0.0054835839219822,
  0.0072202136554090,  0.0061137672686101,
  0.0071989278119169,  0.0067531966942784,
  0.0071764629427783,  0.0073923745204326,
  0.0071591346656348,  0.0080224061589477,
  0.0071528706549771,  0.0086348444408403,
  0.0071619038973956,  0.0092230104198777,
  0.0071909856680380,  0.0097797889189648,
  0.0072449448194113,  0.0102981395877754,
  0.0073281900313048,  0.0107716092627308,
  0.0074417849391375,  0.0111972658297281,
  0.0075844998820594,  0.0115745938394896,
  0.0077531518287409,  0.0119051689461334,
  0.0079454478848914,  0.0121898277099092,
  0.0081608442738248,  0.0124278756244915,
  0.0084019109313699,  0.0126157360296026,
  0.0086712531016787,  0.0127500515210844,
  0.0089695087287554,  0.0128296422583550,
  0.0092928497146644,  0.0128579893953695,
  0.0096342874707557,  0.0128418997268555,
  0.0099847008932548,  0.0127905340470009,
  0.0103361170974360,  0.0127121863212276,
  0.0106818626079840,  0.0126142234468289,
  0.0110176330868532,  0.0125020084762771,
  0.0113405023811527,  0.0123798506858975,
  0.0116498060802613,  0.0122500079516863,
  0.0119463773646287,  0.0121133837289531,
  0.0122335879748312,  0.0119684267615254,
  0.0125154547271557,  0.0118130379181566,
  0.0127949409342477,  0.0116462419501610,
  0.0130710132847608,  0.0114711015168162,
  0.0133389594263918,  0.0112942925494431,
  0.0135904228501679,  0.0111259905645418,
  0.0138163031108618,  0.0109768916965961,
  0.0140082116337290,  0.0108567460567944,
  0.0141610256910823,  0.0107717625303766,
  0.0142726170326600,  0.0107248538277937,
  0.0143440038794107,  0.0107153971612858,
  0.0143780922858818,  0.0107404396157834,
  0.0143805567146675,  0.0107937725409686,
  0.0143578721931197,  0.0108679494366287,
  0.0143165319408958,  0.0109551236285477,
  0.0142608087451611,  0.0110493854404804,
  0.0141930494956308,  0.0111465307072599,
  0.0141131576899768,  0.0112446443325514,
  0.0140199482553824,  0.0113427369574748,
  0.0139109666648638,  0.0114409530201456,
  0.0137839314190935,  0.0115391835533346,
  0.0136366902245111,  0.0116372513294546,
  0.0134684809312513,  0.0117337632655690,
  0.0132799495648442,  0.0118262193254595,
  0.0130738385121177,  0.0119103914600259,
  0.0128540895906214,  0.0119812597289456,
  0.0126263874696089,  0.0120324196342920,
  0.0123967663516038,  0.0120574614130923,
  0.0121712331899142,  0.0120503590772858,
  0.0119537503278722,  0.0120075599301051,
  0.0117457883797197,  0.0119284352277768,
  0.0115452146186558,  0.0118163614275941,
  0.0113474752710830,  0.0116774426800027,
  0.0111467840628839,  0.0115192672136810,
  0.0109389098670710,  0.0113480633420411,
  0.0107215140398301,  0.0111683356916347,
  0.0104950666718867,  0.0109818651025354,
  0.0102621332723900,  0.0107883499744695,
  0.0100268366048193,  0.0105858609082886,
  0.0097914176178779,  0.0103742714598157,
  0.0095546092629547,  0.0101569012489705,
  0.0093113738693574,  0.0099408534369827,
  0.0090559860934217,  0.0097339621710159,
  0.0087837567585533,  0.0095430703836991,
  0.0084926404263711,  0.0093723314105794,
  0.0081828799415679,  0.0092234682937935,
  0.0078568984099767,  0.0090957821502742,
  0.0075164629359157,  0.0089889709409408,
  0.0071613187750348,  0.0089044918132396,
  0.0067894016342425,  0.0088453894859714,
  0.0063999564775978,  0.0088131830183491,
  0.0059941834563642,  0.0088072189426454,
  0.0055754011612575,  0.0088244521890119,
  0.0051475714751368,  0.0088608969203989,
  0.0047147540909567,  0.0089121613366479,
  0.0042797871872580,  0.0089748288364850,
  0.0038448442608875,  0.0090459544670015,
  0.0034115467162675,  0.0091230160541700,
  0.0029819773346439,  0.0092029219924107,
  0.0025581880390698,  0.0092825443020066,
  0.0021426032545465,  0.0093583291528694,
  0.0017371795799202,  0.0094271757078781,
  0.0013436001870806,  0.0094862670224564,
  0.0009626755149185,  0.0095337382089814,
  0.0005957921789832,  0.0095672617053932,
  0.0002446675190621,  0.0095843270828792,
 -0.0000883522282285,  0.0095819505887950,
 -0.0003990829004676,  0.0095555453803821,
 -0.0006817267190585,  0.0094992272052540,
 -0.0009351619419497,  0.0094120548933804,
 -0.0011573597114813,  0.0092923030632020,
 -0.0013449239291754,  0.0091369173581763,
 -0.0014939877218736,  0.0089423127185343,
 -0.0016048946535919,  0.0087090940409232,
 -0.0016799173228124,  0.0084398422843697,
 -0.0017190113476737,  0.0081348304483275,
 -0.0017215786646149,  0.0077936814661773,
 -0.0016882441803204,  0.0074171369329530,
 -0.0016199207341611,  0.0070061137096864,
 -0.0015218671849181,  0.0065658448670360,
 -0.0014011870723466,  0.0061034757617326,
 -0.0012670671517334,  0.0056283826415526,
 -0.0011289026740752,  0.0051503288771608,
 -0.0009933434339021,  0.0046764707092960,
 -0.0008638807869445,  0.0042108194414637,
 -0.0007417006614966,  0.0037550029229270,
 -0.0006280959315634,  0.0033106348936235,
 -0.0005257955836853,  0.0028807001886620,
 -0.0004388202590935,  0.0024694726505206,
 -0.0003721580250929,  0.0020822667162677,
 -0.0003312997871571,  0.0017250145274839,
 -0.0003223875968558,  0.0014044710090509,
 -0.0003507153497517,  0.0011267246796016,
 -0.0004207051870291,  0.0008971735679282,
 -0.0005349566964184,  0.0007195339630518,
 -0.0006946333420330,  0.0005961936928766,
 -0.0008978874841937,  0.0005265586985967,
 -0.0011404045188535,  0.0005075153657900,
 -0.0014150373204063,  0.0005329647040022,
 -0.0017130494601794,  0.0005949991822277,
 -0.0020242399005938,  0.0006839661987806,
 -0.0023388539759849,  0.0007903745625676,
 -0.0026475810658888,  0.0009049038033305,
 -0.0029429434629021,  0.0010198482004474,
 -0.0032188401719877,  0.0011287127315027,
 -0.0034712429392167,  0.0012269817391851,
 -0.0036971035720528,  0.0013110697365302,
 -0.0038946639885642,  0.0013786750841059,
 -0.0040626900350111,  0.0014280280090393,
 -0.0042000917329516,  0.0014575180977478,
 -0.0043040065380261,  0.0014637189490484,
 -0.0043706464558767,  0.0014421718062290,
 -0.0043960371927509,  0.0013880747193989,
 -0.0043783497716512,  0.0012986436228920,
 -0.0043173634934697,  0.0011726238641244,
 -0.0042147128410163,  0.0010105984102945,
 -0.0040738832545247,  0.0008150343530685,
 -0.0039004229863346,  0.0005905686616258,
 -0.0036996360883916,  0.0003417177757376,
 -0.0034766400734154,  0.0000729258307612,
 -0.0032378520655926, -0.0002099414946578,
 -0.0029924248445478, -0.0004980748566760,
 -0.0027501674056171, -0.0007817410938774,
 -0.0025187623159500, -0.0010530850575938,
 -0.0023014995471318, -0.0013085306375451,
 -0.0020998688635244, -0.0015462981975925,
 -0.0019167880052930, -0.0017631828280830,
 -0.0017577554804927, -0.0019533016332232,
 -0.0016280077550716, -0.0021108844985725,
 -0.0015302131790130, -0.0022326146075197,
 -0.0014639875332060, -0.0023182183413211,
 -0.0014283201170274, -0.0023680897450767,
 -0.0014225071321151, -0.0023823556045888,
 -0.0014461061138204, -0.0023608866351555,
 -0.0014977413943868, -0.0023044983807878,
 -0.0015745503164140, -0.0022155327170316,
 -0.0016714861527518, -0.0020986245894632,
 -0.0017832283213376, -0.0019588239635639,
 -0.0019055629468403, -0.0018001978987580,
 -0.0020358694787355, -0.0016252762746272,
 -0.0021709485559834, -0.0014372070117367,
 -0.0023064659380396, -0.0012403378624308,
 -0.0024370179492609, -0.0010402034000923,
 -0.0025573827031715, -0.0008422878630656,
 -0.0026627706048140, -0.0006517748875512,
 -0.0027500799772587, -0.0004722493233638,
 -0.0028171027574123, -0.0003064553116697,
 -0.0028612408176266, -0.0001575731900591,
 -0.0028796456484509, -0.0000291108196700,
 -0.0028703290429998,  0.0000762139843269,
 -0.0028321337776474,  0.0001564586246743,
 -0.0027650824444700,  0.0002108389055508,
 -0.0026694258643280,  0.0002387863591856,
 -0.0025463063309426,  0.0002406285880061,
 -0.0023973696271945,  0.0002172113625556,
 -0.0022252135516461,  0.0001703727535508,
 -0.0020329815911061,  0.0001025515203927,
 -0.0018246767753090,  0.0000171284414305,
 -0.0016048925410756, -0.0000818255030717,
 -0.0013795105896791, -0.0001888103683201,
 -0.0011542678236644, -0.0002983150561430,
 -0.0009331268047577, -0.0004064789287441,
 -0.0007195205234380, -0.0005098971335823,
 -0.0005166032952042, -0.0006053759464454,
 -0.0003269209398660, -0.0006902810255318,
 -0.0001526819865573, -0.0007622721213504,
  0.0000045425585467, -0.0008196206776931,
  0.0001435293525730, -0.0008609245258810,
  0.0002636760926702, -0.0008853967292231,
  0.0003646963729501, -0.0008925629884147,
  0.0004468703996107, -0.0008825254655289,
  0.0005107291323933, -0.0008556471795270,
  0.0005572874513984, -0.0008127957929827,
  0.0005877227967231, -0.0007550202183230,
  0.0006035962736051, -0.0006837799834449,
  0.0006065311201123, -0.0006006196073686,
  0.0005984271070990, -0.0005073892145713,
  0.0005811438121189, -0.0004059220327981,
  0.0005567131164462, -0.0002982514803108,
  0.0005270315367921, -0.0001862964867690,
  0.0004940747465429, -0.0000720794456216,
  0.0004596022279298,  0.0000425769167614,
  0.0004253766665795,  0.0001558274212079,
  0.0003928830536235,  0.0002660934591686,
  0.0003635546395025,  0.0003718346175567,
  0.0003385074539439,  0.0004718222627274,
  0.0003187733662250,  0.0005649040373526,
  0.0003050499028681,  0.0006502618453149,
  0.0002979399398405,  0.0007271694575971,
  0.0002977157644527,  0.0007952357609574,
  0.0003045640908115,  0.0008541566332878,
  0.0003183625921732,  0.0009039451250458,
  0.0003389283282516,  0.0009446794476393,
  0.0003658044984750,  0.0009767223070120,
  0.0003985100181039,  0.0010004672675177,
  0.0004363340181344,  0.0010165497408498,
  0.0004785842016625,  0.0010255941444429,
  0.0005243866270097,  0.0010284190798790,
  0.0005729305906805,  0.0010257876228970,
  0.0006232714436440,  0.0010186090376406,
  0.0006745700428927,  0.0010076942571648,
  0.0007258967199217,  0.0009939561204108,
  0.0007764637687269,  0.0009781716797861,
  0.0008254291580985,  0.0009611824729884,
  0.0008721210255479,  0.0009436647852257,
  0.0009158402463322,  0.0009263309353037,
  0.0009560764272611,  0.0009097080812243,
  0.0009923089643328,  0.0008943409636783,
  0.0010242145292629,  0.0008805793256723,
  0.0010514667207926,  0.0008687820638710,
  0.0010739354716255,  0.0008591128779701,
  0.0010914857914512,  0.0008517453670042,
  0.0011041698642979,  0.0008466661625313,
  0.0011120256722939,  0.0008438801977492,
  0.0011152627868897,  0.0008432203281720,
  0.0011140618407894,  0.0008445518078871,
  0.0011087551362782,  0.0008475872680776,
  0.0010996279988939,  0.0008520893568457,
  0.0010870953379881,  0.0008576899246970,
  0.0010715058800243,  0.0008640898124842,
  0.0010533157341487,  0.0008708811693981,
  0.0010328963826701,  0.0008777434899439,
  0.0010107061482438,  0.0008842681438586,
  0.0009871026363176,  0.0008901499449252,
  0.0009625127940662,  0.0008950131792395,
  0.0009372502788087,  0.0008985982109882,
  0.0009116845666099,  0.0009005885301619,
  0.0008860634862197,  0.0009007921382355,
  0.0008606816007875,  0.0008989693747878,
  0.0008357079206486,  0.0008950090564119,
  0.0008113535651199,  0.0008887570626750,
  0.0007877044678215,  0.0008801874057964,
  0.0007648881429715,  0.0008692317434760,
  0.0007429110372638,  0.0008559457209235,
  0.0007218240872241,  0.0008403397200507,
  0.0007015642600924,  0.0008225409308493,
  0.0006821185011769,  0.0008026257375864,
  0.0006633689455224,  0.0007807780401839,
  0.0006452548171008,  0.0007571237177586,
  0.0006276207814743,  0.0007318857344299,
  0.0006103763681440,  0.0007052211127900,
  0.0005933469660415,  0.0006773733282627,
  0.0005764303890065,  0.0006485121773599,
  0.0005594500819771,  0.0006188838990740,
  0.0005423085276727,  0.0005886542449390,
  0.0005248423215568,  0.0005580566757663,
  0.0005069722143304,  0.0005272388434812,
  0.0004885598168263,  0.0004964091077682,
  0.0004695541771796,  0.0004656865347654,
  0.0004498499822988,  0.0004352458717744,
  0.0004294306703247,  0.0004051710651936,
  0.0004082280938993,  0.0003755987318522,
  0.0003862622592810,  0.0003465751065753,
  0.0003635025008904,  0.0003181979634840,
  0.0003400040122067,  0.0002904768290463,
  0.0003157706456672,  0.0002634732408770,
  0.0002908884529160,  0.0002371640086920,
  0.0002653902666917,  0.0002115796549447,
  0.0002393864977631,  0.0001866704756073,
  0.0002129316751716,  0.0001624429865402,
  0.0001861527548661,  0.0001388285279059,
  0.0001591177933027,  0.0001158175411174,
  0.0001319620105978,  0.0000933304723368,
  0.0001047587531787,  0.0000713497240373,
  0.0000776435263767,  0.0000497926410699,
  0.0000506873685586,  0.0000286410137633,
  0.0000240190286289,  0.0000078159693774,
 -0.0000022991678534, -0.0000126950541429,
 -0.0000281508666376, -0.0000329616426025,
 -0.0000534872922190, -0.0000529859958541,
 -0.0000782084390826, -0.0000728245717391,
 -0.0001022821638423, -0.0000924662295863,
 -0.0001256269823630, -0.0001119522221490,
 -0.0001482286986657, -0.0001312568400445,
 -0.0001700248094839, -0.0001504057513063,
 -0.0001910187557502, -0.0001693590606761,
 -0.0002111659663600, -0.0001881279657432,
 -0.0002304858425025, -0.0002066601204334,
 -0.0002489494929075, -0.0002249545560396,
 -0.0002665895755853, -0.0002429492237813,
 -0.0002833897872892, -0.0002606341186726,
 -0.0002993926915379, -0.0002779408715058,
 -0.0003145910256691, -0.0002948540125088,
 -0.0003290336395677, -0.0003113024877956,
 -0.0003427186762839, -0.0003272690072433,
 -0.0003556977338421, -0.0003426833722812,
 -0.0003679709615668, -0.0003575298662844,
 -0.0003795895400809, -0.0003717422978744,
 -0.0003905527173620, -0.0003853094102415,
 -0.0004009086817233, -0.0003981715646804,
 -0.0004106535414058, -0.0004103241654100,
 -0.0004198306438306, -0.0004217159294089,
 -0.0004284314824903, -0.0004323503436361,
 -0.0004364934953694, -0.0004421854877923,
 -0.0004440028644240, -0.0004512335591978,
 -0.0004509908081638, -0.0004594622330954,
 -0.0004574382237999, -0.0004668923057686,
 -0.0004633704747164, -0.0004735005912846,
 -0.0004687638141679, -0.0004793157446710,
 -0.0004736386585319, -0.0004843227040240,
 -0.0004779677246831, -0.0004885567622801,
 -0.0004817677744643, -0.0004920095689466,
 -0.0004850093956963, -0.0004947215213735,
 -0.0004877072022867, -0.0004966893414868,
 -0.0004898311905742, -0.0004979568556079,
 -0.0004913953822133, -0.0004985241588954,
 -0.0004923706927343, -0.0004984368475970,
 -0.0004927720100027, -0.0004976967782405,
 -0.0004925725195799, -0.0004963498085762,
 -0.0004917892192203, -0.0004943981508540,
 -0.0004903986547450, -0.0004918866684772,
 -0.0004884208798180, -0.0004888168140265,
 -0.0004858365657918, -0.0004852315189264,
 -0.0004826694247965, -0.0004811306980024,
 -0.0004789046664186, -0.0004765547600499,
 -0.0004745699102751, -0.0004715016525791,
 -0.0004696549707243, -0.0004660090128133,
 -0.0004641912919074, -0.0004600727194829,
 -0.0004581730484345, -0.0004537276969997,
 -0.0004516351408953, -0.0004469679361041,
 -0.0004445756053230, -0.0004398259591177,
 -0.0004370322102355, -0.0004322942681941,
 -0.0004290061704870, -0.0004244034767008,
 -0.0004205373879610, -0.0004161451427624,
 -0.0004116294662930, -0.0004075485709368,
 -0.0004023236365619, -0.0003986049895155,
 -0.0003926250685244, -0.0003893430274901,
 -0.0003825755203159, -0.0003797541963762,
 -0.0003721809396325, -0.0003698670496746,
 -0.0003614828729942, -0.0003596739334774,
 -0.0003504873471202, -0.0003492038387662,
 -0.0003392350690987, -0.0003384503892526,
 -0.0003277315745279, -0.0003274434005445,
 -0.0003160162454347, -0.0003161780781622,
 -0.0003040937079733, -0.0003046853013834,
 -0.0002920016905487, -0.0002929620087694,
 -0.0002797436503109, -0.0002810402279711,
 -0.0002673554900042, -0.0002689186300688,
 -0.0002548393895825, -0.0002566303296072,
 -0.0002422293969919, -0.0002441755922750,
 -0.0002295264390213, -0.0002315884315948,
 -0.0002167627988330, -0.0002188704569270,
 -0.0002039382788335, -0.0002060562945394,
 -0.0001910835762443, -0.0001931485644422,
 -0.0001781975703550, -0.0001801821539853,
 -0.0001653096067271, -0.0001671603126261,
 -0.0001524178816151, -0.0001541178058149,
 -0.0001395506455925, -0.0001410581167186,
 -0.0001267056589599, -0.0001280155069775,
 -0.0001139103263224, -0.0001149933136062,
 -0.0001011621984874, -0.0001020249416027,
 -0.0000884880507338, -0.0000891132430190,
 -0.0000758854086610, -0.0000762904643878,
 -0.0000633805843836, -0.0000635586934938,
 -0.0000509712059265, -0.0000509487824400,
 -0.0000386832270634, -0.0000384618460430,
 -0.0000265144419841, -0.0000261271792775,
 -0.0000144904860094, -0.0000139447898367,
 -0.0000026093191009, -0.0000019423266829,
  0.0000091037641361,  0.0000098813719308,
  0.0000206506968507,  0.0000215003236610,
  0.0000320066013778,  0.0000329168581936,
  0.0000431734110396,  0.0000441066223213,
  0.0000541267832282,  0.0000550730603007,
  0.0000648687933166,  0.0000657933658596,
  0.0000753757794731,  0.0000762720069644,
  0.0000856501208609,  0.0000864876122049,
  0.0000956689946116,  0.0000964455599606,
  0.0001054352504251,  0.0001061257867536,
  0.0001149270606597,  0.0001155344601616,
  0.0001241479036510,  0.0001246526965627,
  0.0001330770887101,  0.0001334873363148,
  0.0001417188608802,  0.0001420205579131,
  0.0001500537836835,  0.0001502597730205,
  0.0001580869785379,  0.0001581881235075,
  0.0001658003490985,  0.0001658135127860,
  0.0001731999692018,  0.0001731199717057,
  0.0001802691337398,  0.0001801158416143,
  0.0001870149094902,  0.0001867859945014,
  0.0001934219984547,  0.0001931391822271,
  0.0001994984663976,  0.0001991610958907,
  0.0002052304054257,  0.0002048608947950,
  0.0002106268553586,  0.0002102250897208,
  0.0002156752530668,  0.0002152632645454,
  0.0002203855619113,  0.0002199627679511,
  0.0002247464958180,  0.0002243336400494,
  0.0002287688720439,  0.0002283640971544,
  0.0002324425983246,  0.0002320646754537,
  0.0002357792639784,  0.0002354244936459,
  0.0002387698786433,  0.0002384546255351,
  0.0002414267163879,  0.0002411451256915,
  0.0002437417945837,  0.0002435076428041,
  0.0002457279852635,  0.0002455331940217,
  0.0002473782225927,  0.0002472340309469,
  0.0002487058951420,  0.0002486021488164,
  0.0002497047703324,  0.0002496504171895,
  0.0002503886807362,  0.0002503718107199,
  0.0002507521536850,  0.0002507798167132,
  0.0002508094041456,  0.0002508683748256,
  0.0002505556575395,  0.0002506515738105,
  0.0002500054611975,  0.0002501242880205,
  0.0002491546883500,  0.0002493011757859,
  0.0002480181796687,  0.0002481780010745,
  0.0002465924163186,  0.0002467699459681,
  0.0002448925027063,  0.0002450736062722,
  0.0002429154965174,  0.0002431046305382,
  0.0002406767434444,  0.0002408603787321,
  0.0002381738522328,  0.0002383569001491,
  0.0002354223919171,  0.0002355922445038,
  0.0002324205000704,  0.0002325827909058,
  0.0002291839529065,  0.0002293272009144,
  0.0002257113951610,  0.0002258421105001,
  0.0002220187933032,  0.0002221267147128,
  0.0002181052757671,  0.0002181978342687,
  0.0002139869794572,  0.0002140551215449,
  0.0002096634893632,  0.0002097155131023,
  0.0002051510885140,  0.0002051790467507,
  0.0002004497863458,  0.0002004627109754,
  0.0001955759822436,  0.0001955668628355,
  0.0001905300723715,  0.0001905084849191,
  0.0001853285369129,  0.0001852881938459,
  0.0001799721153981,  0.0001799229150513,
  0.0001744773277350,  0.0001744134717062,
  0.0001688452083538,  0.0001687766873148,
  0.0001630922710584,  0.0001630135449145,
  0.0001572197925800,  0.0001571407272095,
  0.0001512442311909,  0.0001511593359966,
  0.0001451670504873,  0.0001450858793249,
  0.0001390046015882,  0.0001389215412115,
  0.0001327584781388,  0.0001326826251031,
  0.0001264448717772,  0.0001263703641060,
  0.0001200654495230,  0.0001200008298865,
  0.0001136361919924,  0.0001135752737906,
  0.0001071587844508,  0.0001071095101802,
  0.0001006489470714,  0.0001006047790349,
  0.0000941083310251,  0.0000940766126097,
  0.0000875523498654,  0.0000875262103246,
  0.0000809825721122,  0.0000809687975417,
  0.0000744140625984,  0.0000744055037448,
  0.0000678482630923,  0.0000678512221645,
  0.0000612998522473,  0.0000613069824999,
  0.0000547701058492,  0.0000547873200079,
  0.0000482732837805,  0.0000482931342184,
  0.0000418104615785,  0.0000418385760430,
  0.0000353954526188,  0.0000354243841341,
  0.0000290291027481,  0.0000290642984620,
  0.0000227247557113,  0.0000227588661656,
  0.0000164830027213,  0.0000165213899432,
  0.0000103166989546,  0.0000103521953782,
  0.0000042261600486,  0.0000042641223859,
 -0.0000017762626274, -0.0000017427538139,
 -0.0000076905464707, -0.0000076560801242,
 -0.0000135048560439, -0.0000134760586632,
 -0.0000192194763271, -0.0000191908451102,
 -0.0000248230973592, -0.0000248009434617,
 -0.0000303163238560, -0.0000302950374954,
 -0.0000356883787719, -0.0000356739546777,
 -0.0000409401967752, -0.0000409269231336,
 -0.0000460615394920, -0.0000460551120794,
 -0.0000510536801391, -0.0000510483068119,
 -0.0000559069233458, -0.0000559080329862,
 -0.0000606228881068, -0.0000606246423136,
 -0.0000651924251425, -0.0000652000278840,
 -0.0000696175051893, -0.0000696251134261,
 -0.0000738895269543, -0.0000739021667831,
 -0.0000780108176122, -0.0000780226857356,
 -0.0000819733245330, -0.0000819893166711,
 -0.0000857797347041, -0.0000857941300976,
 -0.0000894225434775, -0.0000894401514170,
 -0.0000929047995418, -0.0000929200194266,
 -0.0000962195440563, -0.0000962371360146,
 -0.0000993701876514, -0.0000993847010477,
 -0.0001023503134308, -0.0001023664877003,
 -0.0001051636923770, -0.0001051762472506,
 -0.0001078044438104, -0.0001078181166359,
 -0.0001102766954725, -0.0001102863867867,
 -0.0001125750951685, -0.0001125855489023,
 -0.0001147041216916, -0.0001147104200449,
 -0.0001166589414715, -0.0001166658344853,
 -0.0001184443764377, -0.0001184471204012,
 -0.0001200560996265, -0.0001200594425344,
 -0.0001214992659719, -0.0001214986239125,
 -0.0001227700409468, -0.0001227701459418,
 -0.0001238739001835, -0.0001238703091648,
 -0.0001248074853399, -0.0001248048967947,
 -0.0001255765783792, -0.0001255706686259,
 -0.0001261782789549, -0.0001261736938936,
 -0.0001266186590754, -0.0001266111725280,
 -0.0001268952564301, -0.0001268894431319,
 -0.0001270144150813, -0.0001270061258690,
 -0.0001269740892451, -0.0001269678112327,
 -0.0001267808755642, -0.0001267725189544,
 -0.0001264331219583, -0.0001264270731373,
 -0.0001259376569380, -0.0001259298716643,
 -0.0001252931982405, -0.0001252879531829,
 -0.0001245067845489, -0.0001245000715811,
 -0.0001235774787088, -0.0001235734602091,
 -0.0001225125071308, -0.0001225072061000,
 -0.0001213112524768, -0.0001213087167265,
 -0.0001199811059207, -0.0001199773887321,
 -0.0001185217442759, -0.0001185207824382,
 -0.0001169407001977, -0.0001169385799479,
 -0.0001152379188029, -0.0001152384725345,
 -0.0001134210508041, -0.0001134204030752,
 -0.0001114902837531, -0.0001114921713701,
 -0.0001094533630028, -0.0001094539559555,
 -0.0001073106927841, -0.0001073136423205,
 -0.0001050700898029, -0.0001050716192409,
 -0.0001027321494363, -0.0001027358347810,
 -0.0001003047366838, -0.0001003068623758,
 -0.0000977886128464, -0.0000977926894231,
 -0.0000951916684672, -0.0000951940484303,
 -0.0000925148059332, -0.0000925189429217,
 -0.0000897659189526, -0.0000897682390410,
 -0.0000869460266001, -0.0000869499334225,
 -0.0000840630038048, -0.0000840650007271,
 -0.0000811179624288, -0.0000811214080368,
 -0.0000781187371590, -0.0000781202138756,
 -0.0000750665092904, -0.0000750693336134,
 -0.0000719690523393, -0.0000719698855957,
 -0.0000688275942802, -0.0000688297119618,
 -0.0000656498271233, -0.0000656499675828,
 -0.0000624370034201, -0.0000624384006100,
 -0.0000591967139830, -0.0000591961799944,
 -0.0000559302145592, -0.0000559309400177,
 -0.0000526449757878, -0.0000526438422222,
 -0.0000493422360088, -0.0000493423880923,
 -0.0000460293274924, -0.0000460277113046,
 -0.0000427074514205, -0.0000427071626479,
 -0.0000393837843539, -0.0000393818285710,
 -0.0000360594714940, -0.0000360588923595,
 -0.0000327415172739, -0.0000327393750091,
 -0.0000294309930829, -0.0000294302766132,
 -0.0000261347158150, -0.0000261325356742,
 -0.0000228536662887, -0.0000228529545654,
 -0.0000195944595124, -0.0000195923734511,
 -0.0000163579701079, -0.0000163573836334,
 -0.0000131505979857, -0.0000131487123127,
 -0.0000099730971381, -0.0000099727275575,
 -0.0000068316403551, -0.0000068300302091,
 -0.0000037268478160, -0.0000037267541453,
 -0.0000006646543969, -0.0000006633616816,
  0.0000023544654423,  0.0000023542572538,
  0.0000053248242549,  0.0000053257897904,
  0.0000082461038884,  0.0000082455984946,
  0.0000111128725529,  0.0000111135296249,
  0.0000139249776620,  0.0000139242055771,
  0.0000166772500039,  0.0000166776401814,
  0.0000193697104793,  0.0000193687217856,
  0.0000219974580646,  0.0000219976389876,
  0.0000245606937417,  0.0000245595510056,
  0.0000270547889961,  0.0000270548271721,
  0.0000294801301602,  0.0000294789012789,
  0.0000318323642665,  0.0000318323281232,
  0.0000341120669790,  0.0000341108185799,
  0.0000363151626643,  0.0000363151164189,
  0.0000384424190363,  0.0000384412109193,
  0.0000404900383642,  0.0000404900371210,
  0.0000424589818989,  0.0000424578628500,
  0.0000443457292059,  0.0000443458155281,
  0.0000461514353829,  0.0000461504405259,
  0.0000478728555416,  0.0000478730575850,
  0.0000495113377917,  0.0000495104874878,
  0.0000510639099555,  0.0000510642411024,
  0.0000525321112288,  0.0000525314113992,
  0.0000539132382657,  0.0000539136980788,
  0.0000552090183804,  0.0000552084620234,
  0.0000564170121866,  0.0000564175884150,
  0.0000575391311551,  0.0000575387007596,
  0.0000585731940500,  0.0000585738653649,
  0.0000595212916026,  0.0000595209621220,
  0.0000603814940249,  0.0000603822331488,
  0.0000611560655247,  0.0000611558075784,
  0.0000618433202280,  0.0000618440971317,
  0.0000624456892055,  0.0000624454722004,
  0.0000629617221849,  0.0000629625070687,
  0.0000633940097110,  0.0000633938046261,
  0.0000637413280755,  0.0000637420939095,
  0.0000640064191951,  0.0000640062008374,
  0.0000641882762266,  0.0000641890006934,
  0.0000642897836954,  0.0000642895323092,
  0.0000643101413173,  0.0000643108080755,
  0.0000642523668688,  0.0000642520690504,
  0.0000641158557755,  0.0000641164550313,
  0.0000639037491734,  0.0000639033981113,
  0.0000636156268668,  0.0000636161553023,
  0.0000632547429881,  0.0000632543381039,
  0.0000628208499739,  0.0000628213101290,
  0.0000623173041861,  0.0000623168502905,
  0.0000617440185933,  0.0000617444178324,
  0.0000611044406798,  0.0000611039467860,
  0.0000603986315613,  0.0000603989807707,
  0.0000596301184646,  0.0000596295964083,
  0.0000587990980476,  0.0000587994102152,
  0.0000579091656936,  0.0000579086287060,
  0.0000569606408441,  0.0000569609296584,
  0.0000559571753126,  0.0000559566366756,
  0.0000548991984777,  0.0000548994770651,
  0.0000537904067817,  0.0000537898786687,
  0.0000526313266695,  0.0000526316065577,
  0.0000514256874003,  0.0000514251799768,
  0.0000501740996534,  0.0000501743900186,
  0.0000488803137436,  0.0000488798345667,
  0.0000475450118515,  0.0000475453190737,
  0.0000461719536973,  0.0000461715074251,
  0.0000447618803889,  0.0000447622079097,
  0.0000433185495682,  0.0000433181379587,
  0.0000418427489075,  0.0000418430973606,
  0.0000403382227107,  0.0000403378448704,
  0.0000388057931179,  0.0000388061606817,
  0.0000372491801077,  0.0000372488329330,
  0.0000356692285060,  0.0000356696114171,
  0.0000340696232994,  0.0000340693020452,
  0.0000324512205787,  0.0000324516137394,
  0.0000308176600397,  0.0000308173589492,
  0.0000291697980183,  0.0000291701956327,
  0.0000275112190244,  0.0000275109319567,
  0.0000258427690645,  0.0000258431652445,
  0.0000241679680143,  0.0000241676890164,
  0.0000224876414518,  0.0000224880307451,
  0.0000208052356483,  0.0000208049594305,
  0.0000191215461655,  0.0000191219239713,
  0.0000174399372087,  0.0000174396594956,
  0.0000157611652743,  0.0000157615281273,
  0.0000140885045799,  0.0000140882223258,
  0.0000124226640700,  0.0000124230097863,
  0.0000107668206093,  0.0000107665320763,
  0.0000091216276938,  0.0000091219553861,
  0.0000074901580547,  0.0000074898627688,
  0.0000058730024448,  0.0000058733124238,
  0.0000042731232809,  0.0000042728218857,
  0.0000026910419007,  0.0000026913354880,
  0.0000011296048346,  0.0000011292988693,
 -0.0000004107420335, -0.0000004104627540,
 -0.0000019272730038, -0.0000019275813711,
 -0.0000034196230442, -0.0000034193555044,
 -0.0000048851916003, -0.0000048854998559,
 -0.0000063236992391, -0.0000063234406678,
 -0.0000077326742279, -0.0000077329797851,
 -0.0000091119268375, -0.0000091116745190,
 -0.0000104591171955, -0.0000104594176347,
 -0.0000117741487233, -0.0000117739002152,
 -0.0000130548158149, -0.0000130551090758,
 -0.0000143011178457, -0.0000143008711424,
 -0.0000155109852501, -0.0000155112697649,
 -0.0000166845155220, -0.0000166842691576,
 -0.0000178197762852, -0.0000178200510513,
 -0.0000189169646844, -0.0000189167177749,
 -0.0000199742860771, -0.0000199745506706,
 -0.0000209920381729, -0.0000209917904029,
 -0.0000219685640016, -0.0000219688185390,
 -0.0000229042621521, -0.0000229040137139,
 -0.0000237976126844, -0.0000237978577431,
 -0.0000246491147945, -0.0000246488662936,
 -0.0000254573843686, -0.0000254576208793,
 -0.0000262230203702, -0.0000262227727075,
 -0.0000269447727622, -0.0000269450018857,
 -0.0000276233388993, -0.0000276230931456,
 -0.0000282576005519, -0.0000282578235536,
 -0.0000288483515645, -0.0000288481088377,
 -0.0000293946027526, -0.0000293948208856,
 -0.0000298972420583, -0.0000298970034145,
 -0.0000303554061109, -0.0000303556205166,
 -0.0000307700740933, -0.0000307698404381,
 -0.0000311405047750, -0.0000311407164070,
 -0.0000314677652856, -0.0000314675373120,
 -0.0000317512324558, -0.0000317514420309,
 -0.0000319920576614, -0.0000319918358135,
 -0.0000321897313303, -0.0000321899393066,
 -0.0000323454850119, -0.0000323452694764,
 -0.0000324589179203, -0.0000324591245001,
 -0.0000325313373622, -0.0000325311280826,
 -0.0000325624462118, -0.0000325626513666,
 -0.0000325536228073, -0.0000325534195172,
 -0.0000325046682735, -0.0000325048717846,
 -0.0000324170269781, -0.0000324168292482,
 -0.0000322905926367, -0.0000322907941467,
 -0.0000321268704040, -0.0000321266776964,
 -0.0000319258407107, -0.0000319260397792,
 -0.0000316890640452, -0.0000316888757693,
 -0.0000314166014958, -0.0000314167976545,
 -0.0000311100632570, -0.0000311098788222,
 -0.0000307695848681, -0.0000307697776702,
 -0.0000303968204610, -0.0000303966393222,
 -0.0000299919737036, -0.0000299921627645,
 -0.0000295567367885, -0.0000295565584811,
 -0.0000290913751072, -0.0000290915601342,
 -0.0000285976129615, -0.0000285974371249,
 -0.0000280757710107, -0.0000280759518196,
 -0.0000275275996706, -0.0000275274260595,
 -0.0000269534683948, -0.0000269536449159,
 -0.0000263551477067, -0.0000263549761906,
 -0.0000257330493916, -0.0000257332216642,
 -0.0000250889580939, -0.0000250887886476,
 -0.0000244233215111, -0.0000244234896696,
 -0.0000237379324688, -0.0000237377651544,
 -0.0000230332682281, -0.0000230334324818,
 -0.0000223111239347, -0.0000223109588798,
 -0.0000215720001632, -0.0000215721607723,
 -0.0000208176886219, -0.0000208175259944,
 -0.0000200487070742, -0.0000200488643248,
 -0.0000192668381634, -0.0000192666781469,
 -0.0000184726108685, -0.0000184727650491,
 -0.0000176677932959, -0.0000176676360673,
 -0.0000168529198381, -0.0000168530712185,
 -0.0000160297387706, -0.0000160295844815,
 -0.0000151987842962, -0.0000151989331118,
 -0.0000143617797644, -0.0000143616285274,
 -0.0000135192538009, -0.0000135194002412,
 -0.0000126728999535, -0.0000126727518337,
 -0.0000118232361185, -0.0000118233803218,
 -0.0000109719214053, -0.0000109717764173,
 -0.0000101194580827, -0.0000101196001351,
 -0.0000092674664348, -0.0000092673245447,
 -0.0000084164284740, -0.0000084165684141,
 -0.0000075679215448, -0.0000075677826758,
 -0.0000067224030544, -0.0000067225408801,
 -0.0000058814035745, -0.0000058812676155,
 -0.0000050453518533, -0.0000050454875318,
 -0.0000042157281484, -0.0000042155949649,
 -0.0000033929288016, -0.0000033930622804,
 -0.0000025783805189, -0.0000025782499637,
 -0.0000017724437966, -0.0000017725750146,
 -0.0000009764888619, -0.0000009763607860,
 -0.0000001908372506, -0.0000001909661481,
  0.0000005831999013,  0.0000005833256393,
  0.0000013453428105,  0.0000013452162830,
  0.0000020943417236,  0.0000020944652501,
  0.0000028299610741,  0.0000028298369498,
  0.0000035510144595,  0.0000035511358806,
  0.0000042573126653,  0.0000042571909571,
  0.0000049477342839,  0.0000049478536828,
  0.0000056221382571,  0.0000056220189556,
  0.0000062794694967,  0.0000062795869329,
  0.0000069196365779,  0.0000069195196521,
  0.0000075416517316,  0.0000075417672427,
  0.0000081454743200,  0.0000081453597200,
  0.0000087301845778,  0.0000087302981826,
  0.0000092957934869,  0.0000092956811473,
  0.0000098414496593,  0.0000098415613622,
  0.0000103672162147,  0.0000103671060592,
  0.0000108723102094,  0.0000108724200048,
  0.0000113568471158,  0.0000113567390623,
  0.0000118201122049,  0.0000118202200826,
  0.0000122622732152,  0.0000122621671806,
  0.0000126826831159,  0.0000126827890657,
  0.0000130815615381,  0.0000130814574424,
  0.0000134583283544,  0.0000134584323696,
  0.0000138132544385,  0.0000138131522083,
  0.0000141458255041,  0.0000141459275850,
  0.0000144563627514,  0.0000144562623226,
  0.0000147444164222,  0.0000147445165774,
  0.0000150103568741,  0.0000150102581928,
  0.0000152537973202,  0.0000152538955682,
  0.0000154751558693,  0.0000154750588925,
  0.0000156741069233,  0.0000156742032917,
  0.0000158511147105,  0.0000158510194053,
  0.0000160059128272,  0.0000160060073522,
  0.0000161390097807,  0.0000161389161231,
  0.0000162501961695,  0.0000162502888940,
  0.0000163400227473,  0.0000163399307202,
  0.0000164083347422,  0.0000164084257140,
  0.0000164557229424,  0.0000164556325338,
  0.0000164820846689,  0.0000164821739382,
  0.0000164880483720,  0.0000164879595722,
  0.0000164735607804,  0.0000164736483982,
  0.0000164392854911,  0.0000164391982911,
  0.0000163852158232,  0.0000163853018389,
  0.0000163120478772,  0.0000163119622668,
  0.0000162198186327,  0.0000162199030926,
  0.0000161092539402,  0.0000161091699066,
  0.0000159804314119,  0.0000159805143582,
  0.0000158341038027,  0.0000158340213293,
  0.0000156703862486,  0.0000156704677186,
  0.0000154900554881,  0.0000154899745547,
  0.0000152932610097,  0.0000152933410358,
  0.0000150808005549,  0.0000150807211371,
  0.0000148528547469,  0.0000148529333565,
  0.0000146102393081,  0.0000146101613779,
  0.0000143531627487,  0.0000143532399651,
  0.0000140824557238,  0.0000140823792504,
  0.0000137983513694,  0.0000137984272124,
  0.0000135016922158,  0.0000135016171662,
  0.0000131927327649,  0.0000131928072518,
  0.0000128723243707,  0.0000128722507110,
  0.0000125407396593,  0.0000125408128060,
  0.0000121988357783,  0.0000121987634743,
  0.0000118469002669,  0.0000118469720886,
  0.0000114857930720,  0.0000114857220905,
  0.0000111158134826,  0.0000111158839948,
  0.0000107378212997,  0.0000107377516088,
  0.0000103521244581,  0.0000103521936774,
  0.0000099595797313,  0.0000099595113011,
  0.0000095605006683,  0.0000095605686124,
  0.0000091557382088,  0.0000091556710118,
  0.0000087456085698,  0.0000087456752579,
  0.0000083309541386,  0.0000083308881498,
  0.0000079120909506,  0.0000079121564038,
  0.0000074898502194,  0.0000074897854160,
  0.0000070645450559,  0.0000070646092966,
  0.0000066369929891,  0.0000066369293504,
  0.0000062075015788,  0.0000062075646305,
  0.0000057768722758,  0.0000057768097830,
  0.0000053454045886,  0.0000053454664756,
  0.0000049138816227,  0.0000049138202583,
  0.0000044825924689,  0.0000044826532160,
  0.0000040522997559,  0.0000040522395032,
  0.0000036232799296,  0.0000036233395613,
  0.0000031962731511,  0.0000031962139940,
  0.0000027715411435,  0.0000027715996839,
  0.0000023497997561,  0.0000023497416785,
  0.0000019312940636,  0.0000019313515361,
  0.0000015167139118,  0.0000015166568975,
  0.0000011062859579,  0.0000011063423849,
  0.0000007006725098,  0.0000007006165420,
  0.0000003000801994,  0.0000003001356020,
 -0.0000000948575803, -0.0000000949125189,
 -0.0000004839556667, -0.0000004839012687,
 -0.0000008666107948, -0.0000008666647218,
 -0.0000012426605501, -0.0000012426071379,
 -0.0000016115328464, -0.0000016115857801,
 -0.0000019730891298, -0.0000019730366858,
 -0.0000023267893791, -0.0000023268413382,
 -0.0000026725198461, -0.0000026724683537,
 -0.0000030097732969, -0.0000030098243003,
 -0.0000033384615700, -0.0000033384110133,
 -0.0000036581107778, -0.0000036581608443,
 -0.0000039686589596, -0.0000039686093234,
 -0.0000042696659730, -0.0000042697151215,
 -0.0000045610965106, -0.0000045610477799,
 -0.0000048425444147, -0.0000048425926635,
 -0.0000051140013242, -0.0000051139534843,
 -0.0000053750951496, -0.0000053751425167,
 -0.0000056258446126, -0.0000056257976487,
 -0.0000058659116254, -0.0000058659581281,
 -0.0000060953419771, -0.0000060952958746,
 -0.0000063138313661, -0.0000063138770213,
 -0.0000065214524872, -0.0000065214072312,
 -0.0000067179344679, -0.0000067179792915,
 -0.0000069033766048, -0.0000069033321804,
 -0.0000070775409612, -0.0000070775849686,
 -0.0000072405529955, -0.0000072405093878,
 -0.0000073922070828, -0.0000073922502887,
 -0.0000075326542752, -0.0000075326114689,
 -0.0000076617205114, -0.0000076617629299,
 -0.0000077795817454, -0.0000077795397255,
 -0.0000078860946152, -0.0000078861362601,
 -0.0000079814591701, -0.0000079814179216,
 -0.0000080655617731, -0.0000080656026577,
 -0.0000081386256543, -0.0000081385851625,
 -0.0000082005658259, -0.0000082006059632,
 -0.0000082516276845, -0.0000082515879348,
 -0.0000082917537216, -0.0000082917931245,
 -0.0000083212103942, -0.0000083211713722,
 -0.0000083399664178, -0.0000083400050989,
 -0.0000083483081204, -0.0000083482698124,
 -0.0000083462291087, -0.0000083462670805,
 -0.0000083340343170, -0.0000083339967095,
 -0.0000083117408419, -0.0000083117781170,
 -0.0000082796708932, -0.0000082796339731,
 -0.0000082378635953, -0.0000082379001862,
 -0.0000081866570451, -0.0000081866207998,
 -0.0000081261108817, -0.0000081261468007,
