timestep:         0.0063532800000000
yAxisLabel:acceleration [m/s2]  
title:bogies acceleration       
av1,    av2,    
  0.0000000000000000,  0.0000000000000000,
  0.0000000000000000,  0.0000000000000000,
 -0.0041080263796840,  0.0040256157230567,
 -0.0018005731288000,  0.0016037015500572,
 -0.0046488497723687,  0.0043286473120548,
 -0.0060807135179840,  0.0055558688409939,
 -0.0048269588251026,  0.0040992869746394,
 -0.0093249480547973,  0.0083335899731494,
 -0.0068052600356617,  0.0055178214096118,
 -0.0137626418822905,  0.0120947595958876,
 -0.0130382090783094,  0.0108749265643258,
 -0.0196023819218965,  0.0168351483238371,
 -0.0193509471754106,  0.0158669691173817,
 -0.0245753872501799,  0.0202865230456612,
 -0.0254149500233778,  0.0202148877714804,
 -0.0301808491697313,  0.0239700808690054,
 -0.0304845591958289,  0.0231774086195765,
 -0.0357040279714465,  0.0272018822269914,
 -0.0356090698235823,  0.0258245871921550,
 -0.0401011938729675,  0.0289567910530493,
 -0.0375313736656788,  0.0250017179854936,
 -0.0411923784492438,  0.0272610468695977,
 -0.0381151359023243,  0.0227779396892376,
 -0.0414412462376643,  0.0246924308340073,
 -0.0381280902093213,  0.0199694907070470,
 -0.0399655703202318,  0.0204208947599424,
 -0.0364018570827423,  0.0155027761194880,
 -0.0365480001831670,  0.0143526501591717,
 -0.0316353667758582,  0.0082319998105230,
 -0.0315805057106550,  0.0070537316599923,
 -0.0268215801223460,  0.0012576766298473,
 -0.0282446368437286,  0.0016942385152304,
 -0.0231700655553671, -0.0043014669786743,
 -0.0235237757691968, -0.0047868433371602,
 -0.0177288653930283, -0.0113151403156636,
 -0.0181747949652980, -0.0115033923660333,
 -0.0139929037287205, -0.0162418407892318,
 -0.0145031281889697, -0.0162142328335870,
 -0.0103914459093954, -0.0207238604163312,
 -0.0120219671771513, -0.0194312519361056,
 -0.0090963111970385, -0.0226448697796155,
 -0.0109971017008227, -0.0209888325600830,
 -0.0074263651528559, -0.0247342242799303,
 -0.0105262956217173, -0.0217659413540007,
 -0.0099916951449267, -0.0224357578716974,
 -0.0151561275638112, -0.0174530368409819,
 -0.0134734365341194, -0.0193254113532152,
 -0.0183522046459089, -0.0146432000984509,
 -0.0186978742771161, -0.0145283703615632,
 -0.0263428284887374, -0.0072093398081302,
 -0.0281656453672513, -0.0058228750167470,
 -0.0350154136839673,  0.0004897020164487,
 -0.0362879988769106,  0.0011467175440714,
 -0.0439979200186976,  0.0081354254653540,
 -0.0450585227188248,  0.0083834156424781,
 -0.0496063632706247,  0.0120778371182970,
 -0.0501171068028296,  0.0117104638459105,
 -0.0561442083789774,  0.0167892596832988,
 -0.0553758154468491,  0.0150334900181434,
 -0.0565447939559482,  0.0152554499708992,
 -0.0519396568906115,  0.0098210086309338,
 -0.0545487384690635,  0.0116670768023092,
 -0.0505454691444921,  0.0069574973465882,
 -0.0488970301554650,  0.0047242402862714,
 -0.0454526375779920,  0.0008059467367872,
 -0.0459004467535015,  0.0008301979939278,
 -0.0407202457956358, -0.0046828086599062,
 -0.0379624474225038, -0.0076356867097805,
 -0.0323210920855107, -0.0133198601775348,
 -0.0332246004083119, -0.0123958014831188,
 -0.0301311902323670, -0.0154443705516320,
 -0.0315243329182242, -0.0140018123113766,
 -0.0274863159186759, -0.0179513954548545,
 -0.0276271189449828, -0.0176671601816747,
 -0.0212179861693491, -0.0238144551872541,
 -0.0189578688131286, -0.0256569765355469,
 -0.0113856730297848, -0.0326181283420813,
 -0.0090577715649227, -0.0341519258279162,
 -0.0009928587780217, -0.0412146229042048,
  0.0035644914130471, -0.0445287788421131,
  0.0141350268367009, -0.0535511165557269,
  0.0202186524863902, -0.0577652589091837,
  0.0306452287220251, -0.0659911667919310,
  0.0347606789387602, -0.0676282157590866,
  0.0425073436171390, -0.0726568108579388,
  0.0447958530047003, -0.0720350292266115,
  0.0510083962583751, -0.0751575199571273,
  0.0539400386850475, -0.0748159546780507,
  0.0618955685332327, -0.0792627395385943,
  0.0637172271786324, -0.0773749424816692,
  0.0693215439573482, -0.0790990419431473,
  0.0694776647527873, -0.0752494558167519,
  0.0707091188715410, -0.0724197877730868,
  0.1809785854539032, -0.1809388151610249,
  0.0877567467661330, -0.0863012547204994,
  0.1932110870567370, -0.1907112433597717,
  0.0935919834947574, -0.0901583336956589,
  0.1921992733808112, -0.1880165299832413,
  0.0810535414165563, -0.0762222649355410,
  0.1689939390251418, -0.1638957103006391,
  0.0492161921568752, -0.0441356822242306,
  0.1353052678836848, -0.1305880993126272,
  0.0165139133458702, -0.0123260918886399,
  0.1009102415457318, -0.0976251231759603,
 -0.0190334987239379,  0.0212508017541559,
  0.0668983473863525, -0.0660150850006354,
 -0.0517510539519544,  0.0512679108373315,
  0.0339681219712876, -0.0360104740606898,
 -0.0822714744187711,  0.0786464846573057,
  0.0064487557401947, -0.0118811431462528,
 -0.1061615927793629,  0.0988998605166428,
 -0.0159146560258080,  0.0065639804167397,
 -0.1264660435384885,  0.1150212184756719,
 -0.0316562762743869,  0.0180093299829727,
 -0.1367631329482651,  0.1211031424852602,
 -0.0387489031232456,  0.0210118635869446,
 -0.1397790328718936,  0.1201093334326959,
 -0.0376781254146617,  0.0159326762090636,
 -0.1352706798764018,  0.1115963992426924,
 -0.0322830869923764,  0.0066746467888202,
 -0.1261438924741655,  0.0989350919955488,
 -0.0208645973528280, -0.0078144724212681,
 -0.1133376424894180,  0.0835963165160709,
 -0.0072755996927436, -0.0235422998082356,
 -0.0984395651761448,  0.0667726698927677,
  0.0061323081827581, -0.0386757646590783,
 -0.0872931375180706,  0.0541828514831979,
  0.0171805154596084, -0.0508104152455555,
 -0.0737111433814033,  0.0399345569985648,
  0.0295264822708817, -0.0634514950387898,
 -0.0622721955105531,  0.0284196129912272,
  0.0405441334269520, -0.0745457447652004,
 -0.0509067098255108,  0.0168809796670181,
  0.0512258297054124, -0.0854408818953518,
 -0.0386883150430689,  0.0044837461213723,
  0.0624506886691232, -0.0967922325272034,
 -0.0272201416904733, -0.0070872454404925,
  0.0723954063508858, -0.1069392341216847,
 -0.0203319573393536, -0.0143841321258189,
  0.0754605303715291, -0.1106490700991254,
 -0.0193321687640427, -0.0162050420627832,
  0.0744518135903218, -0.1106032224441134,
 -0.0195439978456504, -0.0171245815012681,
  0.0717422361410674, -0.1092479584100852,
 -0.0265580734139998, -0.0117079573533425,
  0.0585238920543187, -0.0978987178243920,
 -0.0401856713223113, -0.0002291711535905,
  0.0452314287017156, -0.0869783062970312,
 -0.0540107328288216,  0.0110744282430671,
  0.0323155616379192, -0.0767802186997159,
 -0.0642309536938683,  0.0182993053950593,
  0.0183608273142572, -0.0661097730904901,
 -0.0835051787989576,  0.0340780246096351,
 -0.0033578050521760, -0.0481020631838823,
 -0.1014647762930314,  0.0480365255826837,
 -0.0214548392452388, -0.0343260348908795,
 -0.1191419969029858,  0.0610499492096467,
 -0.0360807079242174, -0.0247698385145988,
 -0.1283707242988512,  0.0648451849907879,
 -0.0437924326345468, -0.0226933650966902,
 -0.1343905206294588,  0.0652416565441441,
 -0.0426795991781906, -0.0292895661612513,
 -0.1220793236430311,  0.0476183394090706,
 -0.0244581823815684, -0.0526820835921534,
 -0.1003098792119614,  0.0208545932248037,
 -0.0021667858965716, -0.0796177573936853,
 -0.0766282226285815, -0.0068588199148030,
  0.0182210002626623, -0.1031834031411041,
 -0.0584885237157974, -0.0271464390525050,
  0.0342352493203337, -0.1202911254162361,
 -0.0438196922996700, -0.0419273379329518,
  0.0438626646207112, -0.1291035272324176,
 -0.0393471133380049, -0.0445927129130653,
  0.0441755052697064, -0.1264542612625609,
 -0.0372795986729481, -0.0423012413101109,
  0.0501501560040899, -0.1264520499843190,
 -0.0265486989780116, -0.0453807776775433,
  0.0620657076507164, -0.1291557646519421,
 -0.0128940397189208, -0.0483852117771326,
  0.0699243545756643, -0.1250102946600377,
 -0.0120373700446614, -0.0358707493432112,
  0.0658555641454835, -0.1061695567669563,
 -0.0150805234124211, -0.0167046380175273,
  0.0632380527998445, -0.0861684278342067,
 -0.0155664043893717,  0.0023054453322808,
  0.0644700586408814, -0.0679649368227893,
 -0.0140337431865890,  0.0209064206503607,
  0.0611342500819859, -0.0439284390056963,
 -0.0220552518216833,  0.0501255489492229,
  0.0515736706457671, -0.0127590845910233,
 -0.0275664595141561,  0.0775038145151460,
  0.0461234202122613,  0.0145870293770693,
 -0.0272668384776308,  0.0988996221547589,
  0.0542049147047846,  0.0278233123989397,
 -0.0135104860817952,  0.1059668481432173,
  0.0700208179062964,  0.0322509251549737,
  0.0051147734543214,  0.1069578001884285,
  0.0887103405817321,  0.0325062491002968,
  0.0217452423679172,  0.1085523930791129,
  0.1012010854760997,  0.0374139936555633,
  0.0343475344136018,  0.1124025522816955,
  0.1128009473817737,  0.0412634147855025,
  0.0461225423456452,  0.1150404291055678,
  0.1237513329568077,  0.0436345483593871,
  0.0571906544388378,  0.1161769125714187,
  0.1313382993822757,  0.0471496827857593,
  0.0616235687560543,  0.1218252435639640,
  0.1319639294584095,  0.0556710356814616,
  0.0622731981590852,  0.1294496215510794,
  0.1312614402158731,  0.0637754662077115,
  0.0607243322188023,  0.1374580439037879,
  0.1268847421420858,  0.0736069458903034,
  0.0538619082914852,  0.1487923878759866,
  0.1160992431784603,  0.0879831405791630,
  0.0417742304195107,  0.1637339572339738,
  0.1047834910168766,  0.1015140609106072,
  0.0344532997772476,  0.1726902069656494,
  0.0990391880172515,  0.1083422347608114,
  0.0310371466112695,  0.1766433672524755,
  0.0957198935812757,  0.1116601161695245,
  0.0295242894414293,  0.1776528738095915,
  0.0963491660544218,  0.1100999579729788,
  0.0365893607091740,  0.1693193569477587,
  0.1081417785197580,  0.0967225233775837,
  0.0520969332521077,  0.1519280660097633,
  0.1233130150259192,  0.0794310356559305,
  0.0647468003227719,  0.1369995322730572,
  0.1306264491324859,  0.0697462373264704,
  0.0692195511081644,  0.1300675211167070,
  0.1314046027457799,  0.0663483202291026,
  0.0688511740180300,  0.1275776561142257,
  0.1305690627601435,  0.0639994211532756,
  0.0690394501786417,  0.1237932220604092,
  0.1305647099191349,  0.0599709360371102,
  0.0691054857260084,  0.1192638972977124,
  0.1279087234918681,  0.0576658103885878,
  0.0669021085005493,  0.1158782752984531,
  0.1237472070416062,  0.0554475438018027,
  0.0599215352081783,  0.1155335578278279,
  0.1127502088948853,  0.0580844910028919,
  0.0481027607961868,  0.1179371180194216,
  0.0984014688013979,  0.0619855378180905,
  0.0319401968141485,  0.1226578312835978,
  0.0804577811486456,  0.0674937307022414,
  0.0139596495811126,  0.1271837598583859,
  0.0619539101918868,  0.0714963127252749,
 -0.0025561045058679,  0.1281321527219455,
  0.0469864015979673,  0.0698305052017838,
 -0.0142564453150363,  0.1221689983131686,
  0.0384062665486393,  0.0597916712184778,
 -0.0169958670441549,  0.1054519136900469,
  0.0384722973514193,  0.0395716578452029,
 -0.0134695735640141,  0.0812208738193283,
  0.0444940206813845,  0.0124560259240271,
 -0.0041723443015607,  0.0506208590435496,
  0.0528828610851251, -0.0172807314396915,
  0.0014340577077824,  0.0237627128309010,
  0.0542650906367641, -0.0396828045015868,
  0.0013517337704479,  0.0032376705702201,
  0.0532048813560858, -0.0585671168188720,
  0.0020135962958088, -0.0164292231993296,
  0.0553554700015229, -0.0785524248639880,
  0.0078457629440467, -0.0387721935049082,
  0.0621980849826445, -0.1005182026683134,
  0.0133837428060911, -0.0580829805938735,
  0.0632492763707246, -0.1140592406669785,
  0.0108133749275413, -0.0667285342303285,
  0.0550038589127750, -0.1157212961127179,
 -0.0010478148955049, -0.0634627171408949,
  0.0404308283874279, -0.1085031813019141,
 -0.0151747447331041, -0.0555537220650685,
  0.0271383636831409, -0.1003753157883711,
 -0.0264402698788578, -0.0484759115441438,
  0.0158928108995994, -0.0924349784206599,
 -0.0373727000372623, -0.0400770906393307,
  0.0006766119778510, -0.0791192612731323,
 -0.0571691723587551, -0.0217059450186488,
 -0.0231979000711798, -0.0563241352800230,
 -0.0816682872374015,  0.0020028606136200,
 -0.0472061514977606, -0.0327905900448592,
 -0.1008948914375288,  0.0211183153707235,
 -0.0610499529475620, -0.0186928699681264,
 -0.1098789711983869,  0.0307012900336031,
 -0.0678264032635659, -0.0109863626114920,
 -0.1144869072147527,  0.0365504415597819,
 -0.0729243043602248, -0.0043339131789154,
 -0.1189661964122291,  0.0429451176126919,
 -0.0770371915154480,  0.0021476524482415,
 -0.1214470094808264,  0.0483246352253817,
 -0.0799141026450492,  0.0084360651018558,
 -0.1239964704583450,  0.0546928454427514,
 -0.0824829089723288,  0.0150834840857388,
 -0.1242278921370607,  0.0591156158424148,
 -0.0802906050478651,  0.0170975158790603,
 -0.1175131777016566,  0.0565947697616655,
 -0.0699849364010842,  0.0109881456538268,
 -0.1025716976791669,  0.0458322247411505,
 -0.0526583451015180, -0.0022591114078378,
 -0.0846949494484337,  0.0318427834321873,
 -0.0372270393696267, -0.0140453049912508,
 -0.0710627849326272,  0.0216004850389454,
 -0.0260898544144249, -0.0220655553199727,
 -0.0610295527917765,  0.0143580985324857,
 -0.0180558058665106, -0.0276907771293484,
 -0.0532840611320562,  0.0086027158556145,
 -0.0112646453411184, -0.0329192814471831,
 -0.0462952014844946,  0.0027703172234827,
 -0.0057147269991036, -0.0376670606632428,
 -0.0410749548011923, -0.0019127184110498,
 -0.0011581854324475, -0.0418279691194699,
 -0.0364200064799689, -0.0062181987829222,
  0.0022336205124851, -0.0448713953043867,
 -0.0327943810403308, -0.0094682009360381,
  0.0044299338897050, -0.0466158419777029,
 -0.0323403832893318, -0.0093206632245778,
  0.0033193039925412, -0.0446444724905461,
 -0.0329359157520247, -0.0074566004711656,
  0.0021050099419548, -0.0415818782634682,
 -0.0328100877397308, -0.0050291315710965,
  0.0036449686445415, -0.0398527975529617,
 -0.0290334498778443, -0.0049171023419875,
  0.0068026273288715, -0.0386468890852555,
 -0.0272799302577913, -0.0019850339563733,
  0.0060885470215679, -0.0330380716667786,
 -0.0297943319730250,  0.0055648451735981,
 -0.0006203720194913, -0.0211926159388640,
 -0.0394733403671248,  0.0204398321145629,
 -0.0113588778724887, -0.0052693863230572,
 -0.0491977392730569,  0.0352169698217593,
 -0.0210908622584085,  0.0092069836583643,
 -0.0564097101700739,  0.0466436416511782,
 -0.0247008548759522,  0.0163140439222428,
 -0.0552872499540517,  0.0482041271727565,
 -0.0206538022035169,  0.0141302379079887,
 -0.0472503901777715,  0.0412296435468466,
 -0.0096229283667215,  0.0033571270206238,
 -0.0333682827346275,  0.0267694276373277,
  0.0059859069568840, -0.0136998964785034,
 -0.0151308595722320,  0.0061878699093550,
  0.0254617217264112, -0.0364026335359645,
  0.0059929902403648, -0.0189916731931389,
  0.0459248001661146, -0.0616708787119094,
  0.0241629250867093, -0.0426289655894594,
  0.0595030587098440, -0.0812851726675266,
  0.0338677868259415, -0.0588383103606924,
  0.0646051029927379, -0.0932250374209637,
  0.0357626287815021, -0.0677430577035724,
  0.0641005758447195, -0.0997377583305993,
  0.0353716509605539, -0.0742357415102834,
  0.0624603294343318, -0.1047270100585314,
  0.0313644723582875, -0.0765095241640706,
  0.0544107227232723, -0.1025298808754335,
  0.0193063928700539, -0.0698044763709325,
  0.0368559964615661, -0.0897605208103889,
 -0.0022669634579894, -0.0523800497845803,
  0.0128898169472935, -0.0692244598821845,
 -0.0245279793873641, -0.0327603953821450,
 -0.0060386938309239, -0.0520914998173411,
 -0.0378638100769979, -0.0203317242950104,
 -0.0142245921875262, -0.0438943987248298,
 -0.0412852517240169, -0.0159686173127022,
 -0.0148329537097534, -0.0414155352328294,
 -0.0401253756349143, -0.0143564682477409,
 -0.0153815874159280, -0.0372381309431157,
 -0.0428837215439058, -0.0071775535134434,
 -0.0202132524442534, -0.0272603267897094,
 -0.0476679546548616,  0.0034166655319842,
 -0.0243453377385368, -0.0167301590682784,
 -0.0482665078402300,  0.0108706161459996,
 -0.0203633100326966, -0.0135729192539676,
 -0.0390493801346836,  0.0089025724834760,
 -0.0080019535709411, -0.0186943291924555,
 -0.0240139942844418,  0.0010361741403022,
  0.0075908244040684, -0.0271956865399072,
 -0.0092693276527574, -0.0066949707606491,
  0.0192173995736150, -0.0319449846749685,
 -0.0010344071198710, -0.0083231021494905,
  0.0228626278520837, -0.0293939176576803,
 -0.0014916255007603, -0.0021699761542160,
  0.0183483455239424, -0.0197002544948518,
 -0.0073837136431481,  0.0084059830321887,
  0.0121969113653252, -0.0093343727416401,
 -0.0122786560170225,  0.0170557114501811,
  0.0079609209833660, -0.0018089804703271,
 -0.0152201898334030,  0.0227712985396452,
  0.0050723849998717,  0.0032568783553034,
 -0.0185137245018390,  0.0275749950784608,
  0.0005918517962789,  0.0085574279338725,
 -0.0226384950881382,  0.0318440987798333,
 -0.0026206776573587,  0.0112794549624749,
 -0.0233128430054597,  0.0314268390082880,
 -0.0010885685712194,  0.0080713833375597,
 -0.0191396391618588,  0.0249853471185378,
  0.0048068425948484, -0.0006909208906582,
 -0.0119588549367590,  0.0143509174301153,
  0.0113754478112017, -0.0112495017677696,
 -0.0062288751124921,  0.0041737223298442,
  0.0152225287624737, -0.0199014996823279,
 -0.0043568450139261, -0.0027541792026250,
  0.0136072635129673, -0.0234698872363624,
 -0.0088669296614861, -0.0034349016127285,
  0.0064979568778523, -0.0214406816241493,
 -0.0169115738451496, -0.0002517318482513,
 -0.0022864535926415, -0.0172134758650094,
 -0.0248797362208419,  0.0035071984243752,
 -0.0090544968900725, -0.0142757359558416,
 -0.0301442649536629,  0.0053559193284204,
 -0.0146415429388456, -0.0116354567918809,
 -0.0367924172423318,  0.0095731096266018,
 -0.0241231633156592, -0.0040463737921967,
 -0.0495481559472021,  0.0209658146375031,
 -0.0404458715115447,  0.0114211213611582,
 -0.0676806848140099,  0.0387125080677048,
 -0.0594498099769866,  0.0304531001403021,
 -0.0853316352672704,  0.0567229370795316,
 -0.0748151282787155,  0.0464326507927384,
 -0.0969725382533136,  0.0691866803395300,
 -0.0830076845353285,  0.0556538097662709,
 -0.1010513833810485,  0.0745061828192165,
 -0.0834920077542775,  0.0575903920406031,
 -0.0978714741927512,  0.0729743744953689,
 -0.0771550009153967,  0.0530768960720417,
 -0.0876191813243677,  0.0646900736113781,
 -0.0637499166370861,  0.0417521421971850,
 -0.0715007814412477,  0.0507263276146500,
 -0.0466562130076517,  0.0268579114304859,
 -0.0538786489138150,  0.0353276644296941,
 -0.0295042659938253,  0.0119469877603215,
 -0.0366398797809825,  0.0203292970060573,
 -0.0121994742409527, -0.0031531390733731,
 -0.0175925921520424,  0.0034006174846050,
  0.0095988469120485, -0.0229542017297089,
  0.0077111128094526, -0.0200323770276297,
  0.0371356818179776, -0.0487125823380145,
  0.0374483957855861, -0.0480400942559699,
  0.0683041655774663, -0.0781578876047810,
  0.0688110675280731, -0.0776649490131085,
  0.0964444770974745, -0.1045592427248926,
  0.0920726219286606, -0.0992338385312713,
  0.1129502687674769, -0.1194624299010316,
  0.1009955325499868, -0.1066836400271505,
  0.1137840965591183, -0.1189870881086979,
  0.0961743341095830, -0.1007615914363680,
  0.1053023255577036, -0.1096486098173654,
  0.0861324644961279, -0.0901203421886210,
  0.0946549434340439, -0.0986494198901671,
  0.0759454685761937, -0.0798277313025696,
  0.0838863871845247, -0.0880239530862675,
  0.0635722132200648, -0.0678508494831219,
  0.0683795029809984, -0.0731594464191886,
  0.0450151974331020, -0.0501582248424633,
  0.0460460333419408, -0.0518472396680076,
  0.0197998297895741, -0.0260298850485028,
  0.0193305606161881, -0.0261946329914775,
 -0.0060407536709827, -0.0011693770213907,
 -0.0051540191380699, -0.0025622467623105,
 -0.0283225402835302,  0.0204323305078866,
 -0.0245737919899924,  0.0164093912010706,
 -0.0435577874195537,  0.0355170564498820,
 -0.0359617123015993,  0.0280134669596863,
 -0.0510896119395061,  0.0436892564592204,
 -0.0406778217147541,  0.0338422910685138,
 -0.0539547319958981,  0.0481608178510819,
 -0.0436960060937406,  0.0389620371296962,
 -0.0578307839601268,  0.0546195985507429,
 -0.0488826494612819,  0.0472037354579912,
 -0.0629200153506566,  0.0632198150184188,
 -0.0525133829081083,  0.0547646730870238,
 -0.0633516066344635,  0.0679307543065311,
 -0.0492581198617883,  0.0560551953725457,
 -0.0556996007588121,  0.0650035766691352,
 -0.0381117935349970,  0.0497409495232055,
 -0.0415660823213225,  0.0557507061279523,
 -0.0215728228556250,  0.0380861946530840,
 -0.0219442639414677,  0.0409675769842654,
  0.0005560549635690,  0.0206959907331586,
  0.0022757714588070,  0.0213179445368480,
  0.0262565939001487, -0.0006600184469034,
  0.0294754710450410, -0.0017961590708366,
  0.0537139093887458, -0.0242883327984026,
  0.0566003554420082, -0.0253297841707352,
  0.0796057619116494, -0.0467970563494039,
  0.0807651037810875, -0.0462964651599667,
  0.1001625626965948, -0.0643271418153405,
  0.0969450387484308, -0.0596171017802150,
  0.1115833301000108, -0.0730247077135074,
  0.1040195290279021, -0.0640446008659322,
  0.1143829906644800, -0.0731848820900510,
  0.1039623370076082, -0.0613092720151857,
  0.1119880795566237, -0.0680463399768505,
  0.0997060442555844, -0.0542401593115967,
  0.1062998401996559, -0.0594893865419713,
  0.0940459173632932, -0.0456908974466428,
  0.1005985123401735, -0.0509113645269126,
  0.0877810811615057, -0.0365860266694272,
  0.0925315707942267, -0.0400670213193208,
  0.0773353460985165, -0.0234742878909025,
  0.0780292549785793, -0.0230546321961791,
  0.0578368253395410, -0.0016455695266839,
  0.0532614756349947,  0.0038677586061021,
  0.0292738071887292,  0.0288965236829404,
  0.0223332013804327,  0.0365687784745482,
 -0.0017086597587127,  0.0613666711836906,
 -0.0068584740311611,  0.0668600846366546,
 -0.0273751637974887,  0.0876384776582735,
 -0.0287550532446728,  0.0887926147079549,
 -0.0449069733653014,  0.1046024997119336,
 -0.0423077577477408,  0.1011851467557502,
 -0.0547488703415610,  0.1127257525540937,
 -0.0491632811612501,  0.1058044288600313,
 -0.0588108389071048,  0.1140566094758153,
 -0.0515495384947051,  0.1049800080086111,
 -0.0600991234908436,  0.1116715672298102,
 -0.0524103084978535,  0.1017398233484512,
 -0.0605918174018102,  0.1076881172902485,
 -0.0529520823595313,  0.0975078012964072,
 -0.0605724201310928,  0.1026859089155284,
 -0.0518025987679724,  0.0912619446753845,
 -0.0572796779687794,  0.0942650778344415,
 -0.0460327359557465,  0.0803918585775453,
 -0.0483616019672464,  0.0803019881687870,
 -0.0341684595663295,  0.0635588161260302,
 -0.0336010030810883,  0.0606772385223966,
 -0.0174774177139331,  0.0421525943410293,
 -0.0159800421101987,  0.0385336750201418,
 -0.0004597902438755,  0.0208421031426248,
 -0.0003967149297682,  0.0189058825902585,
  0.0126331983815013,  0.0039641673564348,
  0.0102054986015630,  0.0047825100128183,
  0.0214650211075655, -0.0081194814535081,
  0.0193509882290773, -0.0073447134612510,
  0.0323470595294989, -0.0217072627741246,
  0.0329856947732562, -0.0234093469113711,
  0.0485879605371787, -0.0401141224641928,
  0.0512313733659810, -0.0435914112461742,
  0.0669230845344597, -0.0601951458205103,
  0.0678665013814569, -0.0618113191464639,
  0.0801704436061619, -0.0748638615518755,
  0.0776824440121241, -0.0728585049887340,
  0.0866776604244514, -0.0823731469680097,
  0.0815372383097437, -0.0774651556358994,
  0.0882894676809152, -0.0844933127763060,
  0.0816879656064719, -0.0779233538432445,
  0.0870480020097632, -0.0834189356334358,
  0.0791919738904143, -0.0755194405738969,
  0.0830002372944219, -0.0794425286331614,
  0.0737318410803883, -0.0701617629670998,
  0.0755945503285578, -0.0722180651642290,
  0.0637561047288683, -0.0605056036411199,
  0.0620320828818464, -0.0591823309851758,
  0.0466490317169469, -0.0441996121004779,
  0.0415483327067486, -0.0398128844048739,
  0.0236843229287926, -0.0226744600060999,
  0.0167565416291705, -0.0167771169074093,
 -0.0020490186513683,  0.0009988523813606,
 -0.0096888470796607,  0.0073304297343153,
 -0.0286709157406366,  0.0250416003621663,
 -0.0361294419642873,  0.0309940664275502,
 -0.0538387916710038,  0.0472735254350814,
 -0.0591769011485762,  0.0509874963418430,
 -0.0738026027038339,  0.0641001364670950,
 -0.0758625472395260,  0.0644883732703343,
 -0.0870082255006693,  0.0741107834664842,
 -0.0859732584395371,  0.0714446129784596,
 -0.0939861482076988,  0.0780343316110880,
 -0.0896695257935986,  0.0722542691171215,
 -0.0936325231646610,  0.0750250497682923,
 -0.0849993167644352,  0.0652222212881097,
 -0.0841562590677697,  0.0635375356935544,
 -0.0707529033878575,  0.0493786920653045,
 -0.0653326607377285,  0.0436071266677164,
 -0.0483084450931571,  0.0264203662673901,
 -0.0401646101403905,  0.0186352561737516,
 -0.0219385805411337,  0.0010676046307851,
 -0.0140731106323476, -0.0055466670804425,
  0.0023854467128132, -0.0204286017839422,
  0.0079966409281449, -0.0238868421020897,
  0.0219029729764519, -0.0353400032885387,
  0.0255649342623322, -0.0359869370323880,
  0.0380410171747979, -0.0451427205907090,
  0.0406713274270517, -0.0438920797459829,
  0.0513960697073000, -0.0504612971973138,
  0.0515843958442463, -0.0460110317438610,
  0.0590443103086060, -0.0486630942064266,
  0.0554095649120630, -0.0398515269948764,
  0.0584545914456437, -0.0376495483876224,
  0.0507550121355919, -0.0244170052964314,
  0.0503501814107254, -0.0184774828408682,
  0.0403812311642390, -0.0027640464715181,
  0.0387611818959272,  0.0045042212057394,
  0.0288546622587264,  0.0201337615423138,
  0.0279972424390438,  0.0264623789847725,
  0.0197648994248161,  0.0400856040527053,
  0.0210870897179927,  0.0437790548839176,
  0.0152335504842711,  0.0544814558768734,
  0.0183366640713882,  0.0557909343193035,
  0.0137905442182750,  0.0645193059587429,
  0.0175017879118060,  0.0644933834289749,
  0.0127500075169832,  0.0726520424056718,
  0.0151453398261597,  0.0731433016888855,
  0.0089542794854660,  0.0819344752255350,
  0.0099937906370577,  0.0829761102184122,
  0.0028618451398488,  0.0918946452459769,
  0.0033585063897019,  0.0926428580786955,
 -0.0031047667262366,  0.1000217314511336,
 -0.0011003159030822,  0.0983752070688169,
 -0.0055558700596191,  0.1028709561429037,
 -0.0015560248424450,  0.0983858129611206,
 -0.0038756859777888,  0.0999314465645864,
  0.0018465652779178,  0.0929329008263668,
  0.0010054923295490,  0.0922276406932409,
  0.0080786599728141,  0.0831360474410793,
  0.0088993672688806,  0.0800703763727782,
  0.0172228264826067,  0.0690867784575342,
  0.0185236183016526,  0.0649504318770867,
  0.0263247526088183,  0.0539417672407717,
  0.0267621730138607,  0.0501604369418273,
  0.0337028391292720,  0.0395556279506828,
  0.0340995516997728,  0.0354227146875290,
  0.0417116352942934,  0.0238312842319194,
  0.0430632321575594,  0.0185042377570167,
  0.0507501808790905,  0.0066691203646937,
  0.0510340840446871,  0.0022982114872757,
  0.0563962260139446, -0.0072675497554083,
  0.0539378116713279, -0.0088860795478010,
  0.0566600927532920, -0.0157093966636964,
  0.0522242695546879, -0.0151348680638189,
  0.0534632246923068, -0.0201401304829855,
  0.0482277464580923, -0.0183329723201825,
  0.0491314106857117, -0.0224995977915764,
  0.0442771863225083, -0.0205291423268055,
  0.0461177411485706, -0.0250577388492586,
  0.0426480528447627, -0.0238702372573568,
  0.0453070632227715, -0.0285896104119749,
  0.0416366715545502, -0.0265645032767178,
  0.0427015955544616, -0.0290695599912376,
  0.0365204056565290, -0.0239626417405174,
  0.0346054044411071, -0.0229831821024040,
  0.0258941323714472, -0.0149190692188577,
  0.0222478935534655, -0.0118641265317505,
  0.0129735835478151, -0.0029913680094097,
  0.0095332581164834, -0.0000153322930710,
  0.0012802351655294,  0.0078202912889538,
 -0.0004867678197145,  0.0089574368029500,
 -0.0065932103496168,  0.0143394830327186,
 -0.0064223282487581,  0.0131150250453859,
 -0.0110727198320708,  0.0165243143462595,
 -0.0102658270630061,  0.0140812544301860,
 -0.0148382315723234,  0.0167777560782378,
 -0.0145072244750354,  0.0141281050822451,
 -0.0197475616735453,  0.0167637609685654,
 -0.0202379787045705,  0.0141848064766058,
 -0.0260550875465803,  0.0166619642419930,
 -0.0268885314182405,  0.0137489330047562,
 -0.0324055998040243,  0.0153401400320323,
 -0.0324770382613196,  0.0111984981576203,
 -0.0366576819140262,  0.0111115623333259,
 -0.0350386861601500,  0.0050540499824088,
 -0.0372237379034593,  0.0028510822187565,
 -0.0338078153265380, -0.0050082897876270,
 -0.0346469687094225, -0.0084305743955790,
 -0.0308569422309579, -0.0163980509073846,
 -0.0322691595631636, -0.0188579610091195,
 -0.0300014734942369, -0.0248138277819161,
 -0.0331442943905026, -0.0249778564259940,
 -0.0323025098670826, -0.0288777850527808,
 -0.0360953390275433, -0.0277117844445955,
 -0.0351988105847957, -0.0309563432458457,
 -0.0380991601740880, -0.0299716835870824,
 -0.0359928295109627, -0.0337338529558645,
 -0.0380955753058900, -0.0328826001861090,
 -0.0364675079400425, -0.0355187514962387,
 -0.0400665235609829, -0.0325226343216354,
 -0.0403264448497139, -0.0326054990683767,
 -0.0453208680417275, -0.0275375382875004,
 -0.0463120665601050, -0.0262238898258992,
 -0.0511515278478774, -0.0206932319992837,
 -0.0514636930230315, -0.0195139071241062,
 -0.0556627316646527, -0.0141635542137059,
 -0.0561312636593857, -0.0124474692396646,
 -0.0608998322579189, -0.0062201003805443,
 -0.0616888440106461, -0.0039412208335580,
 -0.0660045449011944,  0.0020042865042250,
 -0.0658290497010737,  0.0034066814766600,
 -0.0688209715585699,  0.0080199156651168,
 -0.0674428674619077,  0.0081170500094821,
 -0.0694636472204688,  0.0115759660473377,
 -0.0674754096198916,  0.0108217838300360,
 -0.0689114415983082,  0.0134111579183099,
 -0.0663418475300307,  0.0117595893581351,
 -0.0670590143136810,  0.0132900518701920,
 -0.0637988568923846,  0.0105938317519910,
 -0.0638274296782314,  0.0110741249016971,
 -0.0601077825704011,  0.0075628173325713,
 -0.0598095346031782,  0.0073828184466152,
 -0.0557254559564414,  0.0032120200188714,
 -0.0548169784961449,  0.0021705419007850,
 -0.0500645051656431, -0.0028682694329593,
 -0.0477757841545834, -0.0054185353811462,
 -0.0412650393304119, -0.0122420795125166,
 -0.0385430879635498, -0.0151703098478058,
 -0.0314750119350630, -0.0224544880705163,
 -0.0276084985991260, -0.0264209603531497,
 -0.0193985881334052, -0.0347568372076381,
 -0.0155531493828908, -0.0386212974320537,
 -0.0081379903523020, -0.0460641949416518,
 -0.0042080310790073, -0.0499144265093604,
  0.0033245192713695, -0.0574037067005612,
  0.0071310453081191, -0.0610948573969731,
  0.0143052981160246, -0.0682231587442033,
  0.0165394243253560, -0.0703513220168110,
  0.0214018129534639, -0.0751535372724761,
  0.0208246449276924, -0.0744122517849087,
  0.0226509963313046, -0.0760616355324871,
  0.0200488067213174, -0.0731372242324984,
  0.0206992742528662, -0.0734457898370685,
  0.0177918621253705, -0.0700780278479993,
  0.0179689120556004, -0.0698108224644976,
  0.0142720045483409, -0.0655741406071898,
  0.0131191841123014, -0.0638962553194984,
  0.0079179676964383, -0.0580538325069465,
  0.0049735689224525, -0.0544445440433693,
 -0.0020973201215067, -0.0465409585291206,
 -0.0067734393669979, -0.0409489576047271,
 -0.0151752055571472, -0.0314086818785854,
 -0.0207353426480063, -0.0245801998230777,
 -0.0294434688616719, -0.0143493818828107,
 -0.0344900677935134, -0.0076386838089864,
 -0.0417809074915656,  0.0015519736660777,
 -0.0446443220530193,  0.0064108391012578,
 -0.0491245092762104,  0.0130510896568969,
 -0.0488404673668083,  0.0149366954384722,
 -0.0501859673879292,  0.0185245686554267,
 -0.0470322481513408,  0.0175388672230151,
 -0.0459579938044836,  0.0186344462513596,
 -0.0409438865540529,  0.0156655818255579,
 -0.0385360842453790,  0.0152732312747317,
 -0.0326235226452006,  0.0112378579978204,
 -0.0295983580526265,  0.0100559906119930,
 -0.0233583100955905,  0.0055255174456302,
 -0.0199297586428671,  0.0037754053749000,
 -0.0128531825843876, -0.0017679560146426,
 -0.0081717463426843, -0.0049828926357023,
  0.0000961139040293, -0.0119768241730574,
  0.0054186262127848, -0.0161343333416895,
  0.0136969505037420, -0.0234631497392794,
  0.0185685561572504, -0.0275017571471170,
  0.0256930744317639, -0.0339964747671685,
  0.0288800061946059, -0.0366384618402377,
  0.0342733791123641, -0.0416491983379197,
  0.0359089702049180, -0.0429529378392586,
  0.0392278345480800, -0.0460620466178604,
  0.0380440083243088, -0.0446558290270570,
  0.0382164309089387, -0.0446418818414312,
  0.0346649492456385, -0.0408149316928878,
  0.0337382088161607, -0.0396108731065116,
  0.0297743706626912, -0.0352811822535204,
  0.0278780848890052, -0.0330163198292588,
  0.0222414067040755, -0.0268939285684085,
  0.0186389456929665, -0.0227542431638807,
  0.0122108744755420, -0.0156373239790086,
  0.0086722146658260, -0.0113534016280367,
  0.0026163759125161, -0.0044153978453128,
 -0.0007527682972788, -0.0001184361790592,
 -0.0066174972597714,  0.0068075653527380,
 -0.0096072891938100,  0.0109023974673663,
 -0.0145228521779784,  0.0170424176264828,
 -0.0159778081500159,  0.0197331230528601,
 -0.0191665187891959,  0.0242308605807591,
 -0.0193424207602515,  0.0256897228044817,
 -0.0216546954544676,  0.0293387686459157,
 -0.0208757211047564,  0.0298598531406368,
 -0.0217758815943315,  0.0320918464269479,
 -0.0193459332578790,  0.0309217877557978,
 -0.0185525870851606,  0.0313770796145574,
 -0.0146622199440353,  0.0286235640813707,
 -0.0128408121942686,  0.0278979848593919,
 -0.0083032027617590,  0.0243293292323019,
 -0.0056182212619274,  0.0225561999883280,
 -0.0002294706489323,  0.0179297649229945,
  0.0031287375679209,  0.0152530426433635,
  0.0088379642846072,  0.0100597446815365,
  0.0122356857974805,  0.0070887701148840,
  0.0178209639837404,  0.0017622978323831,
  0.0209059719574109, -0.0011532127313826,
  0.0259287802371210, -0.0061683324083868,
  0.0282424754857984, -0.0085525272788618,
  0.0322318721799107, -0.0127554339454884,
  0.0333310804703281, -0.0141219178126875,
  0.0358315577486740, -0.0169998096225366,
  0.0351252981498168, -0.0166819928926100,
  0.0357741909414221, -0.0177788975796682,
  0.0338597099960978, -0.0162858068621570,
  0.0333878442734906, -0.0162701959398575,
  0.0305187890839490, -0.0138109384101164,
  0.0292059700554612, -0.0129258635967206,
  0.0256793743831357, -0.0097683662007461,
  0.0238330650823907, -0.0082995344239517,
  0.0199584494164076, -0.0047384463158432,
  0.0178842491495519, -0.0029829103377890,
  0.0139560179388639,  0.0006902544455958,
  0.0119324391958386,  0.0024519212723948,
  0.0082074140520372,  0.0059740884206479,
  0.0064664623623335,  0.0075001825162065,
  0.0031477117599376,  0.0106558971673115,
  0.0018620837022950,  0.0117593535508045,
 -0.0009104742370227,  0.0143930318619751,
 -0.0016334235656216,  0.0149501406276109,
 -0.0037857998073346,  0.0169713161017280,
 -0.0039037553982174,  0.0169236380159636,
 -0.0054247374526546,  0.0183057517680551,
 -0.0049546954673250,  0.0176560443477305,
 -0.0058878537462968,  0.0184298144503473,
 -0.0048962019097330,  0.0172331870204407,
 -0.0053284012991097,  0.0174759167218522,
 -0.0039182272997641,  0.0158276735932490,
 -0.0039660985481120,  0.0156500162628700,
 -0.0022631824634077,  0.0136717255147313,
 -0.0020589787427377,  0.0132034268865176,
 -0.0001978350176197,  0.0110286850310668,
  0.0001240462356232,  0.0104046927980737,
  0.0020129047951242,  0.0081658697082837,
  0.0023276883539870,  0.0075139682090684,
  0.0041283580611812,  0.0053309463357120,
  0.0043301889515527,  0.0047617742498289,
  0.0059492534088390,  0.0027333764133677,
  0.0059575838165033,  0.0023333546556944,
  0.0073289766108624,  0.0005318210738355,
  0.0070919071501420,  0.0003591893411991,
  0.0081787681575118, -0.0011722523862899,
  0.0076734857854625, -0.0010883906958077,
  0.0084672740903399, -0.0023350936184850,
  0.0076979556824177, -0.0019930649931637,
  0.0082152782158552, -0.0029661152479465,
  0.0072089925372143, -0.0023878362977321,
  0.0074867376952187, -0.0031193817681292,
  0.0062879743216088, -0.0023450235453555,
  0.0063774017179961, -0.0028824438949578,
  0.0050418845855211, -0.0019642760459718,
  0.0050023199064967, -0.0023638645421823,
  0.0035907320584455, -0.0013599295303368,
  0.0034834590710205, -0.0016807033619671,
  0.0020556252962633, -0.0006488926507059,
  0.0019384673715467, -0.0009470493221994,
  0.0005484258897717,  0.0000599629863591,
  0.0004713818341412, -0.0002644445510504,
 -0.0008363598782163,  0.0006742052385862,
 -0.0008342018049984,  0.0002852412757739,
 -0.0020270742979337,  0.0011236235566130,
 -0.0019192607460719,  0.0006442181987410,
 -0.0029776855924234,  0.0013632633887430,
 -0.0027508052181093,  0.0007804702897779,
 -0.0036679944190978,  0.0013738409622831,
 -0.0033209183265326,  0.0006869758587133,
 -0.0041016136712918,  0.0011598745173605,
 -0.0036437982729304,  0.0003788720672508,
 -0.0043022075586302,  0.0007460173956360,
 -0.0037513368711417, -0.0001108996787266,
 -0.0043085564532995,  0.0001721644569385,
 -0.0036878183474807, -0.0007368763829939,
 -0.0041690346884493, -0.0005120720656195,
 -0.0035043155379485, -0.0014466969696768,
 -0.0039360561919511, -0.0012529515498870,
 -0.0032533053305926, -0.0021865334980779,
 -0.0036609675322777, -0.0019977678260722,
 -0.0029839330506727, -0.0029058892220191,
 -0.0033897622372721, -0.0026992013550938,
 -0.0027382395026886, -0.0035614397790072,
 -0.0031598673198060, -0.0033186006185294,
 -0.0025485378373914, -0.0041197221621090,
 -0.0029981258805068, -0.0038280617635292,
 -0.0024360026208826, -0.0045586030686931,
 -0.0029199797664598, -0.0042112975724262,
 -0.0024104208727725, -0.0048675729937328,
 -0.0029297529333439, -0.0044633923189456,
 -0.0024709624222681, -0.0050470069704168,
 -0.0030218558432959, -0.0045896212500894,
 -0.0026077595911319, -0.0051066017016144,
 -0.0031826776092780, -0.0046035685616162,
 -0.0028040465372330, -0.0050632400457434,
 -0.0033929065073306, -0.0045248049127341,
 -0.0030385956940962, -0.0049385473939649,
 -0.0036300192662286, -0.0043763863642093,
 -0.0032882002917492, -0.0047563934970087,
 -0.0038707016983633, -0.0041824149058225,
 -0.0035299833272420, -0.0045405620111377,
 -0.0040930024217849, -0.0039658612360782,
 -0.0037433591611763, -0.0043127640820010,
 -0.0042780723860028, -0.0037467996083169,
 -0.0039115281726727, -0.0040911176853012,
 -0.0044113990377276, -0.0035411477374300,
 -0.0040224417744222, -0.0038891571221114,
 -0.0044835001636776, -0.0033599481751766,
 -0.0040692293234921, -0.0037153823365738,
 -0.0044900937572144, -0.0032091758934425,
 -0.0040501257831368, -0.0035733099218207,
 -0.0044318027061778, -0.0030900135559078,
 -0.0039679763133085, -0.0034619499357478,
 -0.0043134848905535, -0.0029995042282926,
 -0.0038294194986870, -0.0033766067786402,
 -0.0041432984601423, -0.0029314714419836,
 -0.0036438641063162, -0.0033098889024767,
 -0.0039316193639778, -0.0028775892040424,
 -0.0034223758491617, -0.0032528105676761,
 -0.0036899243329780, -0.0028284882536775,
 -0.0031765817439269, -0.0031958773130647,
 -0.0034297395122995, -0.0027747978495119,
 -0.0029176831721535, -0.0031300637490550,
 -0.0031617351720812, -0.0027080421730541,
 -0.0026556464081743, -0.0030476143136010,
 -0.0028950230238288, -0.0026213343620716,
 -0.0023986145348819, -0.0029426227485675,
 -0.0026366873976494, -0.0025098367327867,
 -0.0021525594584412, -0.0028113713156170,
 -0.0023915569066657, -0.0023709801403224,
 -0.0019211695057036, -0.0026524341175509,
 -0.0021622018640040, -0.0022044573299252,
 -0.0017059485247111, -0.0024665685568996,
 -0.0019491252840527, -0.0020120223088963,
 -0.0015064876544859, -0.0022564337626306,
 -0.0017511033228256, -0.0017971399971899,
 -0.0013208616812737, -0.0020261842754622,
 -0.0015656244152960, -0.0015645370119489,
 -0.0011460978785372, -0.0017809910496726,
 -0.0013893750859814, -0.0013197057649280,
 -0.0009786665511666, -0.0015265408975712,
 -0.0012187237688728, -0.0010684107005311,
 -0.0008149477041409, -0.0012685600138489,
 -0.0010501610383112, -0.0008162384348689,
 -0.0006516368145886, -0.0010123987663476,
 -0.0008806642914649, -0.0005682239008372,
 -0.0004860631965313, -0.0007627044726659,
 -0.0007079659442228, -0.0003285735578360,
 -0.0003164056225278, -0.0005231974724853,
 -0.0005307154671073, -0.0001004954342755,
 -0.0001418009968722, -0.0002965549136551,
 -0.0003485360918044,  0.0001138647620633,
  0.0000376484203443, -0.0000843967228648,
 -0.0001619859602623,  0.0003133912157164,
  0.0002209557345384,  0.0001126396903919,
  0.0000275596331198,  0.0004978858455989,
  0.0004063989252244,  0.0002947551548502,
  0.0002180838674350,  0.0006678975411881,
  0.0005917167566030,  0.0004627972800722,
  0.0004071387554945,  0.0008245158642553,
  0.0007743278576618,  0.0006180450762696,
  0.0005920674220456,  0.0009691521083087,
  0.0009515510085793,  0.0007619916497946,
  0.0007702176292114,  0.0011033284024093,
  0.0011208076335209,  0.0008961439917198,
  0.0009391295322977,  0.0012284919124380,
  0.0012797917056858,  0.0010218547136555,
  0.0010966852387468,  0.0013458665995576,
  0.0014265971086569,  0.0011401956919214,
  0.0012412127532153,  0.0014563499836253,
  0.0015597975519430,  0.0012518785680321,
  0.0013715418310641,  0.0015604574165975,
  0.0016784788678108,  0.0013572222932707,
  0.0014870137177534,  0.0016583119128836,
  0.0017822276191750,  0.0014561638283108,
  0.0015874504082727,  0.0017496739241981,
  0.0018710831002134,  0.0015483049087486,
  0.0016730917181275,  0.0018340027875816,
  0.0019454619577160,  0.0016329856962840,
  0.0017445100292185,  0.0019105400042000,
  0.0020060656672220,  0.0017093750834779,
  0.0018025130693889,  0.0019784039956538,
  0.0020537811145842,  0.0017765674268371,
  0.0018480446552042,  0.0020366864693182,
  0.0020895836555958,  0.0018336763549509,
  0.0018820920308338,  0.0020845417128676,
  0.0021144504729947,  0.0018799178555665,
  0.0019056066953808,  0.0021212620177070,
  0.0021292900460438,  0.0019146768531133,
  0.0019194434148442,  0.0021463345196159,
  0.0021348913177983,  0.0019375536993538,
  0.0019243199002748,  0.0021594770168771,
  0.0021318939706682,  0.0019483892536036,
  0.0019207974888390,  0.0021606524566544,
  0.0021207791254071,  0.0019472691712022,
  0.0019092813038453,  0.0021500636461385,
  0.0021018781995548,  0.0019345097941810,
  0.0018900369022557,  0.0021281312127416,
  0.0020753963450057,  0.0019106292029837,
  0.0018632194171076,  0.0020954588403152,
  0.0020414461526010,  0.0018763077729055,
  0.0018289106866044,  0.0020527903249749,
  0.0020000870663675,  0.0018323428934104,
  0.0017871598068026,  0.0020009630479315,
  0.0019513660155610,  0.0017796022629221,
  0.0017380228922273,  0.0019408621172338,
  0.0018953554028150,  0.0017189797703132,
  0.0016815984901883,  0.0018733787695903,
  0.0018321852755879,  0.0016513571012606,
  0.0016180559561105,  0.0017993757360539,
  0.0017620674951526,  0.0015775733117989,
  0.0015476551254865,  0.0017196613385627,
  0.0016853107018242,  0.0014984035987324,
  0.0014707565153532,  0.0016349729996235,
  0.0016023258388786,  0.0014145475366985,
  0.0013878223174250,  0.0015459700503707,
  0.0015136228452123,  0.0013266262040187,
  0.0012994091187771,  0.0014532348601344,
  0.0014197997911975,  0.0012351869301914,
  0.0012061539095195,  0.0013572807795396,
  0.0013215262464346,  0.0011407139680383,
  0.0011087552862475,  0.0012585650107403,
  0.0012195228368560,  0.0010436430508106,
  0.0010079519115194,  0.0011575043704563,
  0.0011145391038255,  0.0009443778539442,
  0.0009045002405888,  0.0010544919572437,
  0.0010073315572225,  0.0008433064295971,
  0.0007991533140530,  0.0009499129465524,
  0.0008986435674605,  0.0007408159944606,
  0.0006926420783392,  0.0008441580721205,
  0.0007891883827588,  0.0006373048534032,
  0.0005856602818009,  0.0007376337641335,
  0.0006796360545650,  0.0005331906063178,
  0.0004788535501998,  0.0006307683582995,
  0.0005706046981653,  0.0004289143153618,
  0.0003728128125079,  0.0005240142215679,
  0.0004626560315798,  0.0003249406512140,
  0.0002680718552968,  0.0004178460176030,
  0.0003562948195075,  0.0002217544223628,
  0.0001651084967018,  0.0003127556710645,
  0.0002519715697146,  0.0001198541482462,
  0.0000643485977508,  0.0002092447597696,
  0.0001500876564716,  0.0000197435117403,
 -0.0000338279339423,  0.0001078152519784,
  0.0000510019668827, -0.0000780783965572,
 -0.0001290800770239,  0.0000089594862449,
 -0.0000449618276354, -0.0001731271455530,
 -0.0002210984190428, -0.0000868497348397,
 -0.0001375081723616, -0.0002649425188446,
 -0.0003095984128146, -0.0001791681918359,
 -0.0002263633862691, -0.0003530969080124,
 -0.0003943147449868, -0.0002675878559970,
 -0.0003112707422017, -0.0004372020396475,
 -0.0004749972048422, -0.0003517426690706,
 -0.0003919871703436, -0.0005169137586057,
 -0.0005514082452939, -0.0004313123066550,
 -0.0004682816772827, -0.0005919347701525,
 -0.0006233222391340, -0.0005060239197425,
 -0.0005399354033187, -0.0006620154233595,
 -0.0006905262813787, -0.0005756520172531,
 -0.0006067430975905, -0.0007269527613388,
 -0.0007528222560446, -0.0006400167681294,
 -0.0006685156876469, -0.0007865881684890,
 -0.0008100298113555, -0.0006989810923453,
 -0.0007250835596279, -0.0008408040065335,
 -0.0008619898425692, -0.0007524469448402,
 -0.0007763001467651, -0.0008895196509269,
 -0.0009085680908705, -0.0008003512047947,
 -0.0008220454429530, -0.0009326873211510,
 -0.0009496584876850, -0.0008426615338103,
 -0.0008622291080341, -0.0009702880498283,
 -0.0009851859537919, -0.0008793725235943,
 -0.0008967929037723, -0.0010023280650583,
 -0.0010151084276279, -0.0009105023607341,
 -0.0009257122800526, -0.0010288357723069,
 -0.0010394179922589, -0.0009360901565695,
 -0.0009489970343142, -0.0010498594493736,
 -0.0010581410554749, -0.0009561940013050,
 -0.0009666910214793, -0.0010654656544722,
 -0.0010713376175912, -0.0009708897232979,
 -0.0009788710024555, -0.0010757383123112,
 -0.0010790997278110, -0.0009802702694772,
 -0.0009856447468561, -0.0010807783558188,
 -0.0010815492731159, -0.0009844455690445,
 -0.0009871485600133, -0.0010807037774885,
 -0.0010788352935829, -0.0009835427335658,
 -0.0009835444198865, -0.0010756499199590,
 -0.0010711309881201, -0.0009777063952776,
 -0.0009750169124613, -0.0010657698346279,
 -0.0010586306193936, -0.0009670990429484,
 -0.0009617701400157, -0.0010512345506476,
 -0.0010415464662150, -0.0009519011950480,
 -0.0009440247507309, -0.0010322331230350,
 -0.0010201059547038, -0.0009323112947148,
 -0.0009220152037331, -0.0010089723631301,
 -0.0009945490798752, -0.0009085452654387,
 -0.0008959873446058, -0.0009816761929122,
 -0.0009651261440199, -0.0008808356595557,
 -0.0008661963279366, -0.0009505846040330,
 -0.0009320958588996, -0.0008494304278938,
 -0.0008329048878557, -0.0009159522384154,
 -0.0008957237785272, -0.0008145913249173,
 -0.0007963819209089, -0.0008780466308191,
 -0.0008562810262094, -0.0007765920137121,
 -0.0007569013461945, -0.0008371461994063,
 -0.0008140432538797, -0.0007357159462950,
 -0.0007147411463653, -0.0007935380373703,
 -0.0007692897629751, -0.0006922541056803,
 -0.0006701825458655, -0.0007475156229898,
 -0.0007223027142683, -0.0006465026979566,
 -0.0006235092373704, -0.0006993765159884,
 -0.0006733663534566, -0.0005987608711014,
 -0.0005750065991198, -0.0006494201230924,
 -0.0006227662111917, -0.0005493285470733,
 -0.0005249608518568, -0.0005979455950230,
 -0.0005707882082115, -0.0004985043956940,
 -0.0004736581211656, -0.0005452499018060,
 -0.0005177176664450, -0.0004465840148797,
 -0.0004213833876769, -0.0004916261150695,
 -0.0004638382016766, -0.0003938583216932,
 -0.0003684193244205, -0.0004373619087917,
 -0.0004094305057461, -0.0003406121587737,
 -0.0003150450352615, -0.0003827382745655,
 -0.0003547710504767, -0.0002871231173391,
 -0.0002615347199165, -0.0003280284345212,
 -0.0003001307222369, -0.0002336605338288,
 -0.0002081562996251, -0.0002734969263871,
 -0.0002457734450395, -0.0001804846526220,
 -0.0001551700420371, -0.0002193988299098,
 -0.0001919548184663, -0.0001278459097166,
 -0.0001028272214484, -0.0001659790990219,
 -0.0001389208128954, -0.0000759843093951,
 -0.0000513688598738, -0.0001134719775784,
 -0.0000869065555899, -0.0000251288639061,
 -0.0000010245654619, -0.0000621004568477,
 -0.0000361352359528,  0.0000245029277337,
  0.0000479884922925, -0.0000120757689053,
  0.0000131828493768,  0.0000727055790667,
  0.0000954664630333,  0.0000364031068024,
  0.0000608511007354,  0.0001192861052321,
  0.0001412195403893,  0.0000831499271060,
  0.0001066872598273,  0.0001640644998055,
  0.0001850725310902,  0.0001279916589812,
  0.0001505239052356,  0.0002068742038913,
  0.0002268652743853,  0.0001707689372270,
  0.0001922087999544,  0.0002475625506924,
  0.0002664529232010,  0.0002113364952430,
  0.0002316051091497,  0.0002859911779691,
  0.0003037061019938,  0.0002495635552815,
  0.0002685915027818,  0.0003220363925007,
  0.0003385109581839,  0.0002853341634153,
  0.0003030621602668,  0.0003555894717409,
  0.0003707691244047,  0.0003185474548850,
  0.0003349266945087,  0.0003865568895280,
  0.0004003976077133,  0.0003491178371871,
  0.0003641100100349,  0.0004148604540054,
  0.0004273286199936,  0.0003769750812103,
  0.0003905521082551,  0.0004404373498425,
  0.0004515093597115,  0.0004020643128803,
  0.0004142078494597,  0.0004632400800621,
  0.0004729017564040,  0.0004243459058637,
  0.0004350466780443,  0.0004832363065978,
  0.0004914821773903,  0.0004437952708161,
  0.0004530523144862,  0.0005004085923052,
  0.0005072411042778,  0.0004604025509501,
  0.0004682224151632,  0.0005147540504495,
  0.0005201827757096,  0.0004741722277001,
  0.0004805681968228,  0.0005262839078944,
  0.0005303247955282,  0.0004851226467967,
  0.0004901140292501,  0.0005350229979816,
  0.0005376977032050,  0.0004932854750085,
  0.0004968969828270,  0.0005410091838188,
  0.0005423445034399,  0.0004987050986863,
  0.0005009663381045,  0.0005442927332115,
  0.0005443201524445,  0.0005014379753453,
  0.0005023830488569,  0.0005449356497332,
  0.0005436909964009,  0.0005015519458522,
  0.0005012191594316,  0.0005430109716954,
  0.0005405341694733,  0.0004991255242644,
  0.0004975571761536,  0.0005386020470249,
  0.0005349369389746,  0.0004942471596438,
  0.0004914893946240,  0.0005318017910713,
  0.0005269960135513,  0.0004870144893792,
  0.0004831171861036,  0.0005227119326738,
  0.0005168168107675,  0.0004775335810760,
  0.0004725502476451,  0.0005114422525055,
  0.0005045126890948,  0.0004659181661104,
  0.0004599058218807,  0.0004981098165500,
  0.0004902041591292,  0.0004522888756938,
  0.0004453078930138,  0.0004828382064949,
  0.0004740180660854,  0.0004367724660706,
  0.0004288863662894,  0.0004657567484353,
  0.0004560867658043,  0.0004195010488966,
  0.0004107762385918,  0.0004469997411844,
  0.0004365472924980,  0.0004006113187290,
  0.0003911167643783,  0.0004267056822728,
  0.0004155405282279,  0.0003802437817038,
  0.0003700506324469,  0.0004050165016082,
  0.0003932103799219,  0.0003585419862509,
  0.0003477231448143,  0.0003820767896527,
  0.0003697029697408,  0.0003356517577804,
  0.0003242814177015,  0.0003580330369447,
  0.0003451658438608,  0.0003117204399617,
  0.0002998736001508,  0.0003330328786974,
  0.0003197472010557,  0.0002868961428555,
  0.0002746481168153,  0.0003072243505431,
  0.0002935951521295,  0.0002613270091092,
  0.0002487529371987,  0.0002807551584453,
  0.0002668569994520,  0.0002351604886826,
  0.0002223348735727,  0.0002537719666694,
  0.0002396785516323,  0.0002085426392123,
  0.0001955389090777,  0.0002264197076606,
  0.0002122034670463,  0.0001816174482970,
  0.0001685075571870,  0.0001988409177586,
  0.0001845726278569,  0.0001545261821449,
  0.0001413802535242,  0.0001711751025370,
  0.0001569235511437,  0.0001274067699749,
  0.0001142927807048,  0.0001435581351096,
  0.0001293898276157,  0.0001003932171331,
  0.0000873767270803,  0.0001161216905458,
  0.0001021005989776,  0.0000736150600347,
  0.0000607589802706,  0.0000889927190798,
  0.0000751800685486,  0.0000471968590124,
  0.0000345612549840,  0.0000622929587563,
  0.0000487470481292,  0.0000212577329421,
  0.0000088996602235,  0.0000361384932173,
  0.0000229145417147, -0.0000040890634915,
 -0.0000161157001200,  0.0000106393485959,
 -0.0000022106328610, -0.0000287365190575,
 -0.0000403810852673, -0.0000141008629449,
 -0.0000265281833110, -0.0000525842014332,
 -0.0000637994373900, -0.0000379852571528,
 -0.0000499446430361, -0.0000755385496014,
 -0.0000862806609796, -0.0000609239479223,
 -0.0000723736291365, -0.0000975131214949,
 -0.0001077418612502, -0.0000828342745769,
 -0.0000937360611319, -0.0001184288009941,
 -0.0001281075410113, -0.0001036409868706,
 -0.0001139603365097, -0.0001382139615854,
 -0.0001473097557779, -0.0001232763886060,
 -0.0001329824650836, -0.0001568045897067,
 -0.0001652882271301, -0.0001416804408162,
 -0.0001507461615786, -0.0001741443680145,
 -0.0001819904146546, -0.0001588008255369,
 -0.0001672028972068, -0.0001901847198940,
 -0.0001973715471170, -0.0001745929712339,
 -0.0001823119107424, -0.0002048848160056,
 -0.0002113946138043, -0.0001890200409850,
 -0.0001960401804701, -0.0002182115442702,
 -0.0002240303173568, -0.0002020528846385,
 -0.0002083623581882, -0.0002301394442771,
 -0.0002352569889211, -0.0002136699554946,
 -0.0002192606669120, -0.0002406506073865,
 -0.0002450604692283, -0.0002238571946690,
 -0.0002287247640206, -0.0002497345437832,
 -0.0002534339542384, -0.0002326078812580,
 -0.0002367515717988, -0.0002573880178741,
 -0.0002603778105505, -0.0002399224529405,
 -0.0002433450775356, -0.0002636148536452,
 -0.0002658993607104, -0.0002458082966109,
 -0.0002485161042074, -0.0002684257104922,
 -0.0002700126412139, -0.0002502795113713,
 -0.0002522820571680, -0.0002718378345125,
 -0.0002727381352336, -0.0002533566455265,
 -0.0002546666435404, -0.0002738747816450,
 -0.0002741024822888, -0.0002550664095462,
 -0.0002556995719688, -0.0002745661200964,
 -0.0002741381669861, -0.0002554413669759,
 -0.0002554162317822, -0.0002739471110408,
 -0.0002728831889992, -0.0002545196054393,
 -0.0002538573534183, -0.0002720583694544,
 -0.0002703807164186, -0.0002523443899430,
 -0.0002510686562825, -0.0002689455113919,
 -0.0002666787245522, -0.0002489638007186,
 -0.0002471004790956, -0.0002646587829387,
 -0.0002618296225312, -0.0002444303581702,
 -0.0002420074016555, -0.0002592526800013,
 -0.0002558898684672, -0.0002388006359233,
 -0.0002358478571415, -0.0002527855583073,
 -0.0002489195784451, -0.0002321348674964,
 -0.0002286837351628, -0.0002453192340674,
 -0.0002409821271212, -0.0002244965446041,
 -0.0002205799821603, -0.0002369185821143,
 -0.0002321437447145, -0.0002159520120751,
 -0.0002116041953548, -0.0002276511278916,
 -0.0002224731137399, -0.0002065700628753,
 -0.0002018262199762, -0.0002175866431488,
 -0.0002120409611410, -0.0001964215290038,
 -0.0001913177429294, -0.0002067967385653,
 -0.0002009196564980, -0.0001855788789662,
 -0.0001801518912874, -0.0001953544617153,
 -0.0001891828120617, -0.0001741158175806,
 -0.0001684028345072, -0.0001833338992396,
 -0.0001769048867236, -0.0001621068901666,
 -0.0001561453950222, -0.0001708097878073,
 -0.0001641608012366, -0.0001496270983621,
 -0.0001434546629534, -0.0001578571295218,
 -0.0001510255584015, -0.0001367515211742,
 -0.0001304056246567, -0.0001445508213761,
 -0.0001375738758754, -0.0001235549488128,
 -0.0001170728009466, -0.0001309652944947,
 -0.0001238798303749, -0.0001101115279672,
 -0.0001035298969225, -0.0001171741649761,
 -0.0001100165170686, -0.0000964944222286,
 -0.0000898494693558, -0.0001032499022097,
 -0.0000960557204987, -0.0000827754839132,
 -0.0000761026061476, -0.0000892635091052,
 -0.0000820676048878, -0.0000690249450907,
 -0.0000623586240718, -0.0000752842204026,
 -0.0000681204200841, -0.0000553111240287,
 -0.0000486847835155, -0.0000613792177575,
 -0.0000542802246579, -0.0000417001485613,
 -0.0000351460228519, -0.0000476133642336,
 -0.0000406106303100, -0.0000282557005529,
 -0.0000218047095948, -0.0000340489553682,
 -0.0000271725632866, -0.0000150387771804,
 -0.0000087204138300, -0.0000207454923490,
 -0.0000140240471631, -0.0000021074734299,
  0.0000040502992754, -0.0000077594741411,
 -0.0000012200059049,  0.0000104832152282,
  0.0000164540558762,  0.0000048557893768,
  0.0000111879123112,  0.0000226815694569,
  0.0000284408394625,  0.0000170503439128,
  0.0000231514896212,  0.0000344393010237,
  0.0000399641344556,  0.0000287777348300,
  0.0000346260729571,  0.0000457116876946,
  0.0000509810498776,  0.0000399951312344,
  0.0000455706860969,  0.0000564576856287,
  0.0000614524211573,  0.0000506634281220,
  0.0000559481211901,  0.0000666400211594,
  0.0000713428910276,  0.0000607473275195,
  0.0000657250093087,  0.0000762252615019,
  0.0000806209695340,  0.0000702153986345,
  0.0000748718700555,  0.0000851838644183,
  0.0000892590736948,  0.0000790401175606,
  0.0000833631411583,  0.0000934902077745,
  0.0000972335468507,  0.0000871978865845,
  0.0000911771880162,  0.0001011225989734,
  0.0001045246585900,  0.0000946690339989,
  0.0000982962938611,  0.0001080632649424,
  0.0001111165852576,  0.0001014377944525,
  0.0001047066315618,  0.0001142983237289,
  0.0001169973726879,  0.0001074922714970,
  0.0001103982166329,  0.0001198177372842,
  0.0001221588806443,  0.0001128243818337,
  0.0001153648436248,  0.0001246152476341,
  0.0001265967106190,  0.0001174297829367,
  0.0001196040058192,  0.0001286882963768,
  0.0001303101173527,  0.0001213077844211,
  0.0001231167986552,  0.0001320379279450,
  0.0001333019059090,  0.0001244612450066,
  0.0001259078097993,  0.0001346686795554,
  0.0001355783130612,  0.0001268964538367,
  0.0001279849941348,  0.0001365884561210,
  0.0001371488768529,  0.0001286230000145,
  0.0001293595366605,  0.0001378083931196,
  0.0001380262934265,  0.0001296536294518,
  0.0001300457033692,  0.0001383427074776,
  0.0001382262618821,  0.0001300040897813,
  0.0001300606824721,  0.0001382085388364,
  0.0001377673209166,  0.0001296929670751,
  0.0001294244141475,  0.0001374257793624,
  0.0001366706746282,  0.0001287415117499,
  0.0001281594137812,  0.0001360168970626,
  0.0001349600113611,  0.0001271734575172,
  0.0001262905871500,  0.0001340067510471,
  0.0001326613153907,  0.0001250148331726,
  0.0001238450385226,  0.0001314223997049,
  0.0001298026740627,  0.0001222937698321,
  0.0001208518758113,  0.0001282929059162,
  0.0001264140782100,  0.0001190403014289,
  0.0001173420096097,  0.0001246491361377,
  0.0001225272213182,  0.0001152861639429,
  0.0001133479504023,  0.0001205235576374,
  0.0001181752952515,  0.0001110645911673,
  0.0001089036037416,  0.0001159500336793,
  0.0001133927851173,  0.0001064101095962,
  0.0001040440644385,  0.0001109636177017,
  0.0001082152627985,  0.0001013583319613,
  0.0000988054120893,  0.0001056003488159,
  0.0001026791833930,  0.0000959457536615,
  0.0000932245056629,  0.0000998970463524,
  0.0000968216812116,  0.0000902095487396,
  0.0000873387824652,  0.0000938911087765,
  0.0000906803695168,  0.0000841873695922,
  0.0000811860593092,  0.0000876203148088,
  0.0000842931433995,  0.0000779171498177,
  0.0000748043369224,  0.0000811226277751,
  0.0000776979880269,  0.0000714369124375,
  0.0000682316111074,  0.0000744360067213,
  0.0000709327901514,  0.0000647845813795,
  0.0000615056875359,  0.0000675982211663,
  0.0000640351575424,  0.0000579978008944,
  0.0000546640038524,  0.0000606466731687,
  0.0000570422442562,  0.0000511137608180,
  0.0000477434584297,  0.0000536182260603,
  0.0000499905826461,  0.0000441690285821,
  0.0000407802475269,  0.0000465490415851,
  0.0000429159248765,  0.0000371993907389,
  0.0000338097090821,  0.0000394744236866,
  0.0000358530913028,  0.0000302397013557,
  0.0000268661768052,  0.0000324286725988,
  0.0000288358286112,  0.0000233237401782,
  0.0000199828427509,  0.0000254449474233,
  0.0000218966770708,  0.0000164840799087,
  0.0000131916290770,  0.0000185551378955,
  0.0000150668480699,  0.0000097519637688,
  0.0000065230708362,  0.0000117897471846,
  0.0000083761106294,  0.0000031571920431,
  0.0000000062078250,  0.0000051777837507,
  0.0000018526893420, -0.0000032719799572,
 -0.0000063315125632, -0.0000012533357960,
 -0.0000044768276840, -0.0000095089339259,
 -0.0000124643220648, -0.0000074778734177,
 -0.0000105875704045, -0.0000155287701218,
 -0.0000183682072998, -0.0000134718454047,
 -0.0000164564570734, -0.0000213083775867,
 -0.0000240209753327, -0.0000192130879390,
 -0.0000220622543430, -0.0000268264942348,
 -0.0000294023078856, -0.0000246813113161,
 -0.0000273856262977, -0.0000320637558769,
 -0.0000344938051424, -0.0000298581437597,
 -0.0000324091728906, -0.0000370027346535,
 -0.0000392790189246, -0.0000347271646119,
 -0.0000371174578257, -0.0000416279669143,
 -0.0000437434753041, -0.0000392739269607,
 -0.0000414970261315, -0.0000459259707910,
 -0.0000478746870832, -0.0000434859701364,
 -0.0000455364115112, -0.0000498852535476,
 -0.0000516621561803, -0.0000473528221137,
 -0.0000492261338973, -0.0000534963091348,
 -0.0000550973662522, -0.0000508659921495,
 -0.0000525586872311, -0.0000567516059688,
 -0.0000581737661063, -0.0000540189542094,
 -0.0000555285183442, -0.0000596455658108,
 -0.0000608867436603, -0.0000568071209404,
 -0.0000581319966478, -0.0000621745334530,
 -0.0000632335916106, -0.0000592278093494,
 -0.0000603673755148, -0.0000643367380953,
 -0.0000652134646750, -0.0000612801980557,
 -0.0000622347456080, -0.0000661322466666,
 -0.0000668273291538, -0.0000629652768588,
 -0.0000637359805629, -0.0000675629094995,
 -0.0000680779047755, -0.0000642857885895,
 -0.0000648746760050, -0.0000686322993389,
 -0.0000689696004863, -0.0000652461649044,
 -0.0000656560811813, -0.0000693456429625,
 -0.0000695084431695, -0.0000658524550089,
 -0.0000660870253440, -0.0000697097475548,
 -0.0000697020009536, -0.0000661122489680,
 -0.0000661758383262, -0.0000697329212720,
 -0.0000695593011036, -0.0000660345956011,
 -0.0000659322657305, -0.0000694248884206,
 -0.0000690907437395, -0.0000656299162039,
 -0.0000653673807003, -0.0000687967012192,
 -0.0000683080103983, -0.0000649099131143,
 -0.0000644934908563, -0.0000678606467263,
 -0.0000672239700492, -0.0000638874757317,
 -0.0000633240424368, -0.0000666301509726,
 -0.0000658525817070, -0.0000625765831360,
 -0.0000618735215042, -0.0000651196801607,
 -0.0000642087941553, -0.0000609922038163,
 -0.0000601573535501, -0.0000633446402634,
 -0.0000623084448809, -0.0000591501946121,
 -0.0000581918003686, -0.0000613212738925,
 -0.0000601681565755, -0.0000570671972216,
 -0.0000559938569846, -0.0000590665572220,
 -0.0000578052333899, -0.0000547605344625,
 -0.0000535811476018, -0.0000565980959313,
 -0.0000552375566994, -0.0000522481060462,
 -0.0000509718211094, -0.0000539340207086,
 -0.0000524834816666, -0.0000495482851461,
 -0.0000481844481755, -0.0000510928843392,
 -0.0000495617334462, -0.0000466798146110,
 -0.0000452379182345, -0.0000480935586899,
 -0.0000464913057173, -0.0000436617055038,
 -0.0000421513384776, -0.0000449551336944,
 -0.0000432913604421, -0.0000405131368659,
 -0.0000389439345416, -0.0000416968180385,
 -0.0000399811293701, -0.0000372533572287,
 -0.0000356349540150, -0.0000383378426605,
 -0.0000365798190571, -0.0000339015896375,
 -0.0000322435716980, -0.0000348973660075,
 -0.0000331065178245, -0.0000304769386153,
 -0.0000287887989613, -0.0000313943833878,
 -0.0000295801065033, -0.0000269983009132,
 -0.0000252893961466, -0.0000278476393664,
 -0.0000260191726331, -0.0000234842797125,
 -0.0000217637884640, -0.0000242755436574,
 -0.0000224419289821, -0.0000199531031497,
 -0.0000182299867626, -0.0000206960918886,
 -0.0000188661355089, -0.0000164225462818,
 -0.0000147055118522, -0.0000171267899177,
 -0.0000153090265874, -0.0000129098583158,
 -0.0000112073238182, -0.0000135845831426,
 -0.0000117872425303, -0.0000094316941352,
 -0.0000077517560543, -0.0000100857905278,
 -0.0000083167661328, -0.0000060040508491,
 -0.0000043544542283, -0.0000066460435659,
 -0.0000049128640320, -0.0000026422091545,
 -0.0000010303206100, -0.0000032802306004,
 -0.0000015900337566,  0.0000006393196095,
  0.0000022065368274, -0.0000000024459230,
  0.0000016380444314,  0.0000038268416158,
  0.0000053428494746,  0.0000031740552985,
  0.0000047585500573,  0.0000069075230655,
  0.0000083662279761,  0.0000062368969141,
  0.0000077595595986,  0.0000098694273487,
  0.0000112651967404,  0.0000091746163053,