timestep:         0.0036000000000000
yAxisLabel:vertical DOF [m]     
title:bogies vertical DOF       
uv1     
  0.0000000000000000
  0.0000000000000000
 -0.0000000001303607
 -0.0000000011288573
 -0.0000000049778582
 -0.0000000153899942
 -0.0000000381884423
 -0.0000000816412386
 -0.0000001567537086
 -0.0000002775276859
 -0.0000004612048694
 -0.0000007285410995
 -0.0000011040986007
 -0.0000016163229718
 -0.0000022969512668
 -0.0000031798117218
 -0.0000043002638163
 -0.0000056965972851
 -0.0000074125238017
 -0.0000094985023663
 -0.0000120118036554
 -0.0000150170123636
 -0.0000185866717088
 -0.0000228007835266
 -0.0000277462197097
 -0.0000335170445544
 -0.0000402145109121
 -0.0000479459862846
 -0.0000568228472758
 -0.0000669573464776
 -0.0000784603983123
 -0.0000914421409750
 -0.0001060134645490
 -0.0001222862204240
 -0.0001403727710953
 -0.0001603861018579
 -0.0001824397194729
 -0.0002066462580226
 -0.0002331159176443
 -0.0002619560962707
 -0.0002932710958509
 -0.0003271602152364
 -0.0003637144327754
 -0.0004030131294057
 -0.0004451220213862
 -0.0004900926279029
 -0.0005379625775100
 -0.0005887558831431
 -0.0006424835035102
 -0.0006991444327702
 -0.0007587265586652
 -0.0008212071093521
 -0.0008865532158825
 -0.0009547230111209
 -0.0010256668441428
 -0.0010993274657758
 -0.0011756392613310
 -0.0012545275381508
 -0.0013359083523488
 -0.0014196891190348
 -0.0015057697243396
 -0.0015940438887011
 -0.0016844013240101
 -0.0017767301587993
 -0.0018709187380762
 -0.0019668577897237
 -0.0020644431701323
 -0.0021635778284205
 -0.0022641732437337
 -0.0023661510301737
 -0.0024694438089818
 -0.0025739950263235
 -0.0026797587614601
 -0.0027866997363081
 -0.0028947931339638
 -0.0030040246925558
 -0.0031143911474769
 -0.0032259002951742
 -0.0033385707562538
 -0.0034524322774540
 -0.0035675264691457
 -0.0036839066450013
 -0.0038016367025505
 -0.0039207905034552
 -0.0040414513313806
 -0.0041637100786638
 -0.0042876628381331
 -0.0044134087868939
 -0.0045410482065148
 -0.0046706804246849
 -0.0048024016068164
 -0.0049363025841863
 -0.0050724670294388
 -0.0052109702713751
 -0.0053518785822661
 -0.0054952480276771
 -0.0056411228824020
 -0.0057895347564834
 -0.0059405021843469
 -0.0060940295381084
 -0.0062501057216619
 -0.0064087034857592
 -0.0065697790657694
 -0.0067332717578182
 -0.0068991032927674
 -0.0070671772597777
 -0.0072373794684848
 -0.0074095792387895
 -0.0075836304921128
 -0.0077593726486612
 -0.0079366321722822
 -0.0081152242592584
 -0.0082949541613584
 -0.0084756187744057
 -0.0086570084701478
 -0.0088389088138674
 -0.0090211023934999
 -0.0092033706963446
 -0.0093854956104762
 -0.0095672606237980
 -0.0097484524912697
 -0.0099288634512749
 -0.0101082930230861
 -0.0102865493976229
 -0.0104634511333376
 -0.0106388286484707
 -0.0108125249400544
 -0.0109843962599045
 -0.0111543131568264
 -0.0113221610910572
 -0.0114878404340583
 -0.0116512666572835
 -0.0118123705531402
 -0.0119710977652407
 -0.0121274081429300
 -0.0122812755094382
 -0.0124326872452042
 -0.0125816433649379
 -0.0127281555875555
 -0.0128722462274757
 -0.0130139464101255
 -0.0131532942712535
 -0.0132903336366225
 -0.0134251123018750
 -0.0135576798194037
 -0.0136880858614340
 -0.0138163789705671
 -0.0139426050253863
 -0.0140668057308203
 -0.0141890173486804
 -0.0143092697319245
 -0.0144275856363369
 -0.0145439797495023
 -0.0146584573660081
 -0.0147710133627187
 -0.0148816315030719
 -0.0149902835346358
 -0.0150969282402976
 -0.0152015108745706
 -0.0153039629383567
 -0.0154042022613466
 -0.0155021333811728
 -0.0155976481272549
 -0.0156906264428670
 -0.0157809375389898
 -0.0158684414178952
 -0.0159529902900596
 -0.0160344295037370
 -0.0161125986940338
 -0.0161873333820233
 -0.0162584660479560
 -0.0163258267050439
 -0.0163892439673766
 -0.0164485464203184
 -0.0165035636159265
 -0.0165541271089756
 -0.0166000720098942
 -0.0166412385507050
 -0.0166774733646466
 -0.0167086310305377
 -0.0167345757311527
 -0.0167551822184361
 -0.0167703365663844
 -0.0167799373218376
 -0.0167838960863167
 -0.0167821372710077
 -0.0167745981263278
 -0.0167612288187647
 -0.0167419918237064
 -0.0167168613711105
 -0.0166858233001252
 -0.0166488746771765
 -0.0166060232599985
 -0.0165572871382093
 -0.0165026943818193
 -0.0164422825861520
 -0.0163760982310864
 -0.0163041959539212
 -0.0162266378737461
 -0.0161434926927437
 -0.0160548345265757
 -0.0159607416854519
 -0.0158612954144957
 -0.0157565787081063
 -0.0156466752872536
 -0.0155316685958487
 -0.0154116409073477
 -0.0152866726730560
 -0.0151568419977766
 -0.0150222242999737
 -0.0148828921359245
 -0.0147389149278224
 -0.0145903587925171
 -0.0144372867419176
 -0.0142797587950285
 -0.0141178316656885
 -0.0139515586111117
 -0.0137809898027288
 -0.0136061725997457
 -0.0134271514620901
 -0.0132439682408173
 -0.0130566629848922
 -0.0128652744605251
 -0.0126698405804727
 -0.0124703994195424
 -0.0122669901181931
 -0.0120596533955999
 -0.0118484325690062
 -0.0116333746375443
 -0.0114145306296043
 -0.0111919560566897
 -0.0109657118326973
 -0.0107358647872755
 -0.0105024877648080
 -0.0102656600062304
 -0.0100254677093886
 -0.0097820042661127
 -0.0095353703371370
 -0.0092856741261160
 -0.0090330316289084
 -0.0087775666070971
 -0.0085194105390870
 -0.0082587026556438
 -0.0079955897181694
 -0.0077302255683571
 -0.0074627708345645
 -0.0071933926033889
 -0.0069222638032281
 -0.0066495626325782
 -0.0063754721192386
 -0.0061001795765015
 -0.0058238743965433
 -0.0055467449103739
 -0.0052689773897884
 -0.0049907559942300
 -0.0047122622020165
 -0.0044336743126912
 -0.0041551670181709
 -0.0038769110398856
 -0.0035990728287033
 -0.0033218143241057
 -0.0030452927688298
 -0.0027696605749915
 -0.0024950652375864
 -0.0022216492911821
 -0.0019495503056006
 -0.0016789009164099
 -0.0014098288861114
 -0.0011424571920127
 -0.0008769041369097
 -0.0006132834788611
 -0.0003517045765278
 -0.0000922725467468
  0.0001649115687689
  0.0004197506304876
  0.0006721512245196
  0.0009220234848878
  0.0011692809167772
  0.0014138402226872
  0.0016556211331820
  0.0018945462437008
  0.0021305408586687
  0.0023635328439389
  0.0025934524883926
  0.0028202323753333
  0.0030438072641397
  0.0032641139824692
  0.0034810913291591
  0.0036946799878315
  0.0039048224510879
  0.0041114629550701
  0.0043145474240650
  0.0045140234247461
  0.0047098401295813
  0.0049019482888739
  0.0050903002108569
  0.0052748497492249
  0.0054555522974626
  0.0056323647893128
  0.0058052457047235
  0.0059741550806055
  0.0061390545257448
  0.0062999072392249
  0.0064566780317349
  0.0066093333491683
  0.0067578412979337
  0.0069021716714351
  0.0070422959772165
  0.0071781874643008
  0.0073098211502863
  0.0074371738478027
  0.0075602241899697
  0.0076789526545386
  0.0077933415864406
  0.0079033752184950
  0.0080090396900680
  0.0081103230635127
  0.0082072153382501
  0.0082997084623897
  0.0083877963418090
  0.0084714748466379
  0.0085507418151287
  0.0086255970549154
  0.0086960423416779
  0.0087620814152508
  0.0088237199732334
  0.0088809656621725
  0.0089338280664069
  0.0089823186946631
  0.0090264509645051
  0.0090662401847487
  0.0091017035359557
  0.0091328600491322
  0.0091597305827483
  0.0091823377981962
  0.0092007061338137
  0.0092148617775968
  0.0092248326387148
  0.0092306483179420
  0.0092323400771167
  0.0092299408077343
  0.0092234849987810
  0.0092130087038981
  0.0091985495079679
  0.0091801464932040
  0.0091578402048258
  0.0091316726163938
  0.0091016870948680
  0.0090679283654442
  0.0090304424762275
  0.0089892767627970
  0.0089444798126965
  0.0088961014298928
  0.0088441925992318
  0.0087888054509231
  0.0087299932250808
  0.0086678102363378
  0.0086023118385483
  0.0085335543895932
  0.0084615952162990
  0.0083864925794836
  0.0083083056391303
  0.0082270944196899
  0.0081429197755186
  0.0080558433564551
  0.0079659275735325
  0.0078732355648257
  0.0077778311614300
  0.0076797788535723
  0.0075791437568563
  0.0074759915786352
  0.0073703885845107
  0.0072624015649574
  0.0071520978020709
  0.0070395450364443
  0.0069248114341710
  0.0068079655539687
  0.0066890763144331
  0.0065682129614243
  0.0064454450355878
  0.0063208423400120
  0.0061944749080282
  0.0060664129711594
  0.0059367269272273
  0.0058054873086216
  0.0056727647507393
  0.0055386299606021
  0.0054031536856630
  0.0052664066828128
  0.0051284596875960
  0.0049893833836431
  0.0048492483723338
  0.0047081251427041
  0.0045660840416068
  0.0044231952441364
  0.0042795287243317
  0.0041351542261665
  0.0039901412348451
  0.0038445589484118
  0.0036984762496835
  0.0035519616785211
  0.0034050834044534
  0.0032579091996605
  0.0031105064123308
  0.0029629419404019
  0.0028152822056956
  0.0026675931284606
  0.0025199401023309
  0.0023723879697090
  0.0022250009975847
  0.0020778428537979
  0.0019309765837565
  0.0017844645876149
  0.0016383685979213
  0.0014927496577432
  0.0013476680992762
  0.0012031835229454
  0.0010593547770020
  0.0009162399376239
  0.0007738962895249
  0.0006323803070771
  0.0004917476359523
  0.0003520530752854
  0.0002133505603647
  0.0000756931458514
 -0.0000608670104663
 -0.0001962786633841
 -0.0003304914954532
 -0.0004634561316116
 -0.0005951241532723
 -0.0007254481118677
 -0.0008543815418487
 -0.0009818789731364
 -0.0011078959430279
 -0.0012323890075537
 -0.0013553157522883
 -0.0014766348026129
 -0.0015963058334305
 -0.0017142895783347
 -0.0018305478382333
 -0.0019450434894272
 -0.0020577404911450
 -0.0021686038925365
 -0.0022775998391258
 -0.0023846955787271
 -0.0024898594668235
 -0.0025930609714119
 -0.0026942706773168
 -0.0027934602899760
 -0.0028906026387012
 -0.0029856716794155
 -0.0030786424968711
 -0.0031694913063509
 -0.0032581954548598
 -0.0033447334218076
 -0.0034290848191849
 -0.0035112303912406
 -0.0035911520136637
 -0.0036688326922737
 -0.0037442565612239
 -0.0038174088807221
 -0.0038882760342742
 -0.0039568455254572
 -0.0040231059742256
 -0.0040870471127556
 -0.0041486597808344
 -0.0042079359207975
 -0.0042648685720255
 -0.0043194518650021
 -0.0043716810149387
 -0.0044215523149731
 -0.0044690631289514
 -0.0045142118837976
 -0.0045569980614753
 -0.0045974221905516
 -0.0046354858373672
 -0.0046711915968242
 -0.0047045430827952
 -0.0047355449181623
 -0.0047642027244909
 -0.0047905231113480
 -0.0048145136652754
 -0.0048361829384212
 -0.0048555404368370
 -0.0048725966084507
 -0.0048873628307242
 -0.0048998513980019
 -0.0049100755085580
 -0.0049180492513508
 -0.0049237875924917
 -0.0049273063614407
 -0.0049286222369341
 -0.0049277527326515
 -0.0049247161826319
 -0.0049195317264470
 -0.0049122192941425
 -0.0049027995909546
 -0.0048912940818076
 -0.0048777249756027
 -0.0048621152093109
 -0.0048444884318736
 -0.0048248689879213
