timestep:         0.0036000000000000
yAxisLabel:acceleration [m/s2]  
title:bogies acceleration       
av1     
  0.0000000000000000
  0.0000000000000000
 -0.0000100586966142
 -0.0000669857904214
 -0.0002199463234610
 -0.0005064147487090
 -0.0009557339510014
 -0.0015936997099733
 -0.0024428760637426
 -0.0035232644399330
 -0.0048536424610796
 -0.0064551733476843
 -0.0083504067223105
 -0.0105452831662680
 -0.0129941299358484
 -0.0156043333358274
 -0.0183326882255605
 -0.0212871430835754
 -0.0246599573896784
 -0.0285533987610388
 -0.0329724324507575
 -0.0379558193790952
 -0.0435532898884266
 -0.0497262710325066
 -0.0564293491744293
 -0.0636873967316803
 -0.0715001167354784
 -0.0797846462138084
 -0.0883785199548762
 -0.0970399853900121
 -0.1055981969822700
 -0.1140965145055918
 -0.1226528480901375
 -0.1312833565640464
 -0.1399533021807357
 -0.1486713033420835
 -0.1574295410821052
 -0.1661204424855958
 -0.1746235395127957
 -0.1829104170286116
 -0.1909584069272433
 -0.1986203553468117
 -0.2056402896225685
 -0.2117653619869315
 -0.2168360609624636
 -0.2208113068158755
 -0.2237147446234644
 -0.2255675946008791
 -0.2264131739216477
 -0.2263355627197641
 -0.2254009749258577
 -0.2236438882650507
 -0.2211077039702632
 -0.2178772151260686
 -0.2140461252674975
 -0.2096287508536427
 -0.2045658890617373
 -0.1988025667203759
 -0.1923254149775974
 -0.1851815191334501
 -0.1774566835552163
 -0.1692561000445735
 -0.1607462150977477
 -0.1521141574119246
 -0.1434988030730672
 -0.1350673125381573
 -0.1270315402131393
 -0.1195430462578339
 -0.1127127334215013
 -0.1066644387920590
 -0.1014654604964988
 -0.0971017387118121
 -0.0935584718227683
 -0.0908363974842853
 -0.0889215129428451
 -0.0878210598991737
 -0.0875691611935939
 -0.0881707389068060
 -0.0896075140671018
 -0.0919027870821716
 -0.0951134638481902
 -0.0992271731409236
 -0.1041575380948486
 -0.1098567403804973
 -0.1162829491355406
 -0.1232962467460233
 -0.1307108168203547
 -0.1383633712632001
 -0.1461011466166902
 -0.1537653201444813
 -0.1611854908521938
 -0.1681940770454730
 -0.1746502995756043
 -0.1804627070856625
 -0.1855763082268062
 -0.1899023549464865
 -0.1933186198931590
 -0.1957576664047918
 -0.1971877918189028
 -0.1975251464568949
 -0.1966689654288601
 -0.1945663999917795
 -0.1911894994463074
 -0.1865055585286612
 -0.1804662731834152
 -0.1730271652130824
 -0.1642161803065874
 -0.1541328393159120
 -0.1428613440321727
 -0.1304709278605876
 -0.1170807926471972
 -0.1028212465310859
 -0.0877943768420470
 -0.0721227582786795
 -0.0559477387995604
 -0.0394018501106715
 -0.0226262278498040
 -0.0057656799527216
  0.0110639439137175
  0.0277701242110996
  0.0442242168233187
  0.0602552057551554
  0.0757243976842582
  0.0905244810527351
  0.1045246004650312
  0.1176096127783813
  0.1297240393029641
  0.1408157201891284
  0.1508042382860693
  0.1596421829603043
  0.1673295701906971
  0.1738518345526850
  0.1791919265897743
  0.1833860922934432
  0.1864841366762828
  0.1885039491500390
  0.1894776807262427
  0.1894765457085842
  0.1885723083333973
  0.1868505167785524
  0.1844488634547848
  0.1815062902622979
  0.1781246727629613
  0.1744367373853264
  0.1706132502897627
  0.1667805168612115
  0.1630349457594821
  0.1594949316341313
  0.1562769587324707
  0.1534789794721740
  0.1511755104941912
  0.1494196629330636
  0.1482863616530090
  0.1478778286797964
  0.1482731323368268
  0.1495259535091400
  0.1517059250990699
  0.1548862578777233
  0.1591104466606417
  0.1643958709080184
  0.1707361725491170
  0.1781020959578609
  0.1864485913756294
  0.1957122276114736
  0.2058039729504917
  0.2166062667680625
  0.2280097793978066
  0.2399427844922470
  0.2523166188779465
  0.2650078940769710
  0.2779338006752039
  0.2910500651958170
  0.3042742866613165
  0.3175007246006722
  0.3306525720545957
  0.3436498888089411
  0.3563728495680277
  0.3687006256116159
  0.3805344806406472
  0.3917552508132515
  0.4022349750119686
  0.4118991768193413
  0.4206897635045337
  0.4285179394444928
  0.4353388097215309
  0.4411712799533530
  0.4460130687368510
  0.4498582471651829
  0.4527536647530354
  0.4547420939480502
  0.4558347522673054
  0.4560611082886381
  0.4554625176928226
  0.4540667138301352
  0.4519008179619687
  0.4489999442297491
  0.4454135338261087
  0.4411976928738791
  0.4364045532232641
  0.4311034589043092
  0.4253846578361080
  0.4193422033778836
  0.4130732895358464
  0.4066694007166911
  0.4002094493226851
  0.3937708759450897
  0.3874226154344468
  0.3812149529926105
  0.3751883478148129
  0.3693690218737626
  0.3637705436989078
  0.3584138929620754
  0.3533122842073983
  0.3484502541778051
  0.3438191581464287
  0.3394430903521974
  0.3353337374005602
  0.3314624850466506
  0.3278082253223214
  0.3243776753384159
  0.3211484272660874
  0.3180582293333424
  0.3150670094197172
  0.3121416423845317
  0.3092037714349551
  0.3061836743134057
  0.3030417626448593
  0.2996993827530281
  0.2960729064957479
  0.2921355307194912
  0.2878522356956865
  0.2831520893390087
  0.2779954806632037
  0.2723747720399293
  0.2662605023238913
  0.2596094339651950
  0.2524032742342447
  0.2446362422785616
  0.2362871948439035
  0.2273368971133135
  0.2177873922657779
  0.2076424536076940
  0.1968993389762687
  0.1855751567340258
  0.1737046556896991
  0.1613104923142975
  0.1484180079492922
  0.1350747673711331
  0.1213248834217183
  0.1072023680331802
  0.0927491819066402
  0.0781355880440594
  0.0636038743228958
  0.0492310506250041
  0.0350212170441982
  0.0210182604254697
  0.0072605796134202
 -0.0062187349524916
 -0.0193916848048823
 -0.0322351159641234
 -0.0447304463604276
 -0.0568633735758566
 -0.0686235677256157
 -0.0800043544118571
 -0.0910023920356583
 -0.1016173474372424
 -0.1118515733631756
 -0.1217097910635117
 -0.1311987808570224
 -0.1403270829914180
 -0.1491047109928026
 -0.1575428792662290
 -0.1656537463220375
 -0.1734501747894578
 -0.1809455090247616
 -0.1881533708956648
 -0.1950874740459757
 -0.2017614567049094
 -0.2081887329821807
 -0.2143823622770462
 -0.2203549364250006
 -0.2261184838675777
 -0.2316843902467822
 -0.2370633346136643
 -0.2422652401961577
 -0.2472992387596701
 -0.2521736479039506
 -0.2568959598506978
 -0.2614728408580339
 -0.2659101401224237
 -0.2702129069540173
 -0.2743854156950259
 -0.2784311970434058
 -0.2823530745342991
 -0.2861532054501141
 -0.2898331257383042
 -0.2933937974506771
 -0.2968356582059646
 -0.3001586718755377
 -0.3033623795941165
 -0.3064459512816608
 -0.3094082363185787
 -0.3122478132189109
 -0.3149630378055190
 -0.3175520892498747
 -0.3200130145100639
 -0.3223437703616561
 -0.3245422623517898
 -0.3266063809460931
 -0.3285340354023608
 -0.3303231843427082
 -0.3319718633801933
 -0.3334782097352886
 -0.3348404835469304
 -0.3360570870148765
 -0.3371265803541713
 -0.3380476950824757
 -0.3388193446988397
 -0.3394406325423014
 -0.3399108580497375
 -0.3402295208684027
 -0.3403963223862650
 -0.3404111654367237
 -0.3402741531002338
 -0.3399855856183430
 -0.3395459560408265
 -0.3389559447152508
 -0.3382164123973559
 -0.3373283933805388
 -0.3362930875160092
 -0.3351118517272246
 -0.3337861910984199
 -0.3323177492661692
 -0.3307082994150148
 -0.3289597351968127
 -0.3270740609923135
 -0.3250533822835873
 -0.3228998969964663
 -0.3206158866372576
 -0.3182037077535155
 -0.3156657837254256
 -0.3130045965218526
 -0.3102226797476595
 -0.3073226116795157
 -0.3043070087740700
 -0.3011785196231879
 -0.2979398189608563
 -0.2945936029182616
 -0.2911425847279379
 -0.2875894901818976
 -0.2839370535448592
 -0.2801880146559458
 -0.2763451159883564
 -0.2724111000947982
 -0.2683887073937075
 -0.2642806738835871
 -0.2600897299910799
 -0.2558185992684522
 -0.2514699973467333
 -0.2470466311003477
 -0.2425511976238157
 -0.2379863841032531
 -0.2333548678248055
 -0.2286593156567770
 -0.2239023836665360
 -0.2190867175105744
 -0.2142149524905787
 -0.2092897136504802
 -0.2043136158929724
 -0.1992892637599894
 -0.1942192519380697
 -0.1891061653779504
 -0.1839525793851203
 -0.1787610596700090
 -0.1735341620342458
 -0.1682744326203503
 -0.1629844080969994
 -0.1576666152332224
 -0.1523235704559087
 -0.1469577799119649
 -0.1415717391477435
 -0.1361679327163959
 -0.1307488337215540
 -0.1253169030305704
 -0.1198745890083974
 -0.1144243269048241
 -0.1089685381795251
 -0.1035096297811355
 -0.0980499931412800
 -0.0925920035949297
 -0.0871380197565148
 -0.0816903824413471
 -0.0762514136120082
 -0.0708234157125477
 -0.0654086707558427
 -0.0600094393822603
 -0.0546279599151408
 -0.0492664472286673
 -0.0439270919746489
 -0.0386120598052610
 -0.0333234902717212
 -0.0280634957866257
 -0.0228341608983418
 -0.0176375414141783
 -0.0124756635230411
 -0.0073505229478634
 -0.0022640839976170
  0.0027817210855731
  0.0077849928833356
  0.0127438655515998
  0.0176565075325397
  0.0225211223265627
  0.0273359490510718
  0.0320992629734339
  0.0368093761880582
  0.0414646382121235
  0.0460634364272806
  0.0506041965562605
  0.0550853831322765
  0.0595054999256512
  0.0638630903709704
  0.0681567378875656
  0.0723850662020497
  0.0765467396668481
  0.0806404635379826
  0.0846649842247342
  0.0886190895008809
  0.0925016086930553
  0.0963114128670582
  0.1000474149458737
  0.1037085698482463
  0.1072938745754871
  0.1108023683016324
  0.1142331324280013
  0.1175852905622979
  0.1208580085794924
  0.1240504946032844
  0.1271619989938775
  0.1301918143023225
  0.1331392751254704
  0.1360037580849215
  0.1387846817890533
  0.1414815066640094
  0.1440937347332243
  0.1466209095698478
  0.1490626161224875
  0.1514184805503337
  0.1536881700283516
  0.1558713924118395
  0.1579678961385542
  0.1599774699805826
  0.1618999428064150
  0.1637351833132788
  0.1654830995992126
  0.1671436389878518
  0.1687167878375239
  0.1702025711098761
  0.1716010519007227
  0.1729123312603488
  0.1741365478258557
  0.1752738774626981
  0.1763245328789937
  0.1772887630481540
  0.1781668529859803
  0.1789591233229471
  0.1796659298843676
  0.1802876632446385
  0.1808247480778548
  0.1812776428524217
  0.1816468395108887
  0.1819328628287903
  0.1821362697500080
  0.1822576490915559
  0.1822976210186185
  0.1822568365279390
  0.1821359769092096
  0.1819357529836438
  0.1816569047717617
  0.1813002009246495
  0.1808664381623186
  0.1803564406911764
  0.1797710593948959
  0.1791111714246234
  0.1783776797771451
  0.1775715125074353
  0.1766936219323025
  0.1757449842449622
  0.1747265988843272
  0.1736394879107858
  0.1724846953665240
  0.1712632864058220
  0.1699763468865356
  0.1686249827166990
  0.1672103192076829
  0.1657335004133678
  0.1641956882421682
  0.1625980619856726
  0.1609418178383824
  0.1592281680426641
  0.1574583400404617
  0.1556335760386121
  0.1537551323351002