f,amplitude_1,amplitude_2
0,0.000996240756917302,0.000851315035592553
0.105354091561842,0.00190961683904732,0.00270731412588448
0.210708183123684,0.00160120523263118,0.00309416210126068
0.316062274685526,0.0010691031480834,0.0020189620123148
0.421416366247368,0.00051469710247737,0.000671629662215907
0.526770457809209,0.000156047560768275,0.000294805508139236
0.632124549371051,2.69762828753677e-05,0.000174287812838954
0.737478640932893,1.76964768837143e-05,1.96432228031942e-05
0.842832732494735,1.09443143620872e-05,3.45462905944971e-05
0.948186824056577,1.61144659925133e-05,6.15369096316218e-05
1.05354091561842,1.7460130494324e-05,8.87571541455022e-05
1.15889500718026,1.83767366268675e-05,7.33305008812024e-05
1.2642490987421,3.23591484508761e-05,0.000220529411241397
1.36960319030394,4.43499422946412e-05,0.000471036472085498
1.47495728186579,3.29903440291067e-05,0.000414037196385753
1.58031137342763,2.07823560708679e-05,0.000160205364559229
1.68566546498947,1.42786433022305e-05,0.000119436912370921
1.79101955655131,1.83122613092299e-05,8.75087509179993e-05
1.89637364811315,0.000124754060006864,7.47182597040855e-05
2.001727739675,3.98762428968072e-05,1.59754620565515e-05
2.10708183123684,2.05230349769612e-05,6.05384126296526e-06
2.21243592279868,1.06955967535616e-05,9.23787051007248e-06
2.31779001436052,3.51053233536969e-06,1.35544123872712e-05
2.42314410592236,6.00757353683626e-06,1.06037813197068e-05
2.5284981974842,4.69653444275364e-06,8.58079719270356e-06
2.63385228904605,5.96029367733568e-06,7.56511738170885e-06
2.73920638060789,7.03532835865752e-06,8.41180446827102e-06
2.84456047216973,7.8477684548531e-06,9.04579237141395e-06
2.94991456373157,1.45500709368479e-05,1.14218529657413e-05
3.05526865529341,2.0655732789616e-05,1.49731334677055e-05
3.16062274685526,8.59309043097542e-05,7.40814357274152e-05
3.2659768384171,1.09791572212417e-05,1.41748972904938e-05
3.37133092997894,5.69647985608997e-06,1.15159302126843e-05
3.47668502154078,3.06350350657563e-06,8.94896612151949e-06
3.58203911310262,5.66417988165235e-07,6.36686851842298e-06
3.68739320466447,1.60275548550829e-06,4.25071976894306e-06
3.79274729622631,1.43555226500077e-06,1.87584218385562e-06
3.89810138778815,1.68833762750677e-06,1.36037061329403e-06
4.00345547934999,1.40763798535506e-06,2.07085197175976e-06
4.10880957091183,1.25256276438761e-06,2.29035241841615e-06
4.21416366247368,1.14124768573965e-06,2.26923268334414e-06
4.31951775403552,9.76300614066645e-07,2.40039761300214e-06
4.42487184559736,6.91267283344932e-07,2.80645972272507e-06
4.5302259371592,5.74902751800554e-07,3.17868657766523e-06
4.63558002872104,5.36276895613763e-07,3.4981825208248e-06
4.74093412028288,7.73420790190988e-07,3.646322920198e-06
4.84628821184473,1.23197732953798e-06,4.37942448510053e-06
4.95164230340657,3.43725243402327e-06,7.94975516780649e-06
5.05699639496841,5.22768991956288e-06,5.83623985424249e-06
5.16235048653025,1.49773232194668e-06,2.90387141316045e-06
5.26770457809209,9.05194702447492e-07,1.50952284784683e-06
5.37305866965394,8.08672085413822e-07,1.58589522319464e-06
5.47841276121578,5.25864490601793e-07,1.29347826086353e-06
5.58376685277762,6.09952917795071e-07,1.50234811299989e-06
5.68912094433946,6.49649108023178e-07,1.29112794033174e-06
5.7944750359013,6.12144566388087e-07,1.32955307829111e-06
5.89982912746315,7.23181068573778e-07,1.25367217671784e-06
6.00518321902499,6.44187584573315e-07,1.35780930310709e-06
6.11053731058683,5.63789280685852e-07,1.47485578569043e-06
6.21589140214867,6.87627257523965e-07,1.59554090000618e-06
6.32124549371051,2.33147324520882e-06,3.21515283772748e-06
6.42659958527235,3.72847695166062e-07,1.67454680091461e-06
6.5319536768342,9.70384900156111e-08,1.5794913194768e-06
6.63730776839604,4.25786657593389e-07,1.53242638627044e-06
6.74266185995788,2.89870445948813e-07,1.62735853134709e-06
6.84801595151972,8.5253405810161e-07,1.48771762917478e-06
6.95337004308156,5.63848928964375e-07,1.1979385253733e-06
7.05872413464341,1.09156749381393e-06,1.35398968681769e-06
7.16407822620525,1.13507127515079e-06,1.14504509982761e-06
7.26943231776709,2.23533490182436e-06,1.60481784908309e-06
7.37478640932893,4.1377326089735e-06,2.62463421163646e-06
7.48014050089077,3.33670353961858e-06,3.18152364500485e-06
7.58549459245261,9.5073207146632e-07,1.61533722521221e-06
7.69084868401446,2.97085418860549e-07,1.11103956314782e-06
7.7962027755763,3.73493066261765e-07,9.02790439544345e-07
7.90155686713814,4.57378543649114e-07,8.38748214565605e-07
8.00691095869998,5.70351428986304e-07,8.42602008458989e-07
8.11226505026183,5.99962573980704e-07,8.19534319702472e-07
8.21761914182367,6.15148168128695e-07,8.45326321738447e-07
8.32297323338551,5.65841534676726e-07,7.84565455114395e-07
8.42832732494735,5.81522216361493e-07,7.99563902165625e-07
8.53368141650919,5.13775726571225e-07,7.84631700659571e-07
8.63903550807103,4.93919025887347e-07,8.79508498567902e-07
8.74438959963287,4.07393027762834e-07,8.71412074935285e-07
8.84974369119472,3.92361264300798e-07,7.19365186776566e-07
8.95509778275656,2.94999901463509e-07,6.70161208577337e-07
9.0604518743184,2.22354752433314e-07,6.31907958692244e-07
9.16580596588024,1.73894484378066e-07,6.02263132659755e-07
9.27116005744208,1.49092462687385e-07,6.18272406348512e-07
9.37651414900393,1.59621332027712e-07,6.30874295740245e-07
9.48186824056577,2.19364045159928e-07,6.70493328290572e-07
9.58722233212761,2.98700462970837e-07,8.00274679590782e-07
9.69257642368945,4.49243521693688e-07,1.07765621616295e-06
9.7979305152513,1.51927877565778e-06,3.67319895386731e-06
9.90328460681314,1.61870740877133e-07,7.39416990558789e-07
10.008638698375,1.33026902225597e-07,6.45850432925003e-07
10.1139927899368,2.99114849834734e-07,9.39106792714923e-07
10.2193468814987,2.8620780409497e-07,7.59309819138289e-07
10.3247009730605,2.20302055168513e-07,7.91756249513503e-07
10.4300550646223,2.63407440866306e-07,8.45503322615683e-07
10.5354091561842,2.31145618199627e-07,8.47284505874334e-07
10.640763247746,2.32924906680512e-07,7.9985882695581e-07
10.7461173393079,1.97201810625135e-07,7.65029487725147e-07
10.8514714308697,2.03709916093395e-07,7.41348370485702e-07
10.9568255224316,1.58353276802709e-07,6.92109614636981e-07
11.0621796139934,2.31900707440379e-07,7.00357391511055e-07
11.1675337055552,2.52275532199105e-07,6.47076322954051e-07
11.2728877971171,3.93296443236908e-07,5.78104919032099e-07
11.3782418886789,2.48387949446042e-07,8.03179720976971e-07
11.4835959802408,2.90019635424432e-07,7.30566943476752e-07
11.5889500718026,4.04016803761771e-07,7.64740574231064e-07
11.6943041633644,6.51763240779392e-07,9.18774401110722e-07
11.7996582549263,1.48582423489214e-06,1.2829337542066e-06
11.9050123464881,2.95566472350793e-06,1.64274998083383e-06
12.01036643805,6.09667074197622e-07,5.47485515322017e-07
12.1157205296118,2.8725167053582e-07,5.9603185569194e-07
12.2210746211737,2.58032401927115e-07,6.23443160659482e-07
12.3264287127355,2.19759322134259e-07,6.31627632301792e-07
12.4317828042973,1.98259079926335e-07,6.14565389563575e-07
12.5371368958592,1.8693476968049e-07,5.98108863607332e-07
12.642490987421,1.69258423910053e-07,5.70701495490265e-07
12.7478450789829,1.50059359357146e-07,5.41014291332411e-07
12.8531991705447,1.30123441579967e-07,5.13482426807902e-07
12.9585532621066,1.0985420618988e-07,4.84216956034002e-07
13.0639073536684,8.63748731361778e-08,4.62552201454663e-07
13.1692614452302,5.01829588098545e-08,4.54146775196337e-07
13.2746155367921,7.70655695207336e-08,4.56971253268881e-07
13.3799696283539,1.77847008777699e-07,4.53568798961871e-07
13.4853237199158,5.92882732908919e-07,3.59448836886883e-07
13.5906778114776,1.94516867146817e-07,4.87752196872446e-07
13.6960319030394,1.54412980961146e-07,5.15177023563564e-07
13.8013859946013,1.16798287704261e-07,5.39296817658834e-07
13.9067400861631,2.25174078497753e-07,5.95248897731477e-07
14.012094177725,1.60300377775621e-07,5.26920851007475e-07
14.1174482692868,1.32896493716346e-07,5.34824360555369e-07
14.2228023608487,1.1658891978815e-07,5.18244743816495e-07
14.3281564524105,1.30270342957662e-07,5.0629762966715e-07
14.4335105439723,1.14054110400231e-07,4.86510614805263e-07
14.5388646355342,1.11602622882292e-07,4.65003539376789e-07
14.644218727096,1.10547622370877e-07,4.34524124659381e-07
14.7495728186579,7.71080202931907e-08,3.9221907819552e-07
14.8549269102197,7.07533121883834e-08,3.78097674001753e-07
14.9602810017815,6.81121048588628e-08,3.64449461414318e-07
15.0656350933434,2.05658088541295e-07,4.13317326966764e-07
15.1709891849052,5.85635072972644e-07,6.27860678818277e-07
15.2763432764671,7.12076144204576e-07,6.86860755411775e-07
15.3816973680289,4.53945193159646e-07,5.36211846695063e-07
15.4870514595908,3.02486163920135e-07,4.41647324470515e-07
15.5924055511526,2.1753166473072e-07,4.73972432094631e-07
15.6977596427144,1.3788181788241e-07,5.075747846316e-07
15.8031137342763,1.28803207131362e-07,5.66417762858856e-07
15.9084678258381,1.90707526794575e-07,7.71577983270239e-07
16.0138219174,1.98238721939479e-07,3.63627781521422e-07
16.1191760089618,1.40012645246285e-07,4.19944880425302e-07
16.2245301005237,1.35378502814103e-07,4.10199954648099e-07
16.3298841920855,1.29094348260522e-07,4.35728673285087e-07
16.4352382836473,1.22313829181239e-07,4.08207365618956e-07
16.5405923752092,1.32405119183597e-07,3.9447129310818e-07
16.645946466771,1.5041857724605e-07,3.86430822237743e-07
16.7513005583329,1.60076005051951e-07,4.2241226432604e-07
16.8566546498947,3.28923767616134e-07,9.0514864821859e-07
16.9620087414565,2.52645986841825e-07,6.32541185272698e-07
17.0673628330184,9.91493317125543e-08,6.59422156527253e-07
17.1727169245802,8.98710628896196e-08,4.18415814084831e-07
17.2780710161421,9.29367202174766e-08,3.93122370572084e-07
17.3834251077039,1.09151723879517e-07,3.48037326476032e-07
17.4887791992658,1.08720062331431e-07,3.54926963354182e-07
17.5941332908276,1.10367783877605e-07,3.62545400783315e-07
17.6994873823894,1.08100136618356e-07,3.82537594238162e-07
17.8048414739513,1.04083062410146e-07,3.64914879059724e-07
17.9101955655131,9.78852686528742e-08,3.75934030490561e-07
18.015549657075,1.0876010622977e-07,3.65268665664039e-07
18.1209037486368,1.42734629137734e-07,3.08435503138074e-07
18.2262578401986,1.11207563195033e-07,3.93393314169017e-07
18.3316119317605,1.4660950297022e-07,3.31415352428791e-07
18.4369660233223,1.61091059697226e-07,4.47166948730782e-07
18.5423201148842,2.11084188515178e-07,8.31698108570971e-07
18.647674206446,8.36244432454412e-08,5.18848357521844e-07
18.7530282980079,1.08273989141845e-07,4.2819988136315e-07
18.8583823895697,1.13667956936022e-07,3.59616938625062e-07
18.9637364811315,1.15045811179033e-07,3.44800271663172e-07
19.0690905726934,1.21900264901182e-07,3.22663636994086e-07
19.1744446642552,1.15519667855998e-07,3.29660041809141e-07
19.2797987558171,1.16942753293048e-07,3.28457840588203e-07
19.3851528473789,1.14637887366064e-07,3.37016960461254e-07
19.4905069389407,1.13302589419137e-07,3.39044685207906e-07
19.5958610305026,1.03584521164898e-07,3.47651878404642e-07
19.7012151220644,9.30270564841253e-08,3.44470435217584e-07
19.8065692136263,8.90462493407094e-08,3.45489326882995e-07
19.9119233051881,9.08452466986862e-08,3.89207396125095e-07
20.01727739675,8.87016769197051e-08,4.07294176841901e-07
20.1226314883118,8.63693512363353e-08,3.52662658555463e-07
20.2279855798736,8.06666540747534e-08,3.32363636340164e-07
20.3333396714355,9.21634611000623e-08,3.42770967693771e-07
20.4386937629973,1.04128850022195e-07,3.18826947788089e-07
20.5440478545592,1.51703948617211e-07,4.3842227946486e-07
20.649401946121,1.38550551535915e-07,3.51319264763277e-07
20.7547560376828,9.39973585411923e-08,2.89987316198222e-07
20.8601101292447,8.96489353316293e-08,2.7814373886794e-07
20.9654642208065,9.08607906372976e-08,2.72160339307881e-07
21.0708183123684,9.52302702071389e-08,2.78361526902205e-07
21.1761724039302,9.17951971188045e-08,2.86226232807134e-07
21.2815264954921,9.12521286844655e-08,3.00526019052687e-07
21.3868805870539,8.70702573644223e-08,3.1578540188052e-07
21.4922346786157,8.41315612350022e-08,3.28227722591595e-07
21.5975887701776,8.21405038168085e-08,3.34569901845787e-07
21.7029428617394,7.93615613259412e-08,3.34337852080356e-07
21.8082969533013,8.74492213079724e-08,3.25560069849631e-07
21.9136510448631,9.69315674655447e-08,3.09292754395868e-07
22.019005136425,1.36133947987053e-07,2.54663966015644e-07
22.1243592279868,1.97713656490143e-07,9.85125687691761e-08
22.2297133195486,1.16495602332714e-07,2.69271560629573e-07
22.3350674111105,9.67852315913757e-08,2.85212238087851e-07
22.4404215026723,9.27492348947172e-08,2.94577871554743e-07
22.5457755942342,7.91369730850321e-08,2.93246728409235e-07
22.651129685796,8.70848363802741e-08,2.99587941850323e-07
22.7564837773578,7.79035038738683e-08,2.85734410965962e-07
22.8618378689197,7.97342909651697e-08,2.81566809408107e-07
22.9671919604815,8.13600638153827e-08,2.83602816299507e-07
23.0725460520434,8.18845466011123e-08,2.86536660269995e-07
23.1779001436052,8.09923079268267e-08,2.90897721837713e-07
23.2832542351671,7.79449863643902e-08,3.05419400950295e-07
23.3886083267289,1.0657722417601e-07,2.4238119476414e-07
23.4939624182907,1.12511216614513e-07,2.12192775513068e-07
23.5993165098526,9.70091478460364e-08,2.68921396139569e-07
23.7046706014144,8.91946360422863e-08,2.73303766580933e-07
23.8100246929763,8.47748694683773e-08,2.85207387923976e-07
23.9153787845381,7.91217587360068e-08,2.80911605800668e-07
24.0207328760999,7.80347660864752e-08,2.87024497481014e-07
24.1260869676618,7.09546772698264e-08,2.78096117557761e-07
24.2314410592236,7.11741426549123e-08,2.82837297862041e-07
24.3367951507855,6.51246803714822e-08,2.71965815951656e-07
24.4421492423473,7.02789805512875e-08,2.75842553691599e-07
24.5475033339092,6.47837255738866e-08,2.6466414571947e-07
24.652857425471,7.35978135207653e-08,2.72471228842608e-07
24.7582115170328,8.05856868599902e-08,2.77142388146839e-07
24.8635656085947,7.43276743687762e-08,2.66194267886913e-07
24.9689197001565,7.00907682864001e-08,2.58311516029313e-07
25.0742737917184,7.82104636290949e-08,2.65192464192682e-07
25.1796278832802,7.40534735074309e-08,2.59530835643654e-07
25.2849819748421,8.07991559067053e-08,2.6761004059619e-07
25.3903360664039,7.20430778138877e-08,2.60516449248767e-07
25.4956901579657,7.65878864599397e-08,2.65253595053081e-07
25.6010442495276,7.23703144086622e-08,2.59704661210288e-07
25.7063983410894,7.93590528317276e-08,2.6465008176401e-07
25.8117524326513,7.97354494730776e-08,2.592818281563e-07
25.9171065242131,9.16213181361447e-08,2.62956494119807e-07
26.0224606157749,1.01282318420378e-07,2.57163301980754e-07
26.1278147073368,6.74800648323955e-08,2.49204034403673e-07
26.2331687988986,4.38521965762225e-08,2.43300396937221e-07
26.3385228904605,5.74946253711613e-08,2.50166650278911e-07
26.4438769820223,6.47927547297063e-08,2.52088796127017e-07
26.5492310735842,7.351916135554e-08,2.53936839068976e-07
26.654585165146,5.45189733169501e-08,2.38429889589643e-07
26.7599392567078,5.778278377535e-08,2.4098111311795e-07
26.8652933482697,6.69583434489906e-08,2.46979563079791e-07
26.9706474398315,6.51177507354866e-08,2.4502449750936e-07
27.0760015313934,7.3022499801855e-08,2.51818971511195e-07
27.1813556229552,6.12166033926744e-08,2.40102218333958e-07
27.286709714517,7.14046099908962e-08,2.47562178403226e-07
27.3920638060789,5.37460413770351e-08,2.2568664223519e-07
27.4974178976407,6.49040375872902e-08,2.43180083893287e-07
27.6027719892026,8.25315376025557e-08,2.60234333734169e-07
27.7081260807644,7.29111400050475e-08,2.48231650923272e-07
27.8134801723263,7.63218655028424e-08,2.51976471728716e-07
27.9188342638881,7.16559026382107e-08,2.45889932112769e-07
28.0241883554499,7.14427746169308e-08,2.44951290768179e-07
28.1295424470118,6.88883896659353e-08,2.41398749974785e-07
28.2348965385736,6.76199841996562e-08,2.39598324998607e-07
28.3402506301355,6.72045564498534e-08,2.38828593791358e-07
28.4456047216973,6.54201970520315e-08,2.36102396163695e-07
28.5509588132592,6.62711442223514e-08,2.37659206098486e-07
28.656312904821,6.57272654855924e-08,2.3435093562689e-07
28.7616669963828,6.76813936451587e-08,2.37192950786213e-07
28.8670210879447,6.67816511335954e-08,2.32381610117122e-07
28.9723751795065,6.85353084844787e-08,2.34772544042125e-07
29.0777292710684,6.76372496870106e-08,2.26791844193898e-07
29.1830833626302,6.94680975911928e-08,2.32826264051255e-07
29.288437454192,6.89349491571601e-08,2.3170210980441e-07
29.3937915457539,6.94610950515315e-08,2.34152186274763e-07
29.4991456373157,6.87894504630175e-08,2.2696712817434e-07
29.6044997288776,6.78419520871472e-08,2.30401354903299e-07
29.7098538204394,6.73997064218554e-08,2.24668227071835e-07
29.8152079120013,6.41864080591483e-08,2.34351928307396e-07
29.9205620035631,6.44725327570618e-08,2.29327634761159e-07
30.0259160951249,6.43720035300727e-08,2.25457950302478e-07
30.1312701866868,6.32278630309076e-08,2.23527282671438e-07
30.2366242782486,6.38661244783181e-08,2.23003085343486e-07
30.3419783698105,6.51742139497604e-08,2.21334469430873e-07
30.4473324613723,6.34383182355917e-08,2.23658826216995e-07
30.5526865529341,6.48214212204985e-08,2.24875848479538e-07
30.658040644496,6.57949712856037e-08,2.28200285544908e-07
30.7633947360578,6.87403009734212e-08,2.27802363959596e-07
30.8687488276197,7.02017425401344e-08,2.29989084745237e-07
30.9741029191815,7.86746165922988e-08,2.30357029863622e-07
31.0794570107434,6.22006293280072e-08,2.26141066384137e-07
31.1848111023052,6.02570270724943e-08,2.23515898561736e-07
31.290165193867,6.08241947000127e-08,2.22747350541726e-07
31.3955192854289,6.12524301647364e-08,2.20322898730584e-07
31.5008733769907,6.14083745299924e-08,2.18936541806155e-07
31.6062274685526,6.19234810816751e-08,2.16834238646222e-07
31.7115815601144,6.18411832874369e-08,2.16624834571618e-07
31.8169356516762,6.18446122572142e-08,2.16228480799181e-07
31.9222897432381,6.23423312133859e-08,2.15551548871454e-07
32.0276438347999,6.1844087495284e-08,2.15316264040528e-07
32.1329979263618,6.23997780541232e-08,2.15078132925035e-07
32.2383520179236,6.18108807911964e-08,2.15326607471975e-07
32.3437061094855,6.31259874966518e-08,2.15088625500829e-07
32.4490602010473,6.15287885425584e-08,2.15405861110804e-07
32.5544142926091,6.31609917879191e-08,2.14813320772489e-07
32.659768384171,6.12051807470691e-08,2.14553960078166e-07
32.7651224757328,6.32590371776271e-08,2.13493438541478e-07
32.8704765672947,5.95191910792294e-08,2.12332578441638e-07
32.9758306588565,6.19959770674883e-08,2.10934365481024e-07
33.0811847504184,5.44604958292876e-08,2.09342336077999e-07
33.1865388419802,5.89317631686141e-08,2.08389064212004e-07
33.291892933542,5.78398433004653e-08,2.07469195425802e-07
33.3972470251039,5.87326904821498e-08,2.06713180796952e-07
33.5026011166657,5.99470324053839e-08,2.06189855381296e-07
33.6079552082276,5.92521814810612e-08,2.06021555373018e-07
33.7133092997894,5.88930222076359e-08,2.05423176590268e-07
33.8186633913512,5.83440672807599e-08,2.06250492445225e-07
33.9240174829131,5.75103673525412e-08,2.05604056177033e-07
34.0293715744749,5.77138773248589e-08,2.07486918017887e-07
34.1347256660368,5.64392486176906e-08,2.05507162976122e-07
34.2400797575986,5.70608330917739e-08,2.09204006155664e-07
34.3454338491605,5.54389047267173e-08,2.03315492029569e-07
34.4507879407223,5.66295971338311e-08,2.09538782594896e-07
34.5561420322841,5.41260432397574e-08,1.97945302281806e-07
34.661496123846,5.49387433338283e-08,2.0028397563134e-07
34.7668502154078,5.47864520758022e-08,2.00104046669243e-07
34.8722043069697,5.57461388432897e-08,1.99701115767634e-07
34.9775583985315,5.65583340627119e-08,1.99693988942519e-07
35.0829124900933,5.67582121519662e-08,1.98368595895886e-07
35.1882665816552,5.62444447056899e-08,1.97084142525493e-07
35.293620673217,5.59193737102776e-08,1.96224521480758e-07
35.3989747647789,5.57248824896921e-08,1.95852860309747e-07
35.5043288563407,5.49628807817772e-08,1.9680528019498e-07
35.6096829479026,5.37400885916655e-08,1.98077863363291e-07
35.7150370394644,5.1179210636447e-08,2.02397107453474e-07
35.8203911310262,4.84792918751208e-08,2.07692929710358e-07
35.9257452225881,4.31596035819e-08,2.1844762292847e-07
36.0310993141499,5.19225915218392e-08,2.03367820518783e-07
36.1364534057118,5.6840123110389e-08,1.91856827596111e-07
36.2418074972736,5.79372993073524e-08,1.88364190453921e-07
36.3471615888354,5.69953580407143e-08,1.8871383519778e-07
36.4525156803973,5.6499323662068e-08,1.893969133865e-07
36.5578697719591,5.54168605634478e-08,1.90453966920527e-07
36.663223863521,5.48072252138608e-08,1.90747302856246e-07
36.7685779550828,5.39930718788415e-08,1.91019398320475e-07
36.8739320466447,5.28910987920633e-08,1.91532216900962e-07
36.9792861382065,5.22079534898227e-08,1.91498790725935e-07
37.0846402297683,4.86132133383144e-08,1.93786138376843e-07
37.1899943213302,5.44191623581868e-08,1.88705033624339e-07
37.295348412892,5.37416401835426e-08,1.88822984862781e-07
37.4007025044539,5.54507471807395e-08,1.87111523705906e-07
37.5060565960157,5.5450115063914e-08,1.87026077153044e-07
37.6114106875775,5.67400834512498e-08,1.8596320746249e-07
37.7167647791394,5.62110570327728e-08,1.86122647537587e-07
37.8221188707012,5.61836498962321e-08,1.861823104933e-07
37.9274729622631,5.57401471939298e-08,1.86551533546115e-07
38.0328270538249,5.55575354879007e-08,1.86653989210607e-07
38.1381811453868,5.47010875358372e-08,1.86422386471105e-07
38.2435352369486,5.40302485091601e-08,1.858081164995e-07
38.3488893285104,5.32797611904678e-08,1.84359905657406e-07
38.4542434200723,5.26845409766774e-08,1.83667344635402e-07
38.5595975116341,5.2600303230299e-08,1.84226262815601e-07
38.664951603196,5.37437201352305e-08,1.87195615633635e-07
38.7703056947578,5.41047378208252e-08,1.8764317147007e-07
38.8756597863197,5.28388208772905e-08,1.85314438304705e-07
38.9810138778815,5.26496782341605e-08,1.83319095469542e-07
39.0863679694433,5.18074281280647e-08,1.81033282075254e-07
39.1917220610052,5.1978725454037e-08,1.78711217730857e-07
39.297076152567,5.17397272539871e-08,1.75946235935623e-07
39.4024302441289,5.26321415636288e-08,1.72827540664328e-07
39.5077843356907,5.23415518149314e-08,1.71750895124318e-07
39.6131384272525,5.20656603228083e-08,1.77270540492925e-07
39.7184925188144,5.18379137994382e-08,1.78476637579596e-07
39.8238466103762,5.17630751090886e-08,1.78833778201311e-07
39.9292007019381,5.13009371111044e-08,1.78110114824083e-07
40.0345547934999,5.12251681585434e-08,1.77930530272455e-07
40.1399088850618,5.09966535224593e-08,1.77642277375777e-07
40.2452629766236,5.06185926891949e-08,1.77404693064757e-07
40.3506170681854,5.05370099383199e-08,1.77093933588355e-07
40.4559711597473,5.03980528522537e-08,1.7656618778869e-07
40.5613252513091,5.08338108559063e-08,1.75979669493921e-07
40.666679342871,5.14618169743832e-08,1.75146702867016e-07
40.7720334344328,5.42851313488418e-08,1.74313170745101e-07
40.8773875259946,5.74059584689064e-08,1.73196246840575e-07
40.9827416175565,5.968823351812e-08,1.72202959224316e-07
41.0880957091183,6.31003732049092e-08,1.70664083917912e-07
41.1934498006802,5.38295414095518e-08,1.72754874671782e-07
41.298803892242,4.77684272669342e-08,1.73259850994855e-07
41.4041579838039,4.21241633779136e-08,1.73749172188044e-07
41.5095120753657,4.36971083183173e-08,1.72811868011352e-07
41.6148661669275,4.44842576684624e-08,1.72510613213689e-07
41.7202202584894,4.64844663888718e-08,1.72100484345357e-07
41.8255743500512,4.80278979767124e-08,1.72044768551922e-07
41.9309284416131,4.93657763418825e-08,1.72090799398303e-07
42.0362825331749,5.00454280013722e-08,1.71915762086801e-07
42.1416366247367,4.85896185596032e-08,1.71308292814559e-07
42.2469907162986,4.41456836081617e-08,1.69488154669009e-07
42.3523448078604,4.20860978102902e-08,1.69102087764051e-07
42.4576988994223,4.59371944471261e-08,1.69089293730976e-07
42.5630529909841,4.71623844685458e-08,1.69090081859149e-07
42.668407082546,4.82753463926302e-08,1.68125103211569e-07
42.7737611741078,4.79091300299655e-08,1.67555571163022e-07
42.8791152656696,4.83144068594757e-08,1.66662850481185e-07
42.9844693572315,4.77961331100812e-08,1.66107452724773e-07
43.0898234487933,4.77782396558316e-08,1.67650309325916e-07
43.1951775403552,4.73626123426939e-08,1.66898634277326e-07
43.300531631917,4.74012224606388e-08,1.66905237787382e-07
43.4058857234789,4.73010982883331e-08,1.66764477910948e-07
43.5112398150407,4.73312849756362e-08,1.67006982140221e-07
43.6165939066025,4.7547839927724e-08,1.67187278069753e-07
43.7219479981644,4.73928519637324e-08,1.65996498200729e-07
43.8273020897262,4.73117377658166e-08,1.65224844239396e-07
43.9326561812881,4.6735604687005e-08,1.64334164232096e-07
44.0380102728499,4.57072715862533e-08,1.64631262229123e-07
44.1433643644117,4.48779411508172e-08,1.64214009181405e-07
44.2487184559736,4.62884020024641e-08,1.65189629932095e-07
44.3540725475354,4.67226012588826e-08,1.64741287979308e-07
44.4594266390973,4.69881690685177e-08,1.65259119027267e-07
44.5647807306591,4.62406508655334e-08,1.64273993582762e-07
44.670134822221,4.6382872514661e-08,1.64268988450067e-07
44.7754889137828,4.57053480414704e-08,1.63211546250553e-07
44.8808430053446,4.58660259302299e-08,1.63316902571668e-07
44.9861970969065,4.55257926926102e-08,1.62720377019514e-07
45.0915511884683,4.6350619694534e-08,1.63123568546178e-07
45.1969052800302,4.71134840052403e-08,1.63256538232563e-07
45.302259371592,4.6604446236588e-08,1.62483697694682e-07
45.4076134631539,4.5774237000237e-08,1.61575540441557e-07
45.5129675547157,4.5291272665087e-08,1.61016432188409e-07
45.6183216462775,4.42670363452775e-08,1.59730616828628e-07
45.7236757378394,4.59453328363443e-08,1.61217909316978e-07
45.8290298294012,4.57025159533511e-08,1.60756541441375e-07
45.9343839209631,4.6863244111281e-08,1.61919158179653e-07
46.0397380125249,4.61941353141406e-08,1.60920634754931e-07
46.1450921040867,4.71499938814777e-08,1.61321905436059e-07
46.2504461956486,4.64674506516294e-08,1.59999248538059e-07
46.3558002872104,4.69019071799547e-08,1.60456098872862e-07
46.4611543787723,4.63441281283895e-08,1.59651583399648e-07
46.5665084703341,4.65753495535432e-08,1.59717109753662e-07
46.6718625618959,4.61893176093351e-08,1.58887723678321e-07
46.7772166534578,4.60636873243764e-08,1.58901254746711e-07
46.8825707450196,4.54071641996283e-08,1.58585766884617e-07
46.9879248365815,4.52056680437387e-08,1.58233534106303e-07
47.0932789281433,4.50617341992824e-08,1.5786213191172e-07
47.1986330197052,4.49158898124465e-08,1.5705701635581e-07
47.303987111267,4.50592842846338e-08,1.56154453179785e-07
47.4093412028288,4.49471066469768e-08,1.55428774935179e-07
47.5146952943907,4.56167171437921e-08,1.55687011479877e-07
47.6200493859525,4.57600580761897e-08,1.57593493511044e-07
47.7254034775144,4.7282392200556e-08,1.58990787225295e-07
47.8307575690762,4.74499221055526e-08,1.60167815026034e-07
47.936111660638,4.66067444180552e-08,1.58504452727684e-07
48.0414657521999,4.49721735029185e-08,1.57406594530249e-07
48.1468198437617,4.51263137105424e-08,1.56761164279801e-07
48.2521739353236,4.37568772840385e-08,1.56231428452055e-07
48.3575280268854,4.36837601934752e-08,1.55398954460669e-07
48.4628821184473,4.36561305092433e-08,1.55130146543063e-07
48.5682362100091,4.40405206604215e-08,1.54609582671395e-07
48.6735903015709,4.39359544504404e-08,1.54420512080289e-07
48.7789443931328,4.40360651382157e-08,1.54142298673178e-07
48.8842984846946,4.43935128850141e-08,1.53930559732634e-07
48.9896525762565,4.42630720250048e-08,1.53946011726128e-07
49.0950066678183,4.43723102968604e-08,1.53484111863784e-07
49.2003607593802,4.43048557913754e-08,1.53534193930973e-07
49.305714850942,4.41289111387534e-08,1.53292894537542e-07
49.4110689425038,4.44372633436196e-08,1.53490624117394e-07
49.5164230340657,4.30003188727505e-08,1.53734365492652e-07
49.6217771256275,4.34360014806045e-08,1.54181972514278e-07
49.7271312171894,4.25064083988358e-08,1.54292489594415e-07
49.8324853087512,4.26050720391822e-08,1.54102402497712e-07
49.9378394003131,4.1776959099742e-08,1.53018830661853e-07
50.0431934918749,4.21897436632069e-08,1.5230270705777e-07
50.1485475834367,4.27519085614233e-08,1.51679088001902e-07
50.2539016749986,4.30598323887174e-08,1.51535071385298e-07
50.3592557665604,4.29204580342575e-08,1.51085317154867e-07
50.4646098581223,4.29756635146034e-08,1.50708156448612e-07
50.5699639496841,4.29971303156938e-08,1.50974045889907e-07
50.6753180412459,4.27681599848667e-08,1.51886731570672e-07
50.7806721328078,4.28841501611442e-08,1.51641379657285e-07
50.8860262243696,4.24172895416221e-08,1.50999139201392e-07
50.9913803159315,4.2532106087529e-08,1.49655022688911e-07
51.0967344074933,4.17813168799679e-08,1.49176739773778e-07
51.2020884990552,4.2127676055115e-08,1.48541658603872e-07
51.307442590617,4.17168271584684e-08,1.49441538154784e-07
51.4127966821788,4.20437904630059e-08,1.48884436345554e-07
51.5181507737407,4.13754509343921e-08,1.49756695379142e-07
51.6235048653025,4.162262667018e-08,1.49015743212032e-07
51.7288589568644,4.11053445050322e-08,1.49508497510845e-07
51.8342130484262,4.21381067283976e-08,1.48124572920176e-07
51.9395671399881,4.27114944840217e-08,1.47418004848414e-07
52.0449212315499,4.29407102263002e-08,1.4696558258244e-07
52.1502753231117,4.24764386401035e-08,1.47295047449352e-07
52.2556294146736,4.19379277407145e-08,1.47674336268839e-07
52.3609835062354,4.16054408398944e-08,1.47831096675113e-07
52.4663375977973,4.18268890899264e-08,1.47403988329077e-07
52.5716916893591,4.18294760435979e-08,1.4719233958344e-07
52.6770457809209,4.23645309965114e-08,1.46400788123609e-07
52.7823998724828,4.25794719371094e-08,1.46071286938724e-07
52.8877539640446,4.32799632822635e-08,1.45159602436106e-07
52.9931080556065,4.30275635115107e-08,1.4525245651963e-07
53.0984621471683,4.26040655283362e-08,1.45228290345588e-07
53.2038162387301,4.19542589808596e-08,1.45805934574471e-07
53.309170330292,4.19983359766141e-08,1.45201297357264e-07
53.4145244218538,4.14843212201275e-08,1.45044240321462e-07
53.5198785134157,4.14979446663078e-08,1.44446060985545e-07
53.6252326049775,4.13222155169506e-08,1.44775169393116e-07
53.7305866965394,4.14377633313385e-08,1.44734566282507e-07
53.8359407881012,4.13359216741215e-08,1.4479627856857e-07
53.941294879663,4.13115893147823e-08,1.44702299966142e-07
54.0466489712249,4.13274955186732e-08,1.44598386722791e-07
54.1520030627867,4.12505301092384e-08,1.44392011429047e-07
54.2573571543486,4.15356227205261e-08,1.44294120661654e-07
54.3627112459104,4.15637242738139e-08,1.43831511342077e-07
54.4680653374722,4.22206261246857e-08,1.43801286261315e-07
54.5734194290341,4.19117090693658e-08,1.43113142560122e-07
54.6787735205959,4.1627909502794e-08,1.42648467038256e-07
54.7841276121578,4.0381542302136e-08,1.41753919291221e-07
54.8894817037196,3.9902511574735e-08,1.41508036733408e-07
54.9948357952815,3.97712096211507e-08,1.41274719392198e-07
55.1001898868433,3.98003340762889e-08,1.41781257387711e-07
55.2055439784051,4.00315371506326e-08,1.42216448621717e-07
55.310898069967,4.05129986766946e-08,1.42880569125521e-07
55.4162521615288,4.09235070856168e-08,1.42998594307204e-07
55.5216062530907,4.07573871038006e-08,1.42595047426619e-07
55.6269603446525,4.0583255010433e-08,1.42146957676006e-07
55.7323144362143,4.05106955518444e-08,1.41821209828327e-07
55.8376685277762,4.04145467492724e-08,1.41659200392967e-07
55.943022619338,4.05159598476285e-08,1.41362730833485e-07
56.0483767108999,4.03203696285234e-08,1.41215719590088e-07
56.1537308024617,4.03601374402949e-08,1.4108857523215e-07
56.2590848940236,4.01015808135507e-08,1.40595083785423e-07
56.3644389855854,4.01403240040768e-08,1.40507504003787e-07
56.4697930771472,3.98784217000796e-08,1.39823496017341e-07
56.5751471687091,4.00668202197943e-08,1.40170001641116e-07
56.6805012602709,4.01106701490558e-08,1.40462843250786e-07
56.7858553518328,4.05747370236672e-08,1.41684085359657e-07
56.8912094433946,4.04728872369708e-08,1.41714186524961e-07
56.9965635349565,4.0321038058652e-08,1.41253460716167e-07
57.1019176265183,4.0048810134432e-08,1.4072891006419e-07
57.2072717180801,3.99749615217772e-08,1.40224707675743e-07
57.312625809642,3.99667316376233e-08,1.39932109734619e-07
57.4179799012038,3.99286524078437e-08,1.39760581455007e-07
57.5233339927657,3.99174538324188e-08,1.39682323466894e-07
57.6286880843275,3.97089545358855e-08,1.3970949527413e-07
57.7340421758894,3.97406218944263e-08,1.39670645581436e-07
57.8393962674512,3.97914521933453e-08,1.39716648016744e-07
57.944750359013,3.97393531793868e-08,1.39054021118015e-07
58.0501044505749,3.95182500382786e-08,1.38352606263742e-07
58.1554585421367,3.95576583767799e-08,1.38199697322526e-07
58.2608126336986,3.99116825975103e-08,1.3899544675785e-07
58.3661667252604,4.02007601787298e-08,1.39633249225361e-07
58.4715208168222,4.00828434023804e-08,1.3961057172451e-07
58.5768749083841,3.98930459433563e-08,1.39307000815096e-07
58.6822289999459,3.97438346030488e-08,1.38885173666231e-07
58.7875830915078,3.94302807937673e-08,1.38465251790468e-07
58.8929371830696,3.93439704263309e-08,1.38108308776597e-07
58.9982912746314,3.93210072867267e-08,1.37840223605033e-07
59.1036453661933,3.94384237523146e-08,1.37720192261147e-07
59.2089994577551,3.96178818748684e-08,1.37797974722423e-07
59.314353549317,3.96050483196163e-08,1.37871848822099e-07
59.4197076408788,3.94786245955498e-08,1.37872775153723e-07
59.5250617324407,3.90536938548705e-08,1.37823696845705e-07
59.6304158240025,3.89370227583294e-08,1.37807151306377e-07
59.7357699155643,3.85856318760464e-08,1.37735305233709e-07
59.8411240071262,3.85536384150982e-08,1.37533212217238e-07
59.946478098688,3.84349319381524e-08,1.37457496852513e-07
60.0518321902499,3.89225922425311e-08,1.37173758167371e-07
60.1571862818117,3.90022375861376e-08,1.37018419022299e-07
60.2625403733736,3.89959165784033e-08,1.36649581657047e-07
60.3678944649354,3.88949357460959e-08,1.36341881074541e-07
60.4732485564972,3.88108356310206e-08,1.36120236087299e-07
60.5786026480591,3.88615850132946e-08,1.36020267499644e-07
60.6839567396209,3.88659942765235e-08,1.3598601200856e-07
60.7893108311828,3.88152606203283e-08,1.36043165619681e-07
60.8946649227446,3.86872850746687e-08,1.36206139438159e-07
61.0000190143064,3.85630590207587e-08,1.3638548401232e-07
61.1053731058683,3.84913647111644e-08,1.36545969408275e-07
61.2107271974301,3.81695749594345e-08,1.3652667030721e-07
61.316081288992,3.82683575292561e-08,1.36114030362514e-07
61.4214353805538,3.86209735140846e-08,1.35039098380698e-07
61.5267894721157,3.91124095384287e-08,1.34031625293515e-07
61.6321435636775,3.9000515804552e-08,1.33836252990116e-07
61.7374976552393,3.90786267095823e-08,1.33711301020466e-07
61.8428517468012,3.88993937464173e-08,1.33837642096845e-07
61.948205838363,3.88100649585208e-08,1.33893163547123e-07
62.0535599299249,3.86810083862609e-08,1.34002085940885e-07
62.1589140214867,3.85686344776219e-08,1.34210487600769e-07
62.2642681130485,3.84592735527153e-08,1.34370176902548e-07
62.3696222046104,3.8351706877029e-08,1.34454884280128e-07
62.4749762961722,3.83446505088085e-08,1.34342484313653e-07
62.5803303877341,3.84107373797489e-08,1.3411950141684e-07
62.6856844792959,3.85524395498673e-08,1.33849456849413e-07
62.7910385708578,3.88404830495256e-08,1.3349675537639e-07
62.8963926624196,3.88080245097208e-08,1.33262927701824e-07
63.0017467539814,3.85060164406248e-08,1.33146622776646e-07
63.1071008455433,3.76805867672628e-08,1.33258745580781e-07
63.2124549371051,3.73378829218473e-08,1.3324552108008e-07
63.317809028667,3.71595555963473e-08,1.33217399641957e-07
63.4231631202288,3.75500370138397e-08,1.33414661970091e-07
63.5285172117906,3.78864290379567e-08,1.3351057171387e-07
63.6338713033525,3.80828396024219e-08,1.33808481371433e-07
63.7392253949143,3.81053251370621e-08,1.3372405755051e-07
63.8445794864762,3.81003931808637e-08,1.335656777928e-07
63.949933578038,3.81209605683036e-08,1.33306511448149e-07
64.0552876695999,3.8074817020751e-08,1.33109026321367e-07
64.1606417611617,3.79697203495233e-08,1.32912397710847e-07
64.2659958527235,3.78226357324878e-08,1.32722018506309e-07
64.3713499442854,3.77772371554981e-08,1.3264738124444e-07
64.4767040358472,3.80412482913981e-08,1.32818410471208e-07
64.5820581274091,3.81389622428496e-08,1.32818225643051e-07
64.6874122189709,3.82201305467919e-08,1.32819656557785e-07
64.7927663105328,3.80312169826845e-08,1.32733380512436e-07
64.8981204020946,3.79657678372116e-08,1.32718781331847e-07
65.0034744936564,3.79584166940634e-08,1.32871096575824e-07
65.1088285852183,3.78979686881876e-08,1.32806578219281e-07
65.2141826767801,3.77761510312394e-08,1.32644883000295e-07
65.319536768342,3.75032059817176e-08,1.32082377076719e-07
65.4248908599038,3.74171377996037e-08,1.31800636084383e-07
65.5302449514656,3.73385150117338e-08,1.31652857980969e-07
65.6355990430275,3.75131784904287e-08,1.31580539166565e-07
65.7409531345893,3.75990983256799e-08,1.31564535933595e-07
65.8463072261512,3.76154910466687e-08,1.31582881402553e-07
65.951661317713,3.75700017767584e-08,1.31633894147634e-07
66.0570154092749,3.74562748009914e-08,1.31677320604264e-07
66.1623695008367,3.73504738018214e-08,1.31547598654246e-07
66.2677235923985,3.73451060119187e-08,1.31421866016601e-07
66.3730776839604,3.73917023032378e-08,1.31230131590325e-07
66.4784317755222,3.76693510616689e-08,1.3089656335236e-07
66.5837858670841,3.76906901119351e-08,1.30752494556742e-07
66.6891399586459,3.77598364138234e-08,1.30604218099774e-07
66.7944940502077,3.75077251963943e-08,1.30674813143614e-07
66.8998481417696,3.74235375950532e-08,1.30657625299965e-07
67.0052022333314,3.73307142454989e-08,1.30638214050229e-07
67.1105563248933,3.72953590671865e-08,1.30744545735658e-07
67.2159104164551,3.72743917820858e-08,1.30744727187034e-07
67.321264508017,3.72361875843481e-08,1.30749585849019e-07
67.4266185995788,3.72850314401858e-08,1.3065349409311e-07
67.5319726911406,3.72862663952029e-08,1.30550449382744e-07
67.6373267827025,3.72561231055641e-08,1.30460968040959e-07
67.7426808742643,3.723634873158e-08,1.30384631046494e-07
67.8480349658262,3.71860165585582e-08,1.3028940789499e-07
67.953389057388,3.7155591192763e-08,1.30206055857477e-07
68.0587431489498,3.71386490625137e-08,1.30108251581664e-07
68.1640972405117,3.71597934170917e-08,1.30092392088647e-07
68.2694513320735,3.72325645571734e-08,1.30148505925986e-07
68.3748054236354,3.71969464471399e-08,1.30140149407895e-07
68.4801595151972,3.72141451838256e-08,1.30166334362705e-07
68.5855136067591,3.71516979735766e-08,1.30186618766651e-07
68.6908676983209,3.71993415256331e-08,1.30189192853258e-07
68.7962217898828,3.70905127786424e-08,1.30097135889674e-07
68.9015758814446,3.6982920680417e-08,1.29899798464282e-07
69.0069299730064,3.69794349987394e-08,1.29716811671949e-07
69.1122840645683,3.70008475927115e-08,1.29583355052453e-07
69.2176381561301,3.70255985660565e-08,1.29554101318317e-07
69.322992247692,3.70092598279133e-08,1.29573013877427e-07
69.4283463392538,3.69685466447932e-08,1.29588243973475e-07
69.5337004308156,3.69268345370476e-08,1.29551718668916e-07
69.6390545223775,3.69287258889838e-08,1.29441714639573e-07
69.7444086139393,3.69495874284998e-08,1.29295923578292e-07
69.8497627055012,3.70513561364899e-08,1.29134773497356e-07
69.955116797063,3.70414219846977e-08,1.29004347962703e-07
70.0604708886248,3.69727765761307e-08,1.28957945409646e-07
70.1658249801867,3.68354403845364e-08,1.28991719607018e-07
70.2711790717485,3.67536485377008e-08,1.29067376947347e-07
70.3765331633104,3.68077512261909e-08,1.29122213236745e-07
70.4818872548722,3.68191033449826e-08,1.29136255908837e-07
70.5872413464341,3.68727238132484e-08,1.29113697443795e-07
70.6925954379959,3.6887309266058e-08,1.29043177410935e-07
70.7979495295577,3.68449807470053e-08,1.28951315681782e-07
70.9033036211196,3.68044247365924e-08,1.28864172301151e-07
71.0086577126814,3.67899865301061e-08,1.28805487854673e-07
71.1140118042433,3.67895568540363e-08,1.28792467748196e-07
71.2193658958051,3.67735956784782e-08,1.28797954057657e-07
71.324719987367,3.67498780283892e-08,1.28788461561295e-07
71.4300740789288,3.66933050365166e-08,1.28739383309792e-07
71.5354281704906,3.67011145578709e-08,1.28627212389781e-07
71.6407822620525,3.67465763891628e-08,1.28502390025182e-07
71.7461363536143,3.67683906732371e-08,1.28386520066633e-07
71.8514904451762,3.67513837587477e-08,1.2831751248333e-07
71.956844536738,3.6648690724072e-08,1.28338232961324e-07
72.0621986282998,3.66220810858871e-08,1.28410400743305e-07
72.1675527198617,3.6675671761797e-08,1.28467991574233e-07
72.2729068114235,3.66812167131068e-08,1.28449243151579e-07
72.3782609029854,3.66643797813374e-08,1.28372482960086e-07
72.4836149945472,3.66437977472375e-08,1.28289267697765e-07
72.5889690861091,3.6623031854321e-08,1.28236092569323e-07
72.6943231776709,3.66181540917411e-08,1.28215702842402e-07
72.7996772692327,3.66113440561197e-08,1.2820324577186e-07
72.9050313607946,3.6598635152022e-08,1.28166141717016e-07
73.0103854523564,3.65956193689025e-08,1.28099254835636e-07
73.1157395439183,3.65958778325519e-08,1.28033926589573e-07
73.2210936354801,3.65813151981372e-08,1.28001009327686e-07
73.326447727042,3.65558788815897e-08,1.28002576446401e-07
73.4318018186038,3.65536492307234e-08,1.28023145532673e-07
73.5371559101656,3.65665407994704e-08,1.28023840254819e-07
73.6425100017275,3.65496355510157e-08,1.27977677644619e-07
73.7478640932893,3.65223297607904e-08,1.27912945071343e-07
73.8532181848512,3.65311211044172e-08,1.27860498308692e-07
73.958572276413,3.65307556784707e-08,1.27836282557037e-07
74.0639263679748,3.65097974125299e-08,1.27832662730842e-07
74.1692804595367,3.65050138129133e-08,1.27820892451364e-07
74.2746345510985,3.65041190876407e-08,1.27792137901007e-07
74.3799886426604,3.64930883896251e-08,1.27763592285917e-07
74.4853427342222,3.64866769592503e-08,1.27746077553396e-07
74.5906968257841,3.64831334289884e-08,1.27726007515385e-07
74.6960509173459,3.64731604975564e-08,1.27691060042553e-07
74.8014050089077,3.64644874658991e-08,1.27658231836508e-07
74.9067591004696,3.64675822881057e-08,1.27647357799472e-07
75.0121131920314,3.64617045269169e-08,1.27642552042293e-07
75.1174672835933,3.64424777149479e-08,1.27623034748574e-07
75.2228213751551,3.64446371911528e-08,1.27598863590694e-07
75.3281754667169,3.64499092005444e-08,1.27577923900815e-07
75.4335295582788,3.64343967821836e-08,1.27554115759477e-07
75.5388836498406,3.64229377585157e-08,1.27531984339639e-07
75.6442377414025,3.64283971687457e-08,1.27520322536892e-07
75.7495918329643,3.64262525697078e-08,1.2751110832525e-07
75.8549459245261,3.64142923236304e-08,1.2749665163941e-07
75.960300016088,3.64104553080586e-08,1.27479653759686e-07
76.0656541076498,3.64095911910314e-08,1.27463124789358e-07
76.1710081992117,3.64035280606545e-08,1.27449952405365e-07
76.2763622907735,3.64022953946589e-08,1.27437632517814e-07
76.3817163823354,3.63991826837597e-08,1.27422892716068e-07
76.4870704738972,3.63890008038178e-08,1.2740619608405e-07
76.592424565459,3.63875906299232e-08,1.27392360654149e-07
76.6977786570209,3.63944257415411e-08,1.27384635115343e-07
76.8031327485827,3.63853031080632e-08,1.27381465965694e-07
76.9084868401446,3.63725102649922e-08,1.27376805240264e-07
77.0138409317064,3.63791708567416e-08,1.27365068112682e-07
77.1191950232682,3.63844635151927e-08,1.27347760534265e-07
77.2245491148301,3.63714394929226e-08,1.27333109848081e-07
77.3299032063919,3.6364936823804e-08,1.27326544334389e-07
77.4352572979538,3.63725241528157e-08,1.27325588044846e-07
77.5406113895156,3.63714334594589e-08,1.27323786387943e-07
77.6459654810775,3.63636479400805e-08,1.27317377105936e-07
77.7513195726393,3.63636307461601e-08,1.27308939132861e-07
77.8566736642011,3.63631648115633e-08,1.27303455056461e-07
77.962027755763,3.63604579671861e-08,1.27301700489295e-07
78.0673818473248,3.63641543272667e-08,1.27298945251247e-07
78.1727359388867,3.6361343711281e-08,1.27291110196361e-07
78.2780900304485,3.63525754421391e-08,1.27282742595646e-07
78.3834441220104,3.63604540581029e-08,1.27283546816573e-07
78.4887982135722,3.63628436381774e-08,1.27288721733711e-07
78.594152305134,3.63566835065339e-08,1.27289642306254e-07
78.6995063966959,1.81773532327807e-08,6.36446165358911e-08
