f,amplitude_1,amplitude_2
0,0.00245991049066825,0.00253331610835956
0.105354091561842,0.00394245753924796,0.00405118086468814
0.210708183123684,0.00166877153376386,0.00169693133062238
0.316062274685526,0.000567407554043581,0.000616385782535787
0.421416366247368,0.00144604854805922,0.00150346178144705
0.526770457809209,0.00106899902581326,0.00112076300877517
0.632124549371051,0.000238368463831559,0.000409766876311142
0.737478640932893,0.00030812052242802,0.000463269689387252
0.842832732494735,0.000238300818851588,0.000384457044391089
0.948186824056577,4.17869546459804e-05,0.000216928632543839
1.05354091561842,0.000160608362475025,0.00019599056102409
1.15889500718026,0.000248501434096019,0.000250164278355018
1.2642490987421,0.000179496050671212,0.000173502270676269
1.36960319030394,8.50839123129004e-05,7.5908606366472e-05
1.47495728186579,7.12341275689963e-05,7.26803933098872e-05
1.58031137342763,8.76528215116448e-05,7.47643532835973e-05
1.68566546498947,7.44081604664577e-05,5.34799516823557e-05
1.79101955655131,4.06679415969421e-05,2.3907069396428e-05
1.89637364811315,1.76954258020804e-05,1.07609202920422e-05
2.001727739675,1.33071146574379e-05,1.94624995879953e-05
2.10708183123684,8.28595358356147e-06,1.43553178977598e-05
2.21243592279868,3.52851477733538e-06,4.01580568423705e-06
2.31779001436052,1.03080696837918e-06,3.38307301593851e-06
2.42314410592236,1.02525163935306e-06,3.32207987206752e-06
2.5284981974842,8.41737835141465e-07,2.71705472783187e-06
2.63385228904605,2.50884078123541e-06,4.43969779591727e-06
2.73920638060789,4.84475149788389e-06,5.72045143358649e-06
2.84456047216973,4.6257880673438e-06,4.84152585498308e-06
2.94991456373157,1.76124018557337e-06,1.44768814310785e-06
3.05526865529341,4.81227298797484e-06,4.31070853211438e-06
3.16062274685526,6.74225740138522e-06,6.15098641756167e-06
3.2659768384171,3.75872165278166e-06,3.96451712695872e-06
3.37133092997894,2.10309428843679e-06,2.53603327430819e-06
3.47668502154078,4.73566352567409e-06,3.32823853181253e-06
3.58203911310262,3.46298357884469e-06,2.78668953730217e-06
3.68739320466447,6.58653994231542e-07,1.2928602506763e-06
3.79274729622631,7.16321468339399e-07,3.77800280013838e-07
3.89810138778815,4.21808060891942e-07,8.83056480778104e-07
4.00345547934999,3.50765543966788e-07,1.05185529621247e-07
4.10880957091183,2.08510806465718e-07,5.59166188625419e-07
4.21416366247368,2.25821319301035e-07,2.44234184795283e-07
4.31951775403552,2.40483737313398e-07,4.68852758036053e-07
4.42487184559736,1.23680343448017e-07,4.72468224123e-07
4.5302259371592,4.14216582214525e-07,6.50083424358424e-07
4.63558002872104,5.27023225845423e-07,5.94230746673713e-07
4.74093412028288,2.82810045711684e-07,1.32882573561933e-07
4.84628821184473,1.45965930911717e-07,1.95274403686096e-07
4.95164230340657,2.1791870423004e-07,6.13107375889578e-08
5.05699639496841,1.18606436455404e-07,2.63395314479816e-07
5.16235048653025,5.68940919765961e-08,1.71121429781306e-07
5.26770457809209,1.39742485094344e-07,2.16049130994934e-07
5.37305866965394,3.33297257595035e-07,2.66594144716155e-07
5.47841276121578,3.85443816333846e-07,2.34532208949722e-07
5.58376685277762,3.25771525894142e-07,2.39803114452072e-07
5.68912094433946,1.92087308298145e-07,2.31117000435832e-07
5.7944750359013,7.61871520271071e-08,1.49482135881642e-07
5.89982912746315,8.97858275613945e-08,1.50755004909913e-07
6.00518321902499,3.7108513801101e-08,1.41676389265535e-07
6.11053731058683,6.8224885779185e-08,1.04977951924023e-07
6.21589140214867,1.1330392214232e-07,1.86338584536129e-07
6.32124549371051,1.15796287356686e-07,1.77959886583226e-07
6.42659958527235,7.44870352509189e-08,6.01712313262867e-08
6.5319536768342,1.3434463708884e-08,8.4707130023417e-08
6.63730776839604,3.12250739358337e-08,8.41196320521387e-08
6.74266185995788,2.07972832426377e-08,8.36348364384806e-08
6.84801595151972,4.2612620190406e-08,1.18779998124231e-07
6.95337004308156,4.38216175979851e-08,9.20611342362084e-08
7.05872413464341,1.4424382806181e-08,9.31922246797709e-08
7.16407822620525,1.1041814822211e-08,6.41959904214926e-08
7.26943231776709,2.29244724053691e-08,8.03523985780375e-08
7.37478640932893,1.99456317147037e-08,5.8822773666327e-08
7.48014050089077,4.11272611908359e-09,5.88527871127929e-08
7.58549459245261,2.32602204493002e-08,6.05670531715957e-08
7.69084868401446,1.60110249580112e-08,5.30077771207955e-08
7.7962027755763,2.70303508168921e-08,6.28894508114447e-08
7.90155686713814,3.7827293563794e-08,4.25605773020152e-08
8.00691095869998,2.67106561082535e-08,2.77335370732242e-08
8.11226505026183,1.95925737601369e-08,1.94099670575958e-08
8.21761914182367,1.17440143564985e-08,4.04793108298068e-08
8.32297323338551,7.2882699374846e-09,3.50931396342488e-08
8.42832732494735,2.77572335569587e-09,4.17825455755664e-08
8.53368141650919,1.06511116467057e-08,3.72749496922099e-08
8.63903550807103,1.02189059420241e-08,4.05447836136939e-08
8.74438959963287,9.60634703754109e-09,3.78964815311114e-08
8.84974369119472,1.5900643953581e-08,4.14133394616439e-08
8.95509778275656,1.46476663029991e-08,4.09170479490055e-08
9.0604518743184,2.4643663739442e-08,4.06041116517245e-08
9.16580596588024,2.17451184655166e-08,3.80313825905367e-08
9.27116005744208,1.59791192460888e-08,2.81170770509982e-08
9.37651414900393,2.01873823116001e-08,3.74373606700089e-08
9.48186824056577,1.77391177671486e-08,3.38579602439575e-08
9.58722233212761,1.15718453546397e-08,2.42507563465632e-08
9.69257642368945,4.81044621981202e-09,2.37260332326854e-08
9.7979305152513,6.20584657470203e-09,2.42370947874904e-08
9.90328460681314,4.2198675010598e-09,2.04854501988972e-08
10.008638698375,2.6940788380734e-10,2.13866163026266e-08
10.1139927899368,1.77203991309646e-09,1.84214490395893e-08
10.2193468814987,3.36053583226812e-09,1.79513459981417e-08
10.3247009730605,3.58327864336992e-09,1.46845819114852e-08
10.4300550646223,4.99143807593455e-09,1.46304159465114e-08
10.5354091561842,9.59395281580243e-09,1.81398774843642e-08
10.640763247746,1.11316346419162e-08,2.21982383412376e-08
10.7461173393079,1.13769278413451e-08,2.33130982492785e-08
10.8514714308697,1.34109608722122e-08,2.57718730420489e-08
10.9568255224316,1.08824914083966e-08,2.41426633795399e-08
11.0621796139934,1.17605457678314e-08,2.32677328641816e-08
11.1675337055552,1.11346642120945e-08,2.21561785277959e-08
11.2728877971171,6.38933012230968e-09,1.74896856783725e-08
11.3782418886789,6.90804168649059e-09,1.81124574962947e-08
11.4835959802408,4.10558063886099e-09,1.46874941344733e-08
11.5889500718026,3.29140622412463e-09,1.54392136868545e-08
11.6943041633644,3.03607592170072e-09,1.39553059516839e-08
11.7996582549263,9.36346515220828e-10,1.41259842099263e-08
11.9050123464881,1.92240409382559e-09,1.33248772867735e-08
12.01036643805,2.87312484543422e-09,1.32814485091002e-08
12.1157205296118,1.58869485599211e-09,1.29230587443438e-08
12.2210746211737,3.69417182599025e-09,1.31648430221363e-08
12.3264287127355,2.40939895719443e-09,1.28564416648025e-08
12.4317828042973,4.55641623351172e-09,1.30509423761687e-08
12.5371368958592,5.43549757746145e-09,1.41873811295615e-08
12.642490987421,1.6826474487184e-09,1.02760336592176e-08
12.7478450789829,2.58729875222818e-09,1.08858325551855e-08
12.8531991705447,4.74412375365135e-09,1.30819800928152e-08
12.9585532621066,4.43852041523499e-09,1.27545301583096e-08
13.0639073536684,3.07617382913169e-09,1.15140395304463e-08
13.1692614452302,3.04333875425252e-09,1.16599384186609e-08
13.2746155367921,1.59679125078006e-09,1.05448240071263e-08
13.3799696283539,1.06519153961395e-09,1.04829519700498e-08
13.4853237199158,4.23023291161006e-10,9.81460584361554e-09
13.5906778114776,7.90418823650732e-10,9.48221884722844e-09
13.6960319030394,1.09077037416594e-09,9.42420839727982e-09
13.8013859946013,2.34386256681925e-09,9.11966142180802e-09
13.9067400861631,2.32907176265538e-09,9.11148897464494e-09
14.012094177725,3.25847416705312e-09,8.89879212127493e-09
14.1174482692868,2.79886520883517e-09,8.39906830709279e-09
14.2228023608487,2.67850631816043e-09,8.49101747528876e-09
14.3281564524105,2.31162103168654e-09,7.88562626136514e-09
14.4335105439723,1.35255799291332e-09,8.3165031365788e-09
14.5388646355342,2.00257077952395e-09,8.66521986552895e-09
14.644218727096,7.61745642033237e-10,7.21480612781829e-09
14.7495728186579,1.37115998350511e-09,7.97062573391622e-09
14.8549269102197,1.07042965692394e-09,7.14947168312655e-09
14.9602810017815,1.58827488541973e-09,7.83871441226223e-09
15.0656350933434,7.33154749424173e-10,7.22931110479809e-09
15.1709891849052,1.20354965524706e-09,7.03284820718192e-09
15.2763432764671,7.96837733045046e-10,7.03917189461143e-09
15.3816973680289,1.56722985864622e-09,6.45690953817231e-09
15.4870514595908,1.71100834363061e-09,6.63252713569269e-09
15.5924055511526,2.59273400216348e-09,6.72738042748224e-09
15.6977596427144,2.80000744792683e-09,7.48101866505144e-09
15.8031137342763,1.90293347864878e-09,6.69970403907044e-09
15.9084678258381,2.13032045781027e-09,6.03738797203604e-09
16.0138219174,1.98853010149343e-09,6.23688896003053e-09
16.1191760089618,1.45775766894294e-09,5.95423226771011e-09
16.2245301005237,1.06150004878915e-09,5.83806759897276e-09
16.3298841920855,1.25299848448709e-09,5.89194949314764e-09
16.4352382836473,7.62837594902064e-10,5.36794921977541e-09
16.5405923752092,1.11233721544759e-09,5.70876803344753e-09
16.645946466771,5.95216133502179e-10,5.21769877867563e-09
16.7513005583329,6.99582297239046e-10,5.09045244779204e-09
16.8566546498947,5.66131351598131e-10,4.87348918399459e-09
16.9620087414565,1.16444022331e-09,4.59689631792413e-09
17.0673628330184,1.29341431797957e-09,4.71547349380026e-09
17.1727169245802,1.6266082596219e-09,4.45407511989948e-09
17.2780710161421,1.70803682446863e-09,4.69800218590361e-09
17.3834251077039,1.82236379816726e-09,4.73093128670746e-09
17.4887791992658,1.77650329187713e-09,4.69084572222309e-09
17.5941332908276,1.61270608337882e-09,4.75097670234008e-09
17.6994873823894,1.50964058321628e-09,4.54633051479875e-09
17.8048414739513,1.16043589621184e-09,4.62145593773233e-09
17.9101955655131,1.15802593258149e-09,4.47750869198764e-09
18.015549657075,5.78921142455502e-10,4.23224760258811e-09
18.1209037486368,9.0134578792772e-10,4.49444959440057e-09
18.2262578401986,5.02339264428347e-10,3.82716354705887e-09
18.3316119317605,9.60642449439421e-10,4.15670388917105e-09
18.4369660233223,8.9387208560212e-10,3.84034687081135e-09
18.5423201148842,1.16029474598909e-09,3.773636674662e-09
18.647674206446,1.0764549417256e-09,3.79552488921816e-09
18.7530282980079,1.24581225590457e-09,3.37413866231039e-09
18.8583823895697,1.29265060904555e-09,3.66947239862455e-09
18.9637364811315,1.28604462087783e-09,3.3134328282612e-09
19.0690905726934,1.52394096357718e-09,3.60064940053182e-09
19.1744446642552,1.36851199825647e-09,3.65423498328302e-09
19.2797987558171,1.45125178224453e-09,3.4801015606366e-09
19.3851528473789,1.31326080313295e-09,3.76512237155086e-09
19.4905069389407,1.15516163472952e-09,3.56091288842524e-09
19.5958610305026,8.86942340206945e-10,3.59121064038507e-09
19.7012151220644,8.06516101964414e-10,3.60686965831629e-09
19.8065692136263,5.56931917091489e-10,3.33698858118435e-09
19.9119233051881,7.25597378110003e-10,3.44340934048972e-09
20.01727739675,7.06840328353543e-10,3.08832442039392e-09
20.1226314883118,9.89048990764919e-10,3.05462372440456e-09
20.2279855798736,9.76278633251235e-10,2.82839836605226e-09
20.3333396714355,1.15453295822553e-09,2.64982132121883e-09
20.4386937629973,1.15870463601169e-09,2.72187354193924e-09
20.5440478545592,1.17029928444015e-09,2.45385944215727e-09
20.649401946121,1.20868049834293e-09,2.70144009576787e-09
20.7547560376828,1.07224415131942e-09,2.61640877225221e-09
20.8601101292447,1.07644988126822e-09,2.66332361952548e-09
20.9654642208065,8.67860380040456e-10,2.80368220582079e-09
21.0708183123684,8.19803150841342e-10,2.67522788127069e-09
21.1761724039302,6.31075169845311e-10,2.81987900802716e-09
21.2815264954921,6.49355751240859e-10,2.68781996646701e-09
21.3868805870539,5.34929698854084e-10,2.62863852251189e-09
21.4922346786157,6.79860663595365e-10,2.62378338686813e-09
21.5975887701776,6.11961353131483e-10,2.29383417906182e-09
21.7029428617394,7.94522178822441e-10,2.38532397897148e-09
21.8082969533013,7.3422077709797e-10,2.03454298757337e-09
21.9136510448631,8.4072716306921e-10,2.02035199984798e-09
22.019005136425,8.86350494538809e-10,2.0195429872768e-09
22.1243592279868,8.55632218382784e-10,1.80268299094937e-09
22.2297133195486,8.42852317878393e-10,2.00199810752197e-09
22.3350674111105,7.62099366819514e-10,1.82512702575607e-09
22.4404215026723,8.16065498001457e-10,2.05355536332017e-09
22.5457755942342,7.19867836514172e-10,2.05085380976473e-09
22.651129685796,7.88389168658272e-10,2.03809129715698e-09
22.7564837773578,7.05485492047644e-10,2.20024303813017e-09
22.8618378689197,7.12573319026568e-10,2.01379004972035e-09
22.9671919604815,6.10497171550351e-10,2.13696784735853e-09
23.0725460520434,5.64338510557078e-10,1.95590684528768e-09
23.1779001436052,4.4130397621349e-10,1.89833254014918e-09
23.2832542351671,4.36539441909934e-10,1.83841829748697e-09
23.3886083267289,4.07800289383164e-10,1.59535552539419e-09
23.4939624182907,5.54528501708334e-10,1.64093593643099e-09
23.5993165098526,6.22252991942509e-10,1.38413777063298e-09
23.7046706014144,7.87409757450092e-10,1.41138483314357e-09
23.8100246929763,8.38892277213925e-10,1.3561032265025e-09
23.9153787845381,9.17140011045845e-10,1.29425649339141e-09
24.0207328760999,9.43416755587915e-10,1.48795396124783e-09
24.1260869676618,8.98797880625956e-10,1.41248605296869e-09
24.2314410592236,8.99988797651682e-10,1.64352844854391e-09
24.3367951507855,7.69135315801093e-10,1.66593240497102e-09
24.4421492423473,7.53565418236577e-10,1.74873010020231e-09
24.5475033339092,6.09094435201402e-10,1.84553590356602e-09
24.652857425471,6.09191062874432e-10,1.77468248016741e-09
24.7582115170328,5.3739708262148e-10,1.83511800840581e-09
24.8635656085947,6.170227341712e-10,1.71536548893296e-09
24.9689197001565,6.24750663501337e-10,1.64152045225957e-09
25.0742737917184,7.61387784103382e-10,1.57994741064285e-09
25.1796278832802,8.08094074709551e-10,1.40183242043838e-09
25.2849819748421,8.48978443197852e-10,1.34200046626174e-09
25.3903360664039,8.68676868941996e-10,1.18776375174851e-09
25.4956901579657,8.72909795943775e-10,1.15155917957415e-09
25.6010442495276,8.73295120691924e-10,1.18616324917895e-09
25.7063983410894,8.06848516735207e-10,1.11978435349699e-09
25.8117524326513,7.99568798896706e-10,1.30787385155517e-09
25.9171065242131,6.91857750959728e-10,1.28929876393622e-09
26.0224606157749,6.77266176186912e-10,1.42379573143619e-09
26.1278147073368,5.8381694453336e-10,1.48158448843285e-09
26.2331687988986,5.90192729409217e-10,1.4773414314432e-09
26.3385228904605,5.49397942456579e-10,1.56312896889453e-09
26.4438769820223,5.98216137348726e-10,1.44998084607334e-09
26.5492310735842,6.10485424087018e-10,1.48383083694557e-09
26.654585165146,6.7687329367992e-10,1.34351609652791e-09
26.7599392567078,7.07070267312624e-10,1.27599777803812e-09
26.8652933482697,7.56934541645987e-10,1.17602452376843e-09
26.9706474398315,7.73860393615197e-10,1.02848509448816e-09
27.0760015313934,7.80571942486736e-10,9.92168628164662e-10
27.1813556229552,7.79591635368455e-10,8.86591331225277e-10
27.286709714517,7.37502429934847e-10,8.94296997165877e-10
27.3920638060789,7.20946994499689e-10,9.421414623157e-10
27.4974178976407,6.52098546223045e-10,9.6174018078333e-10
27.6027719892026,6.37624743257364e-10,1.09862131969234e-09
27.7081260807644,5.68683746879684e-10,1.1263814723071e-09
27.8134801723263,5.84321102811873e-10,1.22088157332644e-09
27.9188342638881,5.4809243012181e-10,1.25814290294064e-09
28.0241883554499,5.94391400005961e-10,1.26027607785028e-09
28.1295424470118,5.90283018437012e-10,1.27699973891947e-09
28.2348965385736,6.57437276409001e-10,1.21400882985312e-09
28.3402506301355,6.76429001603859e-10,1.1858795770508e-09
28.4456047216973,6.94218924255674e-10,1.06907166736759e-09
28.5509588132592,7.05569895562284e-10,9.72308957236729e-10
28.656312904821,7.09238702495319e-10,8.89737989045582e-10
28.7616669963828,7.05370340164002e-10,7.72761471143434e-10
28.8670210879447,6.79974372852644e-10,7.33159158417834e-10
28.9723751795065,6.75112738778553e-10,7.14494929011872e-10
29.0777292710684,6.23277197222525e-10,7.18927765025854e-10
29.1830833626302,6.21203875706143e-10,8.15479365023198e-10
29.288437454192,5.69198205621442e-10,8.5314453803866e-10
29.3937915457539,5.79549120425889e-10,9.61241425213949e-10
29.4991456373157,5.48558105022029e-10,1.01056609817955e-09
29.6044997288776,5.78483735569072e-10,1.05710792344905e-09
29.7098538204394,5.72160627050867e-10,1.09674641427896e-09
29.8152079120013,6.09931157775114e-10,1.06569410514297e-09
29.9205620035631,6.20198305681015e-10,1.06846818079572e-09
30.0259160951249,6.46425728106402e-10,9.86135415226315e-10
30.1312701866868,6.57140302263218e-10,9.30677614528776e-10
30.2366242782486,6.59577675311314e-10,8.33487048369331e-10
30.3419783698105,6.63289100384136e-10,7.35646339329867e-10
30.4473324613723,6.41709856184075e-10,6.59230857439342e-10
30.5526865529341,6.37641046303747e-10,5.84387011592533e-10
30.658040644496,6.01027511935773e-10,5.65152572649266e-10
30.7633947360578,5.96681253222862e-10,5.92514825420809e-10
30.8687488276197,5.60392947354669e-10,6.30919314719896e-10
30.9741029191815,5.66634084020452e-10,7.27482131976294e-10
31.0794570107434,5.42804991553995e-10,7.82665459133039e-10
31.1848111023052,5.63422816429165e-10,8.59689390179034e-10
31.290165193867,5.52835690272722e-10,9.06677974700488e-10
31.3955192854289,5.89344060459166e-10,9.28020824566505e-10
31.5008733769907,5.95427136033942e-10,9.55732071885332e-10
31.6062274685526,6.0507149938999e-10,9.00983293853588e-10
31.7115815601144,6.11384927562424e-10,8.8008769528148e-10
31.8169356516762,6.14985038448533e-10,7.98156644274282e-10
31.9222897432381,6.16762599941033e-10,7.21988375420085e-10
32.0276438347999,6.06036317884482e-10,6.36714322896036e-10
32.1329979263618,6.03216945654352e-10,5.4095704644955e-10
32.2383520179236,5.78181479259016e-10,4.86801412334725e-10
32.3437061094855,5.77213596924723e-10,4.4918165176658e-10
32.4490602010473,5.4636776968588e-10,4.58421387822493e-10
32.5544142926091,5.52189759400122e-10,5.24167706743321e-10
32.659768384171,5.28790776468102e-10,5.75988695083418e-10
32.7651224757328,5.43207068606417e-10,6.6515631828536e-10
32.8704765672947,5.33055681396106e-10,7.21426385868058e-10
32.9758306588565,5.53639295923143e-10,7.71841054650316e-10
33.0811847504184,5.55256291712781e-10,8.108961861809e-10
33.1865388419802,5.72610743197386e-10,8.03437168957092e-10
33.291892933542,5.78134296918044e-10,8.08821421073453e-10
33.3972470251039,5.83674879794861e-10,7.52981497365334e-10
33.5026011166657,5.8883710841457e-10,7.13200265866885e-10
33.6079552082276,5.79808969747397e-10,6.3182438883145e-10
33.7133092997894,5.81207364951357e-10,5.53135913331398e-10
33.8186633913512,5.61179865846325e-10,4.75366925555644e-10
33.9240174829131,5.6121055766885e-10,3.98022818885037e-10
34.0293715744749,5.37848689792936e-10,3.66817579407132e-10
34.1347256660368,5.40994719018998e-10,3.72316822871925e-10
34.2400797575986,5.22260597557454e-10,4.10395792178849e-10
34.3454338491605,5.31284191862237e-10,4.88605268481706e-10
34.4507879407223,5.22978184734114e-10,5.48074362795473e-10
34.5561420322841,5.4347313005376e-10,6.26863212769347e-10
34.661496123846,5.44356891451897e-10,6.81046812240689e-10
34.7668502154078,5.5183521718562e-10,7.03552243118723e-10
34.8722043069697,5.57368682718618e-10,7.30955204829142e-10
34.9775583985315,5.62149566943356e-10,7.07574545659536e-10
35.0829124900933,5.65156522379687e-10,6.94073793125856e-10
35.1882665816552,5.6109439418316e-10,6.31581140623775e-10
35.293620673217,5.6123439255569e-10,5.77369923285089e-10
35.3989747647789,5.47498662507982e-10,4.97635808478617e-10
35.5043288563407,5.46158280129804e-10,4.16097066221341e-10
35.6096829479026,5.27640108613569e-10,3.52416155341572e-10
35.7150370394644,5.28773869687446e-10,2.98415364820544e-10
35.8203911310262,5.11604203438875e-10,3.01196987491323e-10
35.9257452225881,5.18081123705881e-10,3.44605977232813e-10
36.0310993141499,5.07830125658216e-10,4.00156373246996e-10
36.1364534057118,5.19013387446277e-10,4.80183019552273e-10
36.2418074972736,5.1682675905446e-10,5.36043930832133e-10
36.3471615888354,5.27960661119139e-10,5.91840266947095e-10
36.4525156803973,5.29987145021714e-10,6.27655474925441e-10
36.5578697719591,5.35718917745041e-10,6.36859963695417e-10
36.663223863521,5.38758810965179e-10,6.42971284107946e-10
36.7685779550828,5.35083566852176e-10,6.0585753913258e-10
36.8739320466447,5.36553297585044e-10,5.76414962128503e-10
36.9792861382065,5.24212484996067e-10,5.07240485265944e-10
37.0846402297683,5.24097896577757e-10,4.44767511784e-10
37.1899943213302,5.07113851347325e-10,3.65853029698577e-10
37.295348412892,5.08087730752121e-10,2.92092077269127e-10
37.4007025044539,4.92828534439658e-10,2.45196795480338e-10
37.5060565960157,4.97392310732511e-10,2.29423354070522e-10
37.6114106875775,4.89064919934057e-10,2.65100169547914e-10
37.7167647791394,5.01797454995004e-10,3.32183700532565e-10
37.8221188707012,5.00625371952423e-10,3.97005246610594e-10
37.9274729622631,5.06864833301976e-10,4.60960481551741e-10
38.0328270538249,5.11168292403371e-10,5.11676203478747e-10
38.1381811453868,5.14911109357312e-10,5.47676883669217e-10
38.2435352369486,5.18321218778577e-10,5.70048358335799e-10
38.3488893285104,5.16410059236492e-10,5.65039136784419e-10
38.4542434200723,5.16996016828546e-10,5.56229034504646e-10
38.5595975116341,5.08081051942955e-10,5.1246205715066e-10
38.664951603196,5.07530194682836e-10,4.7066655105476e-10
38.7703056947578,4.95102891237646e-10,4.01787006175954e-10
38.8756597863197,4.95525388324088e-10,3.3434145192721e-10
38.9810138778815,4.84463907695799e-10,2.63408875801831e-10
39.0863679694433,4.88366597256528e-10,2.01957537451717e-10
39.1917220610052,4.81674583301099e-10,1.85290054566864e-10
39.297076152567,4.89227697977362e-10,2.10766148952671e-10
39.4024302441289,4.87619934935595e-10,2.67805394970518e-10
39.5077843356907,4.95451439243264e-10,3.3742684153068e-10
39.6131384272525,4.96519351894965e-10,3.96058332754564e-10
39.7184925188144,5.01124981016845e-10,4.50987642614513e-10
39.8238466103762,5.02818254070077e-10,4.88813115686049e-10
39.9292007019381,5.01384387950877e-10,5.09585478783247e-10
40.0345547934999,5.02261456830504e-10,5.19263849869979e-10
40.1399088850618,4.9499200428426e-10,5.01414949086592e-10
40.2452629766236,4.95121181102005e-10,4.79717280019323e-10
40.3506170681854,4.8469663406331e-10,4.2898804075552e-10
40.4559711597473,4.85772394481574e-10,3.78279055547259e-10
40.5613252513091,4.75735247021815e-10,3.08224025561628e-10
40.666679342871,4.78895463815229e-10,2.4039037929569e-10
40.7720334344328,4.72994432914428e-10,1.80483453068098e-10
40.8773875259946,4.81466216971132e-10,1.4658809013938e-10
40.9827416175565,4.78931295567429e-10,1.68481044160887e-10
41.0880957091183,4.83226234110449e-10,2.20505334397815e-10
41.1934498006802,4.84660148252457e-10,2.84518257682133e-10
41.298803892242,4.87106166388139e-10,3.48212172646632e-10
41.4041579838039,4.88915018358214e-10,3.98291885973619e-10
41.5095120753657,4.87567916007803e-10,4.3862696172344e-10
41.6148661669275,4.88226875346307e-10,4.64438142669119e-10
41.7202202584894,4.82640124107825e-10,4.70660782251657e-10
41.8255743500512,4.82709161402323e-10,4.67428337497226e-10
41.9309284416131,4.74598811966608e-10,4.38911695828327e-10
42.0362825331749,4.75375447361634e-10,4.06011994536637e-10
42.1416366247367,4.6768770226231e-10,3.5036179505233e-10
42.2469907162986,4.70228730661863e-10,2.92777386192234e-10
42.3523448078604,4.65013258899783e-10,2.2474675786946e-10
42.4576988994223,4.69396634896787e-10,1.60015472058889e-10
42.5630529909841,4.67301924333678e-10,1.20763056331949e-10
42.668407082546,4.7176632538503e-10,1.27649379871009e-10
42.7737611741078,4.71692555494451e-10,1.80037270564193e-10
42.8791152656696,4.74463170585255e-10,2.43804142836983e-10
42.9844693572315,4.75149969809055e-10,3.02257423067266e-10
43.0898234487933,4.74514255738064e-10,3.56064910201273e-10
43.1951775403552,4.74976862770936e-10,3.95194657442949e-10
43.300531631917,4.70686298224213e-10,4.21579909033667e-10
43.4058857234789,4.7095462241156e-10,4.3463432274058e-10
43.5112398150407,4.64210921004334e-10,4.28095343323304e-10
43.6165939066025,4.65013425362025e-10,4.12774656761184e-10
43.7219479981644,4.57925957668891e-10,3.75300249503955e-10
43.8273020897262,4.59842891710383e-10,3.33477795177854e-10
43.9326561812881,4.55279496525713e-10,2.74881368691364e-10
44.0380102728499,4.60353728433561e-10,2.15051205006212e-10
44.1433643644117,4.57202446894248e-10,1.48750288118807e-10
44.2487184559736,4.59850006317088e-10,9.63709215658846e-11
44.3540725475354,4.59958768444732e-10,9.89386251963883e-11
44.4594266390973,4.61426850957879e-10,1.45319162642226e-10
44.5647807306591,4.6228701926609e-10,2.05927765642861e-10
44.670134822221,4.61590751765801e-10,2.66359208077004e-10
44.7754889137828,4.62020467321384e-10,3.15987346244371e-10
44.8808430053446,4.5848687615328e-10,3.57520039102596e-10
44.9861970969065,4.58672649946152e-10,3.8483644493075e-10
45.0915511884683,4.53261388003711e-10,3.97931670867092e-10
45.1969052800302,4.53865474729558e-10,3.99008387712019e-10
45.302259371592,4.48286836754742e-10,3.81513866085289e-10
45.4076134631539,4.49904607812325e-10,3.55956367771729e-10
45.5129675547157,4.45650034659551e-10,3.12065286741063e-10
45.6183216462775,4.48397040444603e-10,2.63521496224242e-10
45.7236757378394,4.46208358530143e-10,2.02565900709228e-10
45.8290298294012,4.48973948104298e-10,1.404511275414e-10
45.9343839209631,4.48370699963772e-10,8.48868450168318e-11
46.0397380125249,4.50053350076494e-10,6.81605288297955e-11
46.1450921040867,4.50231996844215e-10,1.14772439346703e-10
46.2504461956486,4.49729309788506e-10,1.74702438885189e-10
46.3558002872104,4.49956809006027e-10,2.31379041924305e-10
46.4611543787723,4.47141563403789e-10,2.83129355648714e-10
46.5665084703341,4.47269683065932e-10,3.22284747187135e-10
46.6718625618959,4.42804655531837e-10,3.51550806138983e-10
46.7772166534578,4.43348600838809e-10,3.67140375043416e-10
46.8825707450196,4.38440297740031e-10,3.68279429751779e-10
46.9879248365815,4.39777758084866e-10,3.58397505018746e-10
47.0932789281433,4.36412520530485e-10,3.32690302311073e-10
47.1986330197052,4.39691008620629e-10,2.99733793494946e-10
47.303987111267,4.36726448079965e-10,2.49487339756286e-10
47.4093412028288,4.38582042112573e-10,1.9677252934979e-10
47.5146952943907,4.38069588445876e-10,1.35826703601329e-10
47.6200493859525,4.38889201904034e-10,7.56579221966242e-11
47.7254034775144,4.39250352517007e-10,4.73758266633302e-11
47.8307575690762,4.38641799728469e-10,8.72900803424318e-11
47.936111660638,4.38854600322779e-10,1.45937088801998e-10
48.0414657521999,4.36487143676813e-10,2.03036629221001e-10
48.1468198437617,4.36629642218642e-10,2.51270233582692e-10
48.2521739353236,4.32988171216925e-10,2.92661842244313e-10
48.3575280268854,4.33405108328391e-10,3.20942439295593e-10
48.4628821184473,4.2955872544206e-10,3.38629236579214e-10
48.5682362100091,4.30633825771699e-10,3.4332690496863e-10
48.6735903015709,4.27517268927443e-10,3.34495262395086e-10
48.7789443931328,4.2936733751192e-10,3.15383890589401e-10
48.8842984846946,4.27459619597148e-10,2.81979953558567e-10
48.9896525762565,4.29296023502253e-10,2.41722846566324e-10
49.0950066678183,4.28426116315223e-10,1.89845129855129e-10
49.2003607593802,4.29525117132733e-10,1.34510234535459e-10
49.305714850942,4.29269207114928e-10,7.48073178947864e-11
49.4110689425038,4.28863336730346e-10,2.70716245147494e-11
49.5164230340657,4.28825424073339e-10,6.40940405735415e-11
49.6217771256275,4.26846785349228e-10,1.21687713035323e-10
49.7271312171894,4.26894161517452e-10,1.75773318163429e-10
49.8324853087512,4.23874016033345e-10,2.25066739616744e-10
49.9378394003131,4.24282205819149e-10,2.63707906102023e-10
50.0431934918749,4.20957786101975e-10,2.94248551033334e-10
50.1485475834367,4.21968343638736e-10,3.12026631686703e-10
50.2539016749986,4.19668260284569e-10,3.1959860642205e-10
50.3592557665604,4.21861185205468e-10,3.1542406833759e-10
50.4646098581223,4.19392314952453e-10,2.96978309129013e-10
50.5699639496841,4.20841766819723e-10,2.70511877482092e-10
50.6753180412459,4.19975342203476e-10,2.31950517707747e-10
50.7806721328078,4.20491678940031e-10,1.8704522038289e-10
50.8860262243696,4.20378323948861e-10,1.3389713170179e-10
50.9913803159315,4.19799880437648e-10,7.79659590630319e-11
51.0967344074933,4.1975705535103e-10,2.13946063534372e-11
51.2020884990552,4.18025185967281e-10,4.33421140830174e-11
51.307442590617,4.18103796281398e-10,9.987482636974e-11
51.4127966821788,4.15601131385585e-10,1.53436984366937e-10
51.5181507737407,4.16021887998765e-10,1.99588976809366e-10
51.6235048653025,4.13410724745903e-10,2.39849814368915e-10
51.7288589568644,4.14311879957729e-10,2.68795784604972e-10
51.8342130484262,4.12132703107e-10,2.89446749696515e-10
51.9395671399881,4.13475879513158e-10,2.97652193512138e-10
52.0449212315499,4.11951719291101e-10,2.95600197545551e-10
52.1502753231117,4.13156076606477e-10,2.8234098983833e-10
52.2556294146736,4.12213257382164e-10,2.5815512110733e-10
52.3609835062354,4.12829314677092e-10,2.25655999462343e-10
52.4663375977973,4.12274190382558e-10,1.83497714579529e-10
52.5716916893591,4.11875843660401e-10,1.36558526720115e-10
52.6770457809209,4.11596024949736e-10,8.32622946763557e-11
52.7823998724828,4.10197037618523e-10,2.87260827220597e-11
52.8877539640446,4.10196911538505e-10,2.75568984048641e-11
52.9931080556065,4.08162594176518e-10,8.1988844319095e-11
53.0984621471683,4.08584095556659e-10,1.3244842763546e-10
53.2038162387301,4.06366084254131e-10,1.78543378019439e-10
53.309170330292,4.07234986285194e-10,2.16114563671666e-10
53.4145244218538,4.05683795426467e-10,2.47383499510214e-10
53.5198785134157,4.07163654498767e-10,2.67821260134015e-10
53.6252326049775,4.05216561991478e-10,2.78637600039305e-10
53.7305866965394,4.06245919111608e-10,2.78372819622671e-10
53.8359407881012,4.052148297475e-10,2.68541297880683e-10
53.941294879663,4.0546483816333e-10,2.48170483956471e-10
54.0466489712249,4.05041378204478e-10,2.18917161941694e-10
54.1520030627867,4.04477861308465e-10,1.82243962178e-10
54.2573571543486,4.04265402488657e-10,1.38324704874638e-10
54.3627112459104,4.03012370994358e-10,9.09135464366879e-11
54.4680653374722,4.03083763323134e-10,4.04265626788493e-11
54.5734194290341,4.01408244459526e-10,2.06035492315511e-11
54.6787735205959,4.01848578012862e-10,6.71710194171084e-11
54.7841276121578,4.00118879751271e-10,1.1548807708315e-10
54.8894817037196,4.00879468911169e-10,1.58682910966602e-10
54.9948357952815,3.99352752202287e-10,1.9700792537409e-10
55.1001898868433,4.00295438217253e-10,2.26335217670795e-10
55.2055439784051,3.990445937529e-10,2.486998236959e-10
55.310898069967,3.99751628128059e-10,2.60055287011274e-10
55.4162521615288,3.98791156825613e-10,2.63161329829111e-10
55.5216062530907,3.99041801951834e-10,2.55333198330167e-10
55.6269603446525,3.98356618315634e-10,2.38942839638694e-10
55.7323144362143,3.97979527919937e-10,2.13520470811103e-10
55.8376685277762,3.97616400685483e-10,1.80459662306755e-10
55.943022619338,3.96679537004532e-10,1.41614316829762e-10
56.0483767108999,3.96679468009836e-10,9.77385460512873e-11
56.1537308024617,3.95399906775463e-10,5.35824071642145e-11
56.2590848940236,3.95790392079898e-10,2.50832573880834e-11
56.3644389855854,3.9433263357076e-10,5.68237421548426e-11
56.4697930771472,3.95019645791118e-10,1.00126288020328e-10
56.5751471687091,3.93923392293528e-10,1.4189326427773e-10
56.6805012602709,3.94871359423046e-10,1.78468973979411e-10
56.7858553518328,3.93269151287366e-10,2.08701836125732e-10
56.8912094433946,3.93927359053668e-10,2.3008604707605e-10
56.9965635349565,3.92848684196707e-10,2.4439345148936e-10
57.1019176265183,3.92970163767553e-10,2.47996016384084e-10
57.2072717180801,3.92406318596311e-10,2.44012449147648e-10
57.312625809642,3.9197284762036e-10,2.29938531446013e-10
57.4179799012038,3.91746958506812e-10,2.08546500692173e-10
57.5233339927657,3.90908436000151e-10,1.79284842497235e-10
57.6286880843275,3.91019043578772e-10,1.44310506744653e-10
57.7340421758894,3.89920319833843e-10,1.05235519010962e-10
57.8393962674512,3.90332822137473e-10,6.49907098930677e-11
57.944750359013,3.89133574279669e-10,3.61870595071948e-11
58.0501044505749,3.89711985854425e-10,5.06713107942701e-11
58.1554585421367,3.88542421257613e-10,8.8437015624455e-11
58.2608126336986,3.89147436368062e-10,1.26839560888498e-10
58.3661667252604,3.88070931172741e-10,1.62208031896179e-10
58.4715208168222,3.88454254975329e-10,1.91188364870131e-10
58.5768749083841,3.8757500163457e-10,2.1416413729758e-10
58.6822289999459,3.87659287468535e-10,2.28251076891425e-10
58.7875830915078,3.87043208206271e-10,2.35143149312944e-10
58.8929371830696,3.86768726648472e-10,2.32384159622395e-10
58.9982912746314,3.86480780066096e-10,2.22325823952943e-10
59.1036453661933,3.85884938197277e-10,2.03532151388532e-10
59.2089994577551,3.85915985125552e-10,1.78450984216138e-10
59.314353549317,3.85086992219448e-10,1.47155329790211e-10
59.4197076408788,3.85374650173394e-10,1.12110220112587e-10
59.5250617324407,3.84354089022364e-10,7.61649258114747e-11
59.6304158240025,3.84810124929006e-10,4.77049512635689e-11
59.7357699155643,3.83991358765401e-10,4.93405616145498e-11
59.8411240071262,3.84519464059425e-10,7.90173261844023e-11
59.946478098688,3.83238943966029e-10,1.14206057763594e-10
60.0518321902499,3.83661378943015e-10,1.47132467031238e-10
60.1571862818117,3.82720401046823e-10,1.76239021201181e-10
60.2625403733736,3.82829201681678e-10,1.98439166999889e-10
60.3678944649354,3.8229783510877e-10,2.14517544742953e-10
60.4732485564972,3.82052494450783e-10,2.21997576732516e-10
60.5786026480591,3.81849484556778e-10,2.22559987827087e-10
60.6839567396209,3.8131657675272e-10,2.14292735319281e-10
60.7893108311828,3.81401385793832e-10,1.99523287216284e-10
60.8946649227446,3.80644810054153e-10,1.77233100400758e-10
61.0000190143064,3.80940420942455e-10,1.50086549291981e-10
61.1053731058683,3.80046852484227e-10,1.18492087925521e-10
61.2107271974301,3.80431873804291e-10,8.61992405968225e-11
61.316081288992,3.79505520543799e-10,5.8890697289248e-11
61.4214353805538,3.79890977372718e-10,5.23760628206893e-11
61.5267894721157,3.79007759607869e-10,7.26685501299735e-11
61.6321435636775,3.79252661217226e-10,1.03104516780377e-10
61.7374976552393,3.7853468600854e-10,1.34167618745454e-10
61.8428517468012,3.78597582075723e-10,1.61766640991619e-10
61.948205838363,3.78108867189032e-10,1.84627461903478e-10
62.0535599299249,3.77942108715059e-10,2.00806482421239e-10
62.1589140214867,3.77719128572493e-10,2.10567380523292e-10
62.2642681130485,3.77319273544152e-10,2.12396560343246e-10
62.3696222046104,3.77328807967205e-10,2.0753705365002e-10
62.4749762961722,3.76734070741609e-10,1.94974339111395e-10
62.5803303877341,3.76907826457273e-10,1.76640498996159e-10
62.6856844792959,3.76144444638484e-10,1.52369103722497e-10
62.7910385708578,3.76433893379048e-10,1.24830496995644e-10
62.8963926624196,3.758112615667e-10,9.53793221908001e-11
63.0017467539814,3.76098048769044e-10,6.94583435423485e-11
63.1071008455433,3.75136866819409e-10,5.79466274502277e-11
63.2124549371051,3.7543686279641e-10,6.9202352227777e-11
63.317809028667,3.74700225603236e-10,9.44242752290771e-11
63.4231631202288,3.74814544072101e-10,1.22493900519785e-10
63.5285172117906,3.74374159899685e-10,1.49074961688804e-10
63.6338713033525,3.74242379358727e-10,1.71362898037148e-10
63.7392253949143,3.74048914217618e-10,1.88559201449041e-10
63.8445794864762,3.73693073676203e-10,1.99132064856569e-10
63.949933578038,3.73711959380531e-10,2.03426362054752e-10
64.0552876695999,3.73163541938575e-10,2.00385453302172e-10
64.1606417611617,3.73340106713727e-10,1.91228962368028e-10
64.2659958527235,3.72664318621765e-10,1.75405636143801e-10
64.3713499442854,3.72917610126412e-10,1.54915597660863e-10
64.4767040358472,3.7220685733341e-10,1.30032771416389e-10
64.5820581274091,3.72476234750281e-10,1.03911948366136e-10
64.6874122189709,3.71796223241201e-10,7.94851022178605e-11
64.7927663105328,3.71985255001079e-10,6.50907331774232e-11
64.8981204020946,3.71431122755157e-10,6.86646631254699e-11
65.0034744936564,3.71495526620328e-10,8.76873521550884e-11
65.1088285852183,3.71110211673558e-10,1.12499345172965e-10
65.2141826767801,3.71003893452194e-10,1.37315486110389e-10
65.319536768342,3.70810666072217e-10,1.59312984607079e-10
65.4248908599038,3.70520745014336e-10,1.76689511543416e-10
65.5302449514656,3.70498142192665e-10,1.88682491627115e-10
65.6355990430275,3.70053191763338e-10,1.9438678351004e-10
65.7409531345893,3.70154696513483e-10,1.93963570991989e-10
65.8463072261512,3.69584715577449e-10,1.87033686051219e-10
65.951661317713,3.69785689063687e-10,1.74618772084681e-10
66.0570154092749,3.69327753127388e-10,1.56869133920913e-10
66.1623695008367,3.69496052849989e-10,1.35231271694742e-10
66.2677235923985,3.6879868671341e-10,1.11446608399758e-10
66.3730776839604,3.69025605427588e-10,8.89989615758049e-11
66.4784317755222,3.68465936731967e-10,7.27684359553081e-11
66.5837858670841,3.68568839415752e-10,7.05964953158226e-11
66.6891399586459,3.68208422695705e-10,8.32394447228903e-11
66.7944940502077,3.68129292843936e-10,1.04083510535217e-10
66.8998481417696,3.67948603436801e-10,1.26881894543854e-10
67.0052022333314,3.67698094919283e-10,1.48025020680321e-10
67.1105563248933,3.67679142919941e-10,1.65695377275139e-10
67.2159104164551,3.67281516546213e-10,1.78494628573151e-10
67.321264508017,3.67390599936545e-10,1.85950648929203e-10
67.4266185995788,3.66893674512837e-10,1.87413952218344e-10
67.5319726911406,3.67073947305114e-10,1.83217697925923e-10
67.6373267827025,3.66545452512377e-10,1.73244540511783e-10
67.7426808742643,3.66746226156741e-10,1.58573877081863e-10
67.8480349658262,3.66233197305168e-10,1.39712043282722e-10
67.953389057388,3.66382448306122e-10,1.18767449217839e-10
68.0587431489498,3.65954714715472e-10,9.76615027203611e-11
68.1640972405117,3.66011341417811e-10,8.10781275180193e-11
68.2694513320735,3.65704662344751e-10,7.42995103154218e-11
68.3748054236354,3.65633344065125e-10,8.10121820696531e-11
68.4801595151972,3.65470488280844e-10,9.73254137036027e-11
68.5855136067591,3.65260308242747e-10,1.17558595223686e-10
68.6908676983209,3.65232070690456e-10,1.37626893208741e-10
68.7962217898828,3.64903551595249e-10,1.55178633200414e-10
68.9015758814446,3.64976872253826e-10,1.68795591749332e-10
69.0069299730064,3.64555214849394e-10,1.77566506825581e-10
69.1122840645683,3.64709883232744e-10,1.81099959467534e-10
69.2176381561301,3.64373886945212e-10,1.79258751272272e-10
69.322992247692,3.64475804503584e-10,1.71981254373664e-10
69.4283463392538,3.63969822336699e-10,1.5985214124491e-10
69.5337004308156,3.64142780672833e-10,1.43987551488202e-10
69.6390545223775,3.63720131811144e-10,1.25224694321278e-10
69.7444086139393,3.63807884720827e-10,1.06071968516148e-10
69.8497627055012,3.63522818662243e-10,8.92080964829904e-11
69.955116797063,3.63478967562709e-10,7.95954395368623e-11
70.0604708886248,3.63330060146723e-10,8.0815723968561e-11
70.1658249801867,3.63157590587862e-10,9.23319108949436e-11
70.2711790717485,3.63135447956505e-10,1.09471104907304e-10
70.3765331633104,3.62850526848232e-10,1.28013927538122e-10
70.4818872548722,3.62931043203129e-10,1.45249221582673e-10
70.5872413464341,3.6256719150679e-10,1.59385485651234e-10
70.6925954379959,3.62708077132304e-10,1.69469940306625e-10
70.7979495295577,3.62314981133583e-10,1.74755346150202e-10
70.9033036211196,3.62474718577053e-10,1.75094923479565e-10
71.0086577126814,3.62090045259754e-10,1.70362019706297e-10
71.1140118042433,3.62216140351911e-10,1.6106970312346e-10
71.2193658958051,3.618927344715e-10,1.47687690488555e-10
71.324719987367,3.61950068310723e-10,1.31500653899444e-10
71.4300740789288,3.61718786629315e-10,1.13880576021146e-10
71.5354281704906,3.61679476794056e-10,9.75419779393083e-11
71.6407822620525,3.61560037403791e-10,8.5746256753873e-11
71.7461363536143,3.61413630342995e-10,8.25915419574416e-11
71.8514904451762,3.61402309167582e-10,8.90634814875541e-11
71.956844536738,3.61161927708192e-10,1.02637926685494e-10
72.0621986282998,3.61235119785885e-10,1.19200615542036e-10
72.1675527198617,3.60922090113183e-10,1.35752821021782e-10
72.2729068114235,3.61060314754129e-10,1.50217171450784e-10
72.3782609029854,3.60814879390036e-10,1.61478533924757e-10
72.4836149945472,3.60892707278407e-10,1.68513379082768e-10
72.5889690861091,3.60528978789441e-10,1.70861867543025e-10
72.6943231776709,3.60676800584282e-10,1.68694991201887e-10
72.7996772692327,3.60368219306179e-10,1.61882617145526e-10
72.9050313607946,3.60453815367108e-10,1.51192795126975e-10
73.0103854523564,3.60244891006374e-10,1.37216828884167e-10
73.1157395439183,3.60232530140776e-10,1.21475547505143e-10
73.2210936354801,3.60130050890403e-10,1.05645197180294e-10
73.326447727042,3.60017448272659e-10,9.27316986953946e-11
73.4318018186038,3.60016846952201e-10,8.58771901093121e-11
73.5371559101656,3.59815269844089e-10,8.76636148919187e-11
73.6425100017275,3.5989830107484e-10,9.71331740757514e-11
73.7478640932893,3.59633182729778e-10,1.11267654241166e-10
73.8532181848512,3.5976743618713e-10,1.26781886513313e-10
73.958572276413,3.59476893155086e-10,1.41367768166019e-10
74.0639263679748,3.59627382362862e-10,1.53478838713615e-10
74.1692804595367,3.593441522217e-10,1.62073868306766e-10
74.2746345510985,3.59470561291826e-10,1.66610282428447e-10
74.3799886426604,3.59235511486485e-10,1.66740947496586e-10
74.4853427342222,3.59306742468771e-10,1.62574273843566e-10
74.5906968257841,3.59147085927122e-10,1.54325287688346e-10
74.6960509173459,3.5913980357132e-10,1.42734515272439e-10
74.8014050089077,3.59072483527439e-10,1.28679321242465e-10
74.9067591004696,3.58977233339244e-10,1.1380028729322e-10
75.0121131920314,3.59001386340204e-10,1.00098406984149e-10
75.1174672835933,3.58827060429135e-10,9.0613285619719e-11
75.2228213751551,3.58925645994885e-10,8.79319397139264e-11
75.3281754667169,3.58692166446029e-10,9.3137552078923e-11
75.4335295582788,3.58843115558031e-10,1.04161500897962e-10
75.5388836498406,3.58668184132253e-10,1.18276235340221e-10
75.6442377414025,3.58755854226141e-10,1.3275325785137e-10
75.7495918329643,3.58495118071201e-10,1.45556818416606e-10
75.8549459245261,3.58645792684989e-10,1.55684261234106e-10
75.960300016088,3.58429200131695e-10,1.62166841597125e-10
76.0656541076498,3.58527407155414e-10,1.64681149802689e-10
76.1710081992117,3.58390032398109e-10,1.62964402063263e-10
76.2763622907735,3.58408830161775e-10,1.57262932340331e-10
76.3817163823354,3.5836116903689e-10,1.47884390923708e-10
76.4870704738972,3.58295668698079e-10,1.35714375313006e-10
76.592424565459,3.5833574782773e-10,1.21770988569392e-10
76.6977786570209,3.58194971173051e-10,1.079127617899e-10
76.8031327485827,3.58307228611433e-10,9.63166367689957e-11
76.9084868401446,3.58112753176088e-10,8.99532457760431e-11
77.0138409317064,3.58269981760453e-10,9.0625825166418e-11
77.1191950232682,3.58053408867349e-10,9.82486111838025e-11
77.2245491148301,3.58223286870921e-10,1.10315610480077e-10
77.3299032063919,3.58015931439045e-10,1.24222008948248e-10
77.4352572979538,3.58164835556399e-10,1.37654840508196e-10
77.5406113895156,3.58000824081398e-10,1.49147306336232e-10
77.6459654810775,3.58099203696192e-10,1.57599411003513e-10
77.7513195726393,3.58004306168688e-10,1.62398356751e-10
77.8566736642011,3.58031051025616e-10,1.6318823889615e-10
77.962027755763,3.5802063950175e-10,1.59928257576495e-10
78.0673818473248,3.57967042144945e-10,1.5286079346835e-10
78.1727359388867,3.58041731160262e-10,1.42498729313913e-10
78.2780900304485,3.57914341793635e-10,1.29764165365147e-10
78.3834441220104,3.58061021082823e-10,1.15938395693356e-10
78.4887982135722,3.57881429521002e-10,1.03002633259439e-10
78.594152305134,3.58072686546222e-10,9.34087739476897e-11
78.6995063966959,1.789754076015e-10,4.48770044626814e-11
