f,amplitude_1,amplitude_2
0,5.63210984373402e-08,1.99136195496778e-08
0.105354091561842,0.00260986178008989,0.00268168119883935
0.210708183123684,0.00220937019072121,0.00224661695916618
0.316062274685526,0.00112692896768862,0.00122405732083338
0.421416366247368,0.00382902366875017,0.00398104129824443
0.526770457809209,0.00353819946220665,0.00370967264399403
0.632124549371051,0.000946710265802515,0.00162759202373741
0.737478640932893,0.00142773993686997,0.00214681721804591
0.842832732494735,0.00126215355302942,0.00203612095641101
0.948186824056577,0.00024901062184771,0.00129250266520002
1.05354091561842,0.00106338723582787,0.00129754173991888
1.15889500718026,0.00180971126355419,0.00182192302890607
1.2642490987421,0.00142605820424186,0.00137855816383808
1.36960319030394,0.000732359708579013,0.000653425517282931
1.47495728186579,0.000660344047956165,0.000673770526979641
1.58031137342763,0.000870701668692409,0.000742581854077026
1.68566546498947,0.000788501152062925,0.000566630302646142
1.79101955655131,0.000457889619907856,0.000269187713251301
1.89637364811315,0.000210912089732783,0.000128318537088074
2.001727739675,0.000167355385802272,0.000244952315388921
2.10708183123684,0.00010972100757834,0.000190153200638974
2.21243592279868,4.91953906427908e-05,5.58227943191226e-05
2.31779001436052,1.49178431834964e-05,4.92797049495453e-05
2.42314410592236,1.57348121018907e-05,5.05812404177459e-05
2.5284981974842,1.34353815735888e-05,4.31647796966458e-05
2.63385228904605,4.16015725218329e-05,7.35028297847839e-05
2.73920638060789,8.33846915599203e-05,9.85367013893408e-05
2.84456047216973,8.26789134946017e-05,8.66545854154366e-05
2.94991456373157,3.27929125544936e-05,2.68770241722293e-05
3.05526865529341,9.23989801346489e-05,8.28551908495173e-05
3.16062274685526,0.000134017057220706,0.000122358115937312
3.2659768384171,7.73200726466776e-05,8.14772733083518e-05
3.37133092997894,4.46089532764008e-05,5.37830512482699e-05
3.47668502154078,0.000103715728737346,7.27873148924416e-05
3.58203911310262,7.8149468978512e-05,6.2857890791423e-05
3.68739320466447,1.52051543008939e-05,3.00192183584621e-05
3.79274729622631,1.71781403329518e-05,9.06087935333279e-06
3.89810138778815,1.02423414354982e-05,2.16590564863479e-05
4.00345547934999,8.95569621130706e-06,2.61175580068821e-06
4.10880957091183,5.31767593416305e-06,1.44395580396428e-05
4.21416366247368,6.10380868426053e-06,6.44415417492277e-06
4.31951775403552,6.53091717948889e-06,1.27176741891815e-05
4.42487184559736,3.40526812763228e-06,1.31408825806987e-05
4.5302259371592,1.17110135942898e-05,1.85443373893768e-05
4.63558002872104,1.53882621896707e-05,1.73922039700045e-05
4.74093412028288,8.56025034493516e-06,4.00970997309769e-06
4.84628821184473,4.555254003462e-06,6.00527963726648e-06
4.95164230340657,6.89196082588131e-06,1.94579450431305e-06
5.05699639496841,3.67482607709862e-06,8.43788457176141e-06
5.16235048653025,1.87843219430602e-06,5.58429790680406e-06
5.26770457809209,4.57309752498949e-06,7.1813111284391e-06
5.37305866965394,1.13551511794982e-05,8.99606530042942e-06
5.47841276121578,1.34355650477417e-05,8.11421764686085e-06
5.58376685277762,1.15372953146469e-05,8.48858292584383e-06
5.68912094433946,6.85892130652562e-06,8.30401961650451e-06
5.7944750359013,2.73730441509455e-06,5.4424669650837e-06
5.89982912746315,3.27675625139865e-06,5.58362062340788e-06
6.00518321902499,1.3025792499468e-06,5.33227225027161e-06
6.11053731058683,2.59675402566072e-06,4.01132546341761e-06
6.21589140214867,4.34152071745931e-06,7.28425812830061e-06
6.32124549371051,4.53929239240301e-06,7.11304417155062e-06
6.42659958527235,3.07165676259677e-06,2.47646592320665e-06
6.5319536768342,6.15252794046534e-07,3.5033710755234e-06
6.63730776839604,1.25268473405944e-06,3.56343183208417e-06
6.74266185995788,8.98690106565312e-07,3.59706529974327e-06
6.84801595151972,1.89465165243403e-06,5.18380485907826e-06
6.95337004308156,2.03673953295683e-06,4.08008754857843e-06
7.05872413464341,6.16442541175372e-07,4.17714519412595e-06
7.16407822620525,5.63955633753013e-07,2.90940115871302e-06
7.26943231776709,9.40860826807533e-07,3.68531282192013e-06
7.37478640932893,9.78686789066749e-07,2.71256774530074e-06
7.48014050089077,8.14533806962708e-08,2.75507506676163e-06
7.58549459245261,1.1552652175078e-06,2.86937722537849e-06
7.69084868401446,8.87054151319934e-07,2.5429192294235e-06
7.7962027755763,1.43953970108833e-06,3.08054430269067e-06
7.90155686713814,1.98590961924966e-06,2.12741786929332e-06
8.00691095869998,1.35572888626216e-06,1.42075088667908e-06
8.11226505026183,9.36716162139039e-07,9.81989334235281e-07
8.21761914182367,5.19851125715752e-07,2.11677264294534e-06
8.32297323338551,4.98767628157924e-07,1.87816532492284e-06
8.42832732494735,2.13449662157996e-07,2.26971030278517e-06
8.53368141650919,6.71174314095233e-07,2.0592066544075e-06
8.63903550807103,5.61778491444756e-07,2.26186259822836e-06
8.74438959963287,5.91243801707544e-07,2.13215109910391e-06
8.84974369119472,8.78229132649243e-07,2.34479593397657e-06
8.95509778275656,8.04072358094929e-07,2.32293485686792e-06
9.0604518743184,1.34083423255517e-06,2.3184246874165e-06
9.16580596588024,1.15232896595336e-06,2.17930032862868e-06
9.27116005744208,8.28040405525799e-07,1.61829655329228e-06
9.37651414900393,1.10465309231932e-06,2.19214184538796e-06
9.48186824056577,1.03200862456067e-06,2.01334846521495e-06
9.58722233212761,7.44135694118428e-07,1.46272877257708e-06
9.69257642368945,3.61621123614865e-07,1.45348363689345e-06
9.7979305152513,4.53790199507469e-07,1.5206494149187e-06
9.90328460681314,3.7927075155614e-07,1.31337203126253e-06
10.008638698375,9.78008365824671e-08,1.39604567911629e-06
10.1139927899368,2.03661138823655e-07,1.22691932382937e-06
10.2193468814987,1.04059531679849e-07,1.20988629302695e-06
10.3247009730605,2.60855975326021e-07,1.00288599437911e-06
10.4300550646223,4.15545359028841e-07,1.00824074990912e-06
10.5354091561842,7.58915463349861e-07,1.24722750102627e-06
10.640763247746,8.10321897502653e-07,1.51973254700433e-06
10.7461173393079,7.78134317391432e-07,1.5922605638533e-06
10.8514714308697,8.59066060146497e-07,1.76124136574239e-06
10.9568255224316,6.53995688377247e-07,1.65168680671217e-06
11.0621796139934,7.16551873551987e-07,1.60403836871994e-06
11.1675337055552,7.02433152669168e-07,1.5477463287817e-06
11.2728877971171,3.98327421252025e-07,1.2358732624603e-06
11.3782418886789,4.65229617111163e-07,1.30764176184687e-06
11.4835959802408,3.45029518569402e-07,1.08415084835427e-06
11.5889500718026,2.83646427247627e-07,1.161654056849e-06
11.6943041633644,3.39683068292692e-07,1.07575895329856e-06
11.7996582549263,1.64570945512877e-07,1.10538419582085e-06
11.9050123464881,2.43613953851652e-07,1.05747230415761e-06
12.01036643805,2.00061584912987e-07,1.0607483445501e-06
12.1157205296118,1.29785364369324e-07,1.03245288241728e-06
12.2210746211737,2.32975983332212e-07,1.04923235577843e-06
12.3264287127355,9.78651695402246e-08,1.0157474724525e-06
12.4317828042973,2.86243630448594e-07,1.02918377904695e-06
12.5371368958592,3.25072689126622e-07,1.11074681076293e-06
12.642490987421,1.3176366311728e-07,7.9509994246176e-07
12.7478450789829,1.60949713928485e-07,8.51831647976845e-07
12.8531991705447,2.78066167327008e-07,1.04065068088402e-06
12.9585532621066,2.712100606984e-07,1.03197127102279e-06
13.0639073536684,1.83419062720643e-07,9.48739748336797e-07
13.1692614452302,2.15082334283775e-07,9.85170240608041e-07
13.2746155367921,1.7023377571752e-07,9.15295150963123e-07
13.3799696283539,1.24914269103899e-07,9.30449511592581e-07
13.4853237199158,1.53097768382378e-07,8.90800242137346e-07
13.5906778114776,9.35306241735032e-08,8.72113444018077e-07
13.6960319030394,1.3221027902425e-07,8.71012570304685e-07
13.8013859946013,1.54400109871918e-07,8.42021347187494e-07
13.9067400861631,1.24803694377896e-07,8.33941799326815e-07
14.012094177725,1.86339523148865e-07,8.04620130360948e-07
14.1174482692868,1.40799775698136e-07,7.50201903915072e-07
14.2228023608487,1.3174659136111e-07,7.52598741467601e-07
14.3281564524105,1.42147809657785e-07,6.93019641671032e-07
14.4335105439723,2.49282488474967e-08,7.35769883269041e-07
14.5388646355342,1.06913803246676e-07,7.758515982253e-07
14.644218727096,6.5948414202548e-08,6.50261396314818e-07
14.7495728186579,1.99487743275364e-08,7.37885457451876e-07
14.8549269102197,1.62614331840004e-08,6.7959847812158e-07
14.9602810017815,4.49666259969227e-08,7.65788385827185e-07
15.0656350933434,5.95692210017659e-08,7.31538965783561e-07
15.1709891849052,2.47943778345416e-08,7.26674487721323e-07
15.2763432764671,4.19443901669563e-08,7.39630184745011e-07
15.3816973680289,8.91174108588846e-08,6.85508300862213e-07
15.4870514595908,7.64688567153724e-08,7.00563542905723e-07
15.5924055511526,1.57152271944253e-07,7.03928225141467e-07
15.6977596427144,1.71793436740094e-07,7.66717190704943e-07
15.8031137342763,9.17755455314573e-08,6.70856232765509e-07
15.9084678258381,1.13899562298894e-07,5.97028636792622e-07
16.0138219174,1.26816960930555e-07,6.13425012000012e-07
16.1191760089618,1.10445537715724e-07,5.8360845687432e-07
16.2245301005237,5.41509275171636e-08,5.76373571279473e-07
16.3298841920855,7.63812547739471e-08,5.93313356104297e-07
16.4352382836473,5.70901797352282e-08,5.51251735924967e-07
16.5405923752092,4.6230836043267e-08,6.05924185017583e-07
16.645946466771,7.64711463699402e-08,5.75844164674889e-07
16.7513005583329,4.32042182782893e-08,5.79172905021978e-07
16.8566546498947,6.40419102118774e-08,5.72925691380531e-07
16.9620087414565,7.03169896041251e-08,5.51479622045307e-07
17.0673628330184,5.19543432840795e-08,5.68075576824295e-07
17.1727169245802,7.85078268384344e-08,5.35440826955749e-07
17.2780710161421,7.44315789236935e-08,5.548266750626e-07
17.3834251077039,8.77743433171766e-08,5.44817422321868e-07
17.4887791992658,9.3617742992625e-08,5.27728936463264e-07
17.5941332908276,8.09303218872713e-08,5.23158278386954e-07
17.6994873823894,9.60590915997082e-08,4.92205487953361e-07
17.8048414739513,6.36663983029436e-08,4.99195304956773e-07
17.9101955655131,8.72329167139421e-08,4.85508272356867e-07
18.015549657075,6.54721849612383e-08,4.63594629060931e-07
18.1209037486368,3.15048808093273e-08,5.09572855512161e-07
18.2262578401986,6.13925684581742e-08,4.46868920719125e-07
18.3316119317605,3.07230150798166e-08,5.02524967996254e-07
18.4369660233223,1.6749955691953e-08,4.87744011653023e-07
18.5423201148842,3.443791564525e-08,4.93111938189392e-07
18.647674206446,1.16378995954327e-08,5.09014521994824e-07
18.7530282980079,4.17384690865794e-08,4.60255304471578e-07
18.8583823895697,4.03994275470117e-08,4.92999624580185e-07
18.9637364811315,4.15300525216612e-08,4.38088641257554e-07
19.0690905726934,7.2989462600031e-08,4.6447179776609e-07
19.1744446642552,6.03443919605125e-08,4.53361167868045e-07
19.2797987558171,7.83602989055915e-08,4.21689475353965e-07
19.3851528473789,8.11585527438513e-08,4.48975479584087e-07
19.4905069389407,8.28103215371231e-08,4.18271657439172e-07
19.5958610305026,6.81916350024336e-08,4.2392629759799e-07
19.7012151220644,6.37513521771813e-08,4.33871766464951e-07
19.8065692136263,5.71762952489898e-08,4.10082179164809e-07
19.9119233051881,2.66025309465583e-08,4.41201023832996e-07
20.01727739675,2.99291818789635e-08,4.15021445482127e-07
20.1226314883118,2.06822808809816e-08,4.27800837262905e-07
20.2279855798736,9.04406221534481e-09,4.1592818564667e-07
20.3333396714355,3.4344643218036e-08,4.00657389575716e-07
20.4386937629973,4.1278431526774e-08,4.1368660878045e-07
20.5440478545592,4.16532655037337e-08,3.72804710001304e-07
20.649401946121,6.42555311859619e-08,3.97385638725087e-07
20.7547560376828,5.44518952136419e-08,3.69148258617534e-07
20.8601101292447,7.14516659196279e-08,3.64277967825943e-07
20.9654642208065,6.46167454556212e-08,3.68757643465334e-07
21.0708183123684,6.56879254155295e-08,3.42086932835438e-07
21.1761724039302,6.04376922263876e-08,3.58054449468326e-07
21.2815264954921,5.01696880018459e-08,3.40018819588549e-07
21.3868805870539,5.06919368047412e-08,3.37059414242315e-07
21.4922346786157,2.71909644094221e-08,3.49591995232055e-07
21.5975887701776,3.55850413591675e-08,3.16332339102794e-07
21.7029428617394,1.08427473316037e-08,3.47179583052692e-07
21.8082969533013,1.89091924221145e-08,3.17414676879843e-07
21.9136510448631,8.79953194844168e-09,3.27044136738687e-07
22.019005136425,1.76225642545273e-08,3.41488004935274e-07
22.1243592279868,1.45179407564006e-08,3.12965399925296e-07
22.2297133195486,3.12335977191995e-08,3.3893651889065e-07
22.3350674111105,2.16527741098661e-08,3.01294908183251e-07
22.4404215026723,3.00219582303442e-08,3.2402479283899e-07
22.5457755942342,2.89668210150476e-08,3.03539769309543e-07
22.651129685796,2.91321243500849e-08,2.91737352406046e-07
22.7564837773578,3.78815449992546e-08,3.03582244197909e-07
22.8618378689197,3.89414823448926e-08,2.69607075166883e-07
22.9671919604815,5.05502921179294e-08,2.88253057980105e-07
23.0725460520434,5.10157056102454e-08,2.65634647185312e-07
23.1779001436052,6.210860995769e-08,2.64267664721998e-07
23.2832542351671,5.72605469168642e-08,2.71488859374017e-07
23.3886083267289,6.47089857049802e-08,2.47241101429268e-07
23.4939624182907,5.85584903833802e-08,2.7281554998305e-07
23.5993165098526,5.36116700055337e-08,2.50326133157573e-07
23.7046706014144,5.28271118130433e-08,2.65385825327452e-07
23.8100246929763,3.61656395402115e-08,2.65073628217344e-07
23.9153787845381,3.93884243022187e-08,2.54780068343602e-07
24.0207328760999,2.83374927582132e-08,2.7745649668936e-07
24.1260869676618,2.08605833493403e-08,2.51845787628871e-07
24.2314410592236,2.85872050907196e-08,2.75952608686158e-07
24.3367951507855,2.10184675175229e-08,2.61008719761702e-07
24.4421492423473,2.62445256238545e-08,2.64678594314493e-07
24.5475033339092,3.35212033718686e-08,2.70279291106786e-07
24.652857425471,2.6538639932337e-08,2.5540897103318e-07
24.7582115170328,3.70094691382963e-08,2.67931373506568e-07
24.8635656085947,3.12807441304103e-08,2.56282791800871e-07
24.9689197001565,3.34684918035969e-08,2.55312108824547e-07
25.0742737917184,3.77936347972122e-08,2.62971811854659e-07
25.1796278832802,2.48861850508316e-08,2.51072599936448e-07
25.2849819748421,2.83618271136602e-08,2.58450520229698e-07
25.3903360664039,2.38166240473455e-08,2.47221883812534e-07
25.4956901579657,2.45501981141935e-08,2.47756369611575e-07
25.6010442495276,2.91056139839805e-08,2.53544179931812e-07
25.7063983410894,2.16381468345542e-08,2.34587127450196e-07
25.8117524326513,3.07655425163636e-08,2.54408607302324e-07
25.9171065242131,2.78341257744165e-08,2.326983148309e-07
26.0224606157749,2.71259022758815e-08,2.44046175995857e-07
26.1278147073368,3.1976345842909e-08,2.37776101503752e-07
26.2331687988986,2.44760032833336e-08,2.2989930647478e-07
26.3385228904605,3.00233415301004e-08,2.40655157735752e-07
26.4438769820223,2.43100290540912e-08,2.21660903385083e-07
26.5492310735842,2.33024364198648e-08,2.34923189251829e-07
26.654585165146,2.32543545068874e-08,2.2256131256887e-07
26.7599392567078,1.67260919737956e-08,2.24175591173216e-07
26.8652933482697,2.01916673772614e-08,2.26515953683511e-07
26.9706474398315,1.51311122797171e-08,2.15886814197332e-07
27.0760015313934,1.62902047095731e-08,2.24918139910116e-07
27.1813556229552,1.99926757909181e-08,2.14606106130769e-07
27.286709714517,1.60344754731713e-08,2.17072130197719e-07
27.3920638060789,2.29866342997685e-08,2.17827994261833e-07
27.4974178976407,2.08235124334442e-08,2.09097642022193e-07
27.6027719892026,2.27495536810533e-08,2.18442166401289e-07
27.7081260807644,2.57137716434647e-08,2.06202227579772e-07
27.8134801723263,1.95647490069072e-08,2.11839155548549e-07
27.9188342638881,2.53173119134794e-08,2.0751598867306e-07
28.0241883554499,1.89036521770859e-08,2.03447532090106e-07
28.1295424470118,2.03353737325527e-08,2.07045984302531e-07
28.2348965385736,2.00203819960205e-08,2.00392134909686e-07
28.3402506301355,1.03445212980278e-08,2.061963110691e-07
28.4456047216973,1.27805000166255e-08,1.99474498071353e-07
28.5509588132592,9.0618748105589e-09,1.97029414978579e-07
28.656312904821,9.94899837608276e-09,2.0031130875105e-07
28.7616669963828,1.26133964988917e-08,1.93369361054682e-07
28.8670210879447,9.12511063333283e-09,1.95777042347922e-07
28.9723751795065,1.63722209423139e-08,1.94567611925313e-07
29.0777292710684,1.48622360981597e-08,1.89390845890174e-07
29.1830833626302,1.61953769923357e-08,1.95360304685265e-07
29.288437454192,1.97683522195794e-08,1.8580856452379e-07
29.3937915457539,1.51570490853095e-08,1.92270831935523e-07
29.4991456373157,2.02598694107156e-08,1.85799321209932e-07
29.6044997288776,1.50311007519256e-08,1.85819897196153e-07
29.7098538204394,1.62485536426879e-08,1.8709642971001e-07
29.8152079120013,1.50648073754791e-08,1.79901976149442e-07
29.9205620035631,9.89701219423809e-09,1.85480628389733e-07
30.0259160951249,1.21714314222743e-08,1.78303670482162e-07
30.1312701866868,6.51764513719008e-09,1.80557664081489e-07
30.2366242782486,7.3365354290337e-09,1.786459546168e-07
30.3419783698105,9.06412353588496e-09,1.75988211619883e-07
30.4473324613723,6.3593614607706e-09,1.77627752743382e-07
30.5526865529341,1.17607684449686e-08,1.7426319376551e-07
30.658040644496,1.12898754030763e-08,1.74303919776116e-07
30.7633947360578,1.26675913927745e-08,1.74639701142922e-07
30.8687488276197,1.53828009750392e-08,1.70337483759069e-07
30.9741029191815,1.23887555537361e-08,1.74557069190038e-07
31.0794570107434,1.64723950602707e-08,1.6812299715744e-07
31.1848111023052,1.21651510096043e-08,1.70813208743987e-07
31.290165193867,1.47734041030707e-08,1.68038726489575e-07
31.3955192854289,1.26915204169195e-08,1.66324920557239e-07
31.5008733769907,6.53191939609599e-09,1.70426169045801e-07
31.6062274685526,8.15813526871757e-09,1.61687164118077e-07
31.7115815601144,3.43538920355111e-09,1.65836293485655e-07
31.8169356516762,4.55472285962815e-09,1.61758068783382e-07
31.9222897432381,4.43842887962005e-09,1.60690163594421e-07
32.0276438347999,2.81341833766358e-09,1.61420802470636e-07
32.1329979263618,8.04445379533406e-09,1.57535939405157e-07
32.2383520179236,7.73261405907478e-09,1.59485284770927e-07
32.3437061094855,9.81249761764899e-09,1.57235520815811e-07
32.4490602010473,1.27736431800942e-08,1.55553160252494e-07
32.5544142926091,1.03672388848538e-08,1.57875688493164e-07
32.659768384171,1.48314329549769e-08,1.52573499816063e-07
32.7651224757328,1.13501780185166e-08,1.56269493328256e-07
32.8704765672947,1.36961353885384e-08,1.51840525241662e-07
32.9758306588565,1.19702149723718e-08,1.52193533521038e-07
33.0811847504184,9.89285786985032e-09,1.52418444987736e-07
33.1865388419802,1.05310900713448e-08,1.47767801828176e-07
33.291892933542,5.31441563525648e-09,1.51618707769799e-07
33.3972470251039,6.87650406123104e-09,1.45865801083841e-07
33.5026011166657,3.00326544938658e-09,1.48486239000767e-07
33.6079552082276,1.45816499294369e-09,1.46166388591898e-07
33.7133092997894,4.26349871313612e-09,1.45033771589552e-07
33.8186633913512,4.37105730673315e-09,1.46295421714868e-07
33.9240174829131,5.8847539526416e-09,1.43497100250456e-07
34.0293715744749,8.96349219010673e-09,1.44763147050948e-07
34.1347256660368,7.41839099457922e-09,1.4409338209586e-07
34.2400797575986,1.14755139045252e-08,1.42061717111485e-07
34.3454338491605,9.36107360067761e-09,1.44176492309142e-07
34.4507879407223,1.16858872265777e-08,1.40083356499191e-07
34.5561420322841,1.02450923508193e-08,1.4397971361495e-07
34.661496123846,7.10782554599337e-09,1.42137368491848e-07
34.7668502154078,8.60943369235227e-09,1.39188447428802e-07
34.8722043069697,5.19402395514126e-09,1.41739705484159e-07
34.9775583985315,6.11206405189823e-09,1.36845681059802e-07
35.0829124900933,3.00571158808291e-09,1.40106953060166e-07
35.1882665816552,2.45981967989685e-09,1.35973877198049e-07
35.293620673217,3.7167221795316e-09,1.37083011429793e-07
35.3989747647789,2.7420066473886e-09,1.36596320847893e-07
35.5043288563407,5.18958545332774e-09,1.34334762612745e-07
35.6096829479026,6.85388813856843e-09,1.36411847096061e-07
35.7150370394644,6.24363839487673e-09,1.33503759074233e-07
35.8203911310262,9.60963047884669e-09,1.34337717811045e-07
35.9257452225881,7.3389364574765e-09,1.34096771787055e-07
36.0310993141499,9.98005146827344e-09,1.31646825192981e-07
36.1364534057118,8.33497897563242e-09,1.33874399770565e-07
36.2418074972736,8.02804791322826e-09,1.30213331414815e-07
36.3471615888354,7.98965849876058e-09,1.31571823621737e-07
36.4525156803973,4.83818860347027e-09,1.30172644350422e-07
36.5578697719591,5.93206852224728e-09,1.27871239957594e-07
36.663223863521,1.71350308830639e-09,1.29852245746109e-07
36.7685779550828,2.09168042850238e-09,1.25132631503518e-07
36.8739320466447,2.3517344384235e-09,1.27817428379636e-07
36.9792861382065,2.76365898883799e-09,1.24426343958142e-07
37.0846402297683,4.4820100968264e-09,1.24820625033662e-07
37.1899943213302,7.15753574498481e-09,1.24447184904068e-07
37.295348412892,6.43843707135393e-09,1.22445118851441e-07
37.4007025044539,1.00785748475062e-08,1.2366420049835e-07
37.5060565960157,8.53502909009027e-09,1.21539981034532e-07
37.6114106875775,1.10315138035883e-08,1.2175662795375e-07
37.7167647791394,9.46613234395272e-09,1.22836153572163e-07
37.8221188707012,8.1949012491152e-09,1.210112934307e-07
37.9274729622631,9.11550668137427e-09,1.211378232021e-07
38.0328270538249,6.31794373421077e-09,1.19771322117999e-07
38.1381811453868,6.95256047468025e-09,1.19378616699871e-07
38.2435352369486,3.55420231141557e-09,1.19279334680877e-07
38.3488893285104,3.6555487349456e-09,1.16814654908209e-07
38.4542434200723,5.45453862018088e-10,1.18771105578417e-07
38.5595975116341,1.94883762788141e-09,1.15438355396719e-07
38.664951603196,2.30686668923816e-09,1.17019656287707e-07
38.7703056947578,5.291232685758e-09,1.15503070765379e-07
38.8756597863197,4.82289010686502e-09,1.14999045484906e-07
38.9810138778815,7.98915066299098e-09,1.15733879090771e-07
39.0863679694433,6.98527216254646e-09,1.13796747522787e-07
39.1917220610052,9.05886176635288e-09,1.15108265757835e-07
39.297076152567,8.47868423216217e-09,1.1388799243493e-07
39.4024302441289,8.28419241268154e-09,1.13772786003509e-07
39.5077843356907,8.61025759692757e-09,1.1417551394739e-07
39.6131384272525,6.38863768745196e-09,1.12505692190356e-07
39.7184925188144,7.28320202361347e-09,1.13310862611586e-07
39.8238466103762,3.98571685090265e-09,1.12078806281403e-07
39.9292007019381,4.5668065140034e-09,1.11334284099208e-07
40.0345547934999,1.61749457772609e-09,1.12017803759794e-07
40.1399088850618,2.0471260838086e-09,1.0945933555587e-07
40.2452629766236,7.4990054483896e-10,1.11207058745917e-07
40.3506170681854,3.86191354551171e-09,1.08679056220004e-07
40.4559711597473,3.17425987493112e-09,1.09588600189363e-07
40.5613252513091,6.35752661216459e-09,1.08788938622693e-07
40.666679342871,5.75215435574854e-09,1.07884854515931e-07
40.7720334344328,7.79021065079508e-09,1.08972430901302e-07
40.8773875259946,7.27756678011878e-09,1.08220245331408e-07
40.9827416175565,6.32958787736859e-09,1.08915794391289e-07
41.0880957091183,7.54920921252924e-09,1.07516998571958e-07
41.1934498006802,5.53900498781849e-09,1.07667595740416e-07
41.298803892242,6.54103546398819e-09,1.07841863475344e-07
41.4041579838039,4.04101350473052e-09,1.06599117129828e-07
41.5095120753657,4.41040627519281e-09,1.0676642572171e-07
41.6148661669275,2.13409842806725e-09,1.06359875974555e-07
41.7202202584894,2.10329459401201e-09,1.05076588442843e-07
41.8255743500512,3.69260061749771e-10,1.06080480039879e-07
41.9309284416131,2.75841162669574e-09,1.03806616775522e-07
42.0362825331749,2.14485769940423e-09,1.0502677089584e-07
42.1416366247367,4.70282220867608e-09,1.03564920648156e-07
42.2469907162986,4.22486733416106e-09,1.03557419448499e-07
42.3523448078604,5.79298036988528e-09,1.03818762721141e-07
42.4576988994223,5.83330592476453e-09,1.02555229134187e-07
42.5630529909841,5.72571479087282e-09,1.03805548363965e-07
42.668407082546,6.423758479865e-09,1.02452154054283e-07
42.7737611741078,4.91460416213548e-09,1.03080393655165e-07
42.8791152656696,5.90493642569769e-09,1.02743890002279e-07
42.9844693572315,3.65201174657594e-09,1.02109416518478e-07
43.0898234487933,4.28896281896261e-09,1.02530272103944e-07
43.1951775403552,2.21871236948034e-09,1.01520202065424e-07
43.300531631917,2.23826292949651e-09,1.01334976010824e-07
43.4058857234789,7.0379504933986e-10,1.01300686027657e-07
43.5112398150407,2.04744565151169e-09,9.98203842548679e-08
43.6165939066025,1.28427910479138e-09,1.0079020619307e-07
43.7219479981644,3.74900383143031e-09,9.88285548301189e-08
43.8273020897262,3.38533465391588e-09,9.95359090538393e-08
43.9326561812881,4.97774253342304e-09,9.88212522761612e-08
44.0380102728499,4.70638953565517e-09,9.90893575028067e-08
44.1433643644117,4.2388624751182e-09,9.94115552027438e-08
44.2487184559736,5.3669746750852e-09,9.77426228343613e-08
44.3540725475354,3.94923929360625e-09,9.927679509501e-08
44.4594266390973,4.97828066002158e-09,9.79079469652971e-08
44.5647807306591,3.16465591273048e-09,9.82347781289829e-08
44.670134822221,3.70526726400472e-09,9.81098286392568e-08
44.7754889137828,1.97199750432419e-09,9.73832292270548e-08
44.8808430053446,2.00885564056212e-09,9.75931972637774e-08
44.9861970969065,7.02305482541358e-10,9.69122993485053e-08
45.0915511884683,1.78486915984555e-09,9.63606291088035e-08
45.1969052800302,1.10807938913392e-09,9.66146324899413e-08
45.302259371592,3.11272998013687e-09,9.51477032789853e-08
45.4076134631539,2.68346595452653e-09,9.59186411586414e-08
45.5129675547157,4.0367672475496e-09,9.46559442968794e-08
45.6183216462775,4.04764186386686e-09,9.48750479005134e-08
45.7236757378394,4.09795004142601e-09,9.48221293131461e-08
45.8290298294012,4.68508175563335e-09,9.39699372281757e-08
45.9343839209631,3.59026821431928e-09,9.49528139899427e-08
46.0397380125249,4.46221579007397e-09,9.36743091488529e-08
46.1450921040867,2.72682208585527e-09,9.45726717720103e-08
46.2504461956486,3.38660799419022e-09,9.38521004344075e-08
46.3558002872104,1.72187517241172e-09,9.38125169631809e-08
46.4611543787723,1.99170294994596e-09,9.38609446812276e-08
46.5665084703341,6.73799610295743e-10,9.30867821210501e-08
46.6718625618959,1.76399933884515e-09,9.3153434592382e-08
46.7772166534578,1.03812635986864e-09,9.26495574478507e-08
46.8825707450196,2.91919850460436e-09,9.18602462440091e-08
46.9879248365815,2.55203194126068e-09,9.21206435866043e-08
47.0932789281433,3.80289417548249e-09,9.1029189437466e-08
47.1986330197052,3.43743755515481e-09,9.21126031803825e-08
47.303987111267,3.3273077825982e-09,9.09604858897492e-08
47.4093412028288,4.13208583099642e-09,9.05989324598955e-08
47.5146952943907,3.03652811675061e-09,9.12252741007908e-08
47.6200493859525,3.93901915087221e-09,9.00064691472841e-08
47.7254034775144,2.46480021170987e-09,9.10670596331242e-08
47.8307575690762,3.04507995578032e-09,8.99412903935581e-08
47.936111660638,1.56949470817178e-09,9.06006151909082e-08
48.0414657521999,1.95907811648288e-09,9.01373878710677e-08
48.1468198437617,7.78839832487707e-10,8.98718307729128e-08
48.2521739353236,1.82385647140356e-09,8.99939607504863e-08
48.3575280268854,1.20295481430795e-09,8.92557389623397e-08
48.4628821184473,2.70728628688857e-09,8.91963630702863e-08
48.5682362100091,2.3237864057901e-09,8.88479456864043e-08
48.6735903015709,3.41193206462432e-09,8.81192893085836e-08
48.7789443931328,3.32257047890389e-09,8.84112018488628e-08
48.8842984846946,3.45644267124899e-09,8.74681958370142e-08
48.9896525762565,3.81427324394445e-09,8.77145042209491e-08
49.0950066678183,3.03058044430837e-09,8.74078813966048e-08
49.2003607593802,3.6785733859352e-09,8.69571586307118e-08
49.305714850942,2.28404926023437e-09,8.75931799113746e-08
49.4110689425038,2.9341763504028e-09,8.65879339776205e-08
49.5164230340657,1.48296164742726e-09,8.75017814765349e-08
49.6217771256275,2.07283975442064e-09,8.66749145413893e-08
49.7271312171894,9.5190027597653e-10,8.69846758660302e-08
49.8324853087512,2.05025042264787e-09,8.67882866486461e-08
49.9378394003131,1.4060769776948e-09,8.62936374292545e-08
50.0431934918749,2.80747437370169e-09,8.63849751327274e-08
50.1485475834367,2.48626599330628e-09,8.56800999768929e-08
50.2539016749986,3.3971770045988e-09,8.57450229152696e-08
50.3592557665604,2.99556081651233e-09,8.58883737593551e-08
50.4646098581223,3.03908589222738e-09,8.47608176921497e-08
50.5699639496841,3.55554672397503e-09,8.49399102340719e-08
50.6753180412459,2.69162708719539e-09,8.44882924447426e-08
50.7806721328078,3.42551794581521e-09,8.43103484838752e-08
50.8860262243696,2.1836549081413e-09,8.44064137605507e-08
50.9913803159315,2.79202260035051e-09,8.38139474242998e-08
51.0967344074933,1.54414861106703e-09,8.45725765020298e-08
51.2020884990552,2.19104830696158e-09,8.36630778336987e-08
51.307442590617,1.24356673083751e-09,8.44424535578477e-08
51.4127966821788,2.23998899508334e-09,8.38232443795725e-08
51.5181507737407,1.67282129849422e-09,8.39273699377867e-08
51.6235048653025,2.77129158765019e-09,8.38768230611923e-08
51.7288589568644,2.43471954191815e-09,8.32880541343897e-08
51.8342130484262,3.1794583491437e-09,8.34726027645772e-08
51.9395671399881,3.09248160280116e-09,8.28329400965611e-08
52.0449212315499,3.12466378393591e-09,8.26883121489582e-08
52.1502753231117,3.37496661657439e-09,8.24963399212317e-08
52.2556294146736,2.74289282869408e-09,8.19605707058262e-08
52.3609835062354,3.23377283692557e-09,8.20947967093046e-08
52.4663375977973,2.15286606818059e-09,8.17082203797159e-08
52.5716916893591,2.76532780089712e-09,8.16347441901097e-08
52.6770457809209,1.63334679447241e-09,8.18888895195651e-08
52.7823998724828,2.36744129927593e-09,8.13216112900829e-08
52.8877539640446,1.49405495837262e-09,8.20549061350505e-08
52.9931080556065,2.46527742724609e-09,8.13226793594447e-08
53.0984621471683,1.87918550747883e-09,8.18631599789753e-08
53.2038162387301,2.88616721356961e-09,8.14318991199884e-08
53.309170330292,2.60552135849772e-09,8.13167570458884e-08
53.4145244218538,3.17777704117155e-09,8.15786308124197e-08
53.5198785134157,2.82467449441498e-09,8.11565244188728e-08
53.6252326049775,2.79331866941835e-09,8.098748506303e-08
53.7305866965394,3.15737037803192e-09,8.0483195771508e-08
53.8359407881012,2.44425334302962e-09,8.0450637715856e-08
53.941294879663,3.07127830926916e-09,8.01118473915721e-08
54.0466489712249,2.0728933917984e-09,7.98176397381096e-08
54.1520030627867,2.70579840252533e-09,7.98548130659272e-08
54.2573571543486,1.75612217706577e-09,7.97152699575695e-08
54.3627112459104,2.4954904962725e-09,7.95790480073116e-08
54.4680653374722,1.75518016179967e-09,7.99543859244378e-08
54.5734194290341,2.61196306181482e-09,7.94519404379399e-08
54.6787735205959,2.09908689954916e-09,8.01127037144439e-08
54.7841276121578,2.86156153864777e-09,7.95444657119678e-08
54.8894817037196,2.55580583278463e-09,7.99008688062077e-08
54.9948357952815,2.98609906946313e-09,7.96938386823355e-08
55.1001898868433,2.90387382001362e-09,7.94269679157958e-08
55.2055439784051,2.81257536446081e-09,7.96075050160452e-08
55.310898069967,3.00768488299044e-09,7.89287681407308e-08
55.4162521615288,2.49224256930732e-09,7.91316273171208e-08
55.5216062530907,2.9083358598799e-09,7.85958552022301e-08
55.6269603446525,2.12908677201368e-09,7.85138448561579e-08
55.7323144362143,2.72848604961891e-09,7.84096517489083e-08
55.8376685277762,1.92520120071219e-09,7.81486266345571e-08
55.943022619338,2.66528758438147e-09,7.82493199533945e-08
56.0483767108999,1.98275979339609e-09,7.82037086601306e-08
56.1537308024617,2.78533787486968e-09,7.81105145209559e-08
56.2590848940236,2.23777671944947e-09,7.84810530267469e-08
56.3644389855854,2.94441968861664e-09,7.80533153322042e-08
56.4697930771472,2.66604554371119e-09,7.85819880112707e-08
56.5751471687091,2.99761869120553e-09,7.83583302535155e-08
56.6805012602709,2.64721298211675e-09,7.87251458752539e-08
56.7858553518328,2.58098625472015e-09,7.83294542452106e-08
56.8912094433946,2.84322394495341e-09,7.80604749421594e-08
56.9965635349565,2.3197215209672e-09,7.82889338692111e-08
57.1019176265183,2.88537665835715e-09,7.75250694138843e-08
57.2072717180801,2.13419643675278e-09,7.78082302349231e-08
57.312625809642,2.80576416688871e-09,7.72873968998356e-08
57.4179799012038,2.0712841740038e-09,7.73162923784896e-08
57.5233339927657,2.80643261552714e-09,7.72212575565194e-08
57.6286880843275,2.16485674290462e-09,7.71191678225886e-08
57.7340421758894,2.87001182714954e-09,7.72128606721799e-08
57.8393962674512,2.37257773915529e-09,7.72949421236946e-08
57.944750359013,2.89518690069998e-09,7.72345542940253e-08
58.0501044505749,2.59541678842743e-09,7.76010031640252e-08
58.1554585421367,2.83047107347903e-09,7.73423101992085e-08
58.2608126336986,2.75364180871164e-09,7.77377542206856e-08
58.3661667252604,2.62772258003475e-09,7.7511547805002e-08
58.4715208168222,2.81827466552791e-09,7.75333550087866e-08
58.5768749083841,2.43310249859663e-09,7.75681416602801e-08
58.6822289999459,2.84534862966029e-09,7.71289571817884e-08
58.7875830915078,2.28504364145575e-09,7.738647102527e-08
58.8929371830696,2.87334078900198e-09,7.67962790077021e-08
58.9982912746314,2.24914532678531e-09,7.70148300815649e-08
59.1036453661933,2.91357888883594e-09,7.66777998894661e-08
59.2089994577551,2.31692096315794e-09,7.66942989517142e-08
59.314353549317,2.94312234806464e-09,7.67389601036377e-08
59.4197076408788,2.43553778338307e-09,7.66691035190256e-08
59.5250617324407,2.93433014953388e-09,7.68271721895322e-08
59.6304158240025,2.684011590349e-09,7.69429812222825e-08
59.7357699155643,2.8757198136174e-09,7.71688782176004e-08
59.8411240071262,2.54962416601633e-09,7.75887245891359e-08
59.946478098688,2.5376656067137e-09,7.71557529061196e-08
60.0518321902499,2.7520761102265e-09,7.7574294522112e-08
60.1571862818117,2.39568280584105e-09,7.7431627351788e-08
60.2625403733736,2.91061018164375e-09,7.73067468590787e-08
60.3678944649354,2.3277185433469e-09,7.74529627782236e-08
60.4732485564972,2.96893345156426e-09,7.69901471339694e-08
60.5786026480591,2.32787878328168e-09,7.7307829923887e-08
60.6839567396209,2.99504781829223e-09,7.67846623363142e-08
60.7893108311828,2.38878529341358e-09,7.70668895599979e-08
60.8946649227446,2.97084958916071e-09,7.68185668118104e-08
61.0000190143064,2.49152353563784e-09,7.69432036804679e-08
61.1053731058683,2.88445181715071e-09,7.70396475857119e-08
61.2107271974301,2.60699154737821e-09,7.70989809177586e-08
61.316081288992,2.76909512655199e-09,7.73463014584617e-08
61.4214353805538,2.71663938050421e-09,7.75109068213831e-08
61.5267894721157,2.61102565140696e-09,7.76549540321627e-08
61.6321435636775,2.81892581228006e-09,7.79105678350694e-08
61.7374976552393,2.50758415168543e-09,7.79141080606611e-08
61.8428517468012,2.92166843324491e-09,7.80747925883068e-08
61.948205838363,2.44081843224608e-09,7.80975128285031e-08
62.0535599299249,2.99617584105877e-09,7.79830743088637e-08
62.1589140214867,2.42574692398107e-09,7.81568409260032e-08
62.2642681130485,3.0112377817226e-09,7.78039771718791e-08
62.3696222046104,2.45397953935234e-09,7.8089754782905e-08
62.4749762961722,2.96803284051436e-09,7.77639641215191e-08
62.5803303877341,2.50754885045695e-09,7.8002698562928e-08
62.6856844792959,2.90020207385723e-09,7.7928313476472e-08
62.7910385708578,2.70008329215583e-09,7.80857357574792e-08
62.8963926624196,2.82487655680996e-09,7.85137187487913e-08
63.0017467539814,2.55594675809169e-09,7.86722447724566e-08
63.1071008455433,2.57861405487672e-09,7.87822530430525e-08
63.2124549371051,2.78134194827701e-09,7.91092975315361e-08
63.317809028667,2.48643430916023e-09,7.92844394904911e-08
63.4231631202288,2.96438395321697e-09,7.9491078855368e-08
63.5285172117906,2.43942235031984e-09,7.96228445943156e-08
63.6338713033525,3.02945667502478e-09,7.97248662825092e-08
63.7392253949143,2.42567231498183e-09,7.98638467645419e-08
63.8445794864762,3.02718767976474e-09,7.97503142395055e-08
63.949933578038,2.44956746573617e-09,8.00084837737307e-08
64.0552876695999,2.96549697746467e-09,7.97424685414324e-08
64.1606417611617,2.51728293877486e-09,8.01043876521061e-08
64.2659958527235,2.86345482986253e-09,7.99063222617427e-08
64.3713499442854,2.62055324678296e-09,8.02615829921479e-08
64.4767040358472,2.76146482071209e-09,8.03466274393742e-08
64.5820581274091,2.74000579371815e-09,8.06227057213595e-08
64.6874122189709,2.63605133623626e-09,8.0985199803255e-08
64.7927663105328,2.8594985646408e-09,8.11902520124324e-08
64.8981204020946,2.54987289898439e-09,8.16581381030014e-08
65.0034744936564,2.95989342862142e-09,8.18585661530251e-08
65.1088285852183,2.48208337890481e-09,8.22488653051282e-08
65.2141826767801,3.01117172121296e-09,8.24487383570102e-08
65.319536768342,2.45208631626479e-09,8.27093028440462e-08
65.4248908599038,2.99697594749148e-09,8.28351083657685e-08
65.5302449514656,2.46714384093792e-09,8.30522793828543e-08
65.6355990430275,2.93563383490927e-09,8.30603917516305e-08
65.7409531345893,2.52025214616246e-09,8.33284464947532e-08
65.8463072261512,2.86765897708576e-09,8.32687582120531e-08
65.951661317713,2.71828132857358e-09,8.36551103182115e-08
66.0570154092749,2.79592008095674e-09,8.39173966440577e-08
66.1623695008367,2.57431962639818e-09,8.43235498568548e-08
66.2677235923985,2.583319091992e-09,8.44076741855598e-08
66.3730776839604,2.78679031652436e-09,8.49286574709907e-08
66.4784317755222,2.47767362196433e-09,8.53631662198484e-08
66.5837858670841,2.93947919560606e-09,8.56853518811555e-08
66.6891399586459,2.41170506427052e-09,8.6285195232378e-08
66.7944940502077,2.98266072459804e-09,8.65586001977183e-08
66.8998481417696,2.38538141924406e-09,8.70956262932433e-08
67.0052022333314,2.96697352890845e-09,8.73356653704644e-08
67.1105563248933,2.40701993747191e-09,8.77576729043832e-08
67.2159104164551,2.90437536838617e-09,8.79444980361425e-08
67.321264508017,2.47917921615346e-09,8.83223919431719e-08
67.4266185995788,2.80565952239349e-09,8.84511435474686e-08
67.5319726911406,2.58616467151779e-09,8.88922879694458e-08
67.6373267827025,2.69863994730656e-09,8.90479278319417e-08
67.7426808742643,2.69985132416232e-09,8.95894841311259e-08
67.8480349658262,2.56208265042692e-09,8.98862428232055e-08
67.953389057388,2.80342882793937e-09,9.04618139439568e-08
68.0587431489498,2.45597136845344e-09,9.09946824962802e-08
68.1640972405117,2.88270729011621e-09,9.15258796133373e-08
68.2694513320735,2.3749402029773e-09,9.22673520895065e-08
68.3748054236354,2.91878654171236e-09,9.27208290845657e-08
68.4801595151972,2.34191090424304e-09,9.35277853760182e-08
68.5855136067591,2.8986710318854e-09,9.39231825986912e-08
68.6908676983209,2.36402371074678e-09,9.46463063569156e-08
68.7962217898828,2.83345529388208e-09,9.50271605280185e-08
68.9015758814446,2.42889065392972e-09,9.56026227766757e-08
69.0069299730064,2.7544359020927e-09,9.59874853949794e-08
69.1122840645683,2.63561205196542e-09,9.65313270542379e-08
69.2176381561301,2.65899536647477e-09,9.71872217424734e-08
69.322992247692,2.46034614702547e-09,9.77141365193455e-08
69.4283463392538,2.45114917288464e-09,9.80268303015877e-08
69.5337004308156,2.66565873957606e-09,9.88948141525504e-08
69.6390545223775,2.3225871701294e-09,9.94423637153682e-08
69.7444086139393,2.80413556854909e-09,1.00272164883938e-07
69.8497627055012,2.2398363639687e-09,1.01107592450588e-07
69.955116797063,2.84566486134182e-09,1.01896595411396e-07
70.0604708886248,2.20755556401966e-09,1.0291448793285e-07
70.1658249801867,2.82954678406845e-09,1.03618946986861e-07
70.2711790717485,2.23113090370893e-09,1.04694378320434e-07
70.3765331633104,2.76304857239122e-09,1.05324913190962e-07
70.4818872548722,2.307813643616e-09,1.06341471124729e-07
70.5872413464341,2.65312840738069e-09,1.06949747627352e-07
70.6925954379959,2.41895110331681e-09,1.07878351715519e-07
70.7979495295577,2.5262576616255e-09,1.08545022173905e-07
70.9033036211196,2.53518896148447e-09,1.09445795917985e-07
71.0086577126814,2.36944884003167e-09,1.10219697942925e-07
71.1140118042433,2.64143921020136e-09,1.1117784048105e-07
71.2193658958051,2.23946165376929e-09,1.12120706507476e-07
71.324719987367,2.72290132502603e-09,1.13181759383719e-07
71.4300740789288,2.13993619233532e-09,1.14330828335588e-07
71.5354281704906,2.76106249418849e-09,1.1546355566781e-07
71.6407822620525,2.09627755661146e-09,1.16804902513333e-07
71.7461363536143,2.73992421181842e-09,1.17935019956838e-07
71.8514904451762,2.11944237117819e-09,1.19395579899953e-07
71.956844536738,2.66528513042638e-09,1.20477835281866e-07
72.0621986282998,2.19875520542252e-09,1.21937554593389e-07
72.1675527198617,2.56508061922567e-09,1.22987019763445e-07
72.2729068114235,2.4381228666026e-09,1.2440656448418e-07
72.3782609029854,2.41478139580294e-09,1.25791128252673e-07
72.4836149945472,2.20485011944433e-09,1.269843420569e-07
72.5889690861091,2.21569660251939e-09,1.27998431694811e-07
72.6943231776709,2.44158921423152e-09,1.29522557576643e-07
72.7996772692327,2.04690304251174e-09,1.30762174829027e-07
72.9050313607946,2.58848154397355e-09,1.32290616216797e-07
73.0103854523564,1.91970933820404e-09,1.33835529384635e-07
73.1157395439183,2.63749433990373e-09,1.35447942488754e-07
73.2210936354801,1.85471191804561e-09,1.37237197020396e-07
73.326447727042,2.61951207778275e-09,1.38910730004712e-07
73.4318018186038,1.86362870251705e-09,1.4087780897444e-07
73.5371559101656,2.54003839565903e-09,1.42547207917347e-07
73.6425100017275,1.94189822808178e-09,1.44601115244398e-07
73.7478640932893,2.40415150102503e-09,1.46220091318836e-07
73.8532181848512,2.06527943220574e-09,1.48284458927514e-07
73.958572276413,2.23444232119095e-09,1.49886989343439e-07
74.0639263679748,2.19653273543373e-09,1.51918198291423e-07
74.1692804595367,2.02496988132679e-09,1.53573819540084e-07
74.2746345510985,2.31728384174526e-09,1.55581187562746e-07
74.3799886426604,1.82565571236058e-09,1.57412185740851e-07
74.4853427342222,2.40660813249331e-09,1.59436325713631e-07
74.5906968257841,1.65277840099617e-09,1.61527541367059e-07
74.6960509173459,2.44444588103636e-09,1.63607644068264e-07
74.8014050089077,1.54565083456323e-09,1.65967459386499e-07
74.9067591004696,2.41252457939585e-09,1.68103862393827e-07
75.0121131920314,1.53452152894805e-09,1.70660179916853e-07
75.1174672835933,2.31251564097182e-09,1.72815100535325e-07
75.2228213751551,1.61971635432369e-09,1.75436884145108e-07
75.3281754667169,2.16472213605304e-09,1.77568742747684e-07
75.4335295582788,1.91161004594394e-09,1.80161506958835e-07
75.5388836498406,1.840760419549e-09,1.82685378293321e-07
75.6442377414025,1.53516767891633e-09,1.84829897853472e-07
75.7495918329643,1.68609440190552e-09,1.86727434248352e-07
75.8549459245261,1.82113809461606e-09,1.8925834036992e-07
75.960300016088,1.41839332557014e-09,1.9120581910224e-07
76.0656541076498,1.96378465815616e-09,1.93620438646231e-07
76.1710081992117,1.15304415759935e-09,1.95767131405015e-07
76.2763622907735,2.0027837095863e-09,1.98098248332356e-07
76.3817163823354,9.45942893375725e-10,2.00448942802142e-07
76.4870704738972,1.96578619877438e-09,2.02689312380319e-07
76.592424565459,8.47081031753585e-10,2.05183343535213e-07
76.6977786570209,1.86005772325748e-09,2.07281993014699e-07
76.8031327485827,8.71705635580201e-10,2.09781982776951e-07
76.9084868401446,1.69313189118634e-09,2.11669125809916e-07
77.0138409317064,9.74542855708217e-10,2.1402383192005e-07
77.1191950232682,1.48050604152463e-09,2.15668171732077e-07
77.2245491148301,1.08868891187745e-09,2.17754031018167e-07
77.3299032063919,1.23691928812675e-09,2.19150405776507e-07
77.4352572979538,1.18994452041118e-09,2.20928834719354e-07
77.5406113895156,9.80582957313427e-10,2.22161859982198e-07
77.6459654810775,1.25774525456735e-09,2.23630004112e-07
77.7513195726393,7.21933606411969e-10,2.24795075022634e-07
77.8566736642011,1.28632323176458e-09,2.2597207351032e-07
77.962027755763,4.74343943009957e-10,2.27128097945624e-07
78.0673818473248,1.27730022064658e-09,2.28006331073268e-07
78.1727359388867,2.53953075661553e-10,2.29127325755738e-07
78.2780900304485,1.24969444752743e-09,2.29662010531004e-07
78.3834441220104,4.69570005199141e-11,2.3064400147424e-07
78.4887982135722,1.20971832583455e-09,2.30789104417028e-07
78.594152305134,2.81089433290254e-10,2.31463696752959e-07
78.6995063966959,3.41391320828295e-10,1.15892682105377e-07
