f,amplitude_1,amplitude_2
0,2.33429678133918e-07,5.16734059443689e-08
0.105354091561842,0.00172769205148966,0.00177517619369273
0.210708183123684,0.00292460469012916,0.00297445707964843
0.316062274685526,0.00223790436464116,0.00243093629992627
0.421416366247368,0.0101384053396032,0.0105414675618029
0.526770457809209,0.0117109456805772,0.012278634714271
0.632124549371051,0.00376060612948716,0.00646461972572307
0.737478640932893,0.00661630775497387,0.00994831125671187
0.842832732494735,0.00668492088758019,0.0107835461097417
0.948186824056577,0.00148322897009569,0.00770115579260288
1.05354091561842,0.00703978118509651,0.0085904462206946
1.15889500718026,0.0131794811949934,0.0132687547267709
1.2642490987421,0.0113304882085873,0.0109527906162974
1.36960319030394,0.00630423874687623,0.00562427907220466
1.47495728186579,0.00612181986712746,0.00624571695645537
1.58031137342763,0.00864861261089305,0.00737564037155435
1.68566546498947,0.00835420028032462,0.00600360454819537
1.79101955655131,0.00515440004568035,0.0030305100245089
1.89637364811315,0.00251376183746628,0.00152967965254791
2.001727739675,0.00210572995712103,0.00308230774432099
2.10708183123684,0.00145385097898039,0.00251877377203609
2.21243592279868,0.000684241482583678,0.00077645266627861
2.31779001436052,0.000217224742797212,0.000718065617229267
2.42314410592236,0.000239751157712636,0.000770638673661546
2.5284981974842,0.00021320262938435,0.000686285019236154
2.63385228904605,0.000688629146415545,0.00121746672555132
2.73920638060789,0.00143616114077627,0.00169759075227099
2.84456047216973,0.00147949408056133,0.00155041209918855
2.94991456373157,0.000608583310307732,0.000498605260689973
3.05526865529341,0.00177561520809296,0.0015925152669267
3.16062274685526,0.00266513687939501,0.00243291212602999
3.2659768384171,0.00158912805313725,0.00167410022194094
3.37133092997894,0.000946746995242789,0.0011408004142248
3.47668502154078,0.002269309013266,0.0015924536945263
3.58203911310262,0.00176134322434756,0.00141706065039457
3.68739320466447,0.00035256429955651,0.000696584740211433
3.79274729622631,0.00040974854010266,0.000216312800883896
3.89810138778815,0.000251235931770603,0.000531395861641075
4.00345547934999,0.000225737306590859,6.58317631465078e-05
4.10880957091183,0.000137231425184488,0.000373495158619908
4.21416366247368,0.00016208823782595,0.000171037697968913
4.31951775403552,0.00017719915296359,0.000345956148603313
4.42487184559736,9.44696407796251e-05,0.000366310427075812
4.5302259371592,0.000334155485059489,0.000529305979167306
4.63558002872104,0.000449875643875084,0.000507988786843504
4.74093412028288,0.000255823971137608,0.000119757074286007
4.84628821184473,0.000139360867840814,0.000183404384764748
4.95164230340657,0.000214795392218935,6.07860370253146e-05
5.05699639496841,0.000116983572451885,0.000268945705451091
5.16235048653025,6.15854900715609e-05,0.00018163950808875
5.26770457809209,0.000152259552362532,0.000238409855616528
5.37305866965394,0.000385137587046694,0.000304794666421964
5.47841276121578,0.000464189618277631,0.000280459473276707
5.58376685277762,0.000405955146560998,0.000298956092216605
5.68912094433946,0.000245729018127357,0.000297935858054341
5.7944750359013,9.9652177559414e-05,0.000198901003334949
5.89982912746315,0.000121617669323436,0.000207822842922443
6.00518321902499,4.91827382066005e-05,0.000202115895135989
6.11053731058683,9.97173585356355e-05,0.00015474298901403
6.21589140214867,0.000170226472718419,0.000285933809477203
6.32124549371051,0.000181508556887013,0.000284032969894618
6.42659958527235,0.000125100904673806,0.000100576296557898
6.5319536768342,2.50111501610116e-05,0.000144656804176994
6.63730776839604,5.29460785751342e-05,0.000149484863092483
6.74266185995788,3.87551272131744e-05,0.000153325675177221
6.84801595151972,8.24214135998149e-05,0.000224348844174724
6.95337004308156,8.94006438989581e-05,0.00017927401964423
7.05872413464341,2.70458559625021e-05,0.000186326262649142
7.16407822620525,2.51836351250753e-05,0.000131702476344318
7.26943231776709,4.32684042307039e-05,0.000169346117207628
7.37478640932893,4.6077972864628e-05,0.000126494749974637
7.48014050089077,3.9574835556325e-06,0.000130335135783473
7.58549459245261,5.58976607827434e-05,0.000137753188793981
7.69084868401446,4.33391637174803e-05,0.000123817656869284
7.7962027755763,7.12405642187652e-05,0.000152135812587813
7.90155686713814,9.90959768727529e-05,0.00010655466152223
8.00691095869998,6.82839603984539e-05,7.2152245564425e-05
8.11226505026183,4.77584725356212e-05,5.05644416631488e-05
8.21761914182367,2.73746417396518e-05,0.000110328179054445
8.32297323338551,2.62864225095652e-05,9.91570654909287e-05
8.42832732494735,1.10974740261305e-05,0.000121324028980278
8.53368141650919,3.60726430843049e-05,0.000111427650984116
8.63903550807103,3.03104100877412e-05,0.000123898491068993
8.74438959963287,3.24124479347109e-05,0.000118201344394513
8.84974369119472,4.88437286571082e-05,0.0001315758171125
8.95509778275656,4.52351008481953e-05,0.000131922965974885
9.0604518743184,7.6767010246564e-05,0.000133260659940701
9.16580596588024,6.70607481826973e-05,0.000126793167939409
9.27116005744208,4.88196883215988e-05,9.52661560413101e-05
9.37651414900393,6.60533614716406e-05,0.000130594228917573
9.48186824056577,6.26382715084297e-05,0.000121385961352564
9.58722233212761,4.57823741982563e-05,8.92332275255631e-05
9.69257642368945,2.2638584192235e-05,8.96720114038904e-05
9.7979305152513,2.86330924067248e-05,9.48547122030249e-05
9.90328460681314,2.38270624967487e-05,8.28273468152033e-05
10.008638698375,6.24816499220571e-06,8.89688055431815e-05
10.1139927899368,1.28991915368836e-05,7.90024920125709e-05
10.2193468814987,6.82916893506273e-06,7.87046046930209e-05
10.3247009730605,1.75830328585286e-05,6.58908486837786e-05
10.4300550646223,2.7902538731877e-05,6.69323378569579e-05
10.5354091561842,5.08829249143512e-05,8.36478383720534e-05
10.640763247746,5.45498431413844e-05,0.000102965706455763
10.7461173393079,5.28330569577228e-05,0.000108981011083201
10.8514714308697,5.90559062877557e-05,0.000121795803241423
10.9568255224316,4.55272153981604e-05,0.000115405020575557
11.0621796139934,5.05260419979353e-05,0.000113225522772669
11.1675337055552,5.03756202005905e-05,0.000110382968045108
11.2728877971171,2.91007380007871e-05,8.9035868271637e-05
11.3782418886789,3.42755270462454e-05,9.51277163853255e-05
11.4835959802408,2.57235209055537e-05,7.96430868444045e-05
11.5889500718026,2.14172820105133e-05,8.61291951424812e-05
11.6943041633644,2.54938303570425e-05,8.04898219605344e-05
11.7996582549263,1.22504324882434e-05,8.34472830210953e-05
11.9050123464881,1.8355672794561e-05,8.05247540588373e-05
12.01036643805,1.48973226702889e-05,8.1481891911264e-05
12.1157205296118,9.65216763961561e-06,7.99916331705861e-05
12.2210746211737,1.77723147958036e-05,8.20071207712952e-05
12.3264287127355,7.34098222770503e-06,8.00880428257329e-05
12.4317828042973,2.24006678265878e-05,8.18750018839436e-05
12.5371368958592,2.62663699351203e-05,8.91842865530828e-05
12.642490987421,1.1123621024764e-05,6.44182854133827e-05
12.7478450789829,1.26830013855458e-05,6.96208464498476e-05
12.8531991705447,2.28161807361511e-05,8.58391421762534e-05
12.9585532621066,2.28580223463533e-05,8.59005491347983e-05
13.0639073536684,1.58148930048111e-05,7.96720430936652e-05
13.1692614452302,1.86707734150117e-05,8.34346910390239e-05
13.2746155367921,1.4907217224342e-05,7.81649427325515e-05
13.3799696283539,1.10862821702742e-05,8.00963016931139e-05
13.4853237199158,1.33072424507142e-05,7.72799636085068e-05
13.5906778114776,7.89931678507778e-06,7.62426682319793e-05
13.6960319030394,1.13142192908953e-05,7.67205860865786e-05
13.8013859946013,1.32390113865308e-05,7.47298257326952e-05
13.9067400861631,1.07567204326591e-05,7.45805225050609e-05
14.012094177725,1.65941088538812e-05,7.25187958513082e-05
14.1174482692868,1.29614995158861e-05,6.8149194906998e-05
14.2228023608487,1.2236361306784e-05,6.89241265169201e-05
14.3281564524105,1.35903489134522e-05,6.39906065537981e-05
14.4335105439723,2.79400115104871e-06,6.84924530147838e-05
14.5388646355342,1.04786895717989e-05,7.28386065777976e-05
14.644218727096,6.51486718767484e-06,6.1549650972461e-05
14.7495728186579,2.30473084299732e-06,7.03906299778786e-05
14.8549269102197,1.80361666359036e-06,6.5342188414526e-05
14.9602810017815,4.69347560658924e-06,7.41675982432415e-05
15.0656350933434,6.052501814667e-06,7.13608941766719e-05
15.1709891849052,1.94804589312985e-06,7.13868448395732e-05
15.2763432764671,4.03243193776028e-06,7.31445507882018e-05
15.3816973680289,8.39133975836147e-06,6.82511014972665e-05
15.4870514595908,7.2652237998701e-06,7.02202381197032e-05
15.5924055511526,1.56020344452061e-05,7.10423849753123e-05
15.6977596427144,1.76617620689166e-05,7.7927023302226e-05
15.8031137342763,9.7511265810226e-06,6.86671944319239e-05
15.9084678258381,1.20592195238394e-05,6.15513071117487e-05
16.0138219174,1.3629835149591e-05,6.37210515646353e-05
16.1191760089618,1.20510396128918e-05,6.10889340902571e-05
16.2245301005237,6.17193198855313e-06,6.07866374905926e-05
16.3298841920855,8.59663964248408e-06,6.30487671138973e-05
16.4352382836473,6.4153161293224e-06,5.9013317336846e-05
16.5405923752092,5.4610316604722e-06,6.53177943668922e-05
16.645946466771,8.53916662537977e-06,6.25034094126061e-05
16.7513005583329,4.68466888373784e-06,6.32759957307458e-05
16.8566546498947,6.8901491372538e-06,6.29816746609185e-05
16.9620087414565,7.28720757689516e-06,6.09990062849651e-05
17.0673628330184,5.31557127050399e-06,6.32079186091259e-05
17.1727169245802,8.44555300425189e-06,5.99338092409572e-05
17.2780710161421,8.31289763909698e-06,6.24883904671751e-05
17.3834251077039,9.98400421012393e-06,6.17459551454648e-05
17.4887791992658,1.09911059132471e-05,6.01988109896342e-05
17.5941332908276,9.6666070272782e-06,6.00833142851509e-05
17.6994873823894,1.15933640945128e-05,5.69204622614717e-05
17.8048414739513,7.91441886120115e-06,5.81362990502654e-05
17.9101955655131,1.07190691629419e-05,5.69529267291485e-05
18.015549657075,7.96172814311062e-06,5.47594674814263e-05
18.1209037486368,4.17347593707483e-06,6.06037248062387e-05
18.2262578401986,7.41590195577144e-06,5.35109238499124e-05
18.3316119317605,3.21908309072621e-06,6.05434898887766e-05
18.4369660233223,1.74690917118637e-06,5.91171812990142e-05
18.5423201148842,3.77508229071334e-06,6.01168133170137e-05
18.647674206446,1.40515146470673e-06,6.23878539765243e-05
18.7530282980079,4.81680458740924e-06,5.67238696173468e-05
18.8583823895697,5.13541747936513e-06,6.10907634836913e-05
18.9637364811315,5.04214332118321e-06,5.45795980683154e-05
19.0690905726934,9.33152828106629e-06,5.82102622562512e-05
19.1744446642552,7.93378831754021e-06,5.71580109112449e-05
19.2797987558171,1.03216020309312e-05,5.34909251281837e-05
19.3851528473789,1.08465421808857e-05,5.73299110573472e-05
19.4905069389407,1.11526740213431e-05,5.37663048897708e-05
19.5958610305026,9.29058879800495e-06,5.48530401181977e-05
19.7012151220644,8.73523146371761e-06,5.65198634346535e-05
19.8065692136263,7.69768718140456e-06,5.37689767538236e-05
19.9119233051881,3.60185930909443e-06,5.82035622612398e-05
20.01727739675,3.8537689661708e-06,5.5080219787501e-05
20.1226314883118,2.30435444113155e-06,5.70912318562434e-05
20.2279855798736,1.20125270088548e-06,5.57964711789218e-05
20.3333396714355,4.53968240320761e-06,5.40277331081885e-05
20.4386937629973,5.91274977812006e-06,5.60539411410485e-05
20.5440478545592,5.94932012761123e-06,5.07640778369144e-05
20.649401946121,9.24234943270067e-06,5.43937730610816e-05
20.7547560376828,7.99501838453165e-06,5.07893460757115e-05
20.8601101292447,1.04125372324397e-05,5.04007260717956e-05
20.9654642208065,9.49902162206675e-06,5.13263922226536e-05
21.0708183123684,9.6839892171479e-06,4.79019379508421e-05
21.1761724039302,8.87785623716729e-06,5.04587960605718e-05
21.2815264954921,7.46349371325638e-06,4.82313660372879e-05
21.3868805870539,7.38938241936084e-06,4.81109353316387e-05
21.4922346786157,4.06001022863156e-06,5.02139937930517e-05
21.5975887701776,5.19201235353725e-06,4.57144895389896e-05
21.7029428617394,1.32650847801794e-06,5.04428013500454e-05
21.8082969533013,3.0116643418759e-06,4.63658125016562e-05
21.9136510448631,7.81011349561826e-07,4.80119679475755e-05
22.019005136425,3.08755633565425e-06,5.03525156148931e-05
22.1243592279868,2.6612991429868e-06,4.63618567545357e-05
22.2297133195486,5.16539411241511e-06,5.04335768543502e-05
22.3350674111105,3.68677843533016e-06,4.50320684309962e-05
22.4404215026723,5.02872797745995e-06,4.86769293845914e-05
22.5457755942342,4.79901082215082e-06,4.58306540881971e-05
22.651129685796,4.93166954957069e-06,4.42879782287765e-05
22.7564837773578,6.22725838254123e-06,4.63671331520548e-05
22.8618378689197,6.43434834742998e-06,4.14230728329636e-05
22.9671919604815,8.1741683706332e-06,4.45639788635111e-05
23.0725460520434,8.22789807637628e-06,4.13321587408192e-05
23.1779001436052,9.87019055288181e-06,4.13610441993072e-05
23.2832542351671,9.01275804561799e-06,4.27399815959218e-05
23.3886083267289,1.01135534877481e-05,3.91421392088404e-05
23.4939624182907,8.97605618901652e-06,4.33969475941785e-05
23.5993165098526,8.16483699834627e-06,4.00093097455929e-05
23.7046706014144,7.95839379328573e-06,4.26035107531064e-05
23.8100246929763,5.30954133546106e-06,4.27188198711754e-05
23.9153787845381,5.92270684659574e-06,4.12372977591414e-05
24.0207328760999,4.50378318882139e-06,4.50929331483991e-05
24.1260869676618,3.41680775956015e-06,4.11045287540437e-05
24.2314410592236,5.08456423292708e-06,4.52640480029002e-05
24.3367951507855,3.99799343693215e-06,4.3027243684185e-05
24.4421492423473,4.87856176350728e-06,4.38701339454114e-05
24.5475033339092,5.91634716812604e-06,4.50655623719174e-05
24.652857425471,4.63429887164056e-06,4.28359185923405e-05
24.7582115170328,6.23103532821368e-06,4.52070707137386e-05
24.8635656085947,4.99522578660853e-06,4.35022816466539e-05
24.9689197001565,5.34263554728572e-06,4.35793701409199e-05
25.0742737917184,5.94083207073055e-06,4.51224822358325e-05
25.1796278832802,3.79535743673149e-06,4.32954802348111e-05
25.2849819748421,4.4934050358203e-06,4.47643643408385e-05
25.3903360664039,4.02339119818115e-06,4.29955479408394e-05
25.4956901579657,4.25192466248457e-06,4.32637129324047e-05
25.6010442495276,5.41798773708341e-06,4.44364998129875e-05
25.7063983410894,4.25487435294453e-06,4.12762674732302e-05
25.8117524326513,5.95470708710542e-06,4.4955845614726e-05
25.9171065242131,5.46370282999236e-06,4.12941722838911e-05
26.0224606157749,5.34754731720572e-06,4.35249745696511e-05
26.1278147073368,6.07170155435412e-06,4.2632052317227e-05
26.2331687988986,4.61961102510412e-06,4.14419649308953e-05
26.3385228904605,5.49511512368071e-06,4.3641214877959e-05
26.4438769820223,4.1987832738469e-06,4.04312476780516e-05
26.5492310735842,3.97610632405249e-06,4.30936308799651e-05
26.654585165146,3.77194092995051e-06,4.10588519140301e-05
26.7599392567078,2.55409011407211e-06,4.15665475448426e-05
26.8652933482697,3.28501861945805e-06,4.2197532159185e-05
26.9706474398315,2.68952153025164e-06,4.03956808733859e-05
27.0760015313934,3.02212109896461e-06,4.22467500981616e-05
27.1813556229552,4.11461164165374e-06,4.04565146553787e-05
27.286709714517,3.51031996339556e-06,4.10722754107568e-05
27.3920638060789,4.90522723636041e-06,4.13602245830522e-05
27.4974178976407,4.48508979911275e-06,3.98555784359615e-05
27.6027719892026,4.85525368832152e-06,4.18158812657238e-05
27.7081260807644,5.23962368976177e-06,3.96493505440048e-05
27.8134801723263,3.98638957996257e-06,4.09407581408237e-05
27.9188342638881,4.9441834151408e-06,4.03245538755874e-05
28.0241883554499,3.44767611489502e-06,3.97531667028903e-05
28.1295424470118,3.71475317300323e-06,4.06929144408325e-05
28.2348965385736,3.41564955705812e-06,3.96093135538178e-05
28.3402506301355,1.50901273707834e-06,4.09769720613219e-05
28.4456047216973,2.05891203450739e-06,3.98470715217736e-05
28.5509588132592,1.71003741337542e-06,3.95419540504765e-05
28.656312904821,1.97754492676478e-06,4.03657949626629e-05
28.7616669963828,2.94999292571187e-06,3.91156947769573e-05
28.8670210879447,2.34598632742319e-06,3.9742013481621e-05
28.9723751795065,3.87884597822196e-06,3.96243492589155e-05
29.0777292710684,3.54367748053245e-06,3.87030519107555e-05
29.1830833626302,3.83774645217007e-06,4.00671499067399e-05
29.288437454192,4.39137876270306e-06,3.82536942428236e-05
29.3937915457539,3.38201343623649e-06,3.97621705818622e-05
29.4991456373157,4.28913694760795e-06,3.86077158938809e-05
29.6044997288776,2.95994876828862e-06,3.88115781121164e-05
29.7098538204394,3.2190970637242e-06,3.92999003802214e-05
29.8152079120013,2.69385528921756e-06,3.79998709873178e-05
29.9205620035631,1.59666005140742e-06,3.93996274629954e-05
30.0259160951249,2.04371486589046e-06,3.80840662532151e-05
30.1312701866868,1.16380205224557e-06,3.87578694326335e-05
30.2366242782486,1.37527931443739e-06,3.85249930049259e-05
30.3419783698105,2.31931485736294e-06,3.81093205609446e-05
30.4473324613723,1.88738458637887e-06,3.86035223869516e-05
30.5526865529341,3.11627984548994e-06,3.79982112103272e-05
30.658040644496,2.98173554522615e-06,3.81285270333154e-05
30.7633947360578,3.29424561088326e-06,3.83205040278297e-05
30.8687488276197,3.70562200150688e-06,3.7501746889302e-05
30.9741029191815,3.00308836148805e-06,3.85755235381034e-05
31.0794570107434,3.74081905811424e-06,3.73039093003396e-05
31.1848111023052,2.58937913513975e-06,3.80782839800975e-05
31.290165193867,3.14056438618157e-06,3.76514884916063e-05
31.3955192854289,2.35544466546314e-06,3.74653497055529e-05
31.5008733769907,1.01428735616033e-06,3.860962865908e-05
31.6062274685526,1.28628314444506e-06,3.68358757537495e-05
31.7115815601144,3.62086607733757e-07,3.79823977329846e-05
31.8169356516762,6.75640695727453e-07,3.72393821474459e-05
31.9222897432381,1.44271493344803e-06,3.71627391509442e-05
32.0276438347999,1.18218853238463e-06,3.74821652718259e-05
32.1329979263618,2.44302927825137e-06,3.67135147525043e-05
32.2383520179236,2.30019517580779e-06,3.72864685244133e-05
32.3437061094855,2.82761992032166e-06,3.6868375854844e-05
32.4490602010473,3.31524176669472e-06,3.65844166011453e-05
32.5544142926091,2.73442344710665e-06,3.72464747670821e-05
32.659768384171,3.6271172923276e-06,3.61181064856401e-05
32.7651224757328,2.61503854769094e-06,3.71423989831179e-05
32.8704765672947,3.16111494306238e-06,3.62480208126311e-05
32.9758306588565,2.47455415472488e-06,3.65103827561552e-05
33.0811847504184,2.0262493260465e-06,3.67631602113818e-05
33.1865388419802,1.99376912142868e-06,3.58358623548603e-05
33.291892933542,7.16140276449954e-07,3.6977074304434e-05
33.3972470251039,1.10666984533353e-06,3.57701488101029e-05
33.5026011166657,8.25895323984486e-07,3.65950216577498e-05
33.6079552082276,4.24044534312551e-07,3.61920079438319e-05
33.7133092997894,1.61294126203993e-06,3.60589362444636e-05
33.8186633913512,1.57532108224497e-06,3.65001815945666e-05
33.9240174829131,2.0169189894256e-06,3.59157060885658e-05
34.0293715744749,2.54887074980913e-06,3.63372380341979e-05
34.1347256660368,2.13981118640778e-06,3.62685329417119e-05
34.2400797575986,2.98967445871384e-06,3.58632793845995e-05
34.3454338491605,2.25152273222883e-06,3.65170948970233e-05
34.4507879407223,2.79511011979244e-06,3.56096048909233e-05
34.5561420322841,2.13188835195762e-06,3.67594267519656e-05
34.661496123846,1.41265809121073e-06,3.64636025096867e-05
34.7668502154078,1.65335851906779e-06,3.58890003177989e-05
34.8722043069697,7.48923667170913e-07,3.67513004703848e-05
34.9775583985315,1.01442091127043e-06,3.56796107497294e-05
35.0829124900933,7.22250230866188e-07,3.67275613678883e-05
35.1882665816552,5.42299505938982e-07,3.58309265219047e-05
35.293620673217,1.50116644855748e-06,3.62892809364197e-05
35.3989747647789,1.30734904202401e-06,3.63092181449001e-05
35.5043288563407,1.97686218731208e-06,3.58378452271209e-05
35.6096829479026,2.22089265547901e-06,3.65025686866911e-05
35.7150370394644,2.08666863647461e-06,3.58243964324701e-05
35.8203911310262,2.76874910605534e-06,3.61468251835351e-05
35.9257452225881,2.02057965268504e-06,3.61807958696541e-05
36.0310993141499,2.67229936608688e-06,3.56297846539263e-05
36.1364534057118,1.94524255737218e-06,3.63639349653996e-05
36.2418074972736,1.93161098869346e-06,3.55118555919682e-05
36.3471615888354,1.65907643837665e-06,3.60502510409771e-05
36.4525156803973,8.49461342036568e-07,3.5852004715332e-05
36.5578697719591,1.02977962767154e-06,3.54065804247673e-05
36.663223863521,3.33789959451579e-07,3.61588013610488e-05
36.7685779550828,7.22777809495248e-08,3.50368202327484e-05
36.8739320466447,1.24923059605542e-06,3.59716293527831e-05
36.9792861382065,1.25560180949437e-06,3.51864141678887e-05
37.0846402297683,1.84843414622648e-06,3.54437711006976e-05
37.1899943213302,2.36107979473459e-06,3.54633668247101e-05
37.295348412892,2.16479143088392e-06,3.50027298571653e-05
37.4007025044539,3.0165111961525e-06,3.54460688100653e-05
37.5060565960157,2.41077604923863e-06,3.49264051239078e-05
37.6114106875775,3.0597183615521e-06,3.50828601080175e-05
37.7167647791394,2.3321985098234e-06,3.54975100859579e-05
37.8221188707012,2.0656700223584e-06,3.50868155621017e-05
37.9274729622631,2.13555550234366e-06,3.52627106584644e-05
38.0328270538249,1.31215268564653e-06,3.50221952011263e-05
38.1381811453868,1.43104691921537e-06,3.50822663415955e-05
38.2435352369486,4.18940906509296e-07,3.52454858922549e-05
38.3488893285104,4.50182569834247e-07,3.47085087190684e-05
38.4542434200723,5.96075189517576e-07,3.54862236542009e-05
38.5595975116341,7.53459620717414e-07,3.46755317373227e-05
38.664951603196,1.21418438799182e-06,3.53177471796459e-05
38.7703056947578,1.79313390355564e-06,3.50104851698819e-05
38.8756597863197,1.65513981232078e-06,3.49862616593819e-05
38.9810138778815,2.44509943638879e-06,3.53173128089154e-05
39.0863679694433,1.97262957694227e-06,3.48220798496963e-05
39.1917220610052,2.57971844176993e-06,3.53113393735505e-05
39.297076152567,2.17068374617868e-06,3.50240076324631e-05
39.4024302441289,2.14843756242748e-06,3.50868128521178e-05
39.5077843356907,2.08038565474167e-06,3.53242624735323e-05
39.6131384272525,1.40562331223364e-06,3.49375622252089e-05
39.7184925188144,1.630992439198e-06,3.53428626292172e-05
39.8238466103762,6.0809512412797e-07,3.51314730897974e-05
39.9292007019381,7.89494527483349e-07,3.50832464434001e-05
40.0345547934999,3.94795347664237e-07,3.54988263716471e-05
40.1399088850618,3.5805158587302e-07,3.48820645044678e-05
40.2452629766236,7.76524221221645e-07,3.56284366185843e-05
40.3506170681854,1.31651707880629e-06,3.49940200331472e-05
40.4559711597473,1.14334573975362e-06,3.54397704451874e-05
40.5613252513091,2.00870359160305e-06,3.5313944207398e-05
40.666679342871,1.60900191008718e-06,3.51340612072961e-05
40.7720334344328,2.2487518824229e-06,3.55834738892089e-05
40.8773875259946,1.82202224551076e-06,3.54259871712654e-05
40.9827416175565,1.61167879214882e-06,3.57405477967886e-05
41.0880957091183,1.86229039269131e-06,3.53743654130821e-05
41.1934498006802,1.19631776536859e-06,3.55338572953276e-05
41.298803892242,1.50427694235034e-06,3.57208571812385e-05
41.4041579838039,7.01640807737571e-07,3.54580737541743e-05
41.5095120753657,8.17229676649743e-07,3.56854562603495e-05
41.6148661669275,4.28739428004722e-07,3.57395910461154e-05
41.7202202584894,1.3188590652277e-07,3.55041577581947e-05
41.8255743500512,5.54269225445483e-07,3.6046916778005e-05
41.9309284416131,9.4014431294383e-07,3.54686019933916e-05
42.0362825331749,7.89226970717656e-07,3.60652289108037e-05
42.1416366247367,1.5206904310919e-06,3.57260472190779e-05
42.2469907162986,1.13819496031826e-06,3.58622726682005e-05
42.3523448078604,1.71576044973766e-06,3.60691226879283e-05
42.4576988994223,1.47555613839717e-06,3.5731617831789e-05
42.5630529909841,1.49898290582374e-06,3.62556605885892e-05
42.668407082546,1.58789682374172e-06,3.58686068959248e-05
42.7737611741078,1.06972975064057e-06,3.61827965783568e-05
42.8791152656696,1.39276108386994e-06,3.61704779512394e-05
42.9844693572315,6.32251176516128e-07,3.60728431573943e-05
43.0898234487933,8.54865167613473e-07,3.63720257434841e-05
43.1951775403552,4.92547312241384e-07,3.61839744725056e-05
43.300531631917,1.06781356258426e-07,3.63069426720836e-05
43.4058857234789,5.54640353122039e-07,3.64992674818661e-05
43.5112398150407,6.9318327041084e-07,3.61698815052502e-05
43.6165939066025,6.19900170934455e-07,3.67240937037432e-05
43.7219479981644,1.2944404450692e-06,3.61987294841514e-05
43.8273020897262,9.17143986369368e-07,3.66256772972552e-05
43.9326561812881,1.50432094409626e-06,3.65099033213106e-05
44.0380102728499,1.10579168509655e-06,3.67336099175325e-05
44.1433643644117,1.09955719098337e-06,3.6956142755577e-05
44.2487184559736,1.31703725066901e-06,3.64294078942217e-05
44.3540725475354,7.98374495031466e-07,3.70893565826632e-05
44.4594266390973,1.15104870633377e-06,3.66684121727945e-05
44.5647807306591,5.06591839548448e-07,3.68979692488309e-05
44.670134822221,7.03204017755973e-07,3.69759280645339e-05
44.7754889137828,4.51459516617137e-07,3.6849215359546e-05
44.8808430053446,4.56830338797675e-08,3.71014590326933e-05
44.9861970969065,5.42988369093307e-07,3.70347459517091e-05
45.0915511884683,6.35832564939025e-07,3.70287393503497e-05
45.1969052800302,5.83469105733167e-07,3.73408958726132e-05
45.302259371592,1.13235981847287e-06,3.69824028236126e-05
45.4076134631539,7.39457286095358e-07,3.74792125144552e-05
45.5129675547157,1.31721348732674e-06,3.71657549861301e-05
45.6183216462775,1.00635307383072e-06,3.74065837246343e-05
45.7236757378394,1.13328806419382e-06,3.75167465165213e-05
45.8290298294012,1.14904468101761e-06,3.72918308953802e-05
45.9343839209631,7.49806135272067e-07,3.77767330978289e-05
46.0397380125249,1.03626566483903e-06,3.73577103311185e-05
46.1450921040867,3.63557876819906e-07,3.78105170531514e-05
46.2504461956486,6.26864406599231e-07,3.76259227176421e-05
46.3558002872104,3.65973988013092e-07,3.77352835680276e-05
46.4611543787723,6.11387410752497e-08,3.79036754044145e-05
46.5665084703341,5.21554405936235e-07,3.77626455438614e-05
46.6718625618959,6.09234495030435e-07,3.79852850767266e-05
46.7772166534578,5.82792151078619e-07,3.799198260688e-05
46.8825707450196,1.11067531607156e-06,3.78860193147305e-05
46.9879248365815,7.29181492686146e-07,3.82125576069365e-05
47.0932789281433,1.24829861421691e-06,3.79671475963067e-05
47.1986330197052,7.69932487507959e-07,3.86080016620401e-05
47.303987111267,9.74840435489606e-07,3.82927772669196e-05
47.4093412028288,1.02204372297233e-06,3.82821286918562e-05
47.5146952943907,6.22668270425427e-07,3.8663512950107e-05
47.6200493859525,9.06122893654327e-07,3.82499755833302e-05
47.7254034775144,2.75572589969401e-07,3.87940741731883e-05
47.8307575690762,5.2590904337634e-07,3.84080238859039e-05
47.936111660638,2.46287172031617e-07,3.87975897013389e-05
48.0414657521999,1.43582084414448e-07,3.87228299071095e-05
48.1468198437617,4.47614381307758e-07,3.87577226796435e-05
48.2521739353236,6.29238325767598e-07,3.89866368552133e-05
48.3575280268854,5.58558919871803e-07,3.88645989492366e-05
48.4628821184473,1.0514848591057e-06,3.90563466492606e-05
48.5682362100091,6.91245520447389e-07,3.91326078144175e-05
48.6735903015709,1.21916347708812e-06,3.90391574312914e-05
48.7789443931328,8.66697088719665e-07,3.93882341629746e-05
48.8842984846946,1.06048640537237e-06,3.917048715552e-05
48.9896525762565,9.65721335345678e-07,3.94580109623514e-05
49.0950066678183,6.99224336873628e-07,3.94720397338126e-05
49.2003607593802,8.64275531765891e-07,3.93972482011221e-05
49.305714850942,2.42531282054553e-07,3.9792882810541e-05
49.4110689425038,5.27939476797862e-07,3.94350978720894e-05
49.5164230340657,1.56570910341539e-07,3.9950391888098e-05
49.6217771256275,2.61207053028615e-07,3.96787594254614e-05
49.7271312171894,3.99853591476344e-07,3.99484659765831e-05
49.8324853087512,6.67829472394131e-07,4.00087502644439e-05
49.9378394003131,5.43714376774894e-07,3.9957481870707e-05
50.0431934918749,1.07962994681774e-06,4.02045836415981e-05
50.1485475834367,7.19967305230017e-07,4.00997928764287e-05
50.2539016749986,1.17145763575761e-06,4.03671704648385e-05
50.3592557665604,6.94938095633924e-07,4.06776776730744e-05
50.4646098581223,9.79495687497917e-07,4.03768004058381e-05
50.5699639496841,9.21340663762421e-07,4.06772587032508e-05
50.6753180412459,6.36026248033841e-07,4.0653993487107e-05
50.7806721328078,8.32526509729945e-07,4.07337450802304e-05
50.8860262243696,2.6300200453368e-07,4.09185807919177e-05
50.9913803159315,5.29477628838626e-07,4.07507815024131e-05
51.0967344074933,1.12885847904943e-07,4.12243782833521e-05
51.2020884990552,3.96963234736766e-07,4.088336473999e-05
51.307442590617,3.47062725258436e-07,4.13773608880172e-05
51.4127966821788,7.26668211843015e-07,4.12008954553703e-05
51.5181507737407,5.14196286397043e-07,4.14068304285381e-05
51.6235048653025,1.04357267225701e-06,4.15645328357792e-05
51.7288589568644,6.845950177598e-07,4.14808342133727e-05
51.8342130484262,1.15638431057922e-06,4.18073609934731e-05
51.9395671399881,8.3848240640864e-07,4.1735090702387e-05
52.0449212315499,1.00322352098638e-06,4.19158576991456e-05
52.1502753231117,8.99232010740041e-07,4.20677669796977e-05
52.2556294146736,6.94175845748562e-07,4.20272480392261e-05
52.3609835062354,8.00171243000967e-07,4.23049163812503e-05
52.4663375977973,3.28518918115983e-07,4.22874121076791e-05
52.5716916893591,5.77165672493183e-07,4.24033675075104e-05
52.6770457809209,1.8508354518439e-07,4.26645575510584e-05
52.7823998724828,5.17031153035492e-07,4.24848058238894e-05
52.8877539640446,3.48852126215235e-07,4.29781821825444e-05
52.9931080556065,7.87368263991562e-07,4.2709724954199e-05
53.0984621471683,5.06374054420203e-07,4.31290086779213e-05
53.2038162387301,1.0672077856667e-06,4.30584986320088e-05
53.309170330292,7.15827116167494e-07,4.31849893097038e-05
53.4145244218538,1.0922276951509e-06,4.35434641884893e-05
53.5198785134157,6.7342419947483e-07,4.35613328779304e-05
53.6252326049775,9.09478523048978e-07,4.3733523440303e-05
53.7305866965394,8.42239945952038e-07,4.37307202108076e-05
53.8359407881012,6.28249291542567e-07,4.39802743492311e-05
53.941294879663,7.97553296777796e-07,4.40482001527152e-05
54.0466489712249,3.60728551142712e-07,4.41158271154321e-05
54.1520030627867,6.33387682544349e-07,4.43370936463488e-05
54.2573571543486,2.80017327372777e-07,4.44309057460302e-05
54.3627112459104,6.52446860188494e-07,4.45011880066361e-05
54.4680653374722,3.85309440803098e-07,4.48377714632216e-05
54.5734194290341,8.63564003058693e-07,4.46761727135088e-05
54.6787735205959,5.28493663784759e-07,4.51732983783448e-05
54.7841276121578,1.03867204439046e-06,4.49911059927038e-05
54.8894817037196,6.8263628215639e-07,4.53594798358138e-05
54.9948357952815,1.06457489410658e-06,4.54369760551853e-05
55.1001898868433,7.96093560320354e-07,4.55110453205207e-05
55.2055439784051,9.04354437251118e-07,4.58727691516026e-05
55.310898069967,8.25672403279788e-07,4.57575136598801e-05
55.4162521615288,6.7520266460012e-07,4.61651147796068e-05
55.5216062530907,7.69780076378508e-07,4.6141301497308e-05
55.6269603446525,4.67284652773172e-07,4.63685918532577e-05
55.7323144362143,7.10888646520841e-07,4.65609249293032e-05
55.8376685277762,4.04464534649239e-07,4.66303883536346e-05
55.943022619338,7.76082718582854e-07,4.68834634007302e-05
56.0483767108999,4.63445809859266e-07,4.7020573781762e-05
56.1537308024617,9.3862143178949e-07,4.71088520226565e-05
56.2590848940236,5.58726001276879e-07,4.74651500896851e-05
56.3644389855854,1.07268648132279e-06,4.73412304094411e-05
56.4697930771472,7.35545260515359e-07,4.78129934367606e-05
56.5751471687091,1.02566319369953e-06,4.78500023996069e-05
56.6805012602709,6.45923440921543e-07,4.8281700917049e-05
56.7858553518328,8.50805874593933e-07,4.82783456679728e-05
56.8912094433946,7.85094325774446e-07,4.83823071250594e-05
56.9965635349565,6.80281600981196e-07,4.88233482551051e-05
57.1019176265183,8.40451677593466e-07,4.86563629471113e-05
57.2072717180801,5.34605428435766e-07,4.91484898693313e-05
57.312625809642,8.4259905882255e-07,4.91234930111314e-05
57.4179799012038,4.94940877186846e-07,4.94232240737988e-05
57.5233339927657,9.16009711040185e-07,4.96152597429535e-05
57.6286880843275,5.28450629756098e-07,4.97693997694221e-05
57.7340421758894,1.01577330845707e-06,5.00184429452343e-05
57.8393962674512,6.09823932630956e-07,5.02357312401224e-05
57.944750359013,1.0567912637735e-06,5.03475211640889e-05
58.0501044505749,7.12994304015023e-07,5.07366875250839e-05
58.1554585421367,1.01292435220809e-06,5.07291168632945e-05
58.2608126336986,7.9345862517465e-07,5.11766806168535e-05
58.3661667252604,8.77279387585873e-07,5.12455455009723e-05
58.4715208168222,8.4240451674983e-07,5.15150032008407e-05
58.5768749083841,7.4987492823647e-07,5.18294974303394e-05
58.6822289999459,8.82748697610718e-07,5.18527275402263e-05
58.7875830915078,6.51892120888896e-07,5.23654917101322e-05
58.8929371830696,9.42630578344377e-07,5.23089938019701e-05
58.9982912746314,6.08939265365751e-07,5.27938563283714e-05
59.1036453661933,1.01740947957542e-06,5.28795588137471e-05
59.2089994577551,6.17170885093266e-07,5.31769897476625e-05
59.314353549317,1.07603401658611e-06,5.34601343237774e-05
59.4197076408788,6.6016043768089e-07,5.36301323329608e-05
59.5250617324407,1.1043904019679e-06,5.39314142151717e-05
59.6304158240025,8.07468107450574e-07,5.41862164705276e-05
59.7357699155643,1.02188410983218e-06,5.4515755870395e-05
59.8411240071262,6.8668328911643e-07,5.49928785603945e-05
59.946478098688,8.89519715060359e-07,5.48875900641277e-05
60.0518321902499,8.57293405354731e-07,5.54236284709802e-05
60.1571862818117,8.02089200927147e-07,5.55959101798704e-05
60.2625403733736,1.0026944215876e-06,5.58180394754138e-05
60.3678944649354,7.11844565700012e-07,5.62716873079419e-05
60.4732485564972,1.07930375393349e-06,5.63024574875175e-05
60.5786026480591,6.67558525665568e-07,5.69158440123313e-05
60.6839567396209,1.13380010748539e-06,5.69055041772282e-05
60.7893108311828,6.69481257868573e-07,5.74712769048181e-05
60.8946649227446,1.14858894855299e-06,5.76146978994365e-05
61.0000190143064,7.19387442711219e-07,5.80001986645867e-05
61.1053731058683,1.11200616412287e-06,5.83286238712421e-05
61.2107271974301,8.00097504688536e-07,5.85984977771521e-05
61.316081288992,1.04634225130543e-06,5.89897020037644e-05
61.4214353805538,8.87411526863561e-07,5.93113091449621e-05
61.5267894721157,9.44708030136091e-07,5.96250852093765e-05
61.6321435636775,9.82357144495964e-07,6.00475593419547e-05
61.7374976552393,8.68155415032766e-07,6.03087725253754e-05
61.8428517468012,1.08284752782306e-06,6.07331670075741e-05
61.948205838363,7.97578924115098e-07,6.10926894096722e-05
62.0535599299249,1.16624414860067e-06,6.13811528837658e-05
62.1589140214867,7.5178653867478e-07,6.19272305088877e-05
62.2642681130485,1.20460251282059e-06,6.20688248827251e-05
62.3696222046104,7.47212437479307e-07,6.27198166848765e-05
62.4749762961722,1.19711555062388e-06,6.28651708961252e-05
62.5803303877341,7.80154738022275e-07,6.34361065721039e-05
62.6856844792959,1.17709855515227e-06,6.3717874231447e-05
62.7910385708578,9.39031646311014e-07,6.41496024652532e-05
62.8963926624196,1.09541880863146e-06,6.47688763878992e-05
63.0017467539814,8.24314339421429e-07,6.51422995433723e-05
63.1071008455433,9.78847877487046e-07,6.54643069432434e-05
63.2124549371051,1.02752858763242e-06,6.59721006001915e-05
63.317809028667,9.08194152729923e-07,6.63735424079112e-05
63.4231631202288,1.20220027715085e-06,6.68363571626885e-05
63.5285172117906,8.29350697062318e-07,6.72789482582e-05
63.6338713033525,1.27959872125116e-06,6.77425798501813e-05
63.7392253949143,7.85287359502132e-07,6.82819953841435e-05
63.8445794864762,1.30208254745032e-06,6.86379090806964e-05
63.949933578038,7.89903134441177e-07,6.93367274160927e-05
64.0552876695999,1.27604128157728e-06,6.95847778332903e-05
64.1606417611617,8.50349375929178e-07,7.0368253981255e-05
64.2659958527235,1.21502272625968e-06,7.06352950882825e-05
64.3713499442854,9.51395574059498e-07,7.13523314765666e-05
64.4767040358472,1.14746801012733e-06,7.17901274595889e-05
64.5820581274091,1.07019095225297e-06,7.23602572218974e-05
64.6874122189709,1.04970915649513e-06,7.29779376690007e-05
64.7927663105328,1.19144558592557e-06,7.34400772130966e-05
64.8981204020946,9.70032938395976e-07,7.41409211842508e-05
65.0034744936564,1.29851638688296e-06,7.46186660876856e-05
65.1088285852183,8.94986157472186e-07,7.53043471148413e-05
65.2141826767801,1.36383076853239e-06,7.58611191964628e-05
65.319536768342,8.56606649191894e-07,7.65248999514056e-05
65.4248908599038,1.37124025572164e-06,7.71128270847772e-05
65.5302449514656,8.74513068794358e-07,7.78279815036152e-05
65.6355990430275,1.33626133996731e-06,7.83741188646015e-05
65.7409531345893,9.38536860914551e-07,7.91771766635444e-05
65.8463072261512,1.29874933573764e-06,7.96614891027905e-05
65.951661317713,1.14389075631886e-06,8.05476809883157e-05
66.0570154092749,1.22612862648533e-06,8.12807805146997e-05
66.1623695008367,1.03813417063777e-06,8.21110260195473e-05
66.2677235923985,1.06544088090618e-06,8.25865610634853e-05
66.3730776839604,1.24423708644536e-06,8.34552189179014e-05
66.4784317755222,9.66204366150706e-07,8.42185448157186e-05
66.5837858670841,1.40370306012545e-06,8.48707779585966e-05
66.6891399586459,8.88980623225838e-07,8.58144152496967e-05
66.7944940502077,1.46083506058799e-06,8.64683449789946e-05
66.8998481417696,8.67149607400955e-07,8.74344881044051e-05
67.0052022333314,1.46175261670624e-06,8.81574202621015e-05
67.1105563248933,9.11496397509316e-07,8.91208939750707e-05
67.2159104164551,1.41706180393553e-06,8.98940428544048e-05
67.321264508017,1.01516122756243e-06,9.08992809942666e-05
67.4266185995788,1.33526406230655e-06,9.1666129168767e-05
67.5319726911406,1.14979454074249e-06,9.27555880461702e-05
67.6373267827025,1.24082731351483e-06,9.35283155038865e-05
67.7426808742643,1.28866223508073e-06,9.46705206252255e-05
67.8480349658262,1.10976625813843e-06,9.55123811173945e-05
67.953389057388,1.40662622292953e-06,9.66052937961554e-05
68.0587431489498,1.00565408698933e-06,9.7614857624308e-05
68.1640972405117,1.49901642292113e-06,9.8599770450277e-05
68.2694513320735,9.32180175114092e-07,9.980445339169e-05
68.3748054236354,1.54547781595486e-06,0.000100713775232797
68.4801595151972,9.27295302099534e-07,0.000102042143235166
68.5855136067591,1.53301903178536e-06,0.000102971706118329
68.6908676983209,9.97287000227557e-07,0.000104322769311501
68.7962217898828,1.47319170517284e-06,0.000105359142434302
68.9015758814446,1.11208024679712e-06,0.000106669512730131
69.0069299730064,1.39847854308638e-06,0.000107812520396654
69.1122840645683,1.37007855773086e-06,0.000109160645315517
69.2176381561301,1.32459103604567e-06,0.00011064409884756
69.322992247692,1.25429965250852e-06,0.0001119677481581
69.4283463392538,1.08301896077942e-06,0.000113012051410271
69.5337004308156,1.4568049785083e-06,0.000114651216352828
69.6390545223775,9.48702851864168e-07,0.000115873853539001
69.7444086139393,1.60011232015534e-06,0.00011738324350272
69.8497627055012,8.85987030148988e-07,0.000118870211276835
69.955116797063,1.64283638489164e-06,0.000120294824317567
70.0604708886248,9.12198664646308e-07,0.000122001739628546
70.1658249801867,1.62226337878688e-06,0.000123372902054777
70.2711790717485,1.02177741554548e-06,0.000125240513124248
70.3765331633104,1.54541808975764e-06,0.000126641477330903
70.4818872548722,1.18468982921359e-06,0.000128579570304384
70.5872413464341,1.42016512592415e-06,0.000130090499962128
70.6925954379959,1.35939764485492e-06,0.000132046645152009
70.7979495295577,1.27852392802943e-06,0.000133719334783296
70.9033036211196,1.52402996869507e-06,0.000135693463825552
71.0086577126814,1.10385105377184e-06,0.000137502366849298
71.1140118042433,1.64680876774709e-06,0.000139510609351073
71.2193658958051,9.76572654092688e-07,0.000141457111311821
71.324719987367,1.73312559036947e-06,0.000143503360059765
71.4300740789288,9.21396647020602e-07,0.000145615728899072
71.5354281704906,1.76239250445486e-06,0.000147675617199297
71.6407822620525,9.81530859316024e-07,0.00014998873141193
71.7461363536143,1.71927518821971e-06,0.000152042801022845
71.8514904451762,1.13644880091809e-06,0.000154558688847918
71.956844536738,1.61320785118378e-06,0.000156641663909877
72.0621986282998,1.33026206982859e-06,0.000159289214229793
72.1675527198617,1.47389965976223e-06,0.000161478851828475
72.2729068114235,1.6656382458326e-06,0.000164231654079062
72.3782609029854,1.40465674769999e-06,0.000167005726872312
72.4836149945472,1.53772166978198e-06,0.000169571017856869
72.5889690861091,1.03674886459714e-06,0.000171914267736725
72.6943231776709,1.7532324449471e-06,0.000174935782403234
72.7996772692327,8.577272225239e-07,0.000177546053815536
72.9050313607946,1.87921490675742e-06,0.000180501181907223
73.0103854523564,8.36065502194954e-07,0.000183426269850247
73.1157395439183,1.8942549406461e-06,0.000186393585082973
73.2210936354801,9.67443013881477e-07,0.000189565718764811
73.326447727042,1.8255776453584e-06,0.000192562237610719
73.4318018186038,1.19555685456029e-06,0.000195973838507243
73.5371559101656,1.6807956288686e-06,0.000199007581749901
73.6425100017275,1.45432238725012e-06,0.000202638288666941
73.7478640932893,1.471449922905e-06,0.00020573518256486
73.8532181848512,1.69173319069406e-06,0.000209544638554327
73.958572276413,1.23964367097901e-06,0.000212781745283798
74.0639263679748,1.89319978093401e-06,0.000216695897372607
74.1692804595367,9.87936377170385e-07,0.000220120437151912
74.2746345510985,2.01796832584993e-06,0.00022406598775175
74.3799886426604,8.39729753283651e-07,0.000227748247199253
74.4853427342222,2.07666106731444e-06,0.000231671390668098
74.5906968257841,8.78428231580314e-07,0.000235637077816719
74.6960509173459,2.04913607537141e-06,0.000239521764942551
74.8014050089077,1.10924423804438e-06,0.00024375337084303
74.9067591004696,1.92091029542191e-06,0.000247609937818538
75.0121131920314,1.42259366343332e-06,0.000252058824758618
75.1174672835933,1.7029595719981e-06,0.000255918259626071
75.2228213751551,1.73893772299854e-06,0.000260501003680506
75.3281754667169,1.42127513379475e-06,0.000264411924026953
75.4335295582788,2.14663237204036e-06,0.000269083975919248
75.5388836498406,1.41380461244911e-06,0.000273734632678783
75.6442377414025,2.03369185205077e-06,0.000277890296839807
75.7495918329643,7.51009430660233e-07,0.000281726814960779
75.8549459245261,2.19184781192822e-06,0.000286548118632821
75.960300016088,6.19413113339407e-07,0.000290483199860242
76.0656541076498,2.21389519392488e-06,0.000295089833147815
76.1710081992117,8.73123854369086e-07,0.000299225439186308
76.2763622907735,2.10506103694728e-06,0.000303558320840978
76.3817163823354,1.25829228375831e-06,0.000307830828618105
76.4870704738972,1.88205697463604e-06,0.000311849892283833
76.592424565459,1.64429262307695e-06,0.000316191248195429
76.6977786570209,1.56170280576364e-06,0.000319884315630442
76.8031327485827,1.97500873147506e-06,0.000324186827253083
76.9084868401446,1.17109735319893e-06,0.000327562753980402
77.0138409317064,2.21218377734623e-06,0.000331707340472228
77.1191950232682,7.85967657665215e-07,0.000334807249875253
77.2245491148301,2.34664649125916e-06,0.000338651770217554
77.3299032063919,5.71416872944343e-07,0.000341468258436874
77.4352572979538,2.34981174667385e-06,0.000344900423061718
77.5406113895156,7.90638160229802e-07,0.0003474697540611
77.6459654810775,2.23217216622829e-06,0.000350357537266311
77.7513195726393,1.21278560927463e-06,0.000352690983408038
77.8566736642011,1.99262470131653e-06,0.000354936102304133
77.962027755763,1.64718875557865e-06,0.000357029279320601
78.0673818473248,1.63796345845269e-06,0.000358568299263645
78.1727359388867,2.01620583880851e-06,0.000360384454573924
78.2780900304485,1.19753961134416e-06,0.000361202338880724
78.3834441220104,2.28856384240315e-06,0.000362678268079876
78.4887982135722,7.37146727904363e-07,0.000362827082886397
78.594152305134,2.48323698150824e-06,0.000363827849789
78.6995063966959,6.29801820799733e-07,0.000182155570504199
