timestep:         0.0036000000000000
yAxisLabel:vertical DOF [m]     
title:bogies vertical DOF       
uv1     
  0.0000000000000000
  0.0000000000000000
  0.0000000000000000
  0.0000000000000000
 -0.0000000001120962
 -0.0000000001120962
 -0.0000000008363019
 -0.0000000008363019
 -0.0000000032676327
 -0.0000000032676327
 -0.0000000092751270
 -0.0000000092751270
 -0.0000000217820507
 -0.0000000217820507
 -0.0000000449545350
 -0.0000000449545350
 -0.0000000843240026
 -0.0000000843240026
 -0.0000001469298270
 -0.0000001469298270
 -0.0000002414399272
 -0.0000002414399272
 -0.0000003783040077
 -0.0000003783040077
 -0.0000005698966619
 -0.0000005698966619
 -0.0000008304675582
 -0.0000008304675582
 -0.0000011757220395
 -0.0000011757220395
 -0.0000016222620389
 -0.0000016222620389
 -0.0000021877298345
 -0.0000021877298345
 -0.0000028918621536
 -0.0000028918621536
 -0.0000037573932214
 -0.0000037573932214
 -0.0000048100546545
 -0.0000048100546545
 -0.0000060786169889
 -0.0000060786169889
 -0.0000075956224300
 -0.0000075956224300
 -0.0000093975900346
 -0.0000093975900346
 -0.0000115245493422
 -0.0000115245493422
 -0.0000140200668037
 -0.0000140200668037
 -0.0000169315018383
 -0.0000169315018383
 -0.0000203097173559
 -0.0000203097173559
 -0.0000242084574208
 -0.0000242084574208
 -0.0000286833029019
 -0.0000286833029019
 -0.0000337901598482
 -0.0000337901598482
 -0.0000395846627820
 -0.0000395846627820
 -0.0000461226241232
 -0.0000461226241232
 -0.0000534602034725
 -0.0000534602034725
 -0.0000616538186392
 -0.0000616538186392
 -0.0000707601535438
 -0.0000707601535438
 -0.0000808361740319
 -0.0000808361740319
 -0.0000919389386597
 -0.0000919389386597
 -0.0001041249786128
 -0.0001041249786128
 -0.0001174497427286
 -0.0001174497427286
 -0.0001319673767443
 -0.0001319673767443
 -0.0001477302751386
 -0.0001477302751386
 -0.0001647881088658
 -0.0001647881088658
 -0.0001831864694779
 -0.0001831864694779
 -0.0002029654347633
 -0.0002029654347633
 -0.0002241584536978
 -0.0002241584536978
 -0.0002467918407750
 -0.0002467918407750
 -0.0002708847592277
 -0.0002708847592277
 -0.0002964493034827
 -0.0002964493034827
 -0.0003234908187567
 -0.0003234908187567
 -0.0003520084449944
 -0.0003520084449944
 -0.0003819955045200
 -0.0003819955045200
 -0.0004134398244085
 -0.0004134398244085
 -0.0004463240593093
 -0.0004463240593093
 -0.0004806261647458
 -0.0004806261647458
 -0.0005163199165182
 -0.0005163199165182
 -0.0005533750647972
 -0.0005533750647972
 -0.0005917572615309
 -0.0005917572615309
 -0.0006314278033819
 -0.0006314278033819
 -0.0006723433801971
 -0.0006723433801971
 -0.0007144561961226
 -0.0007144561961226
 -0.0007577143000810
 -0.0007577143000810
 -0.0008020622013510
 -0.0008020622013510
 -0.0008474419582695
 -0.0008474419582695
 -0.0008937943042989
 -0.0008937943042989
 -0.0009410596884282
 -0.0009410596884282
 -0.0009891795322247
 -0.0009891795322247
 -0.0010380974372395
 -0.0010380974372395
 -0.0010877602313475
 -0.0010877602313475
 -0.0011381190063084
 -0.0011381190063084
 -0.0011891299575304
 -0.0011891299575304
 -0.0012407548784686
 -0.0012407548784686
 -0.0012929613224674
 -0.0012929613224674
 -0.0013457225883638
 -0.0013457225883638
 -0.0013990175478527
 -0.0013990175478527
 -0.0014528304443687
 -0.0014528304443687
 -0.0015071508808162
 -0.0015071508808162
 -0.0015619738818981
 -0.0015619738818981
 -0.0016172999717369
 -0.0016172999717369
 -0.0016731352043854
 -0.0016731352043854
 -0.0017294912654508
 -0.0017294912654508
 -0.0017863857354138
 -0.0017863857354138
 -0.0018438421622609
 -0.0018438421622609
 -0.0019018992029664
 -0.0019018992029664
 -0.0019606205746185
 -0.0019606205746185
 -0.0020200878713478
 -0.0020200878713478
 -0.0020803925893501
 -0.0020803925893501
 -0.0021416361091671
 -0.0021416361091671
 -0.0022039293498564
 -0.0022039293498564
 -0.0022673915875641
 -0.0022673915875641
 -0.0023321488382343
 -0.0023321488382343
 -0.0023983323340052
 -0.0023983323340052
 -0.0024660770494673
 -0.0024660770494673
 -0.0025355201359818
 -0.0025355201359818
 -0.0026067993146504
 -0.0026067993146504
 -0.0026800514367821
 -0.0026800514367821
 -0.0027554113749119
 -0.0027554113749119
 -0.0028330112777468
 -0.0028330112777468
 -0.0029129801721339
 -0.0029129801721339
 -0.0029954437454339
 -0.0029954437454339
 -0.0030805243888899
 -0.0030805243888899
 -0.0031683413488300
 -0.0031683413488300
 -0.0032590103711999
 -0.0032590103711999
 -0.0033526431099894
 -0.0033526431099894
 -0.0034493463117031
 -0.0034493463117031
 -0.0035492203536546
 -0.0035492203536546
 -0.0036523579266571
 -0.0036523579266571
 -0.0037588429804262
 -0.0037588429804262
 -0.0038687493482560
 -0.0038687493482560
 -0.0039821394754665
 -0.0039821394754665
 -0.0040990635582350
 -0.0040990635582350
 -0.0042195588505312
 -0.0042195588505312
 -0.0043436491436677
 -0.0043436491436677
 -0.0044713449398390
 -0.0044713449398390
 -0.0046026444566689
 -0.0046026444566689
 -0.0047375346924825
 -0.0047375346924825
 -0.0048759922249903
 -0.0048759922249903
 -0.0050179841129518
 -0.0050179841129518
 -0.0051634686965927
 -0.0051634686965927
 -0.0053123958703355
 -0.0053123958703355
 -0.0054647071100712
 -0.0054647071100712
 -0.0056203356567398
 -0.0056203356567398
 -0.0057792067983735
 -0.0057792067983735
 -0.0059412381248097
 -0.0059412381248097
 -0.0061063397650163
 -0.0061063397650163
 -0.0062744145245624
 -0.0062744145245624
 -0.0064453581694912
 -0.0064453581694912
 -0.0066190603736867
 -0.0066190603736867
 -0.0067954062946249
 -0.0067954062946249
 -0.0069742783253068
 -0.0069742783253068
 -0.0071555577682243
 -0.0071555577682243
 -0.0073391266114124
 -0.0073391266114124
 -0.0075248692873216
 -0.0075248692873216
 -0.0077126738299722
 -0.0077126738299722
 -0.0079024324652158
 -0.0079024324652158
 -0.0080940420729609
 -0.0080940420729609
 -0.0082874047317676
 -0.0082874047317676
 -0.0084824281887601
 -0.0084824281887601
 -0.0086790258870732
 -0.0086790258870732
 -0.0088771166534014
 -0.0088771166534014
 -0.0090766244135910
 -0.0090766244135910
 -0.0092774781702034
 -0.0092774781702034
 -0.0094796122755292
 -0.0094796122755292
 -0.0096829667472275
 -0.0096829667472275
 -0.0098874876539357
 -0.0098874876539357
 -0.0100931277341199
 -0.0100931277341199
 -0.0102998468670975
 -0.0102998468670975
 -0.0105076120783312
 -0.0105076120783312
 -0.0107163971285525
 -0.0107163971285525
 -0.0109261818131732
 -0.0109261818131732
 -0.0111369512157690
 -0.0111369512157690
 -0.0113486948751999
 -0.0113486948751999
 -0.0115614056531802
 -0.0115614056531802
 -0.0117750783824353
 -0.0117750783824353
 -0.0119897085248542
 -0.0119897085248542
 -0.0122052909749451
 -0.0122052909749451
 -0.0124218189410959
 -0.0124218189410959
 -0.0126392829555304
 -0.0126392829555304
 -0.0128576701402997
 -0.0128576701402997
 -0.0130769636894463
 -0.0130769636894463
 -0.0132971424645408
 -0.0132971424645408
 -0.0135181805083271
 -0.0135181805083271
 -0.0137400464740369
 -0.0137400464740369
 -0.0139627030284442
 -0.0139627030284442
 -0.0141861061495179
 -0.0141861061495179
 -0.0144102044521190
 -0.0144102044521190
 -0.0146349385682933
 -0.0146349385682933
 -0.0148602405357153
 -0.0148602405357153
 -0.0150860333732436
 -0.0150860333732436
 -0.0153122308058590
 -0.0153122308058590
 -0.0155387370681290
 -0.0155387370681290
 -0.0157654468429441
 -0.0157654468429441
 -0.0159922453250579
 -0.0159922453250579
 -0.0162190084766167
 -0.0162190084766167
 -0.0164456034041915
 -0.0164456034041915
 -0.0166718888267050
 -0.0166718888267050
 -0.0168977157496344
 -0.0168977157496344
 -0.0171229281593038
 -0.0171229281593038
 -0.0173473636149762
 -0.0173473636149762
 -0.0175708538160337
 -0.0175708538160337
 -0.0177932251957097
 -0.0177932251957097
 -0.0180142997195450
 -0.0180142997195450
 -0.0182338958680924
 -0.0182338958680924
 -0.0184518296557777
 -0.0184518296557777
 -0.0186679156950898
 -0.0186679156950898
 -0.0188819682344211
 -0.0188819682344211
 -0.0190938020812677
 -0.0190938020812677
 -0.0193032333340269
 -0.0193032333340269
 -0.0195100799347823
 -0.0195100799347823
 -0.0197141622557459
 -0.0197141622557459
 -0.0199153038172847
 -0.0199153038172847
 -0.0201133319650779
 -0.0201133319650779
 -0.0203080782900335
 -0.0203080782900335
 -0.0204993788287421
 -0.0204993788287421
 -0.0206870742525496
 -0.0206870742525496
 -0.0208710101711814
 -0.0208710101711814
 -0.0210510375746357
 -0.0210510375746357
 -0.0212270133388733
 -0.0212270133388733
 -0.0213988008060555
 -0.0213988008060555
 -0.0215662704172112
 -0.0215662704172112
 -0.0217293000817676
 -0.0217293000817676
 -0.0218877751341941
 -0.0218877751341941
 -0.0220415879907699
 -0.0220415879907699
 -0.0221906376783952
 -0.0221906376783952
 -0.0223348294318571
 -0.0223348294318571
 -0.0224740742145475
 -0.0224740742145475
 -0.0226082879739762
 -0.0226082879739762
 -0.0227373907288391
 -0.0227373907288391
 -0.0228613055674931
 -0.0228613055674931
 -0.0229799577043590
 -0.0229799577043590
 -0.0230932737328760
 -0.0230932737328760
 -0.0232011811311709
 -0.0232011811311709
 -0.0233036081177119
 -0.0233036081177119
 -0.0234004837499654
 -0.0234004837499654
 -0.0234917380188442
 -0.0234917380188442
 -0.0235773017527756
 -0.0235773017527756
 -0.0236571062848228
 -0.0236571062848228
 -0.0237310830469017
 -0.0237310830469017
 -0.0237991631762674
 -0.0237991631762674
 -0.0238612770777829
 -0.0238612770777829
 -0.0239173539045134
 -0.0239173539045134
 -0.0239673209169106
 -0.0239673209169106
 -0.0240111027418729
 -0.0240111027418729
 -0.0240486206315254
 -0.0240486206315254
 -0.0240797918741933
 -0.0240797918741933
 -0.0241045295174531
 -0.0241045295174531
 -0.0241227425064053
 -0.0241227425064053
 -0.0241343362366365
 -0.0241343362366365
 -0.0241392133418790
 -0.0241392133418790
 -0.0241372745503554
 -0.0241372745503554
 -0.0241284195506120
 -0.0241284195506120
 -0.0241125477830018
 -0.0241125477830018
 -0.0240895591624702
 -0.0240895591624702
 -0.0240593547392191
 -0.0240593547392191
 -0.0240218372254938
 -0.0240218372254938
 -0.0239769113966216
 -0.0239769113966216
 -0.0239244843305325
 -0.0239244843305325
 -0.0238644654827758
 -0.0238644654827758
 -0.0237967667467380
 -0.0237967667467380
 -0.0237213026122607
 -0.0237213026122607
 -0.0236379905365273
 -0.0236379905365273
 -0.0235467515722625
 -0.0235467515722625
 -0.0234475112043119
 -0.0234475112043119
 -0.0233402004093929
 -0.0233402004093929
 -0.0232247568398336
 -0.0232247568398336
 -0.0231011259751885
 -0.0231011259751885
 -0.0229692621498743
 -0.0229692621498743
 -0.0228291293713806
 -0.0228291293713806
 -0.0226807019548241
 -0.0226807019548241
 -0.0225239649593036
 -0.0225239649593036
 -0.0223589143547542
 -0.0223589143547542
 -0.0221855569726615
 -0.0221855569726615
 -0.0220039239523939
 -0.0220039239523939
 -0.0218140841237208
 -0.0218140841237208
 -0.0216161310199619
 -0.0216161310199619
 -0.0214101700583604
 -0.0214101700583604
 -0.0211963191769300
 -0.0211963191769300
 -0.0209747095117810
 -0.0209747095117810
 -0.0207454850887963
 -0.0207454850887963
 -0.0205088022724452
 -0.0205088022724452
 -0.0202648294335127
 -0.0202648294335127
 -0.0200137463996018
 -0.0200137463996018
 -0.0197557435839299
 -0.0197557435839299
 -0.0194910206648680
 -0.0194910206648680
 -0.0192197847753787
 -0.0192197847753787
 -0.0189422486585267
 -0.0189422486585267
 -0.0186586293720917
 -0.0186586293720917
 -0.0183691476732709
 -0.0183691476732709
 -0.0180740276991774
 -0.0180740276991774
 -0.0177734968296018
 -0.0177734968296018
 -0.0174677858741915
 -0.0174677858741915
 -0.0171571291796096
 -0.0171571291796096
 -0.0168417641498077
 -0.0168417641498077
 -0.0165219306644275
 -0.0165219306644275
 -0.0161978708853574
 -0.0161978708853574
 -0.0158698287855097
 -0.0158698287855097
 -0.0155380490359482
 -0.0155380490359482
 -0.0152027757460574
 -0.0152027757460574
 -0.0148642508476791
 -0.0148642508476791
 -0.0145227117799307
 -0.0145227117799307
 -0.0141783892670728
 -0.0141783892670728
 -0.0138315059402346
 -0.0138315059402346
 -0.0134822759280645
 -0.0134822759280645
 -0.0131309051752571
 -0.0131309051752571
 -0.0127775916168376
 -0.0127775916168376
 -0.0124225248736066
 -0.0124225248736066
 -0.0120658862329847
 -0.0120658862329847
 -0.0117078491064023
 -0.0117078491064023
 -0.0113485794398210
 -0.0113485794398210
 -0.0109882359486509
 -0.0109882359486509
 -0.0106269703732422
 -0.0106269703732422
 -0.0102649277971480
 -0.0102649277971480
 -0.0099022465462879
 -0.0099022465462879
 -0.0095390572513395
 -0.0095390572513395
 -0.0091754815753594
 -0.0091754815753594
 -0.0088116315409152
 -0.0088116315409152
 -0.0084476101319277
 -0.0084476101319277
 -0.0080835128177470
 -0.0080835128177470
 -0.0077194286812443
 -0.0077194286812443
 -0.0073554409218273
 -0.0073554409218273
 -0.0069916278691182
 -0.0069916278691182
 -0.0066280646579206
 -0.0066280646579206
 -0.0062648245494724
 -0.0062648245494724
 -0.0059019798137526
 -0.0059019798137526
 -0.0055396029617120
 -0.0055396029617120
 -0.0051777682887849
 -0.0051777682887849
 -0.0048165528656754
 -0.0048165528656754
 -0.0044560364465289
 -0.0044560364465289
 -0.0040963007926494
 -0.0040963007926494
 -0.0037374293958581
 -0.0037374293958581
 -0.0033795079412819
 -0.0033795079412819
 -0.0030226252194289
 -0.0030226252194289
 -0.0026668738760450
 -0.0026668738760450
 -0.0023123505780030
 -0.0023123505780030
 -0.0019591562662202
 -0.0019591562662202
 -0.0016073969939616
 -0.0016073969939616
 -0.0012571844057797
 -0.0012571844057797
 -0.0009086355256137
 -0.0009086355256137
 -0.0005618729027348
 -0.0005618729027348
 -0.0002170251633027
 -0.0002170251633027
  0.0001257730187579
  0.0001257730187579
  0.0004663817136595
  0.0004663817136595
  0.0008046568334295
  0.0008046568334295
  0.0011404511033029
  0.0011404511033029
  0.0014736146984230
  0.0014736146984230
  0.0018039957051494
  0.0018039957051494
  0.0021314406532579
  0.0021314406532579
  0.0024557951614278
  0.0024557951614278
  0.0027769045039366
  0.0027769045039366
  0.0030946140506064
  0.0030946140506064
  0.0034087697868512
  0.0034087697868512
  0.0037192189240963
  0.0037192189240963
  0.0040258104473470
  0.0040258104473470
  0.0043283969052147
  0.0043283969052147
  0.0046268364632848
  0.0046268364632848
  0.0049209926496030
  0.0049209926496030
  0.0052107337210661
  0.0052107337210661
  0.0054959328995835
  0.0054959328995835
  0.0057764685619238
  0.0057764685619238
  0.0060522243859622
  0.0060522243859622
  0.0063230894562116
  0.0063230894562116
  0.0065889583316484
  0.0065889583316484
  0.0068497310789231
  0.0068497310789231
  0.0071053132740800
  0.0071053132740800
  0.0073556159759167
  0.0073556159759167
  0.0076005556740806
  0.0076005556740806
  0.0078400542149431
  0.0078400542149431
  0.0080740387082097
  0.0080740387082097
  0.0083024414171080
  0.0083024414171080
  0.0085251996348681
  0.0085251996348681
  0.0087422555500778
  0.0087422555500778
  0.0089535561033358
  0.0089535561033358
  0.0091590528374573
  0.0091590528374573
  0.0093587017433164
  0.0093587017433164
  0.0095524631032338
  0.0095524631032338
  0.0097403013336432
  0.0097403013336432
  0.0099221848285933
  0.0099221848285933
  0.0100980858054568
  0.0100980858054568
  0.0102679801540512
  0.0102679801540512
  0.0104318472902052
  0.0104318472902052
  0.0105896700146465
  0.0105896700146465
  0.0107414343779360
  0.0107414343779360
  0.0108871295520167
  0.0108871295520167
  0.0110267477088096
  0.0110267477088096
  0.0111602839061679
  0.0111602839061679
  0.0112877359813866
  0.0112877359813866
  0.0114091044523434
  0.0114091044523434
  0.0115243924262540
  0.0115243924262540
  0.0116336055159409
  0.0116336055159409
  0.0117367517634327
  0.0117367517634327
  0.0118338415706571
  0.0118338415706571
  0.0119248876369104
  0.0119248876369104
  0.0120099049027537
  0.0120099049027537
  0.0120889104999377
  0.0120889104999377
  0.0121619237069337
  0.0121619237069337
  0.0122289659096281
  0.0122289659096281
  0.0122900605667079
  0.0122900605667079
  0.0123452331792591
  0.0123452331792591
  0.0123945112641031
  0.0123945112641031
  0.0124379243304035
  0.0124379243304035
  0.0124755038590652
  0.0124755038590652
  0.0125072832844698
  0.0125072832844698
  0.0125332979781057
  0.0125332979781057
  0.0125535852336692
  0.0125535852336692
  0.0125681842532445
  0.0125681842532445
  0.0125771361341764
  0.0125771361341764
  0.0125804838562837
  0.0125804838562837
  0.0125782722690905
  0.0125782722690905
  0.0125705480787753
  0.0125705480787753
  0.0125573598345804
  0.0125573598345804
  0.0125387579144329
  0.0125387579144329
  0.0125147945095615
  0.0125147945095615
  0.0124855236079301
  0.0124855236079301
  0.0124510009763407
  0.0124510009763407
  0.0124112841410655
  0.0124112841410655
  0.0123664323669067
  0.0123664323669067
  0.0123165066346017
  0.0123165066346017
  0.0122615696165185
  0.0122615696165185
  0.0122016856506116
  0.0122016856506116
  0.0121369207126162
  0.0121369207126162
  0.0120673423864778
  0.0120673423864778
  0.0119930198330410
  0.0119930198330410
  0.0119140237570362
  0.0119140237570362
  0.0118304263724056
  0.0118304263724056
  0.0117423013660240
  0.0117423013660240
  0.0116497238598858
  0.0116497238598858
  0.0115527703718330
  0.0115527703718330
  0.0114515187749171
  0.0114515187749171
  0.0113460482554759
  0.0113460482554759
  0.0112364392700215
  0.0112364392700215
  0.0111227735010347
  0.0111227735010347
  0.0110051338117681
  0.0110051338117681
  0.0108836042001622
  0.0108836042001622
  0.0107582697519721
  0.0107582697519721
  0.0106292165931973
  0.0106292165931973
  0.0104965318419197
  0.0104965318419197
  0.0103603035596502
  0.0103603035596502
  0.0102206207022700
  0.0102206207022700
  0.0100775730706574
  0.0100775730706574
  0.0099312512610854
  0.0099312512610854
  0.0097817466154722
  0.0097817466154722
  0.0096291511715688
  0.0096291511715688
  0.0094735576131497
  0.0094735576131497
  0.0093150592202762
  0.0093150592202762
  0.0091537498196944
  0.0091537498196944
  0.0089897237354289
  0.0089897237354289
  0.0088230757396299
  0.0088230757396299
  0.0086539010037207
  0.0086539010037207
  0.0084822950498836
  0.0084822950498836
  0.0083083537029322
  0.0083083537029322
  0.0081321730426089
  0.0081321730426089
  0.0079538493563342
  0.0079538493563342
  0.0077734790924383
  0.0077734790924383
  0.0075911588138980
  0.0075911588138980
  0.0074069851526032
  0.0074069851526032
  0.0072210547641729
  0.0072210547641729
  0.0070334642833360
  0.0070334642833360
  0.0068443102798861
  0.0068443102798861
  0.0066536892152243
  0.0066536892152243
  0.0064616973994983
  0.0064616973994983
  0.0062684309493478
  0.0062684309493478
  0.0060739857462605
  0.0060739857462605
  0.0058784573955375
  0.0058784573955375
  0.0056819411858769
  0.0056819411858769
  0.0054845320495782
  0.0054845320495782
  0.0052863245233671
  0.0052863245233671
  0.0050874127098394
  0.0050874127098394
  0.0048878902395271
  0.0048878902395271
  0.0046878502335843
  0.0046878502335843
  0.0044873852670969
  0.0044873852670969
  0.0042865873330135
  0.0042865873330135
  0.0040855478066953
  0.0040855478066953
  0.0038843574110873
  0.0038843574110873
  0.0036831061825097
  0.0036831061825097
  0.0034818834370727
  0.0034818834370727
  0.0032807777377130
  0.0032807777377130
  0.0030798768618523
  0.0030798768618523
  0.0028792677696793
  0.0028792677696793
  0.0026790365730611
  0.0026790365730611
  0.0024792685050809
  0.0024792685050809
  0.0022800478902070
  0.0022800478902070
  0.0020814581150951
  0.0020814581150951
  0.0018835816000274
  0.0018835816000274
  0.0016864997709927
  0.0016864997709927
  0.0014902930324111
  0.0014902930324111
  0.0012950407405063
  0.0012950407405063
  0.0011008211773297
  0.0011008211773297
  0.0009077115254431
  0.0009077115254431
  0.0007157878432620
  0.0007157878432620
  0.0005251250410664
  0.0005251250410664
  0.0003357968576817
  0.0003357968576817
  0.0001478758378366
  0.0001478758378366
 -0.0000385666897985
 -0.0000385666897985
 -0.0002234606338867
 -0.0002234606338867
 -0.0004067371610101
 -0.0004067371610101
 -0.0005883287155592
 -0.0005883287155592
 -0.0007681690389237
 -0.0007681690389237
 -0.0009461931879788
 -0.0009461931879788
 -0.0011223375528641
 -0.0011223375528641
 -0.0012965398740511
 -0.0012965398740511
 -0.0014687392586947
 -0.0014687392586947
 -0.0016388761962674
 -0.0016388761962674
 -0.0018068925734718
 -0.0018068925734718
 -0.0019727316884309
 -0.0019727316884309
 -0.0021363382641507
 -0.0021363382641507
 -0.0022976584612559
 -0.0022976584612559
 -0.0024566398899977
 -0.0024566398899977
 -0.0026132316215312
 -0.0026132316215312
 -0.0027673841984629
 -0.0027673841984629
 -0.0029190496446664
 -0.0029190496446664
 -0.0030681814743682
 -0.0030681814743682
 -0.0032147347005051
 -0.0032147347005051
 -0.0033586658423528
 -0.0033586658423528
 -0.0034999329324273
 -0.0034999329324273
 -0.0036384955226609
 -0.0036384955226609
 -0.0037743146898550
 -0.0037743146898550
 -0.0039073530404152
 -0.0039073530404152
 -0.0040375747143692
 -0.0040375747143692
 -0.0041649453886699
 -0.0041649453886699
 -0.0042894322797893
 -0.0042894322797893
 -0.0044110041456096
 -0.0044110041456096
 -0.0045296312866128
 -0.0045296312866128
 -0.0046452855463756
 -0.0046452855463756
 -0.0047579403113727
 -0.0047579403113727
 -0.0048675705100961
 -0.0048675705100961
 -0.0049741526114979
 -0.0049741526114979
 -0.0050776646227605
 -0.0050776646227605
 -0.0051780860864014
 -0.0051780860864014
 -0.0052753980767182
 -0.0052753980767182
 -0.0053695831955818
 -0.0053695831955818
 -0.0054606255675887
 -0.0054606255675887
 -0.0055485108345757
 -0.0055485108345757
 -0.0056332261495052
 -0.0056332261495052
 -0.0057147601697288
 -0.0057147601697288
 -0.0057931030496428
 -0.0057931030496428
 -0.0058682464327384
 -0.0058682464327384
 -0.0059401834430581
 -0.0059401834430581
 -0.0060089086760641
 -0.0060089086760641
 -0.0060744181889308
 -0.0060744181889308
 -0.0061367094902723
 -0.0061367094902723
 -0.0061957815293121
 -0.0061957815293121
 -0.0062516346845018
 -0.0062516346845018
 -0.0063042707516016
 -0.0063042707516016
 -0.0063536929312353
 -0.0063536929312353
 -0.0063999058159260
 -0.0063999058159260
 -0.0064429153766234
 -0.0064429153766234
 -0.0064827289487315
 -0.0064827289487315
 -0.0065193552176491
 -0.0065193552176491
 -0.0065528042038363
 -0.0065528042038363
 -0.0065830872474133
 -0.0065830872474133
 -0.0066102169923043
 -0.0066102169923043
 -0.0066342073699345
 -0.0066342073699345
 -0.0066550735824938
 -0.0066550735824938
 -0.0066728320857806
 -0.0066728320857806
 -0.0066875005716341
 -0.0066875005716341
 -0.0066990979499630
 -0.0066990979499630
 -0.0067076443303854
 -0.0067076443303854
 -0.0067131610034941
 -0.0067131610034941
 -0.0067156704217544
 -0.0067156704217544
 -0.0067151961800468
 -0.0067151961800468
 -0.0067117629958646
 -0.0067117629958646
 -0.0067053966891800
 -0.0067053966891800
 -0.0066961241619922
 -0.0066961241619922
 -0.0066839733775665
 -0.0066839733775665
 -0.0066689733393754
 -0.0066689733393754
 -0.0066511540697541
 -0.0066511540697541
 -0.0066305465882807
 -0.0066305465882807
 -0.0066071828898990
 -0.0066071828898990
 -0.0065810959227903
 -0.0065810959227903
 -0.0065523195660044
 -0.0065523195660044
 -0.0065208886068632
 -0.0065208886068632
 -0.0064868387181542
 -0.0064868387181542
 -0.0064502064351187
 -0.0064502064351187
 -0.0064110291322493
 -0.0064110291322493
 -0.0063693449999063
 -0.0063693449999063
 -0.0063251930207665
 -0.0063251930207665
 -0.0062786129461184
 -0.0062786129461184
 -0.0062296452720139
 -0.0062296452720139
 -0.0061783312152835
 -0.0061783312152835
 -0.0061247126894318
 -0.0061247126894318
 -0.0060688322804253
 -0.0060688322804253
 -0.0060107332223831
 -0.0060107332223831
 -0.0059504593731785
 -0.0059504593731785
 -0.0058880551899674
 -0.0058880551899674
 -0.0058235657046530
 -0.0058235657046530
 -0.0057570364992996
 -0.0057570364992996
 -0.0056885136815034
 -0.0056885136815034
 -0.0056180438597310
 -0.0056180438597310
 -0.0055456741186465
 -0.0055456741186465
 -0.0054714519944284
 -0.0054714519944284
 -0.0053954254500878
 -0.0053954254500878
 -0.0053176428508021
 -0.0053176428508021
 -0.0052381529392737
 -0.0052381529392737
 -0.0051570048111244
 -0.0051570048111244
 -0.0050742478903373
 -0.0050742478903373
 -0.0049899319047530
 -0.0049899319047530
 -0.0049041068616318
 -0.0049041068616318
 -0.0048168230232977
 -0.0048168230232977
 -0.0047281308828689
 -0.0047281308828689
 -0.0046380811400834
 -0.0046380811400834
 -0.0045467246772326
 -0.0045467246772326
 -0.0044541125352125
 -0.0044541125352125
 -0.0043602958897010
 -0.0043602958897010
 -0.0042653260274731
 -0.0042653260274731
