timestep:         0.0036000000000000
yAxisLabel:acceleration [m/s2]  
title:bogies acceleration       
av1     
  0.0000000000000000
  0.0000000000000000
  0.0000000000000000
  0.0000000000000000
 -0.0000342542075336
 -0.0000342542075336
 -0.0001192207777170
 -0.0001192207777170
 -0.0002520158811810
 -0.0002520158811810
 -0.0004769223035443
 -0.0004769223035443
 -0.0007947070260392
 -0.0007947070260392
 -0.0012180890453323
 -0.0012180890453323
 -0.0017585425037462
 -0.0017585425037462
 -0.0024244739927553
 -0.0024244739927553
 -0.0032248419094151
 -0.0032248419094151
 -0.0041804942046446
 -0.0041804942046446
 -0.0052850985170390
 -0.0052850985170390
 -0.0065155360572684
 -0.0065155360572684
 -0.0077956317655288
 -0.0077956317655288
 -0.0091280364766464
 -0.0091280364766464
 -0.0106260964496772
 -0.0106260964496772
 -0.0123848879840687
 -0.0123848879840687
 -0.0143810012434802
 -0.0143810012434802
 -0.0165675636077723
 -0.0165675636077723
 -0.0190730239712012
 -0.0190730239712012
 -0.0219128979486722
 -0.0219128979486722
 -0.0249932568105226
 -0.0249932568105226
 -0.0283423682101923
 -0.0283423682101923
 -0.0320044040824563
 -0.0320044040824563
 -0.0359424373886731
 -0.0359424373886731
 -0.0400978317006946
 -0.0400978317006946
 -0.0444327164539025
 -0.0444327164539025
 -0.0487604232722469
 -0.0487604232722469
 -0.0530257749962990
 -0.0530257749962990
 -0.0573386590903349
 -0.0573386590903349
 -0.0616729064257589
 -0.0616729064257589
 -0.0660243521810565
 -0.0660243521810565
 -0.0703997062266258
 -0.0703997062266258
 -0.0747921795142524
 -0.0747921795142524
 -0.0792134702762098
 -0.0792134702762098
 -0.0835892497636378
 -0.0835892497636378
 -0.0878657461543513
 -0.0878657461543513
 -0.0920527005418008
 -0.0920527005418008
 -0.0961160747841019
 -0.0961160747841019
 -0.0999767717998777
 -0.0999767717998777
 -0.1035276724561090
 -0.1035276724561090
 -0.1066440867202166
 -0.1066440867202166
 -0.1092396013072416
 -0.1092396013072416
 -0.1112668090966985
 -0.1112668090966985
 -0.1127497612447113
 -0.1127497612447113
 -0.1136821752630978
 -0.1136821752630978
 -0.1140781126872708
 -0.1140781126872708
 -0.1140135498876283
 -0.1140135498876283
 -0.1134904789502670
 -0.1134904789502670
 -0.1125489413345376
 -0.1125489413345376
 -0.1112062080601244
 -0.1112062080601244
 -0.1094874802172094
 -0.1094874802172094
 -0.1074705583396347
 -0.1074705583396347
 -0.1051354058547241
 -0.1051354058547241
 -0.1024925249479427
 -0.1024925249479427
 -0.0995185771919410
 -0.0995185771919410
 -0.0961709278664044
 -0.0961709278664044
 -0.0924800119647187
 -0.0924800119647187
 -0.0884643658964672
 -0.0884643658964672
 -0.0841584399825628
 -0.0841584399825628
 -0.0796639578597749
 -0.0796639578597749
 -0.0750784124654577
 -0.0750784124654577
 -0.0704531506024925
 -0.0704531506024925
 -0.0659088624884176
 -0.0659088624884176
 -0.0615403673550392
 -0.0615403673550392
 -0.0574105705988551
 -0.0574105705988551
 -0.0536217106271350
 -0.0536217106271350
 -0.0502267417631738
 -0.0502267417631738
 -0.0472772092293332
 -0.0472772092293332
 -0.0447702199205120
 -0.0447702199205120
 -0.0427104335774916
 -0.0427104335774916
 -0.0410870600881953
 -0.0410870600881953
 -0.0398641437025862
 -0.0398641437025862
 -0.0390619997012865
 -0.0390619997012865
 -0.0386718960978701
 -0.0386718960978701
 -0.0387102563106003
 -0.0387102563106003
 -0.0391768388505154
 -0.0391768388505154
 -0.0400653470120489
 -0.0400653470120489
 -0.0414195398501512
 -0.0414195398501512
 -0.0432394067282004
 -0.0432394067282004
 -0.0455042710215181
 -0.0455042710215181
 -0.0510485257154672
 -0.0510485257154672
 -0.0573209085494916
 -0.0573209085494916
 -0.0643999124506405
 -0.0643999124506405
 -0.0721938748616271
 -0.0721938748616271
 -0.0808019436712943
 -0.0808019436712943
 -0.0900119653810260
 -0.0900119653810260
 -0.0997858216013521
 -0.0997858216013521
 -0.1099127336906165
 -0.1099127336906165
 -0.1203818473697115
 -0.1203818473697115
 -0.1309709161295149
 -0.1309709161295149
 -0.1416522108286297
 -0.1416522108286297
 -0.1522074097368566
 -0.1522074097368566
 -0.1626561010656398
 -0.1626561010656398
 -0.1728346160917500
 -0.1728346160917500
 -0.1828201621565008
 -0.1828201621565008
 -0.1924986589771626
 -0.1924986589771626
 -0.2019538164148918
 -0.2019538164148918
 -0.2111449542679607
 -0.2111449542679607
 -0.2201167756801151
 -0.2201167756801151
 -0.2287120152211808
 -0.2287120152211808
 -0.2370174840283449
 -0.2370174840283449
 -0.2447662305112893
 -0.2447662305112893
 -0.2519550873277352
 -0.2519550873277352
 -0.2584494500295312
 -0.2584494500295312
 -0.2641966913755366
 -0.2641966913755366
 -0.2690126879769437
 -0.2690126879769437
 -0.2729250484598499
 -0.2729250484598499
 -0.2757964277672291
 -0.2757964277672291
 -0.2776599352416617
 -0.2776599352416617
 -0.2784255980564004
 -0.2784255980564004
 -0.2782921476519585
 -0.2782921476519585
 -0.2772612352234026
 -0.2772612352234026
 -0.2754603193434932
 -0.2754603193434932
 -0.2728794615250923
 -0.2728794615250923
 -0.2696889353723134
 -0.2696889353723134
 -0.2658059141798503
 -0.2658059141798503
 -0.2613108417081137
 -0.2613108417081137
 -0.2561339517094410
 -0.2561339517094410
 -0.2503906355743757
 -0.2503906355743757
 -0.2440069780316208
 -0.2440069780316208
 -0.2370940670487456
 -0.2370940670487456
 -0.2295769105863026
 -0.2295769105863026
 -0.2215371200910300
 -0.2215371200910300
 -0.2129733493716496
 -0.2129733493716496
 -0.2040977636151868
 -0.2040977636151868
 -0.1949730898508099
 -0.1949730898508099
 -0.1858025114755392
 -0.1858025114755392
 -0.1766337483675925
 -0.1766337483675925
 -0.1677158736783429
 -0.1677158736783429
 -0.1590463966080285
 -0.1590463966080285
 -0.1507397095756667
 -0.1507397095756667
 -0.1427521168878466
 -0.1427521168878466
 -0.1351992593745548
 -0.1351992593745548
 -0.1280614036382232
 -0.1280614036382232
 -0.1214078677614294
 -0.1214078677614294
 -0.1151291250752822
 -0.1151291250752822
 -0.1092786252752276
 -0.1092786252752276
 -0.1037709815867408
 -0.1037709815867408
 -0.0987160210079791
 -0.0987160210079791
 -0.0940633981418475
 -0.0940633981418475
 -0.0899016024072664
 -0.0899016024072664
 -0.0862225985198907
 -0.0862225985198907
 -0.0831446672250553
 -0.0831446672250553
 -0.0805854115585077
 -0.0805854115585077
 -0.0785936647709501
 -0.0785936647709501
 -0.0770279425489200
 -0.0770279425489200
 -0.0759064468537039
 -0.0759064468537039
 -0.0751036991552268
 -0.0751036991552268
 -0.0745958078884397
 -0.0745958078884397
 -0.0742070282569345
 -0.0742070282569345
 -0.0738956765836088
 -0.0738956765836088
 -0.0735065157079979
 -0.0735065157079979
 -0.0730221506010914
 -0.0730221506010914
 -0.0722873257002568
 -0.0722873257002568
 -0.0713239766840442
 -0.0713239766840442
 -0.0700165529729859
 -0.0700165529729859
 -0.0684141150876284
 -0.0684141150876284
 -0.0664091857646391
 -0.0664091857646391
 -0.0640178718057607
 -0.0640178718057607
 -0.0611392401540222
 -0.0611392401540222
 -0.0577749465332905
 -0.0577749465332905
 -0.0538060246717250
 -0.0538060246717250
 -0.0492603641623467
 -0.0492603641623467
 -0.0440099822445989
 -0.0440099822445989
 -0.0380940815411113
 -0.0380940815411113
 -0.0314307845712609
 -0.0314307845712609
 -0.0240597373460604
 -0.0240597373460604
 -0.0159226360126712
 -0.0159226360126712
 -0.0070773461650940
 -0.0070773461650940
  0.0025141459900437
  0.0025141459900437
  0.0127552047386252
  0.0127552047386252
  0.0236847044085124
  0.0236847044085124
  0.0351774038996425
  0.0351774038996425
  0.0472371662864521
  0.0472371662864521
  0.0597669428098871
  0.0597669428098871
  0.0727741823588954
  0.0727741823588954
  0.0861659443606215
  0.0861659443606215
  0.0999375271890589
  0.0999375271890589
  0.1139453496467536
  0.1139453496467536
  0.1281780319439480
  0.1281780319439480
  0.1424875031880552
  0.1424875031880552
  0.1568529191919126
  0.1568529191919126
  0.1711435506587604
  0.1711435506587604
  0.1853565759614040
  0.1853565759614040
  0.1994021011152396
  0.1994021011152396
  0.2132919716480071
  0.2132919716480071
  0.2269116422151006
  0.2269116422151006
  0.2402568992591630
  0.2402568992591630
  0.2532414387188632
  0.2532414387188632
  0.2659119637293690
  0.2659119637293690
  0.2781993381537922
  0.2781993381537922
  0.2901369036178587
  0.2901369036178587
  0.3016336263588303
  0.3016336263588303
  0.3127020478190950
  0.3127020478190950
  0.3232520379422206
  0.3232520379422206
  0.3332724617685153
  0.3332724617685153
  0.3426803834711781
  0.3426803834711781
  0.3515380181614143
  0.3515380181614143
  0.3598167158850339
  0.3598167158850339
  0.3676171077815731
  0.3676171077815731
  0.3749120019291119
  0.3749120019291119
  0.3817796695442726
  0.3817796695442726
  0.3882382375377009
  0.3882382375377009
  0.3944025908751188
  0.3944025908751188
  0.4003064500852242
  0.4003064500852242
  0.4060764798517167
  0.4060764798517167
  0.4117171616757190
  0.4117171616757190
  0.4173237462382567
  0.4173237462382567
  0.4228542919099842
  0.4228542919099842
  0.4283425917924278
  0.4283425917924278
  0.4337326958318887
  0.4337326958318887
  0.4390734055669527
  0.4390734055669527
  0.4443522457695163
  0.4443522457695163
  0.4496478042633913
  0.4496478042633913
  0.4549406959044266
  0.4549406959044266
  0.4603125230536114
  0.4603125230536114
  0.4657544673263811
  0.4657544673263811
  0.4713627228936424
  0.4713627228936424
  0.4771512788382275
  0.4771512788382275
  0.4832245615271279
  0.4832245615271279
  0.4895885849638838
  0.4895885849638838
  0.4963090763986115
  0.4963090763986115
  0.5033346238956231
  0.5033346238956231
  0.5106603492862867
  0.5106603492862867
  0.5181773323872138
  0.5181773323872138
  0.5258653357127876
  0.5258653357127876
  0.5336095143391153
  0.5336095143391153
  0.5413925293414534
  0.5413925293414534
  0.5491194239506481
  0.5491194239506481
  0.5567743500092233
  0.5567743500092233
  0.5642798799630929
  0.5642798799630929
  0.5716438878049477
  0.5716438878049477
  0.5788041277227761
  0.5788041277227761
  0.5858029420952587
  0.5858029420952587
  0.5925945787377144
  0.5925945787377144
  0.5992097262487418
  0.5992097262487418
  0.6055839940874673
  0.6055839940874673
  0.6117014659574791
  0.6117014659574791
  0.6174648090677776
  0.6174648090677776
  0.6228267123395267
  0.6228267123395267
  0.6276524245884171
  0.6276524245884171
  0.6318934157959293
  0.6318934157959293
  0.6354259539755778
  0.6354259539755778
  0.6382285863115107
  0.6382285863115107
  0.6402150459777010
  0.6402150459777010
  0.6413832714828467
  0.6413832714828467
  0.6416885628847322
  0.6416885628847322
  0.6411704640489468
  0.6411704640489468
  0.6398095496508006
  0.6398095496508006
  0.6334966121897599
  0.6334966121897599
  0.6262979216308023
  0.6262979216308023
  0.6181582009168289
  0.6181582009168289
  0.6091185552139023
  0.6091185552139023
  0.5989571680590399
  0.5989571680590399
  0.5878659904289076
  0.5878659904289076
  0.5757765818257327
  0.5757765818257327
  0.5628047417087985
  0.5628047417087985
  0.5488897957622998
  0.5488897957622998
  0.5342062934474457
  0.5342062934474457
  0.5187343033655115
  0.5187343033655115
  0.5027457032200412
  0.5027457032200412
  0.4862749536025849
  0.4862749536025849
  0.4695509614140240
  0.4695509614140240
  0.4524825326434450
  0.4524825326434450
  0.4352138878468701
  0.4352138878468701
  0.4176464771816236
  0.4176464771816236
  0.3998760114294581
  0.3998760114294581
  0.3817523741307402
  0.3817523741307402
  0.3634462497556192
  0.3634462497556192
  0.3449134044294731
  0.3449134044294731
  0.3262518449141205
  0.3262518449141205
  0.3073699781981817
  0.3073699781981817
  0.2884970970794551
  0.2884970970794551
  0.2696090281725909
  0.2696090281725909
  0.2509138621614352
  0.2509138621614352
  0.2325170265939913
  0.2325170265939913
  0.2147132640963050
  0.2147132640963050
  0.1974946510852509
  0.1974946510852509
  0.1810091419164522
  0.1810091419164522
  0.1650966272762908
  0.1650966272762908
  0.1498317798454897
  0.1498317798454897
  0.1351704217922815
  0.1351704217922815
  0.1212199008728718
  0.1212199008728718
  0.1078168145625605
  0.1078168145625605
  0.0950397253966268
  0.0950397253966268
  0.0827677921690283
  0.0827677921690283
  0.0710914998072597
  0.0710914998072597
  0.0598720550129256
  0.0598720550129256
  0.0491983345462234
  0.0491983345462234
  0.0390612122266485
  0.0390612122266485
  0.0296781548938372
  0.0296781548938372
  0.0210163138136980
  0.0210163138136980
  0.0131331859727024
  0.0131331859727024
  0.0057632100413211
  0.0057632100413211
 -0.0010898597610483
 -0.0010898597610483
 -0.0075178748782000
 -0.0075178748782000
 -0.0134963508982958
 -0.0134963508982958
 -0.0192934950964354
 -0.0192934950964354
 -0.0249140638071986
 -0.0249140638071986
 -0.0304894892946491
 -0.0304894892946491
 -0.0360244743562059
 -0.0360244743562059
 -0.0417574207304660
 -0.0417574207304660
 -0.0476833234087755
 -0.0476833234087755
 -0.0538811750123682
 -0.0538811750123682
 -0.0601714073314125
 -0.0601714073314125
 -0.0666254972684366
 -0.0666254972684366
 -0.0731933903028731
 -0.0731933903028731
 -0.0800455561390281
 -0.0800455561390281
 -0.0871722217481688
 -0.0871722217481688
 -0.0946547847147826
 -0.0946547847147826
 -0.1023923413384118
 -0.1023923413384118
 -0.1105821914481823
 -0.1105821914481823
 -0.1191887348015718
 -0.1191887348015718
 -0.1282354242156641
 -0.1282354242156641
 -0.1376459637541120
 -0.1376459637541120
 -0.1475930362242894
 -0.1475930362242894
 -0.1579780415963535
 -0.1579780415963535
 -0.1688180546512773
 -0.1688180546512773
 -0.1799339250479232
 -0.1799339250479232
 -0.1913282247459429
 -0.1913282247459429
 -0.2028746271894314
 -0.2028746271894314
 -0.2146261883295215
 -0.2146261883295215
 -0.2264607115420072
 -0.2264607115420072
 -0.2384055239165770
 -0.2384055239165770
 -0.2503290450609150
 -0.2503290450609150
 -0.2622918614450459
 -0.2622918614450459
 -0.2741685426404902
 -0.2741685426404902
 -0.2859891511936316
 -0.2859891511936316
 -0.2976305760775569
 -0.2976305760775569
 -0.3091397967002784
 -0.3091397967002784
 -0.3199974689177280
 -0.3199974689177280
 -0.3305584315001203
 -0.3305584315001203
 -0.3407069025343458
 -0.3407069025343458
 -0.3505179467984336
 -0.3505179467984336
 -0.3598842519153387
 -0.3598842519153387
 -0.3688867155447937
 -0.3688867155447937
 -0.3774256497807612
 -0.3774256497807612
 -0.3855869026276155
 -0.3855869026276155
 -0.3932774744718314
 -0.3932774744718314
 -0.4005872172006453
 -0.4005872172006453
 -0.4074288476520589
 -0.4074288476520589
 -0.4138952633978884
 -0.4138952633978884
 -0.4199039333229524
 -0.4199039333229524
 -0.4255498704157947
 -0.4255498704157947
 -0.4307543743912287
 -0.4307543743912287
 -0.4356137042965753
 -0.4356137042965753
 -0.4400521443166077
 -0.4400521443166077
 -0.4441664110997740
 -0.4441664110997740
 -0.4478830160866324
 -0.4478830160866324
 -0.4512984465022554
 -0.4512984465022554
 -0.4543407887166536
 -0.4543407887166536
 -0.4571057194199455
 -0.4571057194199455
 -0.4595223568190234
 -0.4595223568190234
 -0.4616850941579958
 -0.4616850941579958
 -0.4635236495897204
 -0.4635236495897204
 -0.4651307696288055
 -0.4651307696288055
 -0.4664364439531873
 -0.4664364439531873
 -0.4675315109048567
 -0.4675315109048567
 -0.4683459987515456
 -0.4683459987515456
 -0.4689686706729553
 -0.4689686706729553
 -0.4693294516237386
 -0.4693294516237386
 -0.4695149414275982
 -0.4695149414275982
 -0.4694548924112384
 -0.4694548924112384
 -0.4692337263261792
 -0.4692337263261792
 -0.4687810186248451
 -0.4687810186248451
 -0.4681790535138825
 -0.4681790535138825
 -0.4673572762068118
 -0.4673572762068118
 -0.4663959164350410
 -0.4663959164350410
 -0.4652243767041850
 -0.4652243767041850
 -0.4639209504273418
 -0.4639209504273418
 -0.4624151100799741
 -0.4624151100799741
 -0.4607833529465699
 -0.4607833529465699
 -0.4589553488037003
 -0.4589553488037003
 -0.4570059531873153
 -0.4570059531873153
 -0.4548651725651028
 -0.4548651725651028
 -0.4526063754542962
 -0.4526063754542962
 -0.4501600410482778
 -0.4501600410482778
 -0.4475982068737877
 -0.4475982068737877
 -0.4448519569040060
 -0.4448519569040060
 -0.4419921430352362
 -0.4419921430352362
 -0.4389505754966886
 -0.4389505754966886
 -0.4357970510943360
 -0.4357970510943360
 -0.4324642161645623
 -0.4324642161645623
 -0.4290209300731574
 -0.4290209300731574
 -0.4254007665050240
 -0.4254007665050240
 -0.4216717481129730
 -0.4216717481129730
 -0.4177684474410484
 -0.4177684474410484
 -0.4137581354727686
 -0.4137581354727686
 -0.4095764417625662
 -0.4095764417625662
 -0.4052899494094038
 -0.4052899494094038
 -0.4008353822604515
 -0.4008353822604515
 -0.3962786869658219
 -0.3962786869658219
 -0.3915577048296790
 -0.3915577048296790
 -0.3867377797822548
 -0.3867377797822548
 -0.3817578792758343
 -0.3817578792758343
 -0.3766827623073312
 -0.3766827623073312
 -0.3714525203849908
 -0.3714525203849908
 -0.3661313377975422
 -0.3661313377975422
 -0.3606604135578043
 -0.3606604135578043
 -0.3551033540879267
 -0.3551033540879267
 -0.3494024448554980
 -0.3494024448554980
 -0.3436207053684103
 -0.3436207053684103
 -0.3377014774557874
 -0.3377014774557874
 -0.3317071788770209
 -0.3317071788770209
 -0.3255821707501242
 -0.3255821707501242
 -0.3193882524791357
 -0.3193882524791357
 -0.3130707665182945
 -0.3130707665182945
 -0.3066908726409611
 -0.3066908726409611
 -0.3001948551093593
 -0.3001948551093593
 -0.2936432097470379
 -0.2936432097470379
 -0.2869831245079582
 -0.2869831245079582
 -0.2802744109034467
 -0.2802744109034467
 -0.2734651198130698
 -0.2734651198130698
 -0.2666143559776980
 -0.2666143559776980
 -0.2596709977736129
 -0.2596709977736129
 -0.2526934241945329
 -0.2526934241945329
 -0.2456313057864489
 -0.2456313057864489
 -0.2385422791970820
 -0.2385422791970820
 -0.2313767726420371
 -0.2313767726420371
 -0.2241916684152434
 -0.2241916684152434
 -0.2169381227100352
 -0.2169381227100352
 -0.2096722523168814
 -0.2096722523168814
 -0.2023459146931648
 -0.2023459146931648
 -0.1950144511862129
 -0.1950144511862129
 -0.1876303981588259
 -0.1876303981588259
 -0.1802483174454038
 -0.1802483174454038
 -0.1728214019203685
 -0.1728214019203685
 -0.1654034298327185
 -0.1654034298327185
 -0.1579482337948156
 -0.1579482337948156
 -0.1505088080578639
 -0.1505088080578639
 -0.1430396087693752
 -0.1430396087693752
 -0.1355928478468357
 -0.1355928478468357
 -0.1281235894288686
 -0.1281235894288686
 -0.1206832679576094
 -0.1206832679576094
 -0.1132275432259366
 -0.1132275432259366
 -0.1058070769260824
 -0.1058070769260824
 -0.0983781135669312
 -0.0983781135669312
 -0.0909905467681426
 -0.0909905467681426
 -0.0836011969556481
 -0.0836011969556481
 -0.0762591974365778
 -0.0762591974365778
 -0.0689219345073324
 -0.0689219345073324
 -0.0616377876864122
 -0.0616377876864122
 -0.0543647018381487
 -0.0543647018381487
 -0.0471503104964112
 -0.0471503104964112
 -0.0399531089046452
 -0.0399531089046452
 -0.0328199925866365
 -0.0328199925866365
 -0.0257099983347122
 -0.0257099983347122
 -0.0186692925744220
 -0.0186692925744220
 -0.0116574458807978
 -0.0116574458807978
 -0.0047199033036671
 -0.0047199033036671
  0.0021832386053857
  0.0021832386053857
  0.0090072493012313
  0.0090072493012313
  0.0157915135496710
  0.0157915135496710
  0.0224920074025666
  0.0224920074025666
  0.0291476056313189
  0.0291476056313189
  0.0357149842465820
  0.0357149842465820
  0.0422325156625948
  0.0422325156625948
  0.0486575690075059
  0.0486575690075059
  0.0550280228766864
  0.0550280228766864
  0.0613019329493204
  0.0613019329493204
  0.0675166929963565
  0.0675166929963565
  0.0736310385427068
  0.0736310385427068
  0.0796818871682262
  0.0796818871682262
  0.0856286482992153
  0.0856286482992153
  0.0915077720251607
  0.0915077720251607
  0.0972793360305408
  0.0972793360305408
  0.1029793314416220
  0.1029793314416220
  0.1085684983308513
  0.1085684983308513
  0.1140823777500967
  0.1140823777500967
  0.1194823665184553
  0.1194823665184553
  0.1248035641514799
  0.1248035641514799
  0.1300080185143760
  0.1300080185143760
  0.1351303961996150
  0.1351303961996150
  0.1401333903958680
  0.1401333903958680
  0.1450512430286800
  0.1450512430286800
  0.1498472869358314
  0.1498472869358314
  0.1545553474617311
  0.1545553474617311
  0.1591393913455400
  0.1591393913455400
  0.1636328351880871
  0.1636328351880871
  0.1680002734073033
  0.1680002734073033
  0.1722747216281124
  0.1722747216281124
  0.1764213960883153
  0.1764213960883153
  0.1804729185163121
  0.1804729185163121
  0.1843951203451768
  0.1843951203451768
  0.1882202367707830
  0.1882202367707830
  0.1919147079054024
  0.1919147079054024
  0.1955103891705714
  0.1955103891705714
  0.1989743226531016
  0.1989743226531016
  0.2023379898249758
  0.2023379898249758
  0.2055690284009615
  0.2055690284009615
  0.2086985518963212
  0.2086985518963212
  0.2116947866806355
  0.2116947866806355
  0.2145884839816839
  0.2145884839816839
  0.2173484509202965
  0.2173484509202965
  0.2200050823370232
  0.2200050823370232
  0.2225277592735050
  0.2225277592735050
  0.2249465247115787
  0.2249465247115787
  0.2272313254021501
  0.2272313254021501
  0.2294118580252854
  0.2294118580252854
  0.2314586272800511
  0.2314586272800511
  0.2334009881229794
  0.2334009881229794
  0.2352099952968867
  0.2352099952968867
  0.2369146654088169
  0.2369146654088169
  0.2384865961202989
  0.2384865961202989
  0.2399544696621231
  0.2399544696621231
  0.2412904185551165
  0.2412904185551165
  0.2425227943905782
  0.2425227943905782
  0.2436242553577532
  0.2436242553577532
  0.2446228267135396
  0.2446228267135396
  0.2454916848343772
  0.2454916848343772
  0.2462585311685660
  0.2462585311685660
  0.2468970510497503
  0.2468970510497503
  0.2474346263030208
  0.2474346263030208
  0.2478454427604633
  0.2478454427604633
  0.2481565656060656
  0.2481565656060656
  0.2483426726679451
  0.2483426726679451
  0.2484305141354453
  0.2484305141354453
  0.2483952521930938
  0.2483952521930938
  0.2482633255655002
  0.2482633255655002
  0.2480103713149061
  0.2480103713149061
  0.2476625182087990
  0.2476625182087990
  0.2471958707766597
  0.2471958707766597
  0.2466362501212415
  0.2466362501212415
  0.2459602196599390
  0.2459602196599390
  0.2451932949855537
  0.2451932949855537
  0.2443124885782193
  0.2443124885782193
  0.2433430137792943
  0.2433430137792943
  0.2422623235063015
  0.2422623235063015
  0.2410953307817873
  0.2410953307817873
  0.2398199203422939
  0.2398199203422939
  0.2384607054389239
  0.2384607054389239
  0.2369959950321983
  0.2369959950321983
  0.2354501052909156
  0.2354501052909156
  0.2338017598081225
  0.2338017598081225
  0.2320749782448704
  0.2320749782448704
  0.2302488915294917
  0.2302488915294917
  0.2283472242993650
  0.2283472242993650
  0.2263495062810140
  0.2263495062810140
  0.2242791684765516
  0.2242791684765516
  0.2221161296413475
  0.2221161296413475
  0.2198835297254864
  0.2198835297254864
  0.2175616680404202
  0.2175616680404202
  0.2151733947045915
  0.2151733947045915
  0.2126993811588744
  0.2126993811588744
  0.2101621875904047
  0.2101621875904047
  0.2075428502049871
  0.2075428502049871
  0.2048636413379717
  0.2048636413379717
  0.2021059526220801
  0.2021059526220801
  0.1992917685828558
  0.1992917685828558
  0.1964028292571680
  0.1964028292571680
  0.1934608323358010
  0.1934608323358010
  0.1904478580304840
  0.1904478580304840
  0.1873853181248239
  0.1873853181248239
  0.1842556236559551
  0.1842556236559551
  0.1810799023656454
  0.1810799023656454
  0.1778408889951958
  0.1778408889951958
  0.1745594271180072
  0.1745594271180072
  0.1712185662635146
  0.1712185662635146
  0.1678388678357816
  0.1678388678357816
  0.1644036884812474
  0.1644036884812474
  0.1609333075174308
  0.1609333075174308
  0.1574113811311626
  0.1574113811311626
  0.1538579068949933
  0.1538579068949933
  0.1502568341227803
  0.1502568341227803
  0.1466278789633375
  0.1466278789633375
  0.1429552740676991
  0.1429552740676991
  0.1392584571031981
  0.1392584571031981
  0.1355219369744024
  0.1355219369744024
  0.1317648723132642
  0.1317648723132642
  0.1279720413130455
  0.1279720413130455
  0.1241623243382106
  0.1241623243382106
  0.1203207611961757
  0.1203207611961757
  0.1164659559080062
  0.1164659559080062
  0.1125832023362420
  0.1125832023362420
  0.1086908270381002
  0.1086908270381002
  0.1047743728075841
  0.1047743728075841
  0.1008518899319852
  0.1008518899319852
  0.0969091620605168
  0.0969091620605168
  0.0929639644381307
  0.0929639644381307
  0.0890023147788118
  0.0890023147788118
  0.0850417138378805
  0.0850417138378805