f,amplitude_1,amplitude_2
0,0.00396717262798447,0.0033795350587216
0.0750591381942736,0.00633354183449975,0.00758618408347963
0.150118276388547,0.00269880513369796,0.00458229513529955
0.225177414582821,0.000343876646377424,0.000660189763061378
0.300236552777094,0.00111663297742937,0.00216596032498131
0.375295690971368,0.000425689149213618,0.000724258808185009
0.450354829165642,0.000163878237760466,0.000136163854026206
0.525413967359915,0.000186378250939703,0.00032545112698391
0.600473105554189,7.80120853891576e-05,0.000238009498458
0.675532243748462,2.35669079367886e-05,5.48639553557436e-05
0.750591381942736,2.1929785138259e-05,1.62117227638116e-05
0.82565052013701,3.86931616461088e-05,2.75650760644961e-05
0.900709658331283,3.59453422646344e-05,5.34308398960791e-05
0.975768796525557,1.97296484779756e-05,4.70223515394571e-05
1.05082793471983,3.90374713750419e-06,4.60700291321458e-05
1.1258870729141,1.09976155081895e-05,6.7357926450877e-05
1.20094621110838,3.54930076798644e-05,8.46713859015826e-05
1.27600534930265,9.77297338738923e-05,0.000409729912607181
1.35106448749692,0.000137794398587289,0.000790708676812439
1.4261236256912,7.99052291104285e-05,0.000430028507777852
1.50118276388547,4.89349504474544e-05,0.00083826118776368
1.57624190207975,2.83961624699569e-05,0.000607422304260689
1.65130104027402,4.27254783104033e-05,0.00019447285747145
1.72636017846829,7.40318707552549e-06,4.74933306793154e-05
1.80141931666257,6.6965177073335e-05,9.7294554564152e-05
1.87647845485684,8.91537366372892e-05,5.95811562003986e-05
1.95153759305111,0.000159767958296779,4.98415203770964e-05
2.02659673124539,6.80310409028663e-05,1.21206124476428e-05
2.10165586943966,4.88823049958137e-05,2.27118877645888e-05
2.17671500763393,1.49462067024876e-05,1.50322615777174e-05
2.25177414582821,5.3595853558087e-06,1.15651872921395e-05
2.32683328402248,6.04993818301785e-06,9.21910498889254e-06
2.40189242221676,4.96272178452757e-06,9.33661220860994e-06
2.47695156041103,3.61318885259464e-06,8.31657785928142e-06
2.5520106986053,4.62479517608233e-06,1.10169286981304e-05
2.62706983679958,2.73148162233879e-06,7.88324895682303e-06
2.70212897499385,3.48604902504336e-06,1.00114455791866e-05
2.77718811318812,3.52103846223931e-06,6.46051948779473e-06
2.8522472513824,2.22316215204434e-06,7.70937870022499e-06
2.92730638957667,3.57259696086817e-06,9.39829542711788e-06
3.00236552777094,4.01925510040541e-06,5.54406921885187e-06
3.07742466596522,8.21340868623784e-06,1.02061280419203e-05
3.15248380415949,6.56839794769411e-05,4.68699132746376e-05
3.22754294235377,1.47736902129827e-05,1.64856922783432e-05
3.30260208054804,3.05882417520123e-06,3.15544445358392e-06
3.37766121874231,6.81689300597186e-06,9.05250472336497e-06
3.45272035693659,2.84354611964745e-06,8.66185581655634e-06
3.52777949513086,2.26188400684334e-06,2.71124386578086e-06
3.60283863332513,2.38885106695942e-06,7.88896586992444e-06
3.67789777151941,3.77779099452893e-07,6.63226677628575e-06
3.75295690971368,2.84949115363177e-06,4.99116740532702e-06
3.82801604790795,5.04825081246521e-06,1.08613224179416e-05
3.90307518610223,5.93686008720293e-06,1.0427225788363e-05
3.9781343242965,4.07694621196933e-06,5.56201914022995e-06
4.05319346249077,2.55953120246462e-06,3.50074203076359e-06
4.12825260068505,1.29440543182798e-06,3.44563368997206e-06
4.20331173887932,1.074666868712e-06,3.78917536137165e-06
4.2783708770736,1.1793325711678e-06,3.31665127907847e-06
4.35343001526787,1.16726609988938e-06,3.13684243089792e-06
4.42848915346214,1.19951004499412e-06,2.65723845277408e-06
4.50354829165642,9.46615044358056e-07,2.86480993266859e-06
4.57860742985069,1.30767140733413e-06,2.57734599115218e-06
4.65366656804496,1.63894470862651e-06,2.90451392928367e-06
4.72872570623924,7.30438594887999e-07,4.04440634760069e-06
4.80378484443351,1.02217667160848e-06,2.69678388175405e-06
4.87884398262779,2.37897953189658e-06,2.65479564148829e-06
4.95390312082206,1.89811491521244e-06,6.54533881218777e-06
5.02896225901633,2.07443008233774e-06,3.12904353626364e-06
5.10402139721061,4.94436085732407e-06,1.07633386169262e-05
5.17908053540488,3.38828243660512e-06,4.28181429624598e-06
5.25413967359915,1.16738049211031e-06,2.61630765597545e-06
5.32919881179343,2.0363632113345e-06,1.80066877402961e-06
5.4042579499877,6.09798535242593e-07,2.55122583746476e-06
5.47931708818197,4.76609304244929e-07,2.63863791906956e-06
5.55437622637625,7.03709237011827e-07,2.42109228138846e-06
5.62943536457052,6.53322787118628e-07,2.40327206913636e-06
5.70449450276479,4.9219468169385e-07,2.49410609449354e-06
5.77955364095907,6.15823908610983e-07,2.31904756625469e-06
5.85461277915334,6.63821163663382e-07,2.26525596879356e-06
5.92967191734761,5.8414320247895e-07,2.19924712599841e-06
6.00473105554189,5.43658222906127e-07,2.22890346701089e-06
6.07979019373616,5.54531152664754e-07,2.14146742594328e-06
6.15484933193044,6.39103796281544e-07,2.0435109024903e-06
6.22990847012471,6.71573201132733e-07,2.04106456494288e-06
6.30496760831898,4.3100791697867e-07,1.97925882966841e-06
6.38002674651326,8.74231166234734e-07,1.53213702318309e-06
6.45508588470753,1.58665547220523e-07,1.49247616558763e-06
6.5301450229018,9.54987822033254e-07,3.50879137732847e-06
6.60520416109608,7.33597836692151e-07,3.86901924278933e-06
6.68026329929035,5.35685579872223e-07,2.49502621446689e-06
6.75532243748463,4.77161120665151e-07,1.98229029862632e-06
6.8303815756789,1.96716016762357e-07,2.7187387296016e-06
6.90544071387317,5.68884478436417e-07,1.9201907729969e-06
6.98049985206745,5.21055670712178e-07,1.88066645340363e-06
7.05555899026172,2.66864267623206e-07,2.59489456483734e-06
7.13061812845599,5.21615550406998e-07,1.93666993546153e-06
7.20567726665027,5.43182509885972e-07,1.91433723837573e-06
7.28073640484454,7.1152157671427e-07,2.80047687996186e-06
7.35579554303881,7.7235517372039e-07,1.5934821302048e-06
7.43085468123309,4.73657348529717e-07,2.33801137321744e-06
7.50591381942736,1.00381743895672e-06,2.24345962434117e-06
7.58097295762163,4.05826735222154e-07,1.74252062502915e-06
7.65603209581591,3.96513223566156e-07,1.8960100578679e-06
7.73109123401018,6.04519466364434e-07,1.65300235838435e-06
7.80615037220446,2.73445767613007e-07,1.75285410921616e-06
7.88120951039873,4.34449475980011e-07,1.75025547168833e-06
7.956268648593,5.85363110829894e-07,1.56103668043029e-06
8.03132778678728,3.22213714633534e-07,1.62089967486106e-06
8.10638692498155,4.57010411610466e-07,1.65771872647082e-06
8.18144606317582,5.33077751179357e-07,1.55425310459274e-06
8.2565052013701,2.80788013490315e-07,1.55705845483249e-06
8.33156433956437,4.03244452089985e-07,1.65792080858896e-06
8.40662347775864,5.3429317263478e-07,1.52973302600822e-06
8.48168261595292,3.58181988952192e-07,1.51127288621756e-06
8.55674175414719,4.70369011371776e-07,1.56397109997365e-06
8.63180089234146,5.6280875549505e-07,1.42710466133614e-06
8.70686003053574,2.89561908817066e-07,1.43930300815953e-06
8.78191916873001,3.89082346662406e-07,1.43242651200379e-06
8.85697830692429,5.44056557359843e-07,1.55373063427472e-06
8.93203744511856,2.69038169721267e-07,1.35583759406224e-06
9.00709658331283,6.55281621354942e-07,1.62960836564753e-06
9.08215572150711,1.03050009587488e-06,1.95037279377949e-06
9.15721485970138,8.45272139300632e-07,1.77940485335581e-06
9.23227399789565,3.60712054057687e-07,1.02312779611656e-06
9.30733313608993,1.41239039284676e-07,1.21498532745698e-06
9.3823922742842,2.74964514627221e-07,1.3067933243633e-06
9.45745141247848,2.75081978373378e-07,1.29831654128195e-06
9.53251055067275,2.63134998643067e-07,1.27189701253207e-06
9.60756968886702,2.69712790779631e-07,1.22171950720213e-06
9.6826288270613,4.16792874775821e-07,1.56002270879406e-06
9.75768796525557,4.33162230052812e-07,1.6060153669755e-06
9.83274710344984,5.15005555068944e-07,1.86498730479507e-06
9.90780624164412,4.56973873861956e-07,1.70063661525101e-06
9.98286537983839,3.44462915374249e-07,1.30257664421138e-06
10.0579245180327,3.87505240012379e-07,1.63570060570456e-06
10.1329836562269,3.20873795856099e-07,1.45788584581504e-06
10.2080427944212,3.37629116069723e-07,1.24524783076597e-06
10.2831019326155,3.66578697256907e-07,1.64957721223635e-06
10.3581610708098,3.41171496243632e-07,1.66956762934235e-06
10.433220209004,5.33246537451478e-07,7.56232608499796e-07
10.5082793471983,3.50382311243103e-07,6.4202247854962e-07
10.5833384853926,2.36665120710364e-07,1.2260092344358e-06
10.6583976235869,2.70238647266868e-07,1.18997545198137e-06
10.7334567617811,2.80065854559055e-07,1.12975364526342e-06
10.8085158999754,2.45887097176275e-07,1.18418957873465e-06
10.8835750381697,2.75255939637528e-07,1.1600133854522e-06
10.9586341763639,2.56316385280577e-07,1.12856484115689e-06
11.0336933145582,2.33355545655721e-07,1.1694418460987e-06
11.1087524527525,2.56790738501357e-07,1.15612229989347e-06
11.1838115909468,2.97691520940532e-07,1.15438352660323e-06
11.258870729141,2.73161851258086e-07,1.11445527740868e-06
11.3339298673353,2.51318942090977e-07,1.10470507980526e-06
11.4089890055296,2.91213722677186e-07,1.13711674806244e-06
11.4840481437239,3.19835739098857e-07,1.1231651871118e-06
11.5591072819181,2.04593965797908e-07,1.05484347146524e-06
11.6341664201124,5.84735662182283e-07,1.26728092590147e-06
11.7092255583067,8.57333282907749e-07,1.40903672645152e-06
11.784284696501,1.21555190217431e-06,1.52062873871402e-06
11.8593438346952,4.61973385021319e-07,7.24378630769376e-07
11.9344029728895,2.40065627161349e-07,1.04480185094665e-06
12.0094621110838,2.70446364082437e-07,1.00195789169288e-06
12.0845212492781,1.46875989250163e-07,9.39611697791904e-07
12.1595803874723,2.96177223408698e-07,1.07906768564581e-06
12.2346395256666,2.45449135438581e-07,9.84465409990824e-07
12.3096986638609,1.72884651406724e-07,9.46339304731211e-07
12.3847578020551,2.72398060756316e-07,1.04588237249349e-06
12.4598169402494,2.28703810585739e-07,9.82451445229277e-07
12.5348760784437,2.0372274565922e-07,9.62136420293296e-07
12.609935216638,2.5669780297543e-07,1.01832934929006e-06
12.6849943548322,2.21367753098887e-07,9.72583578622214e-07
12.7600534930265,2.1624116104882e-07,9.62155062821331e-07
12.8351126312208,2.41782781716758e-07,9.90507421173457e-07
12.9101717694151,2.14336206016582e-07,9.51186674770128e-07
12.9852309076093,2.36372144485773e-07,9.65982274923429e-07
13.0602900458036,2.36042787804042e-07,9.81889633968523e-07
13.1353491839979,1.83644035174275e-07,9.24109208990859e-07
13.2104083221922,2.16122122397778e-07,9.41273264795544e-07
13.2854674603864,2.13797942188558e-07,9.57395070918427e-07
13.3605265985807,1.70584237088979e-07,8.91401981802928e-07
13.435585736775,2.10543644862826e-07,9.3105991462776e-07
13.5106448749693,1.79221314253113e-07,9.48448294066945e-07
13.5857040131635,1.65560464611489e-07,8.66979767121986e-07
13.6607631513578,1.86446424567864e-07,8.86349655284123e-07
13.7358222895521,1.78863868553564e-07,8.91868492952194e-07
13.8108814277463,1.62942863899967e-07,8.25058869690704e-07
13.8859405659406,2.1132103720589e-07,8.85424325559306e-07
13.9609997041349,1.87660441747196e-07,9.10412696903572e-07
14.0360588423292,1.6530525380932e-07,8.09644973767677e-07
14.1111179805234,1.99591275234391e-07,8.60906675263238e-07
14.1861771187177,1.82436583379016e-07,8.75918146286922e-07
14.261236256912,1.0826104621723e-07,6.97496901270061e-07
14.3362953951063,2.32225570032048e-07,7.44041903035846e-07
14.4113545333005,2.48361823735736e-07,9.26580691738879e-07
14.4864136714948,2.47347614139353e-07,9.61435175274004e-07
14.5614728096891,1.95637876680735e-07,8.8902357656956e-07
14.6365319478834,2.019516159784e-07,8.70792326675857e-07
14.7115910860776,1.98642578904766e-07,8.59792945699251e-07
14.7866502242719,1.89406475262113e-07,8.63291219499029e-07
14.8617093624662,1.69384246800049e-07,8.50163751455922e-07
14.9367685006604,1.55117756996171e-07,8.07755189309925e-07
15.0118276388547,1.35142391973452e-07,7.88307438132022e-07
15.086886777049,1.24252606099838e-07,7.42537837051112e-07
15.1619459152433,1.75039275285823e-07,7.60978092419823e-07
15.2370050534375,1.59693430620846e-07,8.169290275841e-07
15.3120641916318,1.22571348901855e-07,7.63069196173895e-07
15.3871233298261,1.71343632152297e-07,7.33334191658906e-07
15.4621824680204,1.42138885700898e-07,8.04166198115146e-07
15.5372416062146,1.80037422665706e-07,7.21721409143014e-07
15.6123007444089,2.97560624340138e-07,5.35162895662664e-07
15.6873598826032,3.20128262115429e-07,7.32046840117342e-07
15.7624190207975,2.43607122351584e-07,9.37114036251666e-07
15.8374781589917,1.51048343660459e-07,8.51688528097838e-07
15.912537297186,1.78250566142051e-07,7.79941899070182e-07
15.9875964353803,1.71062207536555e-07,8.07542788757437e-07
16.0626555735746,1.66627334286128e-07,7.64220018155948e-07
16.1377147117688,1.71231993301211e-07,7.69637342373338e-07
16.2127738499631,1.61531055931583e-07,7.87094222034474e-07
16.2878329881574,1.61382495479984e-07,7.41445882523773e-07
16.3628921263516,1.77074825734425e-07,7.1827530356302e-07
16.4379512645459,1.79996455975065e-07,7.1494907778967e-07
16.5130104027402,1.74661480281561e-07,7.33303917736769e-07
16.5880695409345,1.6323325825277e-07,7.2860354885257e-07
16.6631286791287,1.80073537162721e-07,6.75494119556671e-07
16.738187817323,1.83953331181088e-07,7.06043249711623e-07
16.8132469555173,1.75729196752427e-07,6.92150842175243e-07
16.8883060937116,2.16665315215618e-07,5.34285321571746e-07
16.9633652319058,2.30759467787883e-07,6.44557831077366e-07
17.0384243701001,1.91975380586206e-07,8.05949845091449e-07
17.1134835082944,1.55326316994064e-07,7.90419496134932e-07
17.1885426464887,1.72626811662534e-07,7.13698774461693e-07
17.2636017846829,1.69942795089603e-07,7.34318212440548e-07
17.3386609228772,1.62908013721264e-07,7.16771888708136e-07
17.4137200610715,1.72510664201362e-07,6.93194656989394e-07
17.4887791992658,1.66807913237978e-07,7.17275114639093e-07
17.56383833746,1.60941418516601e-07,7.05229058781626e-07
17.6388974756543,1.71233680516215e-07,6.80122407515164e-07
17.7139566138486,1.67757543286688e-07,6.95088605891531e-07
17.7890157520428,1.61927873631461e-07,6.91900522582021e-07
17.8640748902371,1.68645892470665e-07,6.69358319032816e-07
17.9391340284314,1.65679744311561e-07,6.83148150888862e-07
18.0141931666257,1.65215052820139e-07,6.71616367568615e-07
18.0892523048199,1.71180856203565e-07,6.62925561816598e-07
18.1643114430142,1.64773253455214e-07,6.752681869942e-07
18.2393705812085,1.70478078669503e-07,6.50467130282605e-07
18.3144297194028,1.72187642168559e-07,6.46217385388341e-07
18.389488857597,1.58862541863607e-07,6.7617293147712e-07
18.4645479957913,1.65078140858794e-07,6.54547586309994e-07
18.5396071339856,1.69662876051081e-07,6.4646774200159e-07
18.6146662721799,1.54115816672987e-07,6.69394435138302e-07
18.6897254103741,1.66600617947473e-07,6.3768828800938e-07
18.7647845485684,1.6051450036435e-07,6.3472185252322e-07
18.8398436867627,1.48143742382973e-07,6.68392856200813e-07
18.914902824957,1.55459309889771e-07,6.45774557856042e-07
18.9899619631512,1.48566224790745e-07,6.619328496416e-07
19.0650211013455,1.41163397498612e-07,6.72466368199657e-07
19.1400802395398,1.56923685795063e-07,6.29111525254863e-07
19.215139377734,1.45523294054091e-07,6.40903454318063e-07
19.2901985159283,1.39499094586526e-07,6.66459619779383e-07
19.3652576541226,1.50251804440273e-07,6.25676600786262e-07
19.4403167923169,1.39721498460881e-07,6.51838289040877e-07
19.5153759305111,1.17918290561987e-07,7.21163865144231e-07
19.5904350687054,1.53737856461793e-07,6.73949320316698e-07
19.6654942068997,1.66241052056366e-07,5.8812252351418e-07
19.740553345094,1.53795690682884e-07,5.91633002733714e-07
19.8156124832882,1.47188967899782e-07,6.07898494709259e-07
19.8906716214825,1.46597219718583e-07,6.13326732892885e-07
19.9657307596768,1.46066781973275e-07,6.10822561007788e-07
20.0407898978711,1.44805728127603e-07,5.98879010127131e-07
20.1158490360653,1.38880376340492e-07,6.11740780234731e-07
20.1909081742596,1.34175681732106e-07,6.19654650682171e-07
20.2659673124539,1.34089763789298e-07,6.23179202067292e-07
20.3410264506482,1.33326289597821e-07,6.39959849002392e-07
20.4160855888424,1.40346131034154e-07,6.12839851171065e-07
20.4911447270367,1.37075294796589e-07,5.96415013127378e-07
20.566203865231,1.28358867417423e-07,6.34423633343007e-07
20.6412630034252,1.36111272669027e-07,6.15862436173726e-07
20.7163221416195,1.33281284082572e-07,5.9757529142968e-07
20.7913812798138,1.16188083680661e-07,6.84936418929339e-07
20.8664404180081,1.2741058678878e-07,6.91483727525909e-07
20.9414995562023,1.58550907348003e-07,5.84732061873863e-07
21.0165586943966,1.51565499283204e-07,5.39576653132767e-07
21.0916178325909,1.3523461712922e-07,5.80927108894143e-07
21.1666769707852,1.36786950232607e-07,5.7897332143014e-07
21.2417361089794,1.35964494916129e-07,5.79170803325767e-07
21.3167952471737,1.3329524854757e-07,5.85827534566403e-07
21.391854385368,1.34606687516157e-07,5.75540576570369e-07
21.4669135235623,1.29541537551203e-07,5.85292788656434e-07
21.5419726617565,1.23063289193772e-07,5.98118555661882e-07
21.6170317999508,1.28055534467799e-07,5.97209341696404e-07
21.6920909381451,1.29319851999368e-07,5.90078495031551e-07
21.7671500763393,1.29661346506207e-07,5.78856312234954e-07
21.8422092145336,1.24305986590685e-07,5.86726570359207e-07
21.9172683527279,1.24718351120851e-07,5.90806579036335e-07
21.9923274909222,1.27412577265167e-07,5.74304427241853e-07
22.0673866291164,1.18014262836155e-07,5.93093193335639e-07
22.1424457673107,1.22648627280653e-07,6.12459860694976e-07
22.217504905505,1.43108084128189e-07,5.71432238233892e-07
22.2925640436993,1.39191596682761e-07,5.37837573529319e-07
22.3676231818935,1.28052779454552e-07,5.55982277874277e-07
22.4426823200878,1.29716291225847e-07,5.59489098396126e-07
22.5177414582821,1.27649748691059e-07,5.51606162844295e-07
22.5928005964764,1.25785936841806e-07,5.60449797555462e-07
22.6678597346706,1.28486165966577e-07,5.5520994540681e-07
22.7429188728649,1.26305279924345e-07,5.48007779680661e-07
22.8179780110592,1.2306015842076e-07,5.56174856650904e-07
22.8930371492534,1.25661066635434e-07,5.51968122613461e-07
22.9680962874477,1.25395313197328e-07,5.46806414225186e-07
23.043155425642,1.24242378294614e-07,5.48912158622511e-07
23.1182145638363,1.24943404034684e-07,5.45462487655672e-07
23.1932737020305,1.23692036845615e-07,5.42907300001071e-07
23.2683328402248,1.22714847300614e-07,5.44151365547519e-07
23.3433919784191,1.23716272589676e-07,5.39396762478859e-07
23.4184511166134,1.21974366459388e-07,5.39327267729696e-07
23.4935102548076,1.22702761697821e-07,5.41030104877281e-07
23.5685693930019,1.25491407102813e-07,5.35035793321579e-07
23.6436285311962,1.22410792614186e-07,5.32792627420887e-07
23.7186876693905,1.22164005589715e-07,5.34174353730197e-07
23.7937468075847,1.24063588614689e-07,5.28381559075492e-07
23.868805945779,1.21060842161168e-07,5.28115543270386e-07
23.9438650839733,1.21847121420445e-07,5.29427535606566e-07
24.0189242221676,1.23960940381292e-07,5.23960894927981e-07
24.0939833603618,1.20991905822553e-07,5.22075147257082e-07
24.1690424985561,1.21187701239161e-07,5.21840799571318e-07
24.2441016367504,1.23048981916285e-07,5.17597419317667e-07
24.3191607749446,1.18002548655066e-07,5.16449960373531e-07
24.3942199131389,1.20035274257419e-07,5.19501435808529e-07
24.4692790513332,1.21451462053748e-07,5.14793862889775e-07
24.5443381895275,1.17548757424914e-07,5.1193108772767e-07
24.6193973277217,1.1850212308635e-07,5.14464596001883e-07
24.694456465916,1.24359097414594e-07,5.07583445982898e-07
24.7695156041103,1.12034268700165e-07,4.98134706329812e-07
24.8445747423046,1.13355823286339e-07,5.09551274893e-07
24.9196338804988,1.15384166434283e-07,5.09240181226915e-07
24.9946930186931,1.18282556403585e-07,5.08695689650572e-07
25.0697521568874,1.15757185545656e-07,5.04491030263217e-07
25.1448112950817,1.16747051237499e-07,5.03151195180699e-07
25.2198704332759,1.16943444316602e-07,5.03092583529835e-07
25.2949295714702,1.16210520540277e-07,5.01617335960684e-07
25.3699887096645,1.18083491021032e-07,5.00800462188465e-07
25.4450478478588,1.15658930298461e-07,4.97668132285324e-07
25.520106986053,1.15456815335415e-07,4.94370205551947e-07
25.5951661242473,1.14548607018622e-07,4.91173586824321e-07
25.6702252624416,1.1404000008679e-07,4.93778118466673e-07
25.7452844006359,1.15243844152758e-07,4.91315639648121e-07
25.8203435388301,1.14432382361069e-07,4.88116245090314e-07
25.8954026770244,1.13759354098571e-07,4.89045794984383e-07
25.9704618152187,1.14275486631122e-07,4.88626426625188e-07
26.0455209534129,1.16199987936448e-07,4.81961775017712e-07
26.1205800916072,1.05216491027825e-07,4.75024018405278e-07
26.1956392298015,1.06341391861082e-07,4.80431052487196e-07
26.2706983679958,1.13082827614174e-07,4.85405276156727e-07
26.34575750619,1.11375597094447e-07,4.81743302659466e-07
26.4208166443843,1.10119237789555e-07,4.8018998260798e-07
26.4958757825786,1.11900909396598e-07,4.79975248527379e-07
26.5709349207729,1.10743947176952e-07,4.77757993227731e-07
26.6459940589671,1.1098713162338e-07,4.77493200367087e-07
26.7210531971614,1.13959300442635e-07,4.77171064983626e-07
26.7961123353557,1.08995216680785e-07,4.72473524092417e-07
26.87117147355,1.09608057841158e-07,4.71994049770397e-07
26.9462306117442,1.08456775137003e-07,4.6992204056773e-07
27.0212897499385,1.08992522826478e-07,4.70122185330825e-07
27.0963488881328,1.09515795398113e-07,4.69577592340336e-07
27.1714080263271,1.07396468627516e-07,4.65961472400585e-07
27.2464671645213,1.08023114773751e-07,4.66925076289064e-07
27.3215263027156,1.09610670401109e-07,4.67224082403391e-07
27.3965854409099,1.02263483758039e-07,4.55159120976671e-07
27.4716445791041,1.05264896335944e-07,4.59798174772732e-07
27.5467037172984,1.04749520407447e-07,4.60260796056902e-07
27.6217628554927,1.06675894381438e-07,4.60511284440792e-07
27.696821993687,1.05864522156882e-07,4.58636278073784e-07
27.7718811318812,1.05827824142955e-07,4.58560104206078e-07
27.8469402700755,1.05296843599346e-07,4.56335874342862e-07
27.9219994082698,1.05165109025461e-07,4.55475159533386e-07
27.9970585464641,1.0560888442274e-07,4.55941109566155e-07
28.0721176846583,1.04707471468867e-07,4.53320697049419e-07
28.1471768228526,1.03818741241184e-07,4.5187344223389e-07
28.2222359610469,1.03954330232889e-07,4.51481360705271e-07
28.2972950992412,1.03467547490041e-07,4.49423802675328e-07
28.3723542374354,1.03290777413448e-07,4.4882557151733e-07
28.4474133756297,1.03487058540916e-07,4.48214961361494e-07
28.522472513824,1.02411006935789e-07,4.4592364982585e-07
28.5975316520182,1.02516897450519e-07,4.4601007700222e-07
28.6725907902125,1.02361972934186e-07,4.45113376204712e-07
28.7476499284068,1.00738924944955e-07,4.41662954896436e-07
28.8227090666011,1.01587961019727e-07,4.41682499143627e-07
28.8977682047953,1.01738769017185e-07,4.41651721944669e-07
28.9728273429896,1.00194206510162e-07,4.39240077003894e-07
29.0478864811839,1.01056682841195e-07,4.39127618495847e-07
29.1229456193782,1.00659551990672e-07,4.38691592705769e-07
29.1980047575724,9.94610768618435e-08,4.35806272308114e-07
29.2730638957667,1.00402320219103e-07,4.35920613030674e-07
29.348123033961,1.00162801701606e-07,4.35081521492423e-07
29.4231821721553,9.88023661145342e-08,4.33512355427471e-07
29.4982413103495,1.00332690629571e-07,4.33365275523936e-07
29.5733004485438,9.92471331527485e-08,4.32686180570994e-07
29.6483595867381,9.81083694600382e-08,4.30491512054565e-07
29.7234187249323,9.93842169820747e-08,4.30282917999448e-07
29.7984778631266,9.87787815971995e-08,4.29599245202354e-07
29.8735370013209,9.68040306209501e-08,4.27380278315188e-07
29.9485961395152,1.00313517162376e-07,4.27220245262888e-07
30.0236552777094,9.95396614869891e-08,4.28659082217984e-07
30.0987144159037,9.73773455499576e-08,4.25816896355138e-07
30.173773554098,9.59869876321007e-08,4.24489928213284e-07
30.2488326922923,9.68858509973625e-08,4.22885545306891e-07
30.3238918304865,9.625730485544e-08,4.22029873054914e-07
30.3989509686808,9.62628679903697e-08,4.21747949472946e-07
30.4740101068751,9.60081701403036e-08,4.20402664844052e-07
30.5490692450694,9.52886462498297e-08,4.19542931381701e-07
30.6241283832636,9.62010107952469e-08,4.19176037168928e-07
30.6991875214579,9.61912035891898e-08,4.17697841298032e-07
30.7742466596522,9.63199789078806e-08,4.17115388533328e-07
30.8493057978465,9.5841908329479e-08,4.16511291405497e-07
30.9243649360407,9.49204244989032e-08,4.15503956699378e-07
30.999424074235,9.55958563925042e-08,4.14193156251823e-07
31.0744832124293,9.54536569998078e-08,4.1375739779893e-07
31.1495423506235,9.49806591597357e-08,4.12384458151452e-07
31.2246014888178,9.55938157241921e-08,4.11901512074109e-07
31.2996606270121,9.83396657815436e-08,4.11001648599181e-07
31.3747197652064,9.39484748233528e-08,4.1119166289801e-07
31.4497789034006,9.16200058872214e-08,4.09048731306421e-07
31.5248380415949,9.30925456379398e-08,4.09136960354787e-07
31.5998971797892,9.35209275866e-08,4.07951908587281e-07
31.6749563179835,9.29673220726245e-08,4.0727623813572e-07
31.7500154561777,9.31593632172027e-08,4.06559802670294e-07
31.825074594372,9.28011987500255e-08,4.05469148677158e-07
31.9001337325663,9.26065955013717e-08,4.0456863975368e-07
31.9751928707606,9.42043954897743e-08,4.03404768671127e-07
32.0502520089548,9.34327869566895e-08,4.02207757954482e-07
32.1253111471491,9.30153581341566e-08,4.01997180188844e-07
32.2003702853434,9.22507234991771e-08,4.0144595049843e-07
32.2754294235377,9.25000103467252e-08,4.00266467728541e-07
32.3504885617319,9.29541147099179e-08,3.9972456703738e-07
32.4255476999262,9.1894135639196e-08,3.99027764533483e-07
32.5006068381205,9.27538567156487e-08,3.9810560513281e-07
32.5756659763148,9.35467328412246e-08,3.96487275189603e-07
32.650725114509,9.08110786762735e-08,3.94202680172568e-07
32.7257842527033,9.02639478014881e-08,3.96466393439701e-07
32.8008433908976,9.01521361508806e-08,3.95791414990313e-07
32.8759025290918,9.06832403681717e-08,3.94242232048289e-07
32.9509616672861,9.06824947166123e-08,3.93761632866224e-07
33.0260208054804,9.05337756962942e-08,3.9285822895609e-07
33.1010799436747,9.02088652247807e-08,3.91639161915837e-07
33.1761390818689,9.00468190358073e-08,3.9119866194666e-07
33.2511982200632,9.02035027353227e-08,3.90483859916104e-07
33.3262573582575,9.02953282586782e-08,3.89002975353453e-07
33.4013164964518,8.97636587985177e-08,3.88733187586919e-07
33.476375634646,8.9640675301184e-08,3.88187922259365e-07
33.5514347728403,8.93779834606573e-08,3.87079238951255e-07
33.6264939110346,8.91540133185639e-08,3.86476658960708e-07
33.7015530492288,8.92008388342201e-08,3.85678746916863e-07
33.7766121874231,8.88651193327504e-08,3.84836397192743e-07
33.8516713256174,8.88368195941071e-08,3.83975341247816e-07
33.9267304638117,8.88204088204121e-08,3.828256215839e-07
34.001789602006,8.79950881653993e-08,3.82841792234649e-07
34.0768487402002,8.80046100978119e-08,3.82265026196941e-07
34.1519078783945,8.81814839373876e-08,3.81030378484431e-07
34.2269670165888,8.75142366406649e-08,3.80603523689898e-07
34.302026154783,8.76648785735149e-08,3.80040915560952e-07
34.3770852929773,8.76873953473272e-08,3.78582401454483e-07
34.4521444311716,8.68918401446354e-08,3.78126735972376e-07
34.5272035693659,8.69569419731654e-08,3.77811545062083e-07
34.6022627075601,8.7087956486458e-08,3.76501594811016e-07
34.6773218457544,8.62509622777221e-08,3.76876385628561e-07
34.7523809839487,8.68236726489179e-08,3.76133448716415e-07
34.827440122143,8.67712697330637e-08,3.74229334971963e-07
34.9024992603372,8.5825211409207e-08,3.74400563876129e-07
34.9775583985315,8.61210856291827e-08,3.73959539597027e-07
35.0526175367258,8.63332831947181e-08,3.72289076324214e-07
35.1276766749201,8.48118326556057e-08,3.72712783354345e-07
35.2027358131143,8.55525277309123e-08,3.73006596682914e-07
35.2777949513086,8.62827659642742e-08,3.71985096440594e-07
35.3528540895029,8.61912912079151e-08,3.69473855356446e-07
35.4279132276971,8.51021584381475e-08,3.6867177011117e-07
35.5029723658914,8.53088249195113e-08,3.67977859159522e-07
35.5780315040857,8.49372515035739e-08,3.67870765009297e-07
35.65309064228,8.48737103685022e-08,3.66925308770118e-07
35.7281497804742,8.47987871158643e-08,3.6582017771064e-07
35.8032089186685,8.39007730491881e-08,3.66026029242799e-07
35.8782680568628,8.39532391470746e-08,3.65573657331349e-07
35.9533271950571,8.37071090582796e-08,3.65620343997466e-07
36.0283863332513,8.38163669775159e-08,3.65458034485189e-07
36.1034454714456,8.40533717505801e-08,3.63637709534874e-07
36.1785046096399,8.35386325392286e-08,3.62577462942268e-07
36.2535637478342,8.30664326480646e-08,3.63456507641694e-07
36.3286228860284,8.33348216519158e-08,3.61920006640504e-07
36.4036820242227,8.30046325247915e-08,3.60707845817038e-07
36.478741162417,8.17008060715144e-08,3.63412425347125e-07
36.5538003006113,8.3353042014361e-08,3.62717307772709e-07
36.6288594388055,8.44960886275416e-08,3.58455192213845e-07
36.7039185769998,8.30486676368444e-08,3.57306672394733e-07
36.7789777151941,8.24392055336111e-08,3.57616281060283e-07
36.8540368533883,8.2571603654911e-08,3.57105559866288e-07
36.9290959915826,8.2124903493612e-08,3.56894064586029e-07
37.0041551297769,8.21090306387931e-08,3.56210138454128e-07
37.0792142679712,8.19466350197705e-08,3.55411191094951e-07
37.1542734061654,8.10365261717531e-08,3.55360156581169e-07
37.2293325443597,8.13223695478142e-08,3.55155478718285e-07
37.304391682554,8.1217477611536e-08,3.55074530411379e-07
37.3794508207483,8.14837873573387e-08,3.53969362259307e-07
37.4545099589425,8.12271454589559e-08,3.52668854648365e-07
37.5295690971368,8.0556860541225e-08,3.52918851873856e-07
37.6046282353311,8.08892775118851e-08,3.52535498115153e-07
37.6796873735253,8.05920603571467e-08,3.51011695869144e-07
37.7547465117196,7.98829388235617e-08,3.52080960899401e-07
37.8298056499139,8.05126631198865e-08,3.52575902148372e-07
37.9048647881082,8.10481618106497e-08,3.50133921287613e-07
37.9799239263024,8.10885729885702e-08,3.48121080474468e-07
38.0549830644967,8.0039590668153e-08,3.48414679879735e-07
38.130042202691,8.00826011647889e-08,3.47908830327402e-07
38.2051013408853,7.98683198246254e-08,3.47226030666529e-07
38.2801604790795,7.96558670236001e-08,3.47150108246364e-07
38.3552196172738,7.97303398853444e-08,3.46308869135236e-07
38.4302787554681,7.93415147780119e-08,3.45593196880577e-07
38.5053378936624,7.8934455100748e-08,3.45778044597103e-07
38.5803970318566,7.92142862471805e-08,3.45283772545291e-07
38.6554561700509,7.90534952909643e-08,3.44520099928107e-07
38.7305153082452,7.89297603491177e-08,3.44049935785822e-07
38.8055744464395,7.88532649097107e-08,3.43449155982237e-07
38.8806335846337,7.84952575627735e-08,3.43146084475532e-07
38.955692722828,7.85352135854712e-08,3.42552343172774e-07
39.0307518610223,7.838725291737e-08,3.4191031556942e-07
39.1058109992166,7.81282203579016e-08,3.41871170644216e-07
39.1808701374108,7.83936694847529e-08,3.41279819019061e-07
39.2559292756051,7.82624380961872e-08,3.40112322716769e-07
39.3309884137994,7.78306961383379e-08,3.39878434405238e-07
39.4060475519936,7.79814251202352e-08,3.39623119610724e-07
39.4811066901879,7.78030525769889e-08,3.38644315877265e-07
39.5561658283822,7.74287330509762e-08,3.38626120102399e-07
39.6312249665765,7.77011215731926e-08,3.38312043783025e-07
39.7062841047707,7.75378995067967e-08,3.3728834698272e-07
39.781343242965,7.72484691471047e-08,3.3705137401718e-07
39.8564023811593,7.74774471082968e-08,3.36415511057549e-07
39.9314615193536,7.71177671967807e-08,3.35408371208235e-07
40.0065206575478,7.66337487954416e-08,3.35508212738485e-07
40.0815797957421,7.70721575787113e-08,3.35211881982267e-07
40.1566389339364,7.68491539458357e-08,3.341518570953e-07
40.2316980721307,7.64270936644244e-08,3.3401646671986e-07
40.3067572103249,7.68491049669785e-08,3.33847192567917e-07
40.3818163485192,7.67177502088933e-08,3.32330806489937e-07
40.4568754867135,7.59420308645427e-08,3.31660247365422e-07
40.5319346249077,7.56742093254425e-08,3.32128305066667e-07
40.606993763102,7.59290442842522e-08,3.32265489129584e-07
40.6820529012963,7.58350320407518e-08,3.31720693938651e-07
40.7571120394906,7.59908103510041e-08,3.30885933697202e-07
40.8321711776848,7.57621514640541e-08,3.30353477584153e-07
40.9072303158791,7.56994968495765e-08,3.30149462947107e-07
40.9822894540734,7.59667582578202e-08,3.29581677710044e-07
41.0573485922677,7.57119223348591e-08,3.28957739497947e-07
41.1324077304619,7.57237119626904e-08,3.28342297101107e-07
41.2074668686562,7.55457925580234e-08,3.27351624312402e-07
41.2825260068505,7.49609247816077e-08,3.26952492027381e-07
41.3575851450448,7.50689957882705e-08,3.27408947419823e-07
41.432644283239,7.53568505312899e-08,3.26473275872001e-07
41.5077034214333,7.4863457917053e-08,3.25621058852546e-07
41.5827625596276,7.47757356785797e-08,3.26039472925735e-07
41.6578216978219,7.53614790187436e-08,3.24819915084079e-07
41.7328808360161,7.44942284217543e-08,3.23201831045254e-07
41.8079399742104,7.33578403695694e-08,3.23783978198935e-07
41.8829991124047,7.41702042243656e-08,3.24360223539854e-07
41.9580582505989,7.43690533556015e-08,3.23921421157829e-07
42.0331173887932,7.42068950534822e-08,3.23243873994503e-07
42.1081765269875,7.42498687212623e-08,3.2278421611895e-07
42.1832356651818,7.40876050875979e-08,3.22301392267339e-07
42.258294803376,7.40667014064841e-08,3.2203690207226e-07
42.3333539415703,7.42920071551998e-08,3.21654398125667e-07
42.4084130797646,7.39809952688143e-08,3.20823350059785e-07
42.4834722179589,7.38143978296827e-08,3.19971658669805e-07
42.5585313561531,7.34642059489611e-08,3.19468093598048e-07
42.6335904943474,7.33678311186418e-08,3.19569297877103e-07
42.7086496325417,7.36067078317628e-08,3.19181707165571e-07
42.783708770736,7.33271468056708e-08,3.183392821026e-07
42.8587679089302,7.3153717382795e-08,3.18185210246779e-07
42.9338270471245,7.33127179924436e-08,3.17984646006585e-07
43.0088861853188,7.3019665543027e-08,3.16704498700547e-07
43.0839453235131,7.24906022223492e-08,3.15883596761943e-07
43.1590044617073,7.22397451671403e-08,3.16587294679799e-07
43.2340635999016,7.28625196016613e-08,3.16638864067308e-07
43.3091227380959,7.26555252267207e-08,3.15889354994631e-07
43.3841818762901,7.25867651434495e-08,3.15616972260878e-07
43.4592410144844,7.25356840025918e-08,3.15038363093165e-07
43.5343001526787,7.23260728142991e-08,3.14506686201649e-07
43.609359290873,7.23325312928584e-08,3.14338675228847e-07
43.6844184290672,7.23726736249706e-08,3.13736727433002e-07
43.7594775672615,7.20514899083672e-08,3.13097869281593e-07
43.8345367054558,7.1954695072379e-08,3.12794341982096e-07
43.9095958436501,7.18695527073079e-08,3.12442303726263e-07
43.9846549818443,7.17704609920036e-08,3.12093547018503e-07
44.0597141200386,7.17729197206034e-08,3.11740492751526e-07
44.1347732582329,7.16080896589556e-08,3.11229279846459e-07
44.2098323964272,7.15050236418253e-08,3.10933801358714e-07
44.2848915346214,7.14593671381762e-08,3.10539546959332e-07
44.3599506728157,7.12285343098808e-08,3.09798800354014e-07
44.43500981101,7.11620892495551e-08,3.09634476752559e-07
44.5100689492043,7.11963727232856e-08,3.09484286985142e-07
44.5851280873985,7.10307008345346e-08,3.08855474810303e-07
44.6601872255928,7.09309828927826e-08,3.08584440183896e-07
44.7352463637871,7.09316516082112e-08,3.08282492794682e-07
44.8103055019813,7.07158654808176e-08,3.07672737950231e-07
44.8853646401756,7.0645790749562e-08,3.07379877450206e-07
44.9604237783699,7.06286397504793e-08,3.07134449950108e-07
45.0354829165642,7.0453969776674e-08,3.06615105556758e-07
45.1105420547584,7.0440619364636e-08,3.06432340074671e-07
45.1856011929527,7.04911250392184e-08,3.06249025199031e-07
45.260660331147,7.01850906395499e-08,3.0547161881285e-07
45.3357194693413,7.01423930109148e-08,3.05200939165407e-07
45.4107786075355,7.01687298835629e-08,3.05045441557405e-07
45.4858377457298,6.99632984779069e-08,3.04338487857523e-07
45.5608968839241,6.98503281982082e-08,3.04152802022454e-07
45.6359560221184,7.00269847338894e-08,3.04165612411514e-07
45.7110151603126,6.98622700106239e-08,3.03659505689312e-07
45.7860742985069,6.96631734620416e-08,3.03039350649065e-07
45.8611334367012,6.95849652175239e-08,3.02560215726402e-07
45.9361925748955,6.94149516256515e-08,3.02185489131052e-07
46.0112517130897,6.93836908903727e-08,3.01969690476701e-07
46.086310851284,6.92815839778194e-08,3.01580652073892e-07
46.1613699894783,6.91162555157187e-08,3.01034970828297e-07
46.2364291276725,6.91373998918965e-08,3.00760470124035e-07
46.3114882658668,6.90409201615727e-08,3.00463876037087e-07
46.3865474040611,6.89923495639837e-08,3.00358933608373e-07
46.4616065422554,6.90396582387999e-08,3.00305865175633e-07
46.5366656804496,6.89122349144814e-08,2.99618595181806e-07
46.6117248186439,6.86664845909074e-08,2.99074707593148e-07
46.6867839568382,6.87398183606716e-08,2.99075682196389e-07
46.7618430950325,6.86597197186232e-08,2.98657172970605e-07
46.8369022332267,6.84667653458102e-08,2.98058578870688e-07
46.911961371421,6.85059795450571e-08,2.98157198210623e-07
46.9870205096153,6.87264803755441e-08,2.98311974862136e-07
47.0620796478096,6.82423390309601e-08,2.97493953658155e-07
47.1371387860038,6.8151622356007e-08,2.96691541913633e-07
47.2121979241981,6.81318790416639e-08,2.96366120044778e-07
47.2872570623924,6.80538507551549e-08,2.96082967597053e-07
47.3623162005866,6.79767739237631e-08,2.95831077002436e-07
47.4373753387809,6.78644509955926e-08,2.95490950362474e-07
47.5124344769752,6.7761210444149e-08,2.95113509236727e-07
47.5874936151695,6.78092182337166e-08,2.94867996854569e-07
47.6625527533637,6.77333541328487e-08,2.94678341451908e-07
47.737611891558,6.76880462677371e-08,2.94527702885795e-07
47.8126710297523,6.76251614729738e-08,2.94228696198195e-07
47.8877301679466,6.74476440188087e-08,2.93655346294377e-07
47.9627893061408,6.74473460736442e-08,2.93364855251296e-07
48.0378484443351,6.73882112755942e-08,2.93269024503939e-07
48.1129075825294,6.72803223918025e-08,2.9268408250313e-07
48.1879667207237,6.7251017970805e-08,2.92455991295822e-07
48.2630258589179,6.7201897481047e-08,2.92724498103239e-07
48.3380849971122,6.72132651415554e-08,2.92206621579583e-07
48.4131441353065,6.68917800383415e-08,2.91425640090881e-07
48.4882032735008,6.69095844926524e-08,2.91176194538427e-07
48.563262411695,6.68564445238491e-08,2.90920998194293e-07
48.6383215498893,6.68137815983614e-08,2.90595561056254e-07
48.7133806880836,6.67351083752115e-08,2.90380550771729e-07
48.7884398262779,6.66492435270055e-08,2.90055879565988e-07
48.8634989644721,6.65578004150436e-08,2.89648442094456e-07
48.9385581026664,6.65622456674438e-08,2.8945105144212e-07
49.0136172408607,6.64927845652794e-08,2.89257755087511e-07
49.0886763790549,6.64174284999761e-08,2.8894512701957e-07
49.1637355172492,6.63413188246077e-08,2.88648244537212e-07
49.2387946554435,6.62538953730418e-08,2.88303218913648e-07
49.3138537936378,6.6205644774952e-08,2.88067969738511e-07
49.388912931832,6.61461479849982e-08,2.8781597509294e-07
49.4639720700263,6.60803543039997e-08,2.87455819772931e-07
49.5390312082206,6.60411030585552e-08,2.87253857061438e-07
49.6140903464149,6.59382226195563e-08,2.87052467635438e-07
49.6891494846091,6.58731285094695e-08,2.86652367403228e-07
49.7642086228034,6.5808881003347e-08,2.86332926967493e-07
49.8392677609977,6.57589131850739e-08,2.86136585227353e-07
49.9143268991919,6.56761778843244e-08,2.85767686653577e-07
49.9893860373862,6.56527923080706e-08,2.85506904241974e-07
50.0644451755805,6.55512816640057e-08,2.85356780158834e-07
50.1395043137748,6.54941906606245e-08,2.84977117210619e-07
50.214563451969,6.5432950716045e-08,2.84723839823115e-07
50.2896225901633,6.53674851527165e-08,2.84471957971639e-07
50.3646817283576,6.52878271544657e-08,2.84068021780691e-07
50.4397408665519,6.52816747568614e-08,2.83888214843257e-07
50.5148000047461,6.51733510252323e-08,2.83707215089084e-07
50.5898591429404,6.51146349451795e-08,2.83341843136239e-07
50.6649182811347,6.50544015629113e-08,2.83081950120271e-07
50.739977419329,6.50127322881715e-08,2.82903830508662e-07
50.8150365575232,6.49065825041888e-08,2.82550572114255e-07
50.8900956957175,6.49197870240301e-08,2.82120078131666e-07
50.9651548339118,6.48142869417515e-08,2.81926005084388e-07
51.0402139721061,6.47366889610745e-08,2.81826319223023e-07
51.1152731103003,6.46994018549069e-08,2.81663915021118e-07
51.1903322484946,6.46483107340851e-08,2.81365073336915e-07
51.2653913866889,6.4590126265054e-08,2.81054946481062e-07
51.3404505248831,6.45232800507779e-08,2.80868839070794e-07
51.4155096630774,6.44361764107718e-08,2.80608680542316e-07
51.4905688012717,6.4396354702985e-08,2.80308180672899e-07
51.565627939466,6.43528943208907e-08,2.80040682463442e-07
51.6406870776602,6.42660019365948e-08,2.79704789024926e-07
51.7157462158545,6.42155820996576e-08,2.79383026390243e-07
51.7908053540488,6.41881259391189e-08,2.79267948550742e-07
51.8658644922431,6.40976240500461e-08,2.79064352540231e-07
51.9409236304373,6.40583685870875e-08,2.78655354496947e-07
52.0159827686316,6.39752852340835e-08,2.78567310932864e-07
52.0910419068259,6.39682594547057e-08,2.7833395772593e-07
52.1661010450202,6.38115904512434e-08,2.77750186521151e-07
52.2411601832144,6.3885735747475e-08,2.77597275968766e-07
52.3162193214087,6.37787575303316e-08,2.7763159874152e-07
52.391278459603,6.36802060503223e-08,2.77405366369987e-07
52.4663375977972,6.36358052129685e-08,2.77125829688967e-07
52.5413967359915,6.36118267622839e-08,2.76857426994751e-07
52.6164558741858,6.35623005356135e-08,2.76599530003053e-07
52.6915150123801,6.35015741815837e-08,2.76390581594776e-07
52.7665741505744,6.34144320496229e-08,2.76198239292344e-07
52.8416332887686,6.33671066803801e-08,2.75954203943914e-07
52.9166924269629,6.3353267464489e-08,2.75630023082219e-07
52.9917515651572,6.32582517412645e-08,2.75287209217727e-07
53.0668107033514,6.32249665923736e-08,2.75150928520962e-07
53.1418698415457,6.31733750896973e-08,2.75016820128595e-07
53.21692897974,6.31064890727076e-08,2.7466454168597e-07
53.2919881179343,6.30611720681917e-08,2.74468381178771e-07
53.3670472561285,6.3002319277166e-08,2.74294022892518e-07
53.4421063943228,6.29754696715554e-08,2.73958304034447e-07
53.5171655325171,6.28619446764453e-08,2.73664688523941e-07
53.5922246707114,6.28772614131492e-08,2.73514425211033e-07
53.6672838089056,6.28005365214711e-08,2.73379591573812e-07
53.7423429470999,6.27363646582756e-08,2.7314543830529e-07
53.8174020852942,6.26799941435324e-08,2.7294517565747e-07
53.8924612234884,6.26571473230436e-08,2.72718096322786e-07
53.9675203616827,6.25993485234797e-08,2.72466949918988e-07
54.042579499877,6.25575766925735e-08,2.72302425894958e-07
54.1176386380713,6.24826728140189e-08,2.72056558706036e-07
54.1926977762655,6.24376790391555e-08,2.71778715891813e-07
54.2677569144598,6.23940636569119e-08,2.7156059035306e-07
54.3428160526541,6.23438444608105e-08,2.7134512173246e-07
54.4178751908484,6.22988076146677e-08,2.71143821931712e-07
54.4929343290426,6.2251968533196e-08,2.7093536707159e-07
54.5679934672369,6.21903044258977e-08,2.70706695991389e-07
54.6430526054312,6.21416197516216e-08,2.70504050004429e-07
54.7181117436255,6.20940600950068e-08,2.70319876198441e-07
54.7931708818197,6.20587029331437e-08,2.70050838309428e-07
54.868230020014,6.19915229290699e-08,2.69836045752942e-07
54.9432891582083,6.19655017805888e-08,2.69691415940911e-07
55.0183482964026,6.1900077781225e-08,2.69448042947823e-07
55.0934074345968,6.18582503455105e-08,2.69251928741515e-07
55.1684665727911,6.17989811685837e-08,2.69057511241849e-07
55.2435257109854,6.1771971903549e-08,2.6881171716405e-07
55.3185848491797,6.17098428262942e-08,2.68622995542792e-07
55.3936439873739,6.16784081077223e-08,2.68428473763249e-07
55.4687031255682,6.1621058611604e-08,2.68215445619236e-07
55.5437622637625,6.15821580656507e-08,2.68019806071409e-07
55.6188214019567,6.15099621248993e-08,2.67850562815711e-07
55.693880540151,6.14954452761834e-08,2.67625785541906e-07
55.7689396783453,6.14338612470922e-08,2.67413482036981e-07
55.8439988165396,6.14104976273294e-08,2.6725952896393e-07
55.9190579547338,6.13359191381589e-08,2.67016038610513e-07
55.9941170929281,6.13120459955081e-08,2.6682574074794e-07
56.0691762311224,6.12377226974388e-08,2.66693483999828e-07
56.1442353693167,6.12113219861359e-08,2.66458502544248e-07
56.2192945075109,6.11948880104645e-08,2.66214311124577e-07
56.2943536457052,6.11205051047153e-08,2.66015730823125e-07
56.3694127838995,6.10640642004629e-08,2.65840830458204e-07
56.4444719220938,6.10320748238187e-08,2.65664119702017e-07
56.519531060288,6.09882315029285e-08,2.65478300255586e-07
56.5945901984823,6.09578835086244e-08,2.65275424531545e-07
56.6696493366766,6.0901013666919e-08,2.65079125004435e-07
56.7447084748709,6.085117479623e-08,2.6488792909046e-07
56.8197676130651,6.08287456447463e-08,2.64724353158297e-07
56.8948267512594,6.07860504775953e-08,2.64618307054666e-07
56.9698858894537,6.07138530661632e-08,2.64368811583716e-07
57.0449450276479,6.07012112021311e-08,2.64133397401296e-07
57.1200041658422,6.06411038856737e-08,2.64017350604819e-07
57.1950633040365,6.06218190169807e-08,2.63793170159122e-07
57.2701224422308,6.05503386183878e-08,2.63615683286431e-07
57.345181580425,6.05514832154946e-08,2.63465912424176e-07
57.4202407186193,6.04524133610479e-08,2.63265103585112e-07
57.4952998568136,6.04303570246179e-08,2.63109238339391e-07
57.5703589950079,6.04304794080818e-08,2.629235725582e-07
57.6454181332021,6.0359039463487e-08,2.62723238390771e-07
57.7204772713964,6.03033125939746e-08,2.62536453449939e-07
57.7955364095907,6.02690797036294e-08,2.62363334594382e-07
57.870595547785,6.02331333298375e-08,2.62179993996453e-07
57.9456546859792,6.02151392469436e-08,2.6198717182866e-07
58.0207138241735,6.01616052062913e-08,2.61837743831252e-07
58.0957729623678,6.01009443506094e-08,2.61705780882127e-07
58.1708321005621,6.00927076462465e-08,2.61545218630374e-07
58.2458912387563,6.00422806254491e-08,2.61337587036029e-07
58.3209503769506,5.99857894472774e-08,2.61168071129171e-07
58.3960095151449,5.997338299764e-08,2.61009438551484e-07
58.4710686533391,5.99170014252601e-08,2.6084108544538e-07
58.5461277915334,5.98948646647259e-08,2.60677559211088e-07
58.6211869297277,5.98309187493406e-08,2.60479276393577e-07
58.696246067922,5.9842290116488e-08,2.6037740050021e-07
58.7713052061162,5.97353403529566e-08,2.60231854192065e-07
58.8463643443105,5.97254480967929e-08,2.5997893318571e-07
58.9214234825048,5.97132494911607e-08,2.59812518789904e-07
58.9964826206991,5.96685858621295e-08,2.59656235320149e-07
59.0715417588933,5.96093345585534e-08,2.59506071220755e-07
59.1466008970876,5.95783313569247e-08,2.59360465526175e-07
59.2216600352819,5.95358060849531e-08,2.59195354801259e-07
59.2967191734762,5.95243035085961e-08,2.59049670580818e-07
59.3717783116704,5.94786904524594e-08,2.58888057678041e-07
59.4468374498647,5.9433220020783e-08,2.58727582057399e-07
59.521896588059,5.94016276687437e-08,2.58573904100182e-07
59.5969557262532,5.93629723012468e-08,2.5841775737669e-07
59.6720148644475,5.93230811888375e-08,2.58249929755816e-07
59.7470740026418,5.92996301705206e-08,2.58098126376047e-07
59.8221331408361,5.92587949405848e-08,2.57950593738619e-07
59.8971922790303,5.92291535222763e-08,2.57783240749797e-07
59.9722514172246,5.91794041168109e-08,2.57654908726023e-07
60.0473105554189,5.91610968207054e-08,2.57498729366328e-07
60.1223696936132,5.91074447769304e-08,2.57330756030801e-07
60.1974288318074,5.90872999366137e-08,2.57196265839847e-07
60.2724879700017,5.90491204960742e-08,2.57042912410284e-07
60.347547108196,5.90244362915815e-08,2.56898859680576e-07
60.4226062463903,5.89741420404372e-08,2.56747946108989e-07
60.4976653845845,5.8950518275135e-08,2.56602740631422e-07
60.5727245227788,5.89063541651693e-08,2.56454894724329e-07
60.6477836609731,5.88818410667817e-08,2.56304546100182e-07
60.7228427991674,5.88450248560353e-08,2.5616373488374e-07
60.7979019373616,5.88297487197218e-08,2.55997190651792e-07
60.8729610755559,5.8769426272262e-08,2.55873722530369e-07
60.9480202137502,5.87486182541232e-08,2.55739953947575e-07
61.0230793519444,5.8706247707439e-08,2.55584245311192e-07
61.0981384901387,5.86898958854083e-08,2.55462652802589e-07
61.173197628333,5.86479697154301e-08,2.55310620114375e-07
61.2482567665273,5.86305546796015e-08,2.55173307905635e-07
61.3233159047215,5.85854178772704e-08,2.55046661693115e-07
61.3983750429158,5.85335846759316e-08,2.54892104198216e-07
61.4734341811101,5.8528617050969e-08,2.54745469251454e-07
61.5484933193044,5.85024590165348e-08,2.54618301889058e-07
61.6235524574986,5.84563253631451e-08,2.54488656810739e-07
61.6986115956929,5.84299364455452e-08,2.54346462830283e-07
61.7736707338872,5.83881255122921e-08,2.54224273095571e-07
61.8487298720815,5.83732577555995e-08,2.54087793864336e-07
61.9237890102757,5.83404387035427e-08,2.53944480909156e-07
61.99884814847,5.82953024250295e-08,2.53798480665139e-07
62.0739072866643,5.82698327067413e-08,2.53668716415481e-07
62.1489664248586,5.82697830560565e-08,2.53578100236003e-07
62.2240255630528,5.81986228748305e-08,2.53425995515197e-07
62.2990847012471,5.8192070491385e-08,2.53289388938127e-07
62.3741438394414,5.81413990445105e-08,2.53170875131886e-07
62.4492029776356,5.81368839652927e-08,2.53023634406519e-07
62.5242621158299,5.80827603626626e-08,2.52919767825768e-07
62.5993212540242,5.80913585928524e-08,2.52763212330177e-07
62.6743803922185,5.80419296459314e-08,2.52619447635427e-07
62.7494395304127,5.79778078111997e-08,2.52544679164115e-07
62.824498668607,5.79863042440752e-08,2.52431220023452e-07
62.8995578068013,5.79657126673876e-08,2.52295187223464e-07
62.9746169449956,5.7925959557362e-08,2.52160347014731e-07
63.0496760831898,5.78940971749721e-08,2.52037218545101e-07
63.1247352213841,5.78557809755626e-08,2.51907366868314e-07
63.1997943595784,5.78406685508057e-08,2.51775120639543e-07
63.2748534977727,5.78249631447052e-08,2.51665095726919e-07
63.3499126359669,5.77726786937779e-08,2.51564560049992e-07
63.4249717741612,5.77521956535717e-08,2.51434098495023e-07
63.5000309123555,5.77454245111982e-08,2.51293757903728e-07
63.5750900505498,5.76909281684468e-08,2.51199989144319e-07
63.650149188744,5.76814651806132e-08,2.51073199475748e-07
63.7252083269383,5.76371669429634e-08,2.50957442237515e-07
63.8002674651326,5.76325513998489e-08,2.50855684615907e-07
63.8753266033268,5.75769700432315e-08,2.50705338621571e-07
63.9503857415211,5.75920642421367e-08,2.50628852675355e-07
64.0254448797154,5.75439627195868e-08,2.50536568965978e-07
64.1005040179097,5.74974163935007e-08,2.50385270370864e-07
64.1755631561039,5.74876331350805e-08,2.50266778457165e-07
64.2506222942982,5.7475360284494e-08,2.50148713008579e-07
64.3256814324925,5.74422939539358e-08,2.50045875592736e-07
64.4007405706868,5.74166171662446e-08,2.49935092981747e-07
64.475799708881,5.73780188325496e-08,2.49829040624161e-07
64.5508588470753,5.73612644616164e-08,2.4973346657118e-07
64.6259179852696,5.7343918674819e-08,2.49614769461347e-07
64.7009771234639,5.73107335366755e-08,2.49502244132073e-07
64.7760362616581,5.72897337640467e-08,2.49399229848152e-07
64.8510953998524,5.72691507399956e-08,2.49299507597345e-07
64.9261545380467,5.72338869412909e-08,2.4918387617725e-07
65.001213676241,5.72160602546152e-08,2.49079867537994e-07
65.0762728144352,5.71865212613523e-08,2.4897564016895e-07
65.1513319526295,5.71740374982105e-08,2.48863947260517e-07
65.2263910908238,5.71371103789436e-08,2.48774748555397e-07
65.301450229018,5.71296136777236e-08,2.48659262372206e-07
65.3765093672123,5.70926290501376e-08,2.48556190504071e-07
65.4515685054066,5.70712288021174e-08,2.48462162770253e-07
65.5266276436009,5.70429861336937e-08,2.48358014386858e-07
65.6016867817951,5.70333684687328e-08,2.48268344313335e-07
65.6767459199894,5.70022130584972e-08,2.48160289591514e-07
65.7518050581837,5.69870564731485e-08,2.48067005195326e-07
65.826864196378,5.69559195771689e-08,2.4796861045947e-07
65.9019233345722,5.69350705114406e-08,2.47868920257548e-07
65.9769824727665,5.69021426210758e-08,2.47773727601382e-07
66.0520416109608,5.69016527336126e-08,2.47658307395829e-07
66.127100749155,5.68702867739094e-08,2.47575230659733e-07
66.2021598873493,5.68514989247284e-08,2.47479331807615e-07
66.2772190255436,5.68208506929977e-08,2.47381724873661e-07
66.3522781637379,5.6802771081942e-08,2.4729920966382e-07
66.4273373019321,5.67772579035215e-08,2.47194996625582e-07
66.5023964401264,5.67626514195538e-08,2.47114450421963e-07
66.5774555783207,5.6754764765652e-08,2.47031678917962e-07
66.652514716515,5.67120618714659e-08,2.46926606179412e-07
66.7275738547092,5.66897533116817e-08,2.46824120464371e-07
66.8026329929035,5.6683503645023e-08,2.46740527665295e-07
66.8776921310978,5.66549960999413e-08,2.46656372797656e-07
66.9527512692921,5.66410703118631e-08,2.46562119112257e-07
67.0278104074863,5.66105979641094e-08,2.46482797781718e-07
67.1028695456806,5.65960797850494e-08,2.46393550276621e-07
67.1779286838749,5.65835964873792e-08,2.4630219421447e-07
67.2529878220692,5.65586170114878e-08,2.46199970856389e-07
67.3280469602634,5.65144427901902e-08,2.46122903315837e-07
67.4031060984577,5.65326962359464e-08,2.46065832376547e-07
67.478165236652,5.64941532373667e-08,2.45958918391644e-07
67.5532243748463,5.64865057811245e-08,2.4588286713898e-07
67.6282835130405,5.64512831809369e-08,2.45800908296341e-07
67.7033426512348,5.6443810412959e-08,2.45704462520388e-07
67.7784017894291,5.64079661467443e-08,2.45646171214326e-07
67.8534609276233,5.64014126480397e-08,2.45537302304037e-07
67.9285200658176,5.64090163230571e-08,2.45438771842227e-07
68.0035792040119,5.635328840727e-08,2.45386281027649e-07
68.0786383422062,5.63360272728463e-08,2.45317671651892e-07
68.1536974804004,5.63312778932242e-08,2.45235841116425e-07
68.2287566185947,5.63133782557374e-08,2.45152364612581e-07
68.303815756789,5.62981069297237e-08,2.45076444342129e-07
68.3788748949833,5.62708787284802e-08,2.44991329499718e-07
68.4539340331775,5.62491528505691e-08,2.4490683179152e-07
68.5289931713718,5.62509690443719e-08,2.44839715553858e-07
68.6040523095661,5.62243878452705e-08,2.44784365583711e-07
68.6791114477604,5.61874215613942e-08,2.44695304757003e-07
68.7541705859546,5.62003538206004e-08,2.44602612945028e-07
68.8292297241489,5.61662463312727e-08,2.44548492196062e-07
68.9042888623432,5.61634602592189e-08,2.44462531108697e-07
68.9793480005374,5.61288626987637e-08,2.44396097164591e-07
69.0544071387317,5.61300353215044e-08,2.44329877521974e-07
69.129466276926,5.60876038444011e-08,2.44234135375495e-07
69.2045254151203,5.60885802882433e-08,2.44195736087252e-07
69.2795845533146,5.60916688218726e-08,2.44135696230794e-07
69.3546436915088,5.60519181205242e-08,2.44047628108647e-07
69.4297028297031,5.60304570452185e-08,2.43973806359118e-07
69.5047619678974,5.60230238440491e-08,2.43899059803451e-07
69.5798211060916,5.60097990539741e-08,2.43837198887358e-07
69.6548802442859,5.59998277085682e-08,2.43764168643858e-07
69.7299393824802,5.59787610442661e-08,2.43703831364991e-07
69.8049985206745,5.59565249651178e-08,2.43647102684972e-07
69.8800576588687,5.59520526632131e-08,2.43574035005526e-07
69.955116797063,5.59320307419733e-08,2.43504265535969e-07
70.0301759352573,5.59122185268841e-08,2.43444904655226e-07
70.1052350734516,5.59089540804595e-08,2.43388260212627e-07
70.1802942116458,5.58879737614529e-08,2.43317341147215e-07
70.2553533498401,5.58787379279857e-08,2.43260248955456e-07
70.3304124880344,5.5854871519233e-08,2.43194277877138e-07
70.4054716262286,5.58501149210544e-08,2.43130705813954e-07
70.4805307644229,5.58242076505708e-08,2.43080015662466e-07
70.5555899026172,5.58212501593202e-08,2.43004904813962e-07
70.6306490408115,5.58081811634419e-08,2.42947864071658e-07
70.7057081790057,5.5794786096854e-08,2.42888948577218e-07
70.7807673172,5.57719177184974e-08,2.42830887300414e-07
70.8558264553943,5.57639714340152e-08,2.42780544132596e-07
70.9308855935886,5.57472361815372e-08,2.42716209084707e-07
71.0059447317828,5.5740350120344e-08,2.42668043401088e-07
71.0810038699771,5.5727579676704e-08,2.42609397563763e-07
71.1560630081714,5.57189112446914e-08,2.42558341450297e-07
71.2311221463656,5.5690783064821e-08,2.42501324614958e-07
71.3061812845599,5.56850145300915e-08,2.42432095523289e-07
71.3812404227542,5.56746224193044e-08,2.42389128867751e-07
71.4562995609485,5.56650371967047e-08,2.42328808942364e-07
71.5313586991428,5.56530391553022e-08,2.42277581159567e-07
71.606417837337,5.56391922440105e-08,2.42229885838982e-07
71.6814769755313,5.56250258021906e-08,2.42169370918072e-07
71.7565361137256,5.56041933367762e-08,2.42131181079718e-07
71.8315952519198,5.56103978012571e-08,2.42087752660288e-07
71.9066543901141,5.55969804640102e-08,2.42029217167619e-07
71.9817135283084,5.55730207972212e-08,2.41969866490583e-07
72.0567726665027,5.55719334332187e-08,2.41928275640127e-07
72.1318318046969,5.55559138218494e-08,2.41881339329285e-07
72.2068909428912,5.55502257740536e-08,2.41830769690128e-07
72.2819500810855,5.55331438590839e-08,2.41791294403294e-07
72.3570092192798,5.55195744549748e-08,2.41743196797718e-07
72.432068357474,5.55159327819851e-08,2.41693671421486e-07
72.5071274956683,5.55229954756794e-08,2.41626834468054e-07
72.5821866338626,5.54768423057584e-08,2.41595276474529e-07
72.6572457720569,5.54841644976097e-08,2.41571782747886e-07
72.7323049102511,5.54707738422883e-08,2.4150875543802e-07
72.8073640484454,5.54684722778534e-08,2.41480183865847e-07
72.8824231866397,5.54552026147844e-08,2.4143205654773e-07
72.9574823248339,5.54491157372421e-08,2.41385636375582e-07
73.0325414630282,5.54347425418614e-08,2.41365237367566e-07
73.1076006012225,5.54036964925926e-08,2.41296239476714e-07
73.1826597394168,5.54313414704998e-08,2.41242743682758e-07
73.2577188776111,5.54141965366949e-08,2.41220518797191e-07
73.3327780158053,5.53911614807461e-08,2.41190519985378e-07
73.4078371539996,5.53865610449358e-08,2.41150194106828e-07
73.4828962921939,5.53788123839296e-08,2.41109889219806e-07
73.5579554303881,5.53751155007295e-08,2.41075091972249e-07
73.6330145685824,5.53664386730281e-08,2.41030286322616e-07
73.7080737067767,5.53437341474066e-08,2.4098552062786e-07
73.783132844971,5.5346622656236e-08,2.40958249315647e-07
73.8581919831652,5.53560975362604e-08,2.40945794675233e-07
73.9332511213595,5.53153843588329e-08,2.40894938475393e-07
74.0083102595538,5.5324607626859e-08,2.40848300234657e-07
74.083369397748,5.53082881775751e-08,2.40829549663254e-07
74.1584285359423,5.53133071005654e-08,2.40780111167449e-07
74.2334876741366,5.52963921258407e-08,2.40758489174597e-07
74.3085468123309,5.53017019411441e-08,2.40723285889824e-07
74.3836059505252,5.52833340716159e-08,2.406715941489e-07
74.4586650887194,5.52584426505483e-08,2.40670499864782e-07
74.5337242269137,5.52803350778986e-08,2.40646631331163e-07
74.608783365108,5.52711368101637e-08,2.40608708928279e-07
74.6838425033022,5.52558395994327e-08,2.40573977062362e-07
74.7589016414965,5.52469986632801e-08,2.405409597477e-07
74.8339607796908,5.52408730013188e-08,2.40516303044422e-07
74.9090199178851,5.52373073895576e-08,2.40480705537971e-07
74.9840790560793,5.52367444463866e-08,2.40460712226657e-07
75.0591381942736,5.52191540522091e-08,2.40440611599758e-07
75.1341973324679,5.52206377725224e-08,2.40408128716862e-07
75.2092564706622,5.52196283285722e-08,2.40375295782194e-07
75.2843156088564,5.52012567511477e-08,2.40356274297935e-07
75.3593747470507,5.52021218574449e-08,2.40337091330594e-07
75.434433885245,5.51930160132938e-08,2.40307249941588e-07
75.5094930234392,5.51953559283042e-08,2.40292202302221e-07
75.5845521616335,5.51840431213074e-08,2.4026287200643e-07
75.6596112998278,5.5186417833426e-08,2.40243910627991e-07
75.7346704380221,5.5172851980352e-08,2.40229390697778e-07
75.8097295762163,5.51652642915562e-08,2.4019483566136e-07
75.8847887144106,5.51653146838336e-08,2.40177470829426e-07
75.9598478526049,5.51661680405075e-08,2.40152254990962e-07
76.0349069907992,5.51583044469143e-08,2.40135617431233e-07
76.1099661289934,5.5153824691675e-08,2.40119335729774e-07
76.1850252671877,5.51461754998253e-08,2.40096076194919e-07
76.260084405382,5.51403914082323e-08,2.40086409905432e-07
76.3351435435763,5.51374794256929e-08,2.40065921657159e-07
76.4102026817705,5.51435821958732e-08,2.40059027361262e-07
76.4852618199648,5.51350780605066e-08,2.4003812329458e-07
76.5603209581591,5.51257898854475e-08,2.40013292070126e-07
76.6353800963534,5.51249410460062e-08,2.40006815956909e-07
76.7104392345476,5.51185034391878e-08,2.39983202046206e-07
76.7854983727419,5.51206019985013e-08,2.39973187902357e-07
76.8605575109362,5.51163783910955e-08,2.39958404366153e-07
76.9356166491305,5.51204814761494e-08,2.39938319175823e-07
77.0106757873247,5.51028499276499e-08,2.39936299706097e-07
77.085734925519,5.51040416894874e-08,2.39930710375022e-07
77.1607940637133,5.51114871098635e-08,2.39913333049141e-07
77.2358532019075,5.50977007250253e-08,2.39894254458883e-07
77.3109123401018,5.51001795168289e-08,2.39891982793144e-07
77.3859714782961,5.50970407626735e-08,2.39880808541687e-07
77.4610306164904,5.50992246542576e-08,2.39872308188472e-07
77.5360897546846,5.50968250661178e-08,2.39869892239813e-07
77.6111488928789,5.50868836966724e-08,2.3986334333101e-07
77.6862080310732,5.50752009341062e-08,2.39851400244165e-07
77.7612671692675,5.51062465875672e-08,2.39818359764882e-07
77.8363263074617,5.50876994703057e-08,2.39828452548307e-07
77.911385445656,5.50820517400107e-08,2.39834577277486e-07
77.9864445838503,5.50825667782284e-08,2.39814072595099e-07
78.0615037220446,5.5078550233214e-08,2.39826130053827e-07
78.1365628602388,5.50833574232607e-08,2.39811350577156e-07
78.2116219984331,5.50803765858571e-08,2.39812174034952e-07
78.2866811366274,5.50979816203502e-08,2.39827078477513e-07
78.3617402748217,5.506248266621e-08,2.39798624497602e-07
78.4367994130159,5.50754836671361e-08,2.39786437500225e-07
78.5118585512102,5.50880122633596e-08,2.39795925934345e-07
78.5869176894045,5.50785788492355e-08,2.39802903665796e-07
78.6619768275987,2.7538291502756e-08,1.19900046791157e-07
