f,amplitude_1,amplitude_2
0,0.00396508194966749,0.0034154221384535
0.0960756968886702,0.00632711800264203,0.00766207624347944
0.19215139377734,0.00269585510210197,0.00465149377284126
0.288227090666011,0.000337053179223989,0.000654860504868892
0.384302787554681,0.00110342742032292,0.00223388024332804
0.480378484443351,0.000394005411082835,0.000779194778801669
0.576454181332021,0.000164628804002944,0.000173968974955889
0.672529878220692,0.000135760584762282,0.000278795700585418
0.768605575109362,1.05189978852451e-05,0.000201475021497144
0.864681271998032,1.74135549833362e-05,5.90547247655991e-05
0.960756968886702,9.42935159391817e-06,2.49310342113881e-05
1.05683266577537,1.07219812694826e-05,3.43814622469516e-05
1.15290836266404,6.14063163137553e-06,2.27884619666893e-05
1.24898405955271,3.16978988979426e-05,4.56974653530552e-05
1.34505975644138,1.50279427925837e-05,0.00016475095213797
1.44113545333005,2.21920058499759e-05,0.000303903037413094
1.53721115021872,4.16739458904908e-05,0.000321397697838206
1.63328684710739,0.000103949846826892,0.000436809723153578
1.72936254399606,0.000131541101647831,0.000155737566544549
1.82543824088473,1.38728596059979e-05,8.50345971717474e-05
1.9215139377734,8.63355320100793e-05,2.88534883425734e-05
2.01758963466207,8.38044371532239e-05,1.92501489343296e-05
2.11366533155074,4.11322474649095e-05,1.60867725908017e-05
2.20974102843942,7.56202549381122e-06,1.49590777918719e-05
2.30581672532809,5.95403559175775e-06,1.89998305496528e-05
2.40189242221676,1.48433346373656e-05,7.65133608700682e-06
2.49796811910543,4.94578167181834e-06,3.24072674327905e-06
2.5940438159941,2.98375614097509e-06,6.60734417479485e-06
2.69011951288277,7.27124575591628e-06,1.23438979487412e-05
2.78619520977144,4.30033963332387e-06,5.27347432552384e-06
2.88227090666011,2.53554160720159e-06,7.22975704551157e-06
2.97834660354878,9.82700920278337e-06,1.34012866708402e-05
3.07442230043745,6.64701645371686e-06,7.0349163058024e-06
3.17049799732612,3.40454694255014e-05,3.27913143436526e-05
3.26657369421479,8.25700069594951e-06,5.8965986155556e-06
3.36264939110346,2.76551414750634e-06,7.79399369391572e-06
3.45872508799213,5.50588857391718e-06,8.60755281276702e-06
3.5548007848808,2.03527985168451e-06,1.51416059343836e-06
3.65087648176947,3.7928332030308e-06,5.23971555395977e-06
3.74695217865814,4.18536160814237e-06,2.42149212991988e-06
3.84302787554681,8.33086237850691e-07,2.65150748989186e-06
3.93910357243548,2.97178466699533e-06,3.10540300425217e-06
4.03517926932415,3.38943622641376e-06,3.2932276887227e-06
4.13125496621282,1.67194766928395e-06,3.09205787758132e-06
4.22733066310149,2.92313388673119e-06,4.58038567116746e-06
4.32340635999016,3.67702974041336e-06,5.3675334432903e-06
4.41948205687883,7.5045507555351e-07,1.42041887126958e-06
4.5155577537675,2.59988013946256e-06,5.24851092181985e-06
4.61163345065617,2.85353848720169e-06,5.35038895305592e-06
4.70770914754484,1.04252423297815e-06,9.85812085665923e-07
4.80378484443351,3.7745637572416e-06,6.72380723691086e-06
4.89986054132218,8.4971323372951e-06,1.31958311469953e-05
4.99593623821085,1.08636054035001e-05,1.44833450068908e-05
5.09201193509952,1.20719708316479e-05,1.83944347525935e-05
5.18808763198819,1.8714545284359e-06,4.15911762177975e-06
5.28416332887686,9.8001876638993e-07,1.8583611787255e-06
5.38023902576553,1.03626544693876e-06,2.10438675581707e-06
5.4763147226542,1.01373593987712e-06,2.08664501639914e-06
5.57239041954287,1.07724314708966e-06,2.12052888406278e-06
5.66846611643154,1.03165860891589e-06,2.13696690910745e-06
5.76454181332021,9.40943676161791e-07,2.27814216968389e-06
5.86061751020888,9.68652359133262e-07,2.37098215107022e-06
5.95669320709755,1.35344787908856e-06,1.84599843242115e-06
6.05276890398622,8.42948959602756e-07,1.91802391813714e-06
6.14884460087489,9.51532116407252e-07,1.91373302050361e-06
6.24492029776356,1.25269158094539e-06,1.7918143878849e-06
6.34099599465223,8.35862749409806e-07,2.65076369429773e-06
6.43707169154091,1.01082769717509e-06,2.41818795884487e-06
6.53314738842958,1.44857306848179e-06,3.95439150766477e-06
6.62922308531825,2.50427328871053e-06,4.83051563134199e-06
6.72529878220692,2.65641120116769e-06,3.79499520944201e-06
6.82137447909559,1.0909958316006e-06,2.0629738795632e-06
6.91745017598426,7.41769868051486e-07,1.81538285938937e-06
7.01352587287293,2.20373188100972e-07,7.85850218459124e-07
7.1096015697616,8.33677273697652e-07,1.433961315647e-06
7.20567726665027,8.2837732281851e-07,1.71289160806453e-06
7.30175296353894,5.94396235275046e-07,6.86691696569118e-07
7.39782866042761,1.78531992287329e-06,2.27914152345952e-06
7.49390435731628,1.31394637290954e-06,1.61781772432536e-06
7.58998005420495,1.71747807627031e-07,7.29489416271797e-07
7.68605575109362,3.35014807879292e-07,1.17648143716915e-06
7.78213144798229,4.14470267076644e-07,1.24300096096448e-06
7.87820714487096,3.09532177026735e-07,1.13340404536082e-06
7.97428284175963,1.70894325004382e-07,1.16882195990992e-06
8.0703585386483,4.59102831263904e-07,1.2323661539256e-06
8.16643423553697,4.42564370454771e-07,1.10882390406996e-06
8.26250993242564,8.83051604985462e-07,1.03472098072205e-06
8.35858562931431,1.65287390725843e-06,7.65497803852424e-07
8.45466132620298,1.96449556667757e-06,1.46673169757985e-06
8.55073702309165,1.11457162939355e-06,1.21532208071737e-06
8.64681271998032,5.22143399105919e-07,1.15718348848614e-06
8.74288841686899,1.01148439340739e-06,1.19812872396831e-06
8.83896411375766,6.23141249901977e-07,1.11941690893174e-06
8.93503981064633,4.97269414821571e-07,1.09070551207759e-06
9.031115507535,7.78708677655362e-07,1.01942641708669e-06
9.12719120442367,6.11560795199147e-07,1.09518944221655e-06
9.22326690131234,4.68149877437219e-07,1.12632509433644e-06
9.31934259820101,6.96917282661398e-07,9.18573476658941e-07
9.41541829508968,5.5017887275418e-07,1.10697691359696e-06
9.51149399197835,4.45885426570782e-07,1.09853073896841e-06
9.60756968886702,6.31613842465145e-07,8.2607070044595e-07
9.70364538575569,5.18305841100051e-07,1.01013085260245e-06
9.79972108264436,6.74582423725555e-07,4.4882792540901e-07
9.89579677953303,6.16755525043063e-07,9.17942556042348e-07
9.9918724764217,5.08826615348207e-07,8.97028743914551e-07
10.0879481733104,5.59171101914702e-07,8.13662588496161e-07
10.184023870199,4.99580136540752e-07,1.02816553667066e-06
10.2800995670877,4.64377443521635e-07,8.9971465250011e-07
10.3761752639764,4.51715294540445e-07,9.53045025983055e-07
10.4722509608651,4.97097151930638e-07,1.01451914899477e-06
10.5683266577537,4.2761653925269e-07,8.77749274167772e-07
10.6644023546424,4.19711159364442e-07,8.6026239330579e-07
10.7604780515311,5.23854591187447e-07,9.6840448825121e-07
10.8565537484197,4.38960489116472e-07,8.97454716127019e-07
10.9526294453084,3.6551228938798e-07,1.05653424548128e-06
11.0487051421971,5.77144071973609e-07,9.7991006178112e-07
11.1447808390857,3.41273928766856e-07,9.33785417258922e-07
11.2408565359744,5.13009710106753e-07,8.52867266050868e-07
11.3369322328631,6.18166004829867e-07,8.91043986388207e-07
11.4330079297518,3.30374135632612e-07,9.24527349440211e-07
11.5290836266404,8.46274757134283e-07,7.27438284973008e-07
11.6251593235291,1.59877675138672e-06,5.11596805101939e-07
11.7212350204178,1.10273965055844e-06,1.46898566338124e-06
11.8173107173064,2.55383379561758e-07,1.30614636882503e-06
11.9133864141951,4.13249211167756e-07,8.66139135234268e-07
12.0094621110838,4.2593113590469e-07,7.89788958131579e-07
12.1055378079725,4.71508180782093e-07,7.54788054596551e-07
12.2016135048611,4.86226770025771e-07,7.41948271257062e-07
12.2976892017498,5.30994242804303e-07,6.94184551256917e-07
12.3937648986385,5.52835694437617e-07,6.99223500305233e-07
12.4898405955271,5.1586210883291e-07,7.42752048879802e-07
12.5859162924158,5.23634438891777e-07,7.37553339188138e-07
12.6819919893045,4.58865338657044e-07,8.0482873190077e-07
12.7780676861931,3.39966825335914e-07,8.39632091870285e-07
12.8741433830818,5.10828261840028e-07,6.65158315456533e-07
12.9702190799705,5.02898392242404e-07,7.41254659600465e-07
13.0662947768592,3.31156232025163e-07,8.46449457103141e-07
13.1623704737478,5.73621846989763e-07,5.9369585819923e-07
13.2584461706365,4.11351257604172e-07,9.40605826851189e-07
13.3545218675252,1.73703255898486e-07,1.49946630795308e-06
13.4505975644138,3.67513919909108e-07,1.19399941009538e-06
13.5466732613025,4.47778656841582e-07,7.33107650129887e-07
13.6427489581912,3.61258877934266e-07,7.2464575753074e-07
13.7388246550798,3.28020339083465e-07,7.83697500266669e-07
13.8349003519685,3.55276130196787e-07,7.07871159495902e-07
13.9309760488572,3.3205760499223e-07,7.30851542683538e-07
14.0270517457459,3.37762494987423e-07,7.37645898784727e-07
14.1231274426345,3.46299123346078e-07,6.62914413425285e-07
14.2192031395232,3.32575831646724e-07,6.76862362705375e-07
14.3152788364119,3.00949716934596e-07,7.10522832048404e-07
14.4113545333005,3.1671874342843e-07,7.12348856287179e-07
14.5074302301892,3.30947592428437e-07,6.85677656323775e-07
14.6035059270779,3.19809235286835e-07,6.53780089890069e-07
14.6995816239665,3.15940197817426e-07,6.98195134905507e-07
14.7956573208552,3.52799963165679e-07,6.36826675452543e-07
14.8917330177439,4.25781921335773e-07,5.83227567954106e-07
14.9878087146326,1.68264990351661e-07,9.53107604574419e-07
15.0838844115212,8.06033243933204e-08,1.17217520054767e-06
15.1799601084099,3.76589302616182e-07,8.55946886006554e-07
15.2760358052986,2.9650358726882e-07,6.50784390910718e-07
15.3721115021872,2.64060576363667e-07,7.6090545002951e-07
15.4681871990759,3.37712064952487e-07,6.76786460267522e-07
15.5642628959646,2.7676624174947e-07,6.52674174567655e-07
15.6603385928532,2.71796105901752e-07,7.33029802328389e-07
15.7564142897419,3.3931838653458e-07,6.70655870315231e-07
15.8524899866306,2.63447538836114e-07,6.28510459030878e-07
15.9485656835193,2.98835645817675e-07,7.04927607337322e-07
16.0446413804079,2.91796328063278e-07,6.54350723791122e-07
16.1407170772966,2.68181178847029e-07,6.28954574517781e-07
16.2367927741853,2.82545983404257e-07,6.95684673296944e-07
16.3328684710739,2.87760327213974e-07,6.49525749276451e-07
16.4289441679626,2.77473999881349e-07,6.56182812086263e-07
16.5250198648513,2.72264587659426e-07,6.48997188378032e-07
16.6210955617399,2.62590930343076e-07,6.14140517309957e-07
16.7171712586286,2.64839379436683e-07,6.67911299822595e-07
16.8132469555173,2.85635564645274e-07,6.92063105020883e-07
16.909322652406,2.7522689113817e-07,6.40749720813759e-07
17.0053983492946,2.73146842459397e-07,6.99833204043882e-07
17.1014740461833,2.92381015428416e-07,6.8068391943418e-07
17.197549743072,2.6920377102647e-07,6.23500856807875e-07
17.2936254399606,2.78241027924664e-07,7.01001180897704e-07
17.3897011368493,3.1191205186496e-07,6.60457583906853e-07
17.485776833738,2.77884312406051e-07,6.07367044820583e-07
17.5818525306267,2.8047738131208e-07,6.25805646191966e-07
17.6779282275153,2.85134518226093e-07,6.11294279869715e-07
17.774003924404,2.53965526737176e-07,5.5161875267579e-07
17.8700796212927,2.63467372769824e-07,6.2584012835398e-07
17.9661553181813,2.90163293659337e-07,6.1895546473807e-07
18.06223101507,2.50475804888015e-07,5.51891434050262e-07
18.1583067119587,2.75661297451749e-07,6.45723938223349e-07
18.2543824088473,3.47298524109523e-07,7.02094097816911e-07
18.350458105736,2.33734064269857e-07,4.29694276003896e-07
18.4465338026247,2.04990047630338e-07,4.6246717794287e-07
18.5426094995134,2.14182906673508e-07,5.36755376403617e-07
18.638685196402,2.71465173239567e-07,6.05964163742993e-07
18.7347608932907,2.59557418311507e-07,5.82811243509471e-07
18.8308365901794,2.60685260933888e-07,5.85822889473004e-07
18.926912287068,2.64784374188636e-07,5.90888364719939e-07
19.0229879839567,2.72725703620602e-07,6.1071403508259e-07
19.1190636808454,2.73145534665886e-07,6.05451845184674e-07
19.215139377734,2.63123292161644e-07,5.88316406894726e-07
19.3112150746227,2.5065960677377e-07,5.76895305776546e-07
19.4072907715114,2.27547666380508e-07,5.05311446849995e-07
19.5033664684001,2.46094312298881e-07,5.48484988555501e-07
19.5994421652887,2.4581847218462e-07,5.75389302697343e-07
19.6955178621774,2.34537990461579e-07,5.21058225628494e-07
19.7915935590661,2.44493418362177e-07,5.42606920101993e-07
19.8876692559547,2.45433207118735e-07,6.11250662733622e-07
19.9837449528434,1.56445473653321e-07,5.17280854912426e-07
20.0798206497321,1.80754092086332e-07,2.75946069703029e-07
20.1758963466207,2.38106974236958e-07,4.70158334854136e-07
20.2719720435094,2.43679133024532e-07,5.54958038647588e-07
20.3680477403981,2.26183697365473e-07,5.04773408572036e-07
20.4641234372868,2.32319009450886e-07,5.24586529058782e-07
20.5601991341754,2.28047419995985e-07,5.24354873608276e-07
20.6562748310641,2.235718041024e-07,5.05146894098885e-07
20.7523505279528,2.25503746659852e-07,5.3159819159554e-07
20.8484262248414,2.24920518114582e-07,5.24039972805268e-07
20.9445019217301,2.16246569072654e-07,4.98094046821439e-07
21.0405776186188,2.13930967330583e-07,4.90722737387445e-07
21.1366533155075,2.14479244106718e-07,4.86555272372997e-07
21.2327290123961,2.16858244952028e-07,5.04269906299926e-07
21.3288047092848,2.10008833234788e-07,4.91192645150856e-07
21.4248804061735,2.0866146144423e-07,4.69829685574526e-07
21.5209561030621,2.19753094717031e-07,5.17363618570933e-07
21.6170317999508,1.95591308634404e-07,4.65654002406443e-07
21.7131074968395,1.47255033829852e-07,3.0123834913169e-07
21.8091831937281,2.18817467211225e-07,4.09605819956403e-07
21.9052588906168,2.21985125268291e-07,5.03870861104092e-07
22.0013345875055,2.03533369126563e-07,4.54825167914777e-07
22.0974102843942,2.09473417823951e-07,4.61698873613938e-07
22.1934859812828,2.07632744590121e-07,4.73797233756933e-07
22.2895616781715,1.97703735369761e-07,4.37720869253078e-07
22.3856373750602,2.07724780730612e-07,4.57864461947163e-07
22.4817130719488,2.03417486651997e-07,4.6412572626123e-07
22.5777887688375,1.9656270961325e-07,4.38959321354517e-07
22.6738644657262,2.01358947165141e-07,4.48860029082421e-07
22.7699401626148,1.99284808521554e-07,4.508133797626e-07
22.8660158595035,1.94752623778574e-07,4.38172065873572e-07
22.9620915563922,1.99319542790872e-07,4.44624839670111e-07
23.0581672532809,1.95708613463574e-07,4.42204764373815e-07
23.1542429501695,1.96421218543067e-07,4.35902554863133e-07
23.2503186470582,1.968699543296e-07,4.42099405715657e-07
23.3463943439469,1.92123483819022e-07,4.31023068199767e-07
23.4424700408355,1.90199174114406e-07,4.25138333711795e-07
23.5385457377242,1.96725318500561e-07,4.36443922658386e-07
23.6346214346129,1.91641316346234e-07,4.31118145947532e-07
23.7306971315015,1.92433065161101e-07,4.26513221613744e-07
23.8267728283902,1.94326295307039e-07,4.33596532471424e-07
23.9228485252789,1.89449552429482e-07,4.26958677615858e-07
24.0189242221676,1.88122643217368e-07,4.17938279346047e-07
24.1149999190562,1.95592172875026e-07,4.26605892526483e-07
24.2110756159449,1.90933560852627e-07,4.22077335031416e-07
24.3071513128336,1.93040579508621e-07,4.17727216514049e-07
24.4032270097222,1.93093531866532e-07,4.28025588369968e-07
24.4993027066109,1.86603823332348e-07,4.18729410252362e-07
24.5953784034996,1.87644685202016e-07,4.1159654215926e-07
24.6914541003882,1.93810090390211e-07,4.22855428665177e-07
24.7875297972769,1.85674635991491e-07,4.13292052260807e-07
24.8836054941656,1.91687422079726e-07,4.13413829453951e-07
24.9796811910543,1.99880869271215e-07,4.23984402047711e-07
25.0757568879429,1.75056448351537e-07,4.32077845502585e-07
25.1718325848316,1.79642520159182e-07,4.07539708814857e-07
25.2679082817203,1.75910095566421e-07,4.07827606162777e-07
25.3639839786089,1.83707745078746e-07,4.02434896772434e-07
25.4600596754976,1.80771242803671e-07,4.03408207532053e-07
25.5561353723863,1.80790513805639e-07,4.02090036729092e-07
25.652211069275,1.82964357735793e-07,3.95381082066432e-07
25.7482867661636,1.77601937810263e-07,3.98265599275811e-07
25.8443624630523,1.83148321492539e-07,3.95627435898932e-07
25.940438159941,1.82386208828084e-07,3.97153654302601e-07
26.0365138568296,1.81631192467086e-07,4.00590850102078e-07
26.1325895537183,1.77458337853773e-07,3.98351356309797e-07
26.228665250607,1.82141333988267e-07,3.90108233373575e-07
26.3247409474956,1.76820380373996e-07,3.9499353234824e-07
26.4208166443843,1.77348167187279e-07,3.93497859149888e-07
26.516892341273,1.80278502690811e-07,3.84864169658631e-07
26.6129680381617,1.81720127069119e-07,3.86931578159763e-07
26.7090437350503,1.78215705754306e-07,4.03009835143831e-07
26.805119431939,1.65898211196482e-07,3.99555319991594e-07
26.9011951288277,1.66502308614382e-07,3.87756825480393e-07
26.9972708257163,1.72405084094074e-07,3.81775936804858e-07
27.093346522605,1.70606407270505e-07,3.82841548729299e-07
27.1894222194937,1.69171175698988e-07,3.82786552090445e-07
27.2854979163823,1.72116823787057e-07,3.79305461148943e-07
27.381573613271,1.70835371619415e-07,3.78306819302176e-07
27.4776493101597,1.68617240851833e-07,3.76827011670924e-07
27.5737250070484,1.74672730628879e-07,3.71558509230929e-07
27.669800703937,1.6919336977311e-07,3.75764170865432e-07
27.7658764008257,1.70197271093292e-07,3.73421016861898e-07
27.8619520977144,1.68712538957099e-07,3.72422985543475e-07
27.958027794603,1.68129973273571e-07,3.70578568332143e-07
28.0541034914917,1.68555517467528e-07,3.68970701098016e-07
28.1501791883804,1.66754274990067e-07,3.68855791851278e-07
28.246254885269,1.67047746611588e-07,3.66774395200479e-07
28.3423305821577,1.74980432507621e-07,3.63869192905523e-07
28.4384062790464,1.49801015670111e-07,3.82280558591887e-07
28.5344819759351,1.62047695283318e-07,3.68134322486137e-07
28.6305576728237,1.61387227119219e-07,3.64889042692634e-07
28.7266333697124,1.60541266718361e-07,3.65275647619238e-07
28.8227090666011,1.6142023119724e-07,3.62589421831136e-07
28.9187847634897,1.62759576618498e-07,3.59355214796468e-07
29.0148604603784,1.58628264904257e-07,3.62121255106037e-07
29.1109361572671,1.60682007940067e-07,3.58705756286893e-07
29.2070118541557,1.61017652860826e-07,3.54822972573155e-07
29.3030875510444,1.57844025254551e-07,3.58404942763002e-07
29.3991632479331,1.58517257659811e-07,3.5568250076888e-07
29.4952389448218,1.59122599942358e-07,3.53654982111612e-07
29.5913146417104,1.56828974557234e-07,3.55051924796342e-07
29.6873903385991,1.56871369012271e-07,3.52392882177141e-07
29.7834660354878,1.56631350301385e-07,3.50964336613355e-07
29.8795417323764,1.55219988907681e-07,3.51519705580347e-07
29.9756174292651,1.55504323607044e-07,3.47870524993733e-07
30.0716931261538,1.56136877811126e-07,3.47920692007489e-07
30.1677688230425,1.51852796949e-07,3.49813166232266e-07
30.2638445199311,1.53420422846651e-07,3.47092335745319e-07
30.3599202168198,1.52740797382999e-07,3.45922993542316e-07
30.4559959137085,1.51459060956811e-07,3.46302251890124e-07
30.5520716105971,1.52259009464959e-07,3.43475767698066e-07
30.6481473074858,1.51951727365249e-07,3.44013825911829e-07
30.7442230043745,1.49456795848303e-07,3.43683934434688e-07
30.8402987012631,1.50784051586765e-07,3.40858641590412e-07
30.9363743981518,1.50047274896849e-07,3.41006544341885e-07
31.0324500950405,1.49355500250987e-07,3.38431884871847e-07
31.1285257919292,1.50237617419001e-07,3.37732564813941e-07
31.2246014888178,1.49317038202791e-07,3.37179047582188e-07
31.3206771857065,1.46849760216064e-07,3.36362397220842e-07
31.4167528825952,1.48993365852292e-07,3.34642999305977e-07
31.5128285794838,1.46194350508477e-07,3.35441705866242e-07
31.6089042763725,1.46410359127935e-07,3.34338592729733e-07
31.7049799732612,1.51272547243255e-07,3.30704131686931e-07
31.8010556701498,1.49262119532903e-07,3.26699730205486e-07
31.8971313670385,1.46408703389668e-07,3.31652544547692e-07
31.9932070639272,1.43784507938849e-07,3.30079277419127e-07
32.0892827608159,1.44075967460172e-07,3.29843855866701e-07
32.1853584577045,1.43418210136073e-07,3.28374138840862e-07
32.2814341545932,1.42975985424273e-07,3.26670850098478e-07
32.3775098514819,1.42856030188769e-07,3.26633158684338e-07
32.4735855483705,1.41563307207174e-07,3.25221520834806e-07
32.5696612452592,1.42175535294041e-07,3.2405234494061e-07
32.6657369421479,1.42520034491958e-07,3.24383138778432e-07
32.7618126390365,1.44547223552451e-07,3.2220329187908e-07
32.8578883359252,1.4091021323459e-07,3.21047763430194e-07
32.9539640328139,1.41591212795753e-07,3.2211430436803e-07
33.0500397297026,1.43059669115253e-07,3.19002374632781e-07
33.1461154265912,1.40147434211767e-07,3.18812075083364e-07
33.2421911234799,1.40626027015149e-07,3.1883915424615e-07
33.3382668203686,1.49867645232089e-07,3.12878135197363e-07
33.4343425172572,1.43621125013681e-07,3.17393936281056e-07
33.5304182141459,1.38154488117192e-07,3.16415969719638e-07
33.6264939110346,1.36015642936154e-07,3.14865773407479e-07
33.7225696079233,1.38249724938774e-07,3.13071777452261e-07
33.8186453048119,1.37988207078188e-07,3.12601753915185e-07
33.9147210017006,1.37277864103097e-07,3.11240219725932e-07
34.0107966985893,1.377598964799e-07,3.10507014292654e-07
34.1068723954779,1.37903753596489e-07,3.10454724730252e-07
34.2029480923666,1.37721513150211e-07,3.08871818383696e-07
34.2990237892553,1.39265840696153e-07,3.09040527926359e-07
34.3950994861439,1.37704565568255e-07,3.08256744636822e-07
34.4911751830326,1.37127185759882e-07,3.06954733328445e-07
34.5872508799213,1.36964981500125e-07,3.05698315105355e-07
34.68332657681,1.37346835674554e-07,3.05476435840083e-07
34.7794022736986,1.36647968635814e-07,3.04673411575889e-07
34.8754779705873,1.36633941568327e-07,3.02839011848484e-07
34.971553667476,1.36575785654285e-07,3.03717396900719e-07
35.0676293643646,1.39430862451816e-07,3.05977033027505e-07
35.1637050612533,1.30680517061271e-07,3.0353948354893e-07
35.259780758142,1.33095822984705e-07,3.00342606613489e-07
35.3558564550306,1.33718161517786e-07,2.99674887685201e-07
35.4519321519193,1.32734534248633e-07,2.99329265119961e-07
35.548007848808,1.32944680883004e-07,2.98566336441298e-07
35.6440835456967,1.33107989401112e-07,2.98010018845741e-07
35.7401592425853,1.31874405730823e-07,2.97428523665234e-07
35.836234939474,1.32237347218592e-07,2.96424624822623e-07
35.9323106363627,1.32700155050854e-07,2.95976836183827e-07
36.0283863332513,1.31478902275471e-07,2.95945443797317e-07
36.12446203014,1.31157983515626e-07,2.94469463211537e-07
36.2205377270287,1.31273511190604e-07,2.94159728659931e-07
36.3166134239173,1.30748981350587e-07,2.93638029324111e-07
36.412689120806,1.30422091950257e-07,2.9276454837356e-07
36.5087648176947,1.30349182574287e-07,2.92560735561784e-07
36.6048405145834,1.29828919972162e-07,2.91658605375448e-07
36.700916211472,1.29483183042772e-07,2.91347565699115e-07
36.7969919083607,1.29787001655472e-07,2.9130354269223e-07
36.8930676052494,1.28541595377019e-07,2.89046533295567e-07
36.989143302138,1.28501347480964e-07,2.88558996460468e-07
37.0852189990267,1.28450217933297e-07,2.89187511706126e-07
37.1812946959154,1.27609345571612e-07,2.87263766807543e-07
37.277370392804,1.27340030459035e-07,2.87027335633806e-07
37.3734460896927,1.27867642384402e-07,2.88240504061948e-07
37.4695217865814,1.26580039005887e-07,2.85765905152246e-07
37.5655974834701,1.26633994071375e-07,2.85497200398157e-07
37.6616731803587,1.2612958364195e-07,2.85183519054081e-07
37.7577488772474,1.25780788210169e-07,2.82594698154872e-07
37.8538245741361,1.25773747218036e-07,2.83300527375117e-07
37.9499002710247,1.26032962577513e-07,2.83834801829834e-07
38.0459759679134,1.24594910809704e-07,2.8101260124321e-07
38.1420516648021,1.25086215070543e-07,2.81330338911352e-07
38.2381273616908,1.24444618712982e-07,2.81921181414993e-07
38.3342030585794,1.2245692205307e-07,2.77524246134219e-07
38.4302787554681,1.24386198992507e-07,2.76550294259912e-07
38.5263544523568,1.25248737037387e-07,2.79398919377808e-07
38.6224301492454,1.24759430093426e-07,2.80201464000509e-07
38.7185058461341,1.23704448161831e-07,2.79320775316867e-07
38.8145815430228,1.23339405555533e-07,2.78078982756345e-07
38.9106572399114,1.22857296890259e-07,2.77117538795805e-07
39.0067329368001,1.22528922746582e-07,2.77253437823608e-07
39.1028086336888,1.22200918187723e-07,2.76100991851809e-07
39.1988843305775,1.21097260965482e-07,2.74440288635484e-07
39.2949600274661,1.21140593633719e-07,2.73929637392845e-07
39.3910357243548,1.20063324629733e-07,2.71867937611393e-07
39.4871114212435,1.21548678812367e-07,2.72305367411246e-07
39.5831871181321,1.20782782950849e-07,2.73215489090702e-07
39.6792628150208,1.19491590144214e-07,2.71031140602794e-07
39.7753385119095,1.202210051848e-07,2.70192273058665e-07
39.8714142087981,1.20002167928364e-07,2.71807395035823e-07
39.9674899056868,1.1649718652392e-07,2.67759102400754e-07
40.0635656025755,1.19673144872314e-07,2.64690526573968e-07
40.1596412994642,1.20721647493952e-07,2.67291994654267e-07
40.2557169963528,1.20899388945636e-07,2.7119385035529e-07
40.3517926932415,1.1871418162077e-07,2.68815725401595e-07
40.4478683901302,1.18780540134121e-07,2.67829020480863e-07
40.5439440870188,1.18518060740928e-07,2.67092088540135e-07
40.6400197839075,1.17710918292001e-07,2.66234006539192e-07
40.7360954807962,1.17620222564352e-07,2.66191959880797e-07
40.8321711776848,1.16945852720265e-07,2.65512894880362e-07
40.9282468745735,1.16414985826005e-07,2.64348954040788e-07
41.0243225714622,1.16533915471683e-07,2.63018270590422e-07
41.1203982683509,1.16305400571792e-07,2.62260272828231e-07
41.2164739652395,1.16425242158227e-07,2.62908404463233e-07
41.3125496621282,1.15756573312703e-07,2.62469465673667e-07
41.4086253590169,1.15311514031016e-07,2.60347322786333e-07
41.5047010559055,1.15691592070065e-07,2.61087424737783e-07
41.6007767527942,1.15132053117885e-07,2.60398205218717e-07
41.6968524496829,1.12731827092098e-07,2.56283481787973e-07
41.7929281465715,1.16667156634482e-07,2.57246592458007e-07
41.8890038434602,1.16031728392971e-07,2.59875054968979e-07
41.9850795403489,1.14725306853052e-07,2.59404315746546e-07
42.0811552372376,1.14499817032469e-07,2.58003524027986e-07
42.1772309341262,1.14423305451137e-07,2.58099056608525e-07
42.2733066310149,1.13553812144125e-07,2.5700057193717e-07
42.3693823279036,1.13723191051266e-07,2.56194010427118e-07
42.4654580247922,1.13469511404441e-07,2.56644074071183e-07
42.5615337216809,1.12519542080125e-07,2.55190471818144e-07
42.6576094185696,1.12883039856641e-07,2.54041059949487e-07
42.7536851154583,1.12808043553542e-07,2.5407576943226e-07
42.8497608123469,1.12232206807344e-07,2.53462854145807e-07
42.9458365092356,1.12200599327484e-07,2.53048702986637e-07
43.0419122061243,1.11921190432767e-07,2.52579104549681e-07
43.1379879030129,1.1150656590752e-07,2.51849825621737e-07
43.2340635999016,1.1166135176964e-07,2.51651819518836e-07
43.3301392967903,1.11290395656551e-07,2.50899800276311e-07
43.4262149936789,1.10909949859495e-07,2.49808237386474e-07
43.5222906905676,1.11429017626763e-07,2.50152030872877e-07
43.6183663874563,1.108324892807e-07,2.50113947618327e-07
43.714442084345,1.1044888710856e-07,2.48796832756774e-07
43.8105177812336,1.10747764222933e-07,2.48816275998757e-07
43.9065934781223,1.10179505672561e-07,2.4843772681127e-07
44.002669175011,1.09697322149974e-07,2.47158577075779e-07
44.0987448718996,1.10282908793767e-07,2.47307742679819e-07
44.1948205687883,1.09737800208909e-07,2.47092020681286e-07
44.290896265677,1.09720284665588e-07,2.4631336875281e-07
44.3869719625656,1.0963619818935e-07,2.46508960980488e-07
44.4830476594543,1.0896438689157e-07,2.46109113626123e-07
44.579123356343,1.08622741851968e-07,2.44740955771821e-07
44.6751990532317,1.09181184129734e-07,2.44761870319258e-07
44.7712747501203,1.08436534514127e-07,2.44754143833564e-07
44.867350447009,1.08416967969963e-07,2.43266289906403e-07
44.9634261438977,1.09005976023914e-07,2.43671373372563e-07
45.0595018407863,1.07926522793712e-07,2.44849909857888e-07
45.155577537675,1.06649144246186e-07,2.42893292938944e-07
45.2516532345637,1.06914063820437e-07,2.41336205724688e-07
45.3477289314524,1.07183663022848e-07,2.40794968901138e-07
45.443804628341,1.07503788890821e-07,2.4085211945238e-07
45.5398803252297,1.0734351427345e-07,2.40708584435789e-07
45.6359560221184,1.069711524124e-07,2.3998781454237e-07
45.732031719007,1.07078934388271e-07,2.39445569239104e-07
45.8281074158957,1.07161489614792e-07,2.39196824216949e-07
45.9241831127844,1.06878395809151e-07,2.3895690525495e-07
46.020258809673,1.07022256481843e-07,2.39127419756415e-07
46.1163345065617,1.05752681401999e-07,2.39348482811988e-07
46.2124102034504,1.05762423121772e-07,2.37693634214361e-07
46.3084859003391,1.06247376619629e-07,2.37179273749761e-07
46.4045615972277,1.05643242087739e-07,2.37906485411709e-07
46.5006372941164,1.05227777050645e-07,2.36613830907072e-07
46.5967129910051,1.0625798876204e-07,2.36189295396507e-07
46.6927886878937,1.04961462129952e-07,2.37725998890632e-07
46.7888643847824,1.03547460575388e-07,2.37405989462033e-07
46.8849400816711,1.03621590885851e-07,2.35100666889643e-07
46.9810157785597,1.04639408749233e-07,2.33870352079588e-07
47.0770914754484,1.04355618437219e-07,2.33888159441618e-07
47.1731671723371,1.04328415115615e-07,2.33559941241373e-07
47.2692428692257,1.04365684849165e-07,2.33200479284933e-07
47.3653185661144,1.04054201559632e-07,2.32766265223239e-07
47.4613942630031,1.04143033476498e-07,2.32152759207068e-07
47.5574699598918,1.03938457696828e-07,2.32172363498471e-07
47.6535456567804,1.03578712084281e-07,2.32574772916249e-07
47.7496213536691,1.03239232774179e-07,2.32434691211558e-07
47.8456970505578,1.02803726174259e-07,2.3167434054409e-07
47.9417727474464,1.02986826450726e-07,2.30828402187513e-07
48.0378484443351,1.02925882250403e-07,2.3086429719061e-07
48.1339241412238,1.02323220898357e-07,2.30706885196084e-07
48.2299998381125,1.02399006589665e-07,2.29663988693518e-07
48.3260755350011,1.02833123929438e-07,2.29783831034288e-07
48.4221512318898,1.01037829492444e-07,2.31135790173063e-07
48.5182269287785,1.01030904677389e-07,2.29642404151295e-07
48.6143026256671,1.01737363863079e-07,2.27840871191984e-07
48.7103783225558,1.01594643705021e-07,2.27804847702875e-07
48.8064540194445,1.01286929583249e-07,2.27566019092532e-07
48.9025297163331,1.01426175553307e-07,2.27087970234768e-07
48.9986054132218,1.01085855334329e-07,2.27194195912164e-07
49.0946811101105,1.00905417770889e-07,2.26582323722986e-07
49.1907568069992,1.01011554219624e-07,2.26124933304609e-07
49.2868325038878,1.0049209208417e-07,2.26262178267535e-07
49.3829082007765,1.00321219212987e-07,2.2590936479448e-07
49.4789838976652,1.00288390661924e-07,2.25409686194782e-07
49.5750595945538,1.00042832823006e-07,2.25120494261834e-07
49.6711352914425,9.9921583412082e-08,2.24665461596825e-07
49.7672109883312,9.97928429204994e-08,2.24392850230945e-07
49.8632866852198,9.94730285941861e-08,2.24187517394395e-07
49.9593623821085,9.93987163663187e-08,2.236470019182e-07
50.0554380789972,9.93069927194745e-08,2.23700647134318e-07
50.1515137758859,9.88916222708667e-08,2.23550474505014e-07
50.2475894727745,9.89300689923517e-08,2.22661347088001e-07
50.3436651696632,9.88342173033163e-08,2.22426932323926e-07
50.4397408665519,9.84851556379147e-08,2.2227279614932e-07
50.5358165634405,9.8483171276438e-08,2.21664152478221e-07
50.6318922603292,9.83975838807479e-08,2.21461509833799e-07
50.7279679572179,9.80179441643723e-08,2.21395798691131e-07
50.8240436541066,9.79910463970353e-08,2.20785836713788e-07
50.9201193509952,9.78397834974403e-08,2.20515945690383e-07
51.0161950478839,9.76778999465942e-08,2.20272543726957e-07
51.1122707447726,9.76580715101827e-08,2.19456897820435e-07
51.2083464416612,9.7531344239094e-08,2.19454847730579e-07
51.3044221385499,9.71680856658805e-08,2.1953135389222e-07
51.4004978354386,9.71767238536409e-08,2.18686205037387e-07
51.4965735323272,9.70610602452593e-08,2.18607484061473e-07
51.5926492292159,9.6675535233948e-08,2.1852195093497e-07
51.6887249261046,9.68630806398154e-08,2.17570821562381e-07
51.7848006229933,9.6861105455175e-08,2.17017892599152e-07
51.8808763198819,9.64591498788052e-08,2.17227353440969e-07
51.9769520167706,9.6259818948995e-08,2.17207594220304e-07
52.0730277136593,9.59212433600246e-08,2.17068307216134e-07
52.1691034105479,9.58799678673096e-08,2.16636130436481e-07
52.2651791074366,9.58164775351215e-08,2.16215177285727e-07
52.3612548043253,9.56302719250518e-08,2.16223548836742e-07
52.4573305012139,9.55180224754029e-08,2.15944005201668e-07
52.5534061981026,9.53733836936086e-08,2.15460392027701e-07
52.6494818949913,9.52004811337262e-08,2.15020634188501e-07
52.74555759188,9.54368994835021e-08,2.14276537075926e-07
52.8416332887686,9.51019128829127e-08,2.14026765353036e-07
52.9377089856573,9.48484200704585e-08,2.14252766528523e-07
53.033784682546,9.48381433302415e-08,2.13794256731959e-07
53.1298603794346,9.47591735214631e-08,2.13146350428843e-07
53.2259360763233,9.43676993155785e-08,2.13420864095741e-07
53.322011773212,9.45964731915873e-08,2.13009669612928e-07
53.4180874701006,9.45781087842096e-08,2.11488448509584e-07
53.5141631669893,9.42368566434299e-08,2.11351630236973e-07
53.610238863878,9.38737952571528e-08,2.12262414950508e-07
53.7063145607667,9.3852685764866e-08,2.12157265045552e-07
53.8023902576553,9.36315976869257e-08,2.11732422095216e-07
53.898465954544,9.35328783275229e-08,2.11367541917759e-07
53.9945416514327,9.34733520954637e-08,2.11010117940919e-07
54.0906173483213,9.33180745435722e-08,2.10842434331062e-07
54.18669304521,9.33203154096243e-08,2.10580337654172e-07
54.2827687420987,9.31494224059743e-08,2.10183686615464e-07
54.3788444389874,9.30736189103941e-08,2.09658695088669e-07
54.474920135876,9.30096670935611e-08,2.09192175112316e-07
54.5709958327647,9.27678506808215e-08,2.09133742302879e-07
54.6670715296534,9.26618788130067e-08,2.09154520758152e-07
54.763147226542,9.26451461453913e-08,2.08506160498877e-07
54.8592229234307,9.24696234547183e-08,2.08304556512278e-07
54.9552986203194,9.22219046859449e-08,2.0837727850231e-07
55.051374317208,9.24270966512499e-08,2.0732983050194e-07
55.1474500140967,9.22144868639597e-08,2.06670495093106e-07
55.2435257109854,9.17482674207837e-08,2.07231441295907e-07
55.339601407874,9.18315393454056e-08,2.07228694179994e-07
55.4356771047627,9.17436794557106e-08,2.06791835337787e-07
55.5317528016514,9.15613220388931e-08,2.06605221155782e-07
55.6278284985401,9.14871982174587e-08,2.06325836043025e-07
55.7239041954287,9.13765198904219e-08,2.05933812259612e-07
55.8199798923174,9.12177654081666e-08,2.05891541141446e-07
55.9160555892061,9.12671265025046e-08,2.05634627367336e-07
56.0121312860947,9.10574375955451e-08,2.05094033173192e-07
56.1082069829834,9.09286437919342e-08,2.04847416244779e-07
56.2042826798721,9.08218059918529e-08,2.0459617846778e-07
56.3003583767608,9.07031512583803e-08,2.04363766815341e-07
56.3964340736494,9.06162111345638e-08,2.04133817973612e-07
56.4925097705381,9.05149228721112e-08,2.03778287227722e-07
56.5885854674268,9.03764048134009e-08,2.03583098349714e-07
56.6846611643154,9.02437637770053e-08,2.03349861430349e-07
56.7807368612041,9.01679190121676e-08,2.02936779866308e-07
56.8768125580928,9.0034406738103e-08,2.02702396508854e-07
56.9728882549814,8.99241908453689e-08,2.02644025984537e-07
57.0689639518701,8.98410729766225e-08,2.02301977496572e-07
57.1650396487588,8.97086288536065e-08,2.02038344134867e-07
57.2611153456475,8.9590926952594e-08,2.01941727571963e-07
57.3571910425361,8.94875929803755e-08,2.01470882073431e-07
57.4532667394248,8.93891151034672e-08,2.01226367068528e-07
57.5493424363135,8.9275136829482e-08,2.01116592246899e-07
57.6454181332021,8.91621514488639e-08,2.00759708450257e-07
57.7414938300908,8.90692756105438e-08,2.00662975350401e-07
57.8375695269795,8.89617879398327e-08,2.00485055390527e-07
57.9336452238681,8.8828780995951e-08,2.00064371177631e-07
58.0297209207568,8.87549693427075e-08,1.99837667518416e-07
58.1257966176455,8.86341854133855e-08,1.99756547119276e-07
58.2218723145342,8.85545378014913e-08,1.9936473294659e-07
58.3179480114228,8.84173613044851e-08,1.99067570785869e-07
58.4140237083115,8.83611921009384e-08,1.99231573246178e-07
58.5100994052002,8.82103857214944e-08,1.99057416351712e-07
58.6061751020888,8.80804134578348e-08,1.98472657767732e-07
58.7022507989775,8.80892820600344e-08,1.98055425224742e-07
58.7983264958662,8.7918310530271e-08,1.97813401989107e-07
58.8944021927548,8.78059195079339e-08,1.97706982305691e-07
58.9904778896435,8.76982416865104e-08,1.97463759106609e-07
59.0865535865322,8.75660022216403e-08,1.97157936286808e-07
59.1826292834209,8.75349215729823e-08,1.96978086945313e-07
59.2787049803095,8.74269859465727e-08,1.96769988646607e-07
59.3747806771982,8.72754784866439e-08,1.96591319564181e-07
59.4708563740869,8.72352257403692e-08,1.96606245103914e-07
59.5669320709755,8.71339467777611e-08,1.96325371486383e-07
59.6630077678642,8.69781224004063e-08,1.95790488406895e-07
59.7590834647529,8.69389775122845e-08,1.95826262326153e-07
59.8551591616416,8.68360301025854e-08,1.95601849375458e-07
59.9512348585302,8.67144025692941e-08,1.95085882456414e-07
60.0473105554189,8.66125789432527e-08,1.95341630392695e-07
60.1433862523076,8.66489969689428e-08,1.95332369701945e-07
60.2394619491962,8.63547594388768e-08,1.9471981554476e-07
60.3355376460849,8.63074800240069e-08,1.94336646309361e-07
60.4316133429736,8.62795782998754e-08,1.94153599317308e-07
60.5276890398622,8.61567228555034e-08,1.93946070070535e-07
60.6237647367509,8.60547019608205e-08,1.93755893816786e-07
60.7198404336396,8.5946500787311e-08,1.9353441392656e-07
60.8159161305283,8.58392163040084e-08,1.93216920965063e-07
60.9119918274169,8.58256376241998e-08,1.93003398182333e-07
61.0080675243056,8.57061800975317e-08,1.92917421351672e-07
61.1041432211943,8.55945817773896e-08,1.92886586838641e-07
61.2002189180829,8.55186187037362e-08,1.9267478969169e-07
61.2962946149716,8.54024741916821e-08,1.92284485969281e-07
61.3923703118603,8.53346494034487e-08,1.9213940549597e-07
61.4884460087489,8.52383158026696e-08,1.9203603636234e-07
61.5845217056376,8.51665423844296e-08,1.91717186453857e-07
61.6805974025263,8.50747094432969e-08,1.91507102604534e-07
61.776673099415,8.49330149040927e-08,1.91542614264771e-07
61.8727487963036,8.49489465392123e-08,1.91432085737362e-07
61.9688244931923,8.4725001661056e-08,1.90967758533706e-07
62.064900190081,8.46929407170537e-08,1.90691489020541e-07
62.1609758869696,8.46234192584496e-08,1.90509762058507e-07
62.2570515838583,8.45588456545767e-08,1.9025750157903e-07
62.353127280747,8.4449504949376e-08,1.90149337298986e-07
62.4492029776357,8.43558474856327e-08,1.89925301582218e-07
62.5452786745243,8.42438368357394e-08,1.89688562599149e-07
62.641354371413,8.42138669128888e-08,1.89592140137948e-07
62.7374300683017,8.41157827024774e-08,1.89431377783624e-07
62.8335057651903,8.40287731968038e-08,1.89234349534922e-07
62.929581462079,8.39383034082006e-08,1.89046276316049e-07
63.0256571589677,8.38425176636677e-08,1.8882413456481e-07
63.1217328558563,8.37624186048793e-08,1.8863259223298e-07
63.217808552745,8.36856855570407e-08,1.88480940475289e-07
63.3138842496337,8.36112665356036e-08,1.88229635130953e-07
63.4099599465223,8.35389775443634e-08,1.8807921524563e-07
63.506035643411,8.34181617538823e-08,1.8800239347452e-07
63.6021113402997,8.33587150877677e-08,1.87724475272969e-07
63.6981870371884,8.32618884284223e-08,1.87528449489814e-07
63.794262734077,8.31927355518367e-08,1.87392550958252e-07
63.8903384309657,8.310941204262e-08,1.87159595715527e-07
63.9864141278544,8.30511989642323e-08,1.87008219736926e-07
64.0824898247431,8.29343101138109e-08,1.86860735406973e-07
64.1785655216317,8.28703652093388e-08,1.86648839964415e-07
64.2746412185204,8.27858006001435e-08,1.86463307362927e-07
64.3707169154091,8.27050192650781e-08,1.86313670406914e-07
64.4667926122977,8.26280406369477e-08,1.86062063653219e-07
64.5628683091864,8.25803441626453e-08,1.85865774161597e-07
64.6589440060751,8.24604634623871e-08,1.85803074419439e-07
64.7550197029637,8.24008789178186e-08,1.85546407518773e-07
64.8510953998524,8.23120302124773e-08,1.85386817661764e-07
64.9471710967411,8.22433116064813e-08,1.85296349493033e-07
65.0432467936297,8.21477966220312e-08,1.85000235400633e-07
65.1393224905184,8.21307004609338e-08,1.84823278280203e-07
65.2353981874071,8.20242984562425e-08,1.8474248389443e-07
65.3314738842958,8.19014576459401e-08,1.84586230521172e-07
65.4275495811844,8.18497533449781e-08,1.84409548622402e-07
65.5236252780731,8.1789382939545e-08,1.84237681605564e-07
65.6197009749618,8.1716547217718e-08,1.84042882344429e-07
65.7157766718504,8.16374507553762e-08,1.83898949264558e-07
65.8118523687391,8.15306689325177e-08,1.83783204201664e-07
65.9079280656278,8.14762683996138e-08,1.83608023753676e-07
66.0040037625164,8.14252123540164e-08,1.83432787052376e-07
66.1000794594051,8.13312209795523e-08,1.83152533913997e-07
66.1961551562938,8.12603589408183e-08,1.82979790572226e-07
66.2922308531825,8.12104775596843e-08,1.82951872633454e-07
66.3883065500711,8.11029124467223e-08,1.8273652105427e-07
66.4843822469598,8.10600164975111e-08,1.82544556357306e-07
66.5804579438485,8.09522267730903e-08,1.82421495161662e-07
66.6765336407371,8.09320344508127e-08,1.82266147224895e-07
66.7726093376258,8.07816043173294e-08,1.82057302502444e-07
66.8686850345145,8.08239141266361e-08,1.81793977953611e-07
66.9647607314031,8.07032209305464e-08,1.81701905821957e-07
67.0608364282918,8.05757741767957e-08,1.81644993482919e-07
67.1569121251805,8.05251245908045e-08,1.81511360672389e-07
67.2529878220692,8.04843622030313e-08,1.81353664775899e-07
67.3490635189578,8.04230273446253e-08,1.81183488268502e-07
67.4451392158465,8.03523985357948e-08,1.81054605601048e-07
67.5412149127352,8.02423769957681e-08,1.80882822774859e-07
67.6372906096238,8.018818193877e-08,1.80679908160426e-07
67.7333663065125,8.0162373203183e-08,1.80506845517998e-07
67.8294420034012,8.00576111842109e-08,1.80355912846342e-07
67.9255177002898,8.00014571128722e-08,1.80201464862639e-07
68.0215933971785,7.99387206109476e-08,1.80081540819599e-07
68.1176690940672,7.9858989015587e-08,1.79923068415054e-07
68.2137447909559,7.98007845363635e-08,1.79742331085066e-07
68.3098204878445,7.97186067311442e-08,1.79675866176135e-07
68.4058961847332,7.97012017422607e-08,1.7945625350015e-07
68.5019718816219,7.95574492219683e-08,1.79189097509111e-07
68.5980475785105,7.95558948671751e-08,1.79169693260335e-07
68.6941232753992,7.94801846648962e-08,1.79087792039648e-07
68.7901989722879,7.93928382291721e-08,1.78911594795931e-07
68.8862746691765,7.93157919489791e-08,1.78762602761289e-07
68.9823503660652,7.92787007908892e-08,1.78595943204922e-07
69.0784260629539,7.92133415850223e-08,1.78447116987703e-07
69.1745017598426,7.91623048264886e-08,1.78307670293454e-07
69.2705774567312,7.90726685222193e-08,1.78177878535821e-07
69.3666531536199,7.90144486574768e-08,1.78028380472196e-07
69.4627288505086,7.895844455002e-08,1.77874322660306e-07
69.5588045473972,7.88946198889322e-08,1.77728559128626e-07
69.6548802442859,7.88362717070549e-08,1.77601313778958e-07
69.7509559411746,7.87769477279789e-08,1.77473391022726e-07
69.8470316380633,7.87035302532604e-08,1.77307476379695e-07
69.9431073349519,7.86417137306212e-08,1.77183010859674e-07
70.0391830318406,7.85791817790593e-08,1.77038771742788e-07
70.1352587287293,7.85358561119766e-08,1.76876973112642e-07
70.2313344256179,7.84539277967972e-08,1.76754430120911e-07
70.3274101225066,7.84147456636517e-08,1.76621451875089e-07
70.4234858193953,7.83377864735975e-08,1.76487476565667e-07
70.5195615162839,7.82825118293061e-08,1.76346211372366e-07
70.6156372131726,7.82097484291446e-08,1.76231033183123e-07
70.7117129100613,7.81732135074074e-08,1.7608854991536e-07
70.80778860695,7.80984057571852e-08,1.7594047258313e-07
70.9038643038386,7.80541368132184e-08,1.75832953270214e-07
70.9999400007273,7.79850361076901e-08,1.75682058140301e-07
71.096015697616,7.79313949837241e-08,1.75576538050417e-07
71.1920913945046,7.78473933183268e-08,1.75445963521156e-07
71.2881670913933,7.78256487047795e-08,1.75272198280883e-07
71.384242788282,7.77492081692942e-08,1.75164700330045e-07
71.4803184851707,7.77136035919507e-08,1.75029273426352e-07
71.5763941820593,7.76290402827614e-08,1.74898598848147e-07
71.672469878948,7.75920199138508e-08,1.74771129095609e-07
71.7685455758367,7.75033278674698e-08,1.74644020672711e-07
71.8646212727253,7.74673110637011e-08,1.74553991719697e-07
71.960696969614,7.74438733914849e-08,1.74428677963754e-07
72.0567726665027,7.73573862874227e-08,1.74267359826138e-07
72.1528483633913,7.72873745754118e-08,1.74117489605263e-07
72.24892406028,7.72438604960809e-08,1.74012729819682e-07
72.3449997571687,7.7187113235884e-08,1.73877395966819e-07
72.4410754540574,7.71510227592414e-08,1.73741294290346e-07
72.537151150946,7.70784016488914e-08,1.73642748029264e-07
72.6332268478347,7.70146459360955e-08,1.73532290706744e-07
72.7293025447234,7.69839824346893e-08,1.73417088774642e-07
72.825378241612,7.69307648418927e-08,1.73271600397647e-07
72.9214539385007,7.68409423592143e-08,1.73166354249869e-07
73.0175296353894,7.68273146463662e-08,1.7304487782937e-07
73.113605332278,7.67483999883982e-08,1.72917200933463e-07
73.2096810291667,7.67250115021094e-08,1.72827865758201e-07
73.3057567260554,7.66373759800357e-08,1.72656142167962e-07
73.4018324229441,7.66303712938299e-08,1.72587728384775e-07
73.4979081198327,7.65198650007288e-08,1.72534138466044e-07
73.5939838167214,7.64854878852954e-08,1.72311035306086e-07
73.6900595136101,7.64787398654491e-08,1.7215073136686e-07
73.7861352104987,7.6396552146373e-08,1.72065553536159e-07
73.8822109073874,7.63296971848834e-08,1.7197351354578e-07
73.9782866042761,7.62840995248427e-08,1.71868812804942e-07
74.0743623011647,7.62368279202143e-08,1.71757508997501e-07
74.1704379980534,7.62086801024979e-08,1.71652673498717e-07
74.2665136949421,7.61436183607522e-08,1.71526927192806e-07
74.3625893918308,7.60727969397397e-08,1.7139875155188e-07
74.4586650887194,7.60545236482978e-08,1.71308111628061e-07
74.5547407856081,7.59936361018345e-08,1.71224861883744e-07
74.6508164824968,7.59288474648135e-08,1.71069043464289e-07
74.7468921793854,7.59043049257484e-08,1.70961806813749e-07
74.8429678762741,7.58389697849614e-08,1.70875412680213e-07
74.9390435731628,7.58066475569413e-08,1.70728567596092e-07
75.0351192700515,7.573155741182e-08,1.70666934906071e-07
75.1311949669401,7.57326520859079e-08,1.70549132085632e-07
75.2272706638288,7.56179883645134e-08,1.70387831703435e-07
75.3233463607175,7.56002424646802e-08,1.70317997408355e-07
75.4194220576061,7.55749768668296e-08,1.7022491624965e-07
75.5154977544948,7.55199851324727e-08,1.70117871906779e-07
75.6115734513835,7.54522939768586e-08,1.70002859255376e-07
75.7076491482721,7.54109821880989e-08,1.69894607762902e-07
75.8037248451608,7.53591553514085e-08,1.69787509989129e-07
75.8998005420495,7.5337773311758e-08,1.69666012240699e-07
75.9958762389382,7.52820462186556e-08,1.69581864828534e-07
76.0919519358268,7.52273062122006e-08,1.69489483863461e-07
76.1880276327155,7.51870360915004e-08,1.69382010390538e-07
76.2841033296042,7.51383249052968e-08,1.69271617370378e-07
76.3801790264928,7.50892808824866e-08,1.6917623261494e-07
76.4762547233815,7.50567751298867e-08,1.69083369452992e-07
76.5723304202702,7.50067350597657e-08,1.68975271116034e-07
76.6684061171588,7.49677634572441e-08,1.68882580541434e-07
76.7644818140475,7.4908084146196e-08,1.68772593128633e-07
76.8605575109362,7.48814692132587e-08,1.68679510531064e-07
76.9566332078249,7.48182483845122e-08,1.68582975604488e-07
77.0527089047135,7.47898940169368e-08,1.68473086228207e-07
77.1487846016022,7.47423557646536e-08,1.68382366351072e-07
77.2448602984909,7.47092478325925e-08,1.68273022191128e-07
77.3409359953795,7.46491857170775e-08,1.68189755074682e-07
77.4370116922682,7.46167744403112e-08,1.68093823812878e-07
77.5330873891569,7.45634684437977e-08,1.67990015069722e-07
77.6291630860455,7.45307473862821e-08,1.67905744149078e-07
77.7252387829342,7.44852726814213e-08,1.67804057371009e-07
77.8213144798229,7.44614408658703e-08,1.67728010066163e-07
77.9173901767116,7.43924687454687e-08,1.67626456257872e-07
78.0134658736002,7.43631974988717e-08,1.67523292503854e-07
78.1095415704889,7.43117198885838e-08,1.67437999896334e-07
78.2056172673776,7.42868866866998e-08,1.67333249361931e-07
78.3016929642662,7.42367673709917e-08,1.67252217903823e-07
78.3977686611549,7.42106364315895e-08,1.67149405542394e-07
78.4938443580436,7.41575591278661e-08,1.67049843038407e-07
78.5899200549323,7.40980158923557e-08,1.66985291871468e-07
78.6859957518209,7.40840860934421e-08,1.66908566297199e-07
78.7820714487096,7.40492456790068e-08,1.66807475108989e-07
78.8781471455982,7.3995448615015e-08,1.66705719656168e-07
78.9742228424869,7.39611972761936e-08,1.66625131878333e-07
79.0702985393756,7.39119013600378e-08,1.66527272076105e-07
79.1663742362643,7.38873277074349e-08,1.664379660018e-07
79.2624499331529,7.38470480012529e-08,1.66359645997599e-07
79.3585256300416,7.37946433454775e-08,1.66283645261616e-07
79.4546013269303,7.37613071490027e-08,1.66190916503529e-07
79.5506770238189,7.37513455225914e-08,1.66074394457746e-07
79.6467527207076,7.36744907865633e-08,1.66017057286751e-07
79.7428284175963,7.36594353588889e-08,1.65930791626774e-07
79.8389041144849,7.36011389968594e-08,1.65837727261273e-07
79.9349798113736,7.35888783664928e-08,1.65776533017861e-07
80.0310555082623,7.35271872824949e-08,1.65661296115914e-07
80.127131205151,7.35270706139065e-08,1.65607943962641e-07
80.2232069020396,7.34713456859452e-08,1.65555150543096e-07
80.3192825989283,7.33996654679299e-08,1.65425395216401e-07
80.415358295817,7.34005569291051e-08,1.6532694114078e-07
80.5114339927056,7.33718798658906e-08,1.65254911197792e-07
80.6075096895943,7.3324788767995e-08,1.65184420188183e-07
80.703585386483,7.32863122030706e-08,1.65104961600625e-07
80.7996610833717,7.3239972366793e-08,1.6503283407201e-07
80.8957367802603,7.3217752650204e-08,1.64962262081836e-07
80.991812477149,7.31945551496058e-08,1.6487070832457e-07
81.0878881740377,7.31347918827697e-08,1.64772261561165e-07
81.1839638709263,7.31082694876419e-08,1.64709283242846e-07
81.280039567815,7.3093681759648e-08,1.64657220479872e-07
81.3761152647037,7.30317067136148e-08,1.64553075111771e-07
81.4721909615924,7.30155861167394e-08,1.64483713041318e-07
81.568266658481,7.29638458611504e-08,1.64409400809782e-07
81.6643423553697,7.2953226940603e-08,1.64318191181425e-07
81.7604180522584,7.28898343075119e-08,1.64275532050877e-07
81.856493749147,7.28980719508552e-08,1.64167607094001e-07
81.9525694460357,7.28441673051996e-08,1.64073737155827e-07
82.0486451429244,7.27895718045494e-08,1.6403416722952e-07
82.144720839813,7.27733636410889e-08,1.63966280068801e-07
82.2407965367017,7.2753768946481e-08,1.63898101071389e-07
82.3368722335904,7.27149032442257e-08,1.63815546015212e-07
82.4329479304791,7.26827748773008e-08,1.63744790789793e-07
82.5290236273677,7.26372908082593e-08,1.63668423242973e-07
82.6250993242564,7.26132833304678e-08,1.63582443473617e-07
82.7211750211451,7.2589837835514e-08,1.63522418828505e-07
82.8172507180337,7.25501784099736e-08,1.63457712897779e-07
82.9133264149224,7.25224701078402e-08,1.63383798077432e-07
83.0094021118111,7.24960631808581e-08,1.63306138370758e-07
83.1054778086997,7.24542125185198e-08,1.63245708087688e-07
83.2015535055884,7.24298122566255e-08,1.63176253895809e-07
83.2976292024771,7.23937418529774e-08,1.63107836927562e-07
83.3937048993658,7.23753990289069e-08,1.63046949389616e-07
83.4897805962544,7.23325357285204e-08,1.6296507160363e-07
83.5858562931431,7.23178614923567e-08,1.62911334918625e-07
83.6819319900318,7.22756835992115e-08,1.62845414885666e-07
83.7780076869204,7.22478266309866e-08,1.62771845205099e-07
83.8740833838091,7.2213642740331e-08,1.62708450837636e-07
83.9701590806978,7.21973357334662e-08,1.62631652541945e-07
84.0662347775864,7.21611735117782e-08,1.6257676552948e-07
84.1623104744751,7.21395027910291e-08,1.6250628333606e-07
84.2583861713638,7.21024514646546e-08,1.62441329225855e-07
84.3544618682525,7.20756508291308e-08,1.62380069859542e-07
84.4505375651411,7.20374066621449e-08,1.62315118022958e-07
84.5466132620298,7.20306339188655e-08,1.6227128795111e-07
84.6426889589185,7.19933072358102e-08,1.62195670466405e-07
84.7387646558071,7.19694026959363e-08,1.62134409770877e-07
84.8348403526958,7.19326982863249e-08,1.62075932084058e-07
84.9309160495845,7.19090548569221e-08,1.62003690648374e-07
85.0269917464731,7.18777864288048e-08,1.61953816483747e-07
85.1230674433618,7.18576750436498e-08,1.6187956733865e-07
85.2191431402505,7.18444522076423e-08,1.61810295342147e-07
85.3152188371392,7.17960221593427e-08,1.61766059840931e-07
85.4112945340278,7.17683206217123e-08,1.61719122330146e-07
85.5073702309165,7.17567400450988e-08,1.61652789616518e-07
85.6034459278052,7.17224699769647e-08,1.61588863205968e-07
85.6995216246938,7.1703363060147e-08,1.61536818662908e-07
85.7955973215825,7.16681284260333e-08,1.61469299547893e-07
85.8916730184712,7.16477203297246e-08,1.61413532173434e-07
85.9877487153598,7.16301687361093e-08,1.61361950434593e-07
86.0838244122485,7.15996892070126e-08,1.61322198304569e-07
86.1799001091372,7.15508214877832e-08,1.61256369265894e-07
86.2759758060259,7.15637982803879e-08,1.61171252757956e-07
86.3720515029145,7.15199266396817e-08,1.61139728642222e-07
86.4681271998032,7.15076183813507e-08,1.61077110625159e-07
86.5642028966919,7.14671446464264e-08,1.6102120869795e-07
86.6602785935805,7.14546624508178e-08,1.60980632966512e-07
86.7563542904692,7.14142468144518e-08,1.6090195675899e-07
86.8524299873579,7.14015185387727e-08,1.60877872032162e-07
86.9485056842466,7.14057693922836e-08,1.60844154708123e-07
87.0445813811352,7.13449134512847e-08,1.60762464506026e-07
87.1406570780239,7.13224164003154e-08,1.606981736744e-07
87.2367327749126,7.13130607709649e-08,1.60649633504649e-07
87.3328084718012,7.12899315020977e-08,1.6060383058947e-07
87.4288841686899,7.12706854888014e-08,1.60550664213698e-07
87.5249598655786,7.12389020737323e-08,1.60508320376265e-07
87.6210355624673,7.12120829378164e-08,1.60466714703721e-07
87.7171112593559,7.12094456348616e-08,1.60407627571699e-07
87.8131869562446,7.11781561155294e-08,1.60337056499795e-07
87.9092626531333,7.11369687474958e-08,1.60302463838696e-07
88.0053383500219,7.11453561379382e-08,1.60273679550744e-07
88.1014140469106,7.11067600470112e-08,1.60205762643526e-07
88.1974897437993,7.10996190350935e-08,1.60170211927929e-07
88.2935654406879,7.10604638714686e-08,1.60116776819824e-07
88.3896411375766,7.10572834351267e-08,1.60064298522069e-07
88.4857168344653,7.10114026759089e-08,1.60043027478795e-07
88.581792531354,7.1006865726346e-08,1.59964174019101e-07
88.6778682282426,7.10062776020409e-08,1.59907003856097e-07
88.7739439251313,7.09624029297774e-08,1.59880354074823e-07
88.87001962202,7.09370622633653e-08,1.5984114948111e-07
88.9660953189086,7.09250835660343e-08,1.59802840126968e-07
89.0621710157973,7.09075414870335e-08,1.59751997152865e-07
89.158246712686,7.08940867523242e-08,1.59714252357222e-07
89.2543224095746,7.08687971711868e-08,1.59664721871543e-07
89.3503981064633,7.08425551285146e-08,1.5961162588576e-07
89.446473803352,7.08342234268698e-08,1.59576518878012e-07
89.5425495002407,7.0810187728064e-08,1.59539893514605e-07
89.6386251971293,7.07863287557209e-08,1.59493161765597e-07
89.734700894018,7.0779542772151e-08,1.5944377690442e-07
89.8307765909067,7.07547383222095e-08,1.59410161763131e-07
89.9268522877953,7.07417846254733e-08,1.59364051927159e-07
90.022927984684,7.07138511112158e-08,1.59327921568529e-07
90.1190036815727,7.07053798946138e-08,1.59290338723025e-07
90.2150793784613,7.06764229784413e-08,1.59239935714883e-07
90.31115507535,7.06692177132295e-08,1.59215291876039e-07
90.4072307722387,7.06528075118573e-08,1.59174347354633e-07
90.5033064691274,7.06357793044459e-08,1.59135894402078e-07
90.599382166016,7.06097088185834e-08,1.59096572693148e-07
90.6954578629047,7.05976241095176e-08,1.5905099208497e-07
90.7915335597934,7.05778261531999e-08,1.59021370266092e-07
90.887609256682,7.05676600182851e-08,1.58975465773228e-07
90.9836849535707,7.0551376357498e-08,1.58940694826821e-07
91.0797606504594,7.05391209892968e-08,1.58900017881532e-07
91.175836347348,7.05079279471469e-08,1.58866461376073e-07
91.2719120442367,7.04990754736023e-08,1.58845564999625e-07
91.3679877411254,7.04848266767089e-08,1.58798935593028e-07
91.4640634380141,7.04724254843873e-08,1.58771192298355e-07
91.5601391349027,7.04572760010875e-08,1.58735414234994e-07
91.6562148317914,7.04402958882305e-08,1.58697265973065e-07
91.7522905286801,7.04229844319297e-08,1.58672352173022e-07
91.8483662255687,7.03988008180824e-08,1.58625105024152e-07
91.9444419224574,7.04021956255804e-08,1.58585055627742e-07
92.0405176193461,7.03858197361689e-08,1.58561975874669e-07
92.1365933162347,7.03587901843969e-08,1.58539847157879e-07
92.2326690131234,7.03549372500692e-08,1.58500134553168e-07
92.3287447100121,7.03359315867754e-08,1.58467628746681e-07
92.4248204069008,7.03268594666041e-08,1.58439631707685e-07
92.5208961037894,7.03076354507981e-08,1.58400473980847e-07
92.6169718006781,7.02910482445443e-08,1.5837155055158e-07
92.7130474975668,7.02847884790037e-08,1.58345857361798e-07
92.8091231944554,7.02885573120057e-08,1.58338191677767e-07
92.9051988913441,7.02400819359552e-08,1.58294725953967e-07
93.0012745882328,7.02450145498012e-08,1.58244343551826e-07
93.0973502851215,7.02284782867085e-08,1.58235690261847e-07
93.1934259820101,7.02238061099669e-08,1.58193134901976e-07
93.2895016788988,7.02079711424843e-08,1.58170922852111e-07
93.3855773757875,7.01991465295161e-08,1.58147047024186e-07
93.4816530726761,7.01827992213056e-08,1.58098351524897e-07
93.5777287695648,7.014884155375e-08,1.5810105014999e-07
93.6738044664535,7.0173918612658e-08,1.58088365771368e-07
93.7698801633422,7.01546598184742e-08,1.58043793912941e-07
93.8659558602308,7.01291625853967e-08,1.58008178562336e-07
93.9620315571195,7.01226473602757e-08,1.57984907532624e-07
94.0581072540081,7.01119943170497e-08,1.57962328093968e-07
94.1541829508968,7.01059943919753e-08,1.57934625777563e-07
94.2502586477855,7.00954972308523e-08,1.57918682383022e-07
94.3463343446742,7.00704248964524e-08,1.57903699490555e-07
94.4424100415628,7.00714349231263e-08,1.57870907175512e-07
94.5384857384515,7.0078254653148e-08,1.5782376269717e-07
94.6345614353402,7.00355800001564e-08,1.5781757504999e-07
94.7306371322289,7.00429711440032e-08,1.5780848397428e-07
94.8267128291175,7.00244458173819e-08,1.57771208029397e-07
94.9227885260062,7.00276137973215e-08,1.57765483404017e-07
95.0188642228948,7.00086905518874e-08,1.5773275199494e-07
95.1149399197835,7.00115628102986e-08,1.57715424147916e-07
95.2110156166722,6.99921526396423e-08,1.57715805060339e-07
95.3070913135609,6.99649855025376e-08,1.57664872924376e-07
95.4031670104495,6.99848761882302e-08,1.57637610923956e-07
95.4992427073382,6.99739131357396e-08,1.57626435795978e-07
95.5953184042269,6.9957041861258e-08,1.57613557159418e-07
95.6913941011155,6.99467202238271e-08,1.57598930108897e-07
95.7874697980042,6.99382448974111e-08,1.57576366558745e-07
95.8835454948929,6.99333455657206e-08,1.57566647144009e-07
95.9796211917815,6.9931156032194e-08,1.57541749727322e-07
96.0756968886702,6.99119099808814e-08,1.57517209514469e-07
96.1717725855589,6.99119110608145e-08,1.57506757957501e-07
96.2678482824476,6.99094266784042e-08,1.57498293371363e-07
96.3639239793362,6.98892833376269e-08,1.57476108650142e-07
96.4599996762249,6.98887601658345e-08,1.57454324340207e-07
96.5560753731136,6.98782623718972e-08,1.57444593450308e-07
96.6521510700022,6.98793594223966e-08,1.57421089760059e-07
96.7482267668909,6.98666863054747e-08,1.57413216986156e-07
96.8443024637796,6.98671482206451e-08,1.57395626365138e-07
96.9403781606682,6.98529250851607e-08,1.57373800591706e-07
97.0364538575569,6.98438575544202e-08,1.57373323901742e-07
97.1325295544456,6.98426249230053e-08,1.57357128915836e-07
97.2286052513343,6.98420909757875e-08,1.57349532903828e-07
97.3246809482229,6.98335177869414e-08,1.57333232407842e-07
97.4207566451116,6.98276073389751e-08,1.57318119728672e-07
97.5168323420003,6.98186459086459e-08,1.57311701451452e-07
97.6129080388889,6.98121085209372e-08,1.57291527363274e-07
97.7089837357776,6.98081700858683e-08,1.57282926976611e-07
97.8050594326663,6.98130889925006e-08,1.57262241126591e-07
97.901135129555,6.98033799209087e-08,1.57256769655267e-07
97.9972108264436,6.97938218915253e-08,1.57255548487208e-07
98.0932865233323,6.97915548997642e-08,1.57236532867789e-07
98.189362220221,6.97842580489155e-08,1.57236085964964e-07
98.2854379171096,6.9785541440802e-08,1.57223037081355e-07
98.3815136139983,6.97805872318552e-08,1.57215984540381e-07
98.477589310887,6.97840167443299e-08,1.57214566993098e-07
98.5736650077757,6.9765437893815e-08,1.57195143571894e-07
98.6697407046643,6.97659347957104e-08,1.57180996369122e-07
98.765816401553,6.9772719814366e-08,1.57180331373519e-07
98.8618920984417,6.97582242141571e-08,1.57181621814481e-07
98.9579677953303,6.97601278705609e-08,1.57166424359032e-07
99.054043492219,6.97568083277007e-08,1.57161902574267e-07
99.1501191891077,6.97577500378448e-08,1.57155361551685e-07
99.2461948859963,6.9755051491412e-08,1.57142709509515e-07
99.342270582885,6.97446692617233e-08,1.5713570554302e-07
99.4383462797737,6.97329123581911e-08,1.57135890922845e-07
99.5344219766624,6.97631240073251e-08,1.57157940088073e-07
99.630497673551,6.9743854136221e-08,1.57136414493692e-07
99.7265733704397,6.97385774175531e-08,1.57119911279873e-07
99.8226490673284,6.97383994524022e-08,1.57131936835921e-07
99.918724764217,6.9734102106156e-08,1.57112146836155e-07
100.014800461106,6.97387430758418e-08,1.57119908674831e-07
100.110876157994,6.9735247061513e-08,1.57112038402895e-07
100.206951854883,6.97528840368623e-08,1.57091317623025e-07
100.303027551772,6.97175266650633e-08,1.57116404063176e-07
100.39910324866,6.9729931830268e-08,1.57125606960528e-07
100.495178945549,6.97424809052404e-08,1.57112774304743e-07
100.591254642438,6.97327407066342e-08,1.57103451815873e-07
100.687330339326,3.48656195519025e-08,7.85528506880618e-08

