Var1,P1
0,2.3580627764159e-10
0.0750591381942736,0.000619611933750179
0.150118276388547,0.00196586467136432
0.225177414582821,0.00318956725490885
0.300236552777094,0.00447084736681228
0.375295690971368,0.00633647044989794
0.450354829165642,0.00750863948664372
0.525413967359915,0.0062847829590088
0.600473105554189,0.00255459358194389
0.675532243748462,0.00207837495252834
0.750591381942736,0.00487353381273056
0.82565052013701,0.0049549693888236
0.900709658331283,0.00396506201404084
0.975768796525557,0.00732035802446089
1.05082793471983,0.012954494982403
1.1258870729141,0.0156265394124789
1.20094621110838,0.0136130580371201
1.27600534930265,0.00853410884062296
1.35106448749692,0.00460923100875423
1.4261236256912,0.00610935530245453
1.50118276388547,0.00823850953145551
1.57624190207975,0.00894341270550766
1.65130104027402,0.00833733450508928
1.72636017846829,0.00673602967068371
1.80141931666257,0.00465526808343509
1.87647845485684,0.002783965464859
1.95153759305111,0.00165230707284183
2.02659673124539,0.00119239346682666
2.10165586943966,0.00091156585221643
2.17671500763393,0.00063774442436587
2.25177414582821,0.000406539845475305
2.32683328402248,0.000212007006913466
2.40189242221676,7.70473698712774e-05
2.47695156041103,0.000150777835870788
2.5520106986053,0.000170036461519288
2.62706983679958,0.000210730267950742
2.70212897499385,0.000504354985043748
2.77718811318812,0.000832583033560318
2.8522472513824,0.000925368816197438
2.92730638957667,0.000625862760459038
3.00236552777094,0.000603971532799473
3.07742466596522,0.00140955640999643
3.15248380415949,0.00193160709658653
3.22754294235377,0.00171802385594087
3.30260208054804,0.000797311700748824
3.37766121874231,0.000425342059622096
3.45272035693659,0.00129403208916864
3.52777949513086,0.00149355898656451
3.60283863332513,0.00106503686320139
3.67789777151941,0.000386846687240671
3.75295690971368,0.00013044186315167
3.82801604790795,0.000268471892889982
3.90307518610223,0.000125277268999431
3.9781343242965,7.62829172818205e-05
4.05319346249077,0.000163163116162049
4.12825260068505,0.000137310121104266
4.20331173887932,0.000124199475173171
4.2783708770736,0.000140259781230511
4.35343001526787,0.000174259664888135
4.42848915346214,0.000302673745509163
4.50354829165642,0.000487888634393281
4.57860742985069,0.000659636335113965
4.65366656804496,0.00075863884411962
4.72872570623924,0.00075058685177592
4.80378484443351,0.000635597645005062
4.87884398262779,0.000442334621807952
4.95390312082206,0.000229174103249509
5.02896225901633,0.00010901327958403
5.10402139721061,0.000149749991335328
5.17908053540488,0.00019548570857014
5.25413967359915,0.000199346541475279
5.32919881179343,0.000129989878425705
5.4042579499877,0.000282994658734127
5.47931708818197,0.000628394463479938
5.55437622637625,0.00090584888046743
5.62943536457052,0.000967479789434712
5.70449450276479,0.000782756099058226
5.77955364095907,0.00044702050908703
5.85461277915334,0.000128051956024644
5.92967191734761,0.00012607271443693
6.00473105554189,0.000160562300127025
6.07979019373616,9.0864166228988e-05
6.15484933193044,7.28769043991702e-05
6.22990847012471,0.000142798893626627
6.30496760831898,0.00016641802175446
6.38002674651326,0.000140636056140092
6.45508588470753,9.32343674441195e-05
6.5301450229018,6.55186730879135e-05
6.60520416109608,7.47554730409937e-05
6.68026329929035,8.71255494677003e-05
6.75532243748463,9.15826331148663e-05
6.8303815756789,8.70924453126012e-05
6.90544071387317,7.44421098032043e-05
6.98049985206745,7.78999836161474e-05
7.05555899026172,9.9392686266109e-05
7.13061812845599,9.81143662777854e-05
7.20567726665027,5.87940362428201e-05
7.28073640484454,1.41935984337006e-05
7.35579554303881,4.29212869000127e-05
7.43085468123309,3.96918877976612e-05
7.50591381942736,4.72419449316632e-06
7.58097295762163,3.21703753979263e-05
7.65603209581591,3.6200407401746e-05
7.73109123401018,8.33574376193229e-06
7.80615037220446,4.27499485737922e-05
7.88120951039873,7.38190551959117e-05
7.956268648593,8.6531105047326e-05
8.03132778678728,9.33103862430083e-05
8.10638692498155,8.86167666849532e-05
8.18144606317582,5.86968300178165e-05
8.2565052013701,2.39063406434078e-05
8.33156433956437,4.72207605690475e-05
8.40662347775864,6.19842810772598e-05
8.48168261595292,5.70408832837301e-05
8.55674175414719,5.16815860734729e-05
8.63180089234146,4.34242773393267e-05
8.70686003053574,2.15814334360117e-05
8.78191916873001,5.95213862064218e-06
8.85697830692429,3.08598137691425e-05
8.93203744511856,6.87265291070713e-05
9.00709658331283,0.000117245764139968
9.08215572150711,0.000147914977597234
9.15721485970138,0.000136533942287982
9.23227399789565,8.4143424705981e-05
9.30733313608993,2.69376703286166e-05
9.3823922742842,4.56816597409621e-05
9.45745141247848,4.70857984496255e-05
9.53251055067275,1.55119266560415e-05
9.60756968886702,6.90961088851479e-05
9.6826288270613,0.000126022692742421
9.75768796525557,0.000147949013200011
9.83274710344984,0.000128349355573471
9.90780624164412,8.15245448491557e-05
9.98286537983839,3.24839624321951e-05
10.0579245180327,1.02972961527108e-05
10.1329836562269,1.8237219505561e-05
10.2080427944212,2.4502624776117e-05
10.2831019326155,4.25288337846847e-05
10.3581610708098,7.71280840104556e-05
10.433220209004,0.000118787688333163
10.5082793471983,0.000143173960575573
10.5833384853926,0.000124380399156072
10.6583976235869,5.32053374376259e-05
10.7334567617811,5.52654009021663e-05
10.8085158999754,0.000160121695375028
10.8835750381697,0.000222572805332687
10.9586341763639,0.000219744630722737
11.0336933145582,0.000158723996074939
11.1087524527525,7.50256740803294e-05
11.1838115909468,4.43451448295761e-05
11.258870729141,6.7189668998662e-05
11.3339298673353,5.61764788234454e-05
11.4089890055296,1.63114136141946e-05
11.4840481437239,2.68010258462023e-05
11.5591072819181,4.99835872527967e-05
11.6341664201124,4.42342712706015e-05
11.7092255583067,1.81035457203711e-05
11.784284696501,2.0723756343991e-05
11.8593438346952,3.97722974959105e-05
11.9344029728895,3.90369441215714e-05
12.0094621110838,2.17101709474127e-05
12.0845212492781,7.28576811669161e-06
12.1595803874723,1.36983770389471e-05
12.2346395256666,1.70533389182155e-05
12.3096986638609,4.62981292008578e-05
12.3847578020551,9.02767921777109e-05
12.4598169402494,0.00013270264463089
12.5348760784437,0.000163466653802761
12.609935216638,0.000175390374332664
12.6849943548322,0.000162788604956364
12.7600534930265,0.00012569910311228
12.8351126312208,7.49820923208336e-05
12.9101717694151,3.19404896494929e-05
12.9852309076093,2.18831833750764e-05
13.0602900458036,1.96524067354889e-05
13.1353491839979,1.07788097378452e-05
13.2104083221922,2.47630635012879e-05
13.2854674603864,3.95071468326231e-05
13.3605265985807,4.31913216745568e-05
13.435585736775,3.53788515631642e-05
13.5106448749693,2.03432480614094e-05
13.5857040131635,5.38899836440587e-06
13.6607631513578,6.97726121811129e-06
13.7358222895521,7.77402428461234e-06
13.8108814277463,3.57675628034823e-06
13.8859405659406,1.28876078505677e-05
13.9609997041349,1.99809674218909e-05
14.0360588423292,1.62000615819184e-05
14.1111179805234,5.76849148597093e-06
14.1861771187177,2.33735437692692e-05
14.261236256912,3.86395051256296e-05
14.3362953951063,4.169186082551e-05
14.4113545333005,3.84668558255825e-05
14.4864136714948,4.0773995090136e-05
14.5614728096891,4.27570638714425e-05
14.6365319478834,3.39616558331354e-05
14.7115910860776,1.96705264976278e-05
14.7866502242719,2.31781215829253e-05
14.8617093624662,3.24791753508939e-05
14.9367685006604,2.93163933642424e-05
15.0118276388547,1.30801821180378e-05
15.086886777049,1.43649728844809e-05
15.1619459152433,3.43079606052092e-05
15.2370050534375,4.18689582104232e-05
15.3120641916318,3.46020505564581e-05
15.3871233298261,2.1432778405812e-05
15.4621824680204,2.11246631508063e-05
15.5372416062146,4.08596874556299e-05
15.6123007444089,7.39840158635981e-05
15.6873598826032,0.000107756168889809
15.7624190207975,0.000123939010169831
15.8374781589917,0.000111043624112689
15.912537297186,7.28099310479042e-05
15.9875964353803,3.09999462581648e-05
16.0626555735746,3.33884169658596e-05
16.1377147117688,4.68418100038147e-05
16.2127738499631,4.31506960003758e-05
16.2878329881574,3.5092091714016e-05
16.3628921263516,3.82680549044863e-05
16.4379512645459,4.41800133030156e-05
16.5130104027402,4.41540897981976e-05
16.5880695409345,4.45987140173991e-05
16.6631286791287,5.4859908377328e-05
16.738187817323,6.87729996618648e-05
16.8132469555173,7.5472424794211e-05
16.8883060937116,7.01712218523172e-05
16.9633652319058,5.42118795383058e-05
17.0384243701001,3.6616523637203e-05
17.1134835082944,3.61145592215607e-05
17.1885426464887,4.57540366077028e-05
17.2636017846829,4.42444463719522e-05
17.3386609228772,2.8373441514357e-05
17.4137200610715,8.4108057549231e-06
17.4887791992658,8.78192476063435e-06
17.56383833746,7.6690225608041e-06
17.6388974756543,4.6449008370095e-06
17.7139566138486,1.47671688019304e-05
17.7890157520428,1.42654431947185e-05
17.8640748902371,4.34974911647626e-06
17.9391340284314,2.32950087974989e-05
18.0141931666257,4.33579696824377e-05
18.0892523048199,5.44498686903791e-05
18.1643114430142,5.4295857724159e-05
18.2393705812085,4.48651909427575e-05
18.3144297194028,3.06057660740492e-05
18.389488857597,1.73933556112282e-05
18.4645479957913,1.10240453119383e-05
18.5396071339856,1.08919617542175e-05
18.6146662721799,1.14915587286072e-05
18.6897254103741,1.03930475462894e-05
18.7647845485684,6.29071723058844e-06
18.8398436867627,4.79488517082199e-06
18.914902824957,9.43260221993893e-06
18.9899619631512,8.89828171171222e-06
19.0650211013455,7.02091668690853e-07
19.1400802395398,1.49266854727341e-05
19.215139377734,3.05760722099276e-05
19.2901985159283,4.12916797444987e-05
19.3652576541226,4.41375216011003e-05
19.4403167923169,3.98818056596679e-05
19.5153759305111,3.25934075118931e-05
19.5904350687054,2.85690694989242e-05
19.6654942068997,3.0373304075743e-05
19.740553345094,3.25341137405881e-05
19.8156124832882,3.05395315175526e-05
19.8906716214825,2.64990581992302e-05
19.9657307596768,2.79521772897352e-05
20.0407898978711,3.36349717438588e-05
20.1158490360653,3.3157335569561e-05
20.1909081742596,2.10684723668246e-05
20.2659673124539,2.63224131679651e-06
20.3410264506482,2.29279001429609e-05
20.4160855888424,3.83820713173875e-05
20.4911447270367,4.48438699621971e-05
20.566203865231,4.66686810294139e-05
20.6412630034252,4.88594204799602e-05
20.7163221416195,5.12086937297663e-05
20.7913812798138,4.99014917867394e-05
20.8664404180081,4.10749848956125e-05
20.9414995562023,2.40072800375047e-05
21.0165586943966,4.19349876386149e-06
21.0916178325909,1.41526563687406e-05
21.1666769707852,2.22142063682656e-05
21.2417361089794,2.53349596096098e-05
21.3167952471737,2.9468963576729e-05
21.391854385368,3.14527679599467e-05
21.4669135235623,2.60894244731131e-05
21.5419726617565,1.42795320691785e-05
21.6170317999508,3.97465050804041e-06
21.6920909381451,1.06893430515623e-05
21.7671500763393,1.39168647186682e-05
21.8422092145336,1.278513133652e-05
21.9172683527279,1.48438208242598e-05
21.9923274909222,1.89053226499606e-05
22.0673866291164,1.60777412161604e-05
22.1424457673107,8.53026672111703e-06
22.217504905505,2.28060741400643e-05
22.2925640436993,3.96828613233743e-05
22.3676231818935,4.59132355076264e-05
22.4426823200878,3.97977979797697e-05
22.5177414582821,2.82764471343916e-05
22.5928005964764,1.9246896398481e-05
22.6678597346706,1.2241560939146e-05
22.7429188728649,1.70285080022107e-05
22.8179780110592,2.83213193647819e-05
22.8930371492534,2.7855039326989e-05
22.9680962874477,1.69049653371215e-05
23.043155425642,2.96719267269939e-05
23.1182145638363,4.61152051856784e-05
23.1932737020305,4.13505804590669e-05
23.2683328402248,1.67056607754958e-05
23.3433919784191,2.34053474063051e-05
23.4184511166134,4.14751724805001e-05
23.4935102548076,3.69782352578172e-05
23.5685693930019,2.93567473947697e-05
23.6436285311962,4.85910589136623e-05
23.7186876693905,6.22767559473497e-05
23.7937468075847,5.42838011518254e-05
23.868805945779,3.12829554426966e-05
23.9438650839733,1.23664541265133e-05
24.0189242221676,1.25490969943456e-05
24.0939833603618,8.92768619805717e-06
24.1690424985561,5.56296980158388e-06
24.2441016367504,1.06236811767439e-05
24.3191607749446,1.03243681444095e-05
24.3942199131389,1.22473794458677e-05
24.4692790513332,2.12518914839237e-05
24.5443381895275,2.72024046759572e-05
24.6193973277217,2.54106251560069e-05
24.694456465916,1.6739629561722e-05
24.7695156041103,8.36427210624574e-06
24.8445747423046,1.21629299615842e-05
24.9196338804988,1.48591235950788e-05
24.9946930186931,1.05325418156527e-05
25.0697521568874,5.38564701868843e-06
25.1448112950817,9.8907017856949e-06
25.2198704332759,1.09119509845014e-05
25.2949295714702,5.73888565929803e-06
25.3699887096645,3.6575732298493e-06
25.4450478478588,6.82588991076574e-06
25.520106986053,6.7677865633813e-06
25.5951661242473,1.20815790689656e-05
25.6702252624416,1.77584905424306e-05
25.7452844006359,1.61475318568765e-05
25.8203435388301,8.47363034707031e-06
25.8954026770244,9.8478620987088e-06
25.9704618152187,1.42647803188047e-05
26.0455209534129,1.1874631451787e-05
26.1205800916072,1.32837172416934e-05
26.1956392298015,2.17345172408482e-05
26.2706983679958,2.51230773262192e-05
26.34575750619,2.15802422923559e-05
26.4208166443843,1.72987223723825e-05
26.4958757825786,1.64715914224624e-05
26.5709349207729,1.40999212029021e-05
26.6459940589671,7.83024075094988e-06
26.7210531971614,7.27101911959424e-07
26.7961123353557,4.6629602019494e-06
26.87117147355,5.77382083769544e-06
26.9462306117442,3.64977576352171e-06
27.0212897499385,9.04433547379466e-07
27.0963488881328,3.0843623673148e-06
27.1714080263271,3.68933544879995e-06
27.2464671645213,2.4306378104344e-06
27.3215263027156,1.99190682801312e-06
27.3965854409099,2.04152012957622e-06
27.4716445791041,2.58135150357071e-06
27.5467037172984,7.43076574082676e-06
27.6217628554927,1.41285555947133e-05
27.696821993687,2.07284366642348e-05
27.7718811318812,2.49315229806856e-05
27.8469402700755,2.47918700544738e-05
27.9219994082698,2.07964941913202e-05
27.9970585464641,1.63063885452675e-05
28.0721176846583,1.31600779629703e-05
28.1471768228526,8.35835196166055e-06
28.2222359610469,6.38739643354669e-07
28.2972950992412,9.10978636655741e-06
28.3723542374354,1.51942917416158e-05
28.4474133756297,1.52361102500775e-05
28.522472513824,9.22874238261837e-06
28.5975316520182,3.51700517069968e-06
28.6725907902125,9.55724048745159e-06
28.7476499284068,1.14046147547112e-05
28.8227090666011,6.61909974604249e-06
28.8977682047953,1.38854339747507e-06
28.9728273429896,7.0177775215567e-06
29.0478864811839,7.41606827094219e-06
29.1229456193782,8.67951564996871e-06
29.1980047575724,1.48732866603396e-05
29.2730638957667,1.79007900978444e-05
29.348123033961,1.4590897023238e-05
29.4231821721553,7.6340134569564e-06
29.4982413103495,4.17556627817334e-06
29.5733004485438,5.25198375010974e-06
29.6483595867381,4.6221630640237e-06
29.7234187249323,4.21319338459571e-06
29.7984778631266,3.92019314707008e-06
29.8735370013209,2.03365445119239e-06
29.9485961395152,7.74132088372065e-07
30.0236552777094,2.55708431772079e-06
30.0987144159037,2.73508938060189e-06
30.173773554098,1.69037951232546e-06
30.2488326922923,1.07602987027465e-06
30.3238918304865,1.87606350097093e-06
30.3989509686808,1.86903745506026e-06
30.4740101068751,1.1990279238108e-06
30.5490692450694,2.23363574972895e-06
30.6241283832636,3.11856367669147e-06
30.6991875214579,2.51512236524837e-06
30.7742466596522,1.04664580251282e-06
30.8493057978465,1.17748942296736e-06
30.9243649360407,1.50650336084778e-06
30.999424074235,1.2826983839926e-06
31.0744832124293,1.70793877266153e-06
31.1495423506235,2.15841190308082e-06
31.2246014888178,1.99311960080575e-06
31.2996606270121,1.35927119063499e-06
31.3747197652064,6.43779062417578e-07
31.4497789034006,1.04031360773391e-06
31.5248380415949,2.29162849187935e-06
31.5998971797892,3.56214901375527e-06
31.6749563179835,4.60612652132606e-06
31.7500154561777,5.60614767480135e-06
31.825074594372,6.34587811034277e-06
31.9001337325663,5.82760913379453e-06
31.9751928707606,3.84727787670643e-06
32.0502520089548,3.08257052058398e-06
32.1253111471491,4.43512220789658e-06
32.2003702853434,4.50094220576876e-06
32.2754294235377,3.69161896891676e-06
32.3504885617319,3.66424170557193e-06
32.4255476999262,3.95542274137815e-06
32.5006068381205,5.40499834550865e-06
32.5756659763148,7.24765296012969e-06
32.650725114509,6.85569153060764e-06
32.7257842527033,4.12970786459863e-06
32.8008433908976,3.47336825169258e-06
32.8759025290918,4.69357176397816e-06
32.9509616672861,3.39120216287543e-06
33.0260208054804,6.19432621924041e-07
33.1010799436747,2.12043997558961e-06
33.1761390818689,3.20433928272023e-06
33.2511982200632,5.09780016885256e-06
33.3262573582575,6.77254262180693e-06
33.4013164964518,5.92169287473189e-06
33.476375634646,2.59096835693954e-06
33.5514347728403,2.51970775619964e-06
33.6264939110346,5.68215514640881e-06
33.7015530492288,7.10707934537281e-06
33.7766121874231,6.69721493893149e-06
33.8516713256174,5.39512826617481e-06
33.9267304638117,5.06395401090097e-06
34.001789602006,4.8882417335738e-06
34.0768487402002,2.60330072357654e-06
34.1519078783945,2.35313159583868e-06
34.2269670165888,6.0057068013444e-06
34.302026154783,7.52647335079023e-06
34.3770852929773,8.19365834067956e-06
34.4521444311716,1.00816095728258e-05
34.5272035693659,1.06313822578473e-05
34.6022627075601,7.43590689195994e-06
34.6773218457544,2.39325659701188e-06
34.7523809839487,5.26133648810486e-06
34.827440122143,7.38503518499018e-06
34.9024992603372,5.78310115885043e-06
34.9775583985315,3.03435044746529e-06
35.0526175367258,2.69781701450245e-06
35.1276766749201,1.65004416484023e-06
35.2027358131143,1.67170714458039e-06
35.2777949513086,4.62368495959044e-06
35.3528540895029,5.15640512752271e-06
35.4279132276971,3.28928022329681e-06
35.5029723658914,3.88183658302289e-06
35.5780315040857,5.95512935209662e-06
35.65309064228,5.36851691413302e-06
35.7281497804742,2.46852249533596e-06
35.8032089186685,1.32361916120184e-06
35.8782680568628,2.27346862560932e-06
35.9533271950571,1.36146082442923e-06
36.0283863332513,2.86378479148382e-07
36.1034454714456,8.50479650280154e-07
36.1785046096399,3.27879007955402e-06
36.2535637478342,6.01387370176464e-06
36.3286228860284,6.64181722615334e-06
36.4036820242227,4.6083334470652e-06
36.478741162417,3.57779485061116e-06
36.5538003006113,5.07510019644035e-06
36.6288594388055,4.32628525045852e-06
36.7039185769998,3.01071073397049e-06
36.7789777151941,5.53935854459446e-06
36.8540368533883,6.65306938360343e-06
36.9290959915826,5.40600472625725e-06
37.0041551297769,5.80728371178227e-06
37.0792142679712,7.65647974455096e-06
37.1542734061654,7.42401759590442e-06
37.2293325443597,5.30578018372284e-06
37.304391682554,2.72521377140182e-06
37.3794508207483,7.4560546166368e-07
37.4545099589425,5.29973213088136e-06
37.5295690971368,8.90285460276433e-06
37.6046282353311,9.06728295511232e-06
37.6796873735253,5.95310958245421e-06
37.7547465117196,5.83759372376158e-06
37.8298056499139,9.80351917101098e-06
37.9048647881082,1.15838165680455e-05
37.9799239263024,1.0431502379188e-05
38.0549830644967,7.66571261991412e-06
38.130042202691,4.42571284307591e-06
38.2051013408853,2.46389890092677e-06
38.2801604790795,4.15297850846818e-06
38.3552196172738,5.36156182599433e-06
38.4302787554681,5.56959439010559e-06
38.5053378936624,7.37798147490109e-06
38.5803970318566,1.04134055525088e-05
38.6554561700509,1.1696774740647e-05
38.7305153082452,9.68076188745813e-06
38.8055744464395,5.09422223423743e-06
38.8806335846337,1.92369266212723e-06
38.955692722828,3.63054448298837e-06
39.0307518610223,2.90661034981957e-06
39.1058109992166,2.50227990730196e-06
39.1808701374108,5.70310258242913e-06
39.2559292756051,7.23326966506074e-06
39.3309884137994,5.90158243638147e-06
39.4060475519936,2.97372205457678e-06
39.4811066901879,1.68514759419196e-06
39.5561658283822,1.87718481708913e-06
39.6312249665765,6.65074098329204e-07
39.7062841047707,2.09325829539809e-06
39.781343242965,3.06920892211823e-06
39.8564023811593,2.31368862650665e-06
39.9314615193536,4.45822626796566e-06
40.0065206575478,8.08163542006928e-06
40.0815797957421,9.21897906716344e-06
40.1566389339364,6.85147531325053e-06
40.2316980721307,2.57073575448836e-06
40.3067572103249,7.85140608172207e-07
40.3818163485192,1.23966016868292e-06
40.4568754867135,1.34030161230473e-06
40.5319346249077,3.26681015947295e-06
40.606993763102,3.43158071152551e-06
40.6820529012963,3.88415831256502e-06
40.7571120394906,6.89892197401313e-06
40.8321711776848,8.5177673235965e-06
40.9072303158791,6.91525530338199e-06
40.9822894540734,3.94186586805498e-06
41.0573485922677,4.58662962278631e-06
41.1324077304619,5.74044905265287e-06
41.2074668686562,4.24869580412924e-06
41.2825260068505,9.1450230592284e-07
41.3575851450448,2.64280395043406e-06
41.432644283239,4.35126058269113e-06
41.5077034214333,3.79986914307386e-06
41.5827625596276,1.99407348640072e-06
41.6578216978219,2.15877800484774e-06
41.7328808360161,3.16374963002026e-06
41.8079399742104,3.23072304571583e-06
41.8829991124047,3.29060234369412e-06
41.9580582505989,3.47561516593141e-06
42.0331173887932,2.96671580526671e-06
42.1081765269875,2.06196614123234e-06
42.1832356651818,1.47974515743719e-06
42.258294803376,7.17889229767132e-07
42.3333539415703,1.36236998635929e-06
42.4084130797646,2.68484967745218e-06
42.4834722179589,2.73503113295591e-06
42.5585313561531,1.22258922665657e-06
42.6335904943474,1.21198132448165e-06
42.7086496325417,2.78701468502098e-06
42.783708770736,2.67793958760281e-06
42.8587679089302,1.42080095596596e-06
42.9338270471245,2.28338298348236e-06
43.0088861853188,3.02738380844613e-06
43.0839453235131,1.70911382545847e-06
43.1590044617073,1.54293487326455e-06
43.2340635999016,3.94578437418337e-06
43.3091227380959,4.31301566588327e-06
43.3841818762901,3.56957933257041e-06
43.4592410144844,6.26286073733987e-06
43.5343001526787,9.72814245453641e-06
43.609359290873,1.05654393922059e-05
43.6844184290672,7.95364523836246e-06
43.7594775672615,3.1714617600108e-06
43.8345367054558,2.08446374600178e-06
43.9095958436501,3.99714048763641e-06
43.9846549818443,2.30312880767631e-06
44.0597141200386,3.08861191391545e-06
44.1347732582329,8.83949689202646e-06
44.2098323964272,1.29339460690211e-05
44.2848915346214,1.37237880001383e-05
44.3599506728157,1.13946039584845e-05
44.43500981101,7.52053620305044e-06
44.5100689492043,4.09566352944836e-06
44.5851280873985,2.64121593817909e-06
44.6601872255928,3.14700886973618e-06
44.7352463637871,5.04004681254636e-06
44.8103055019813,7.27472141725347e-06
44.8853646401756,8.18630547204656e-06
44.9604237783699,6.79677731866625e-06
45.0354829165642,3.65064208080395e-06
45.1105420547584,1.51779068488503e-06
45.1856011929527,2.31448704216978e-06
45.260660331147,1.27288184490998e-06
45.3357194693413,1.73127587455828e-06
45.4107786075355,4.69250190769743e-06
45.4858377457298,5.96964671382518e-06
45.5608968839241,4.95283279848214e-06
45.6359560221184,2.56474456345746e-06
45.7110151603126,1.08834486907101e-06
45.7860742985069,1.39924824107665e-06
45.8611334367012,9.1638374570534e-07
45.9361925748955,1.08764898515385e-06
46.0112517130897,1.57194931347919e-06
46.086310851284,9.88570100663556e-07
46.1613699894783,6.65957110386856e-07
46.2364291276725,2.07235791347247e-06
46.3114882658668,2.70683144784656e-06
46.3865474040611,2.21054523406218e-06
46.4616065422554,1.00936848853278e-06
46.5366656804496,9.89051457233896e-07
46.6117248186439,1.56425019991263e-06
46.6867839568382,1.20833461686747e-06
46.7618430950325,3.49219800642877e-07
46.8369022332267,6.17503434557187e-07
46.911961371421,4.61672137020864e-07
46.9870205096153,5.46773850798302e-07
47.0620796478096,1.31586715988406e-06
47.1371387860038,1.18191047452159e-06
47.2121979241981,8.75075467080469e-08
47.2872570623924,1.22431911698191e-06
47.3623162005866,1.69733724020222e-06
47.4373753387809,1.02462880900243e-06
47.5124344769752,3.16356057856284e-07
47.5874936151695,9.59585165976279e-07
47.6625527533637,5.47444659714629e-07
47.737611891558,8.12456200589711e-07
47.8126710297523,2.1255658074349e-06
47.8877301679466,2.79531921813221e-06
47.9627893061408,2.73182189485347e-06
48.0378484443351,2.18174396912137e-06
48.1129075825294,1.32390358262882e-06
48.1879667207237,9.56979870026725e-07
48.2630258589179,1.61480548621728e-06
48.3380849971122,1.80252910254353e-06
48.4131441353065,1.38983809663297e-06
48.4882032735008,1.4086981391718e-06
48.563262411695,1.72711494985378e-06
48.6383215498893,1.30584860552016e-06
48.7133806880836,2.26271862779632e-07
48.7884398262779,8.2556520883293e-07
48.8634989644721,1.13410900320986e-06
48.9385581026664,1.94815906319438e-06
49.0136172408607,3.89688965440166e-06
49.0886763790549,5.43531871809445e-06
49.1637355172492,5.46548942595798e-06
49.2387946554435,3.86845736821274e-06
49.3138537936378,1.57684249702173e-06
49.388912931832,1.56492962591482e-06
49.4639720700263,2.60854747356682e-06
49.5390312082206,2.60632984781567e-06
49.6140903464149,2.41393868774361e-06
49.6891494846091,2.9435428392974e-06
49.7642086228034,3.16505080466946e-06
49.8392677609977,2.69058528168057e-06
49.9143268991919,2.76044221117975e-06
49.9893860373862,3.05840100164233e-06
50.0644451755805,2.00306800951138e-06
50.1395043137748,9.91885493306584e-07
50.214563451969,3.08737144216166e-06
50.2896225901633,3.73456927120701e-06
50.3646817283576,2.48589787573609e-06
50.4397408665519,1.92041486248566e-06
50.5148000047461,3.16318666806013e-06
50.5898591429404,3.04290218912621e-06
50.6649182811347,1.45851574917103e-06
50.739977419329,4.95684236703046e-07
50.8150365575232,1.27218154491734e-06
50.8900956957175,8.85101178622925e-07
50.9651548339118,9.74920181376195e-08
51.0402139721061,8.70851067459999e-07
51.1152731103003,1.12531707951702e-06
51.1903322484946,8.88843876580126e-07
51.2653913866889,2.95338662494522e-07
51.3404505248831,6.71804311768213e-07
51.4155096630774,1.22808343136052e-06
51.4905688012717,1.28125312967781e-06
51.565627939466,1.06291523781404e-06
51.6406870776602,8.51612622907375e-07
51.7157462158545,5.89548310829064e-07
51.7908053540488,9.23445389719988e-07
51.8658644922431,1.52920532806439e-06
51.9409236304373,1.83699270374652e-06
52.0159827686316,1.90161414923217e-06
52.0910419068259,1.72297294353029e-06
52.1661010450202,1.10985905600749e-06
52.2411601832144,2.28474753352523e-07
52.3162193214087,6.95666883413603e-07
52.391278459603,1.21971287980308e-06
52.4663375977972,1.65681673223683e-06
52.5413967359915,2.00321893789384e-06
52.6164558741858,1.97335430084101e-06
52.6915150123801,1.54846467368445e-06
52.7665741505744,9.94048220725322e-07
52.8416332887686,5.60526129203294e-07
52.9166924269629,6.43536508162715e-07
52.9917515651572,1.41868270915575e-06
53.0668107033514,2.43406474151444e-06
53.1418698415457,3.11524886274795e-06
53.21692897974,2.92731971392343e-06
53.2919881179343,1.86300282150595e-06
53.3670472561285,5.90965750210959e-07
53.4421063943228,3.50367951612102e-07
53.5171655325171,6.96513538801534e-07
53.5922246707114,1.36606606791464e-06
53.6672838089056,1.64916451077964e-06
53.7423429470999,1.0510972811219e-06
53.8174020852942,1.33624753149172e-06
53.8924612234884,2.85419217732874e-06
53.9675203616827,3.7660444954892e-06
54.042579499877,3.64852710599215e-06
54.1176386380713,2.58189150757833e-06
54.1926977762655,9.81131883537822e-07
54.2677569144598,8.363576139265e-07
54.3428160526541,1.51247846556245e-06
54.4178751908484,1.31059480883902e-06
54.4929343290426,1.33692491593838e-06
54.5679934672369,1.5895939799269e-06
54.6430526054312,8.76060800965053e-07
54.7181117436255,1.15038032002021e-06
54.7931708818197,2.52629552319414e-06
54.868230020014,2.63707897000347e-06
54.9432891582083,1.77656660666409e-06
55.0183482964026,2.272098203707e-06
55.0934074345968,3.05871240961159e-06
55.1684665727911,2.65287507272758e-06
55.2435257109854,2.21016356719053e-06
55.3185848491797,3.12194113507345e-06
55.3936439873739,3.96597699648922e-06
55.4687031255682,4.22834761683631e-06
55.5437622637625,4.02668177498887e-06
55.6188214019567,3.32224628673559e-06
55.693880540151,2.56679027790756e-06
55.7689396783453,2.40789081711288e-06
55.8439988165396,2.286907208642e-06
55.9190579547338,2.58991806232774e-06
55.9941170929281,3.79732341449325e-06
56.0691762311224,4.34528841725519e-06
56.1442353693167,3.3470954596349e-06
56.2192945075109,1.40152605221049e-06
56.2943536457052,1.20550553170305e-06
56.3694127838995,1.77908516483294e-06
56.4444719220938,1.13836739566009e-06
56.519531060288,3.26898724948357e-07
56.5945901984823,1.61435437182245e-06
56.6696493366766,2.58191055455784e-06
56.7447084748709,2.92532424176742e-06
56.8197676130651,2.46599360489732e-06
56.8948267512594,1.43362317579297e-06
56.9698858894537,5.01273252927701e-07
57.0449450276479,2.12860682696029e-07
57.1200041658422,4.34608616844275e-07
57.1950633040365,6.79537380079184e-07
57.2701224422308,4.3111857168284e-07
57.345181580425,5.55079738236569e-07
57.4202407186193,9.59918703972897e-07
57.4952998568136,8.38676112970171e-07
57.5703589950079,1.54633539029812e-06
57.6454181332021,2.44514819800483e-06
57.7204772713964,2.19472662764991e-06
57.7955364095907,1.08908176338748e-06
57.870595547785,1.82775939950088e-06
57.9456546859792,2.50806147033146e-06
58.0207138241735,1.84420871423554e-06
58.0957729623678,9.25950535643603e-07
58.1708321005621,1.2092039018387e-06
58.2458912387563,9.10194069484667e-07
58.3209503769506,8.93660439396507e-07
58.3960095151449,1.77433034996619e-06
58.4710686533391,1.91210394798026e-06
58.5461277915334,1.3433211531763e-06
58.6211869297277,6.93551798650168e-07
58.696246067922,5.07721519815297e-07
58.7713052061162,9.68245389454984e-07
58.8463643443105,1.5108672889829e-06
58.9214234825048,2.29835035459405e-06
58.9964826206991,3.07332687385234e-06
59.0715417588933,2.87757294525833e-06
59.1466008970876,1.36685885828354e-06
59.2216600352819,1.05490460731595e-06
59.2967191734762,2.28731349304694e-06
59.3717783116704,1.90318147931589e-06
59.4468374498647,4.33043690380543e-07
59.521896588059,1.46803383069532e-06
59.5969557262532,1.82601823770518e-06
59.6720148644475,9.66906001776752e-07
59.7470740026418,7.36586231142675e-07
59.8221331408361,1.29292821050533e-06
59.8971922790303,1.20486450085758e-06
59.9722514172246,1.21779015201232e-06
60.0473105554189,1.62278183231433e-06
60.1223696936132,1.91456242228987e-06
60.1974288318074,1.64200044052507e-06
60.2724879700017,5.3887535490989e-07
60.347547108196,1.17375448730498e-06
60.4226062463903,2.26835414581027e-06
60.4976653845845,2.11038583782817e-06
60.5727245227788,1.03266479683358e-06
60.6477836609731,9.47772698007444e-07
60.7228427991674,1.21488947309684e-06
60.7979019373616,1.06602705506259e-06
60.8729610755559,1.38984241503627e-06
60.9480202137502,1.26662764935233e-06
61.0230793519444,3.75137292663826e-07
61.0981384901387,7.43408032824929e-07
61.173197628333,6.4572409705978e-07
61.2482567665273,7.56889923400795e-07
61.3233159047215,2.65203889632816e-06
61.3983750429158,3.9337115522722e-06
61.4734341811101,4.1440278169942e-06
61.5484933193044,3.79796025842212e-06
61.6235524574986,3.49141776922015e-06
61.6986115956929,3.09874631108129e-06
61.7736707338872,2.48228461026685e-06
61.8487298720815,1.8982661927621e-06
61.9237890102757,1.75566383089499e-06
61.99884814847,2.01497097406805e-06
62.0739072866643,2.08041850957877e-06
62.1489664248586,1.84770998413198e-06
62.2240255630528,1.7095960510161e-06
62.2990847012471,1.68884307864309e-06
62.3741438394414,1.70223312772461e-06
62.4492029776356,1.76412134082631e-06
62.5242621158299,1.4531258880121e-06
62.5993212540242,6.78535903043347e-07
62.6743803922185,5.81730056549652e-07
62.7494395304127,9.89453840856905e-07
62.824498668607,1.45550167744465e-06
62.8995578068013,2.23932339431032e-06
62.9746169449956,2.65392495686499e-06
63.0496760831898,2.39636161326627e-06
63.1247352213841,1.94852544961432e-06
63.1997943595784,1.84917545370243e-06
63.2748534977727,1.93723386441981e-06
63.3499126359669,1.90427475284205e-06
63.4249717741612,1.54438459611035e-06
63.5000309123555,1.06944744173627e-06
63.5750900505498,1.08285432790697e-06
63.650149188744,1.09343392305681e-06
63.7252083269383,8.62959921774592e-07
63.8002674651326,7.98441556931153e-07
63.8753266033268,5.00048869217594e-07
63.9503857415211,6.39948060144173e-07
64.0254448797154,1.36664468250454e-06
64.1005040179097,1.37740594878248e-06
64.1755631561039,1.04716261648119e-06
64.2506222942982,1.61412033015303e-06
64.3256814324925,1.82145133144893e-06
64.4007405706868,1.13225469967515e-06
64.475799708881,1.07813940970669e-06
64.5508588470753,1.63869469594734e-06
64.6259179852696,1.31529811025785e-06
64.7009771234639,5.56357204962146e-07
64.7760362616581,6.98201782167168e-07
64.8510953998524,8.29941240887166e-07
64.9261545380467,1.18347202226012e-06
65.001213676241,1.40871259368551e-06
65.0762728144352,8.10638863474935e-07
65.1513319526295,1.08251160839608e-06
65.2263910908238,2.28639123060185e-06
65.301450229018,2.52427128708663e-06
65.3765093672123,1.6384441364151e-06
65.4515685054066,3.54184345305139e-07
65.5266276436009,5.57043626153835e-07
65.6016867817951,9.76698796503828e-07
65.6767459199894,1.7230944427937e-06
65.7518050581837,2.35566460260319e-06
65.826864196378,2.31407952422285e-06
65.9019233345722,2.12364093980366e-06
65.9769824727665,2.3813007572594e-06
66.0520416109608,2.23818869216421e-06
66.127100749155,1.64308540466816e-06
66.2021598873493,2.13984374866683e-06
66.2772190255436,2.78164260499333e-06
66.3522781637379,2.50083008869636e-06
66.4273373019321,2.07158102279412e-06
66.5023964401264,2.19520316190452e-06
66.5774555783207,2.14145299423124e-06
66.652514716515,2.17966281363632e-06
66.7275738547092,2.19596557653695e-06
66.8026329929035,1.25159241061739e-06
66.8776921310978,1.71914452087589e-06
66.9527512692921,3.65572012484441e-06
67.0278104074863,4.23251644881443e-06
67.1028695456806,3.12313124638258e-06
67.1779286838749,1.4254690215848e-06
67.2529878220692,1.03305591543035e-06
67.3280469602634,1.02847701539774e-06
67.4031060984577,2.27793953323747e-07
67.478165236652,1.2237473486268e-06
67.5532243748463,2.79339623997609e-06
67.6282835130405,3.64929897282645e-06
67.7033426512348,3.04615608843586e-06
67.7784017894291,1.19296078180466e-06
67.8534609276233,7.03390028665809e-07
67.9285200658176,1.37344572979118e-06
68.0035792040119,7.9869456931964e-07
68.0786383422062,9.94573103015491e-07
68.1536974804004,1.11706683090773e-06
68.2287566185947,7.34142069865909e-07
68.303815756789,1.94201526677019e-06
68.3788748949833,2.32589963720772e-06
68.4539340331775,1.10968398886403e-06
68.5289931713718,9.10539679379339e-07
68.6040523095661,2.03558341055898e-06
68.6791114477604,1.61419928854662e-06
68.7541705859546,8.01701236763541e-07
68.8292297241489,1.34344278487812e-06
68.9042888623432,1.01583427195714e-06
68.9793480005374,8.24233468908322e-07
69.0544071387317,1.8273400147372e-06
69.129466276926,2.07617763732926e-06
69.2045254151203,1.90789944905055e-06
69.2795845533146,1.73647644983951e-06
69.3546436915088,1.05876383271964e-06
69.4297028297031,8.03413361275293e-07
69.5047619678974,1.41686432673832e-06
69.5798211060916,1.16483926733523e-06
69.6548802442859,7.78199165371106e-07
69.7299393824802,1.28147970572277e-06
69.8049985206745,1.44190853332986e-06
69.8800576588687,1.61007237679396e-06
69.955116797063,1.65299522715629e-06
70.0301759352573,9.54782790672095e-07
70.1052350734516,8.99416428785593e-07
70.1802942116458,1.48678033751465e-06
70.2553533498401,1.13156361234221e-06
70.3304124880344,1.06789017300059e-06
70.4054716262286,1.5733746330737e-06
70.4805307644229,1.27126751926506e-06
70.5555899026172,1.25906585050282e-06
70.6306490408115,1.66593573674728e-06
70.7057081790057,1.10005882874603e-06
70.7807673172,1.02412511362993e-06
70.8558264553943,1.81286575866822e-06
70.9308855935886,1.43838889028694e-06
71.0059447317828,1.02117841094852e-06
71.0810038699771,1.7833079924582e-06
71.1560630081714,1.57487954702112e-06
71.2311221463656,9.66519586992122e-07
71.3061812845599,1.5705086192568e-06
71.3812404227542,1.57369793892121e-06
71.4562995609485,1.28114715815563e-06
71.5313586991428,1.59006838687941e-06
71.606417837337,1.43704566085076e-06
71.6814769755313,1.72200804099115e-06
71.7565361137256,2.44447106327941e-06
71.8315952519198,2.01923097602541e-06
71.9066543901141,9.33410290270798e-07
71.9817135283084,1.45159377116079e-06
72.0567726665027,1.30885555635053e-06
72.1318318046969,4.40527859445031e-07
72.2068909428912,1.55887795942297e-06
72.2819500810855,1.68290407522234e-06
72.3570092192798,8.79000648766135e-07
72.432068357474,1.08913859537905e-06
72.5071274956683,9.48170204880736e-07
72.5821866338626,4.01207145257197e-07
72.6572457720569,1.35762981659663e-06
72.7323049102511,1.16761111329517e-06
72.8073640484454,5.23951777880571e-07
72.8824231866397,1.56928375568641e-06
72.9574823248339,1.52878480178847e-06
73.0325414630282,1.02269458062501e-06
73.1076006012225,1.72395175012719e-06
73.1826597394168,1.59346958783598e-06
73.2577188776111,1.36888631563305e-06
73.3327780158053,2.33132751276681e-06
73.4078371539996,2.11243873374e-06
73.4828962921939,1.01104849933908e-06
73.5579554303881,2.03527932633746e-06
73.6330145685824,2.21650287629122e-06
73.7080737067767,1.47018919462823e-06
73.783132844971,2.62688798077201e-06
73.8581919831652,3.21041430916969e-06
73.9332511213595,2.20349296867827e-06
74.0083102595538,1.45938912098982e-06
74.083369397748,1.78523318130352e-06
74.1584285359423,1.76643969922302e-06
74.2334876741366,2.2397670350454e-06
74.3085468123309,2.22225567280583e-06
74.3836059505252,1.66927572011747e-06
74.4586650887194,2.41616768881578e-06
74.5337242269137,2.58387077755748e-06
74.608783365108,1.40697850483302e-06
74.6838425033022,1.56455265296972e-06
74.7589016414965,2.00073052277212e-06
74.8339607796908,1.22863828574674e-06
74.9090199178851,1.77150675663255e-06
74.9840790560793,2.20297906205411e-06
75.0591381942736,1.64888700287249e-06
75.1341973324679,2.20380594047423e-06
75.2092564706622,2.40891499454334e-06
75.2843156088564,1.46396554165643e-06
75.3593747470507,1.96999234273775e-06
75.434433885245,2.22520900415074e-06
75.5094930234392,1.1841343352662e-06
75.5845521616335,1.99493757457985e-06
75.6596112998278,2.36637615621543e-06
75.7346704380221,1.76110139621506e-06
75.8097295762163,2.92752775470158e-06
75.8847887144106,3.20068693683066e-06
75.9598478526049,2.06046338753595e-06
76.0349069907992,3.12161680569939e-06
76.1099661289934,3.60906451789048e-06
76.1850252671877,2.03826992643015e-06
76.260084405382,2.70317908118709e-06
76.3351435435763,3.3953111872583e-06
76.4102026817705,1.87391071553397e-06
76.4852618199648,3.09080655033786e-06
76.5603209581591,4.03020974645791e-06
76.6353800963534,2.38109646983688e-06
76.7104392345476,3.39344008544943e-06
76.7854983727419,4.54820662743512e-06
76.8605575109362,2.85777223212516e-06
76.9356166491305,3.92429873980479e-06
77.0106757873247,5.36464511326493e-06
77.085734925519,3.4575937954579e-06
77.1607940637133,4.25758645075179e-06
77.2358532019075,6.14839105854467e-06
77.3109123401018,4.20032082905912e-06
77.3859714782961,4.59856593073346e-06
77.4610306164904,6.79816438029104e-06
77.5360897546846,4.89709713880919e-06
77.6111488928789,5.93107904047969e-06
77.6862080310732,8.60470862132243e-06
77.7612671692675,6.04367486553281e-06
77.8363263074617,7.21578281297156e-06
77.911385445656,1.12208302081707e-05
77.9864445838503,8.2101671941754e-06
78.0615037220446,9.57218177789105e-06
78.1365628602388,1.59285689705773e-05
78.2116219984331,1.24720561391779e-05
78.2866811366274,1.51543126564737e-05
78.3617402748217,2.72798782421108e-05
78.4367994130159,2.35262318019181e-05
78.5118585512102,2.99375614331657e-05
78.5869176894045,5.6046741447117e-05
78.6619768275987,2.55670529639496e-05
