timestep:   0.0181818181818182
yAxisLabel:deflection [m] 
title:bridge deflection 
matlab ub_mid 
  0.0000000000000000
 -0.0000067487522686
 -0.0000515828700000
 -0.0001613537599837
 -0.0003440758255472
 -0.0005854839987944
 -0.0008536087496070
 -0.0011077679626849
 -0.0013099261241789
 -0.0014365074438794
 -0.0014839649941247
 -0.0014727771392097
 -0.0014385971850387
 -0.0014231828827026
 -0.0014611018994667
 -0.0015703377312556
 -0.0017441726578666
 -0.0019542461075973
 -0.0021587565237920
 -0.0023146009111734
 -0.0023913011584679
 -0.0023797002441450
 -0.0022954755480004
 -0.0021741332186347
 -0.0020596419415139
 -0.0019910346329626
 -0.0019895821093466
 -0.0020527747837904
 -0.0021547375715712
 -0.0022548074745134
 -0.0023105243322254
 -0.0022904732476865
 -0.0021852586437832
 -0.0020089687728148
 -0.0017958235576515
 -0.0015886801973795
 -0.0014264817631829
 -0.0013318980811578
 -0.0013052912843644
 -0.0013243737892183
 -0.0013517510082726
 -0.0013460905617358
 -0.0012749220251375
 -0.0011224941651013
 -0.0008979402182683
 -0.0006285931968919
 -0.0003549273634334
 -0.0001172410327393
  0.0000549147971048
  0.0001511506519504
  0.0001832244416183
  0.0001617564496503
  0.0000934902179144
 -0.0000018578633964
 -0.0000966315620563
 -0.0001635264682847
 -0.0001829838125720
 -0.0001495390680880
 -0.0000728211105599
  0.0000249797620764
  0.0001155349984771
  0.0001727774924368
  0.0001798208806231
  0.0001349254266300
  0.0000509295915897
 -0.0000477545905762
 -0.0001326745402110
 -0.0001790986980899
 -0.0001737789690392
 -0.0001181128884157
 -0.0000282930145088
  0.0000697260236952
  0.0001475803677908
  0.0001827119230944
  0.0001649630744038
  0.0000994244262733
  0.0000051405696362
 -0.0000906131502358
 -0.0001601397447615
 -0.0001833438921272
 -0.0001534345714474
 -0.0000791776548960
  0.0000180335920948
  0.0001099753577479
  0.0001701816830812
  0.0001810201799086
  0.0001395196953075
  0.0000576545061687
 -0.0000409118690428
 -0.0001276120698942
 -0.0001775444940310
 -0.0001758423306478
 -0.0001233622309167
 -0.0000351526103367
  0.0000631927429838
  0.0001433115859171
  0.0001818446892907
  0.0001678428019862
  0.0001052123805291
  0.0000121726751067
