timestep:   0.0181818181818182
yAxisLabel:acceleration [m/s2] 
title:sprung mass acceleration 
matlab av1 
 -0.0002431571581554
 -0.0022192015748766
 -0.0088205126436205
 -0.0234657205476125
 -0.0467766808380166
 -0.0759728792949625
 -0.1049715299293167
 -0.1245991302269697
 -0.1281039381963126
 -0.1088887856167231
 -0.0711356296774030
 -0.0212037314615313
  0.0284337160167338
  0.0670567353607639
  0.0830427587784837
  0.0765794171297943
  0.0532748804681506
  0.0248900857256359
  0.0061375109311587
  0.0072368569303657
  0.0326510625542634
  0.0769623070538006
  0.1269899775167773
  0.1668069144811135
  0.1813177762442625
  0.1640461211463881
  0.1167391033067065
  0.0513545886596605
 -0.0150096666378717
 -0.0659892775308810
 -0.0884014312042289
 -0.0810175659120294
 -0.0485974520444643
 -0.0048971299217282
  0.0359686691323164
  0.0613780663322607
  0.0661664798467252
  0.0512622500544870
  0.0245079953896985
 -0.0045144206766313
 -0.0269318623001612
 -0.0391424525295349
 -0.0395419918721582
 -0.0349441085069136
 -0.0300670232652270
 -0.0310634078749985
 -0.0397501398429913
 -0.0543955306208950
 -0.0707873830770504
 -0.0835806519973795
 -0.0885236162664351
 -0.0827414535104914
 -0.0655403267747228
 -0.0394287681104489
 -0.0091073707618162
  0.0187875766078981
  0.0390944069030549
  0.0488710295423368
  0.0486973585462078
  0.0428000384586929
  0.0362758241553409
  0.0352565416694550
  0.0411277870102654
  0.0529081755162803
  0.0646809444573825
  0.0694155308318066
  0.0595093560643529
  0.0322651890728053
 -0.0111695149495517
 -0.0629516187987090
 -0.1120807899280248
 -0.1462543115308420
 -0.1558796146379682
 -0.1370887481530376
 -0.0926925536826205
 -0.0322947127944656
  0.0310686861258651
  0.0841030435247374
  0.1170671529611347
  0.1253549860662951
  0.1119231852421381
  0.0835768834204178
  0.0506077039140485
  0.0213519772828955
  0.0020940675039045
 -0.0068269138753006
 -0.0084826008594358
 -0.0083297677946589
 -0.0119587739898738
 -0.0220271888381807
 -0.0385689857934436
 -0.0574076235152541
 -0.0730960261737788
 -0.0802640124919018
 -0.0758147603490745
 -0.0596663135144023
 -0.0350481478351662
 -0.0067853968152843
