timestep:         0.0063532800000000
yAxisLabel:vertical DOF [m]     
title:bogies vertical DOF       
uv1,    uv2,    
  0.0000000000000000,  0.0000000000000000,
  0.0000000000000000,  0.0000000000000000,
 -0.0000000418698445,  0.0000000410298982,
 -0.0000001849979565,  0.0000001796483314,
 -0.0000004528872632,  0.0000004349678971,
 -0.0000008945619892,  0.0000008502945441,
 -0.0000015545962576,  0.0000014627730135,
 -0.0000024678366127,  0.0000022984244791,
 -0.0000036868529132,  0.0000033994531604,
 -0.0000052766415721,  0.0000048183682113,
 -0.0000073450573227,  0.0000066473392329,
 -0.0000100138902715,  0.0000089882020019,
 -0.0000134058157544,  0.0000119391887235,
 -0.0000176345865866,  0.0000155853499111,
 -0.0000228116852831,  0.0000200054765376,
 -0.0000290548247245,  0.0000252805496246,
 -0.0000364716713090,  0.0000314775601560,
 -0.0000451691654372,  0.0000386590448313,
 -0.0000552547105767,  0.0000468842671096,
 -0.0000668243194633,  0.0000561975610993,
 -0.0000799415094517,  0.0000666080690009,
 -0.0000946366092639,  0.0000780902906552,
 -0.0001109264663820,  0.0000906046174445,
 -0.0001288194524314,  0.0001041026576352,
 -0.0001483181823733,  0.0001185301235498,
 -0.0001694077485788,  0.0001338154261031,
 -0.0001920558125046,  0.0001498703648878,
 -0.0002162102994425,  0.0001665884718858,
 -0.0002417884853650,  0.0001838350189284,
 -0.0002686921264444,  0.0002014629822788,
 -0.0002968225324634,  0.0002193283604035,
 -0.0003260976167921,  0.0002373068579382,
 -0.0003564468344021,  0.0002552882711224,
 -0.0003877855944024,  0.0002731510115186,
 -0.0004200112753989,  0.0002907588463310,
 -0.0004530150056573,  0.0003079732564202,
 -0.0004867052686727,  0.0003246769271370,
 -0.0005210073225971,  0.0003407726297869,
 -0.0005558477787621,  0.0003561676195787,
 -0.0005911653728716,  0.0003707843354518,
 -0.0006269221152524,  0.0003845710575271,
 -0.0006630946243260,  0.0003974927222470,
 -0.0006996556389436,  0.0004095124719845,
 -0.0007365836807553,  0.0004206015166146,
 -0.0007739001894670,  0.0004307755159665,
 -0.0008116779824424,  0.0004401013912814,
 -0.0008499987948865,  0.0004486539263888,
 -0.0008889299875003,  0.0004564928351633,
 -0.0009285567339336,  0.0004636950766490,
 -0.0009690126700459,  0.0004703843424328,
 -0.0010104741149776,  0.0004767236204325,
 -0.0010531240463146,  0.0004828783506943,
 -0.0010971318842844,  0.0004889964787408,
 -0.0011426703245701,  0.0004952255595878,
 -0.0011899184890465,  0.0005017157277988,
 -0.0012390211599405,  0.0005085794623786,
 -0.0012900859212849,  0.0005158900557590,
 -0.0013432299448130,  0.0005237287665799,
 -0.0013985721378564,  0.0005321765275968,
 -0.0014561691205569,  0.0005412509059853,
 -0.0015159898717081,  0.0005508834514985,
 -0.0015779797232097,  0.0005609855214993,
 -0.0016421045212225,  0.0005714920794082,
 -0.0017082927379496,  0.0005823037595930,
 -0.0017764360051405,  0.0005932885048464,
 -0.0018464529051398,  0.0006043451738975,
 -0.0019182652669739,  0.0006153789212290,
 -0.0019917449117494,  0.0006262486316051,
 -0.0020667269327002,  0.0006367816999762,
 -0.0021430791356468,  0.0006468433285580,
 -0.0022207318668412,  0.0006563643076018,
 -0.0022996459219720,  0.0006653070467199,
 -0.0023797773562093,  0.0006736299476823,
 -0.0024610600291178,  0.0006812706103593,
 -0.0025433911177950,  0.0006881326587302,
 -0.0026266196469208,  0.0006940760909414,
 -0.0027105587966970,  0.0006989313586862,
 -0.0027950094423707,  0.0007025239346583,
 -0.0028797667548353,  0.0007046813353742,
 -0.0029645982653447,  0.0007052119226763,
 -0.0030492236907471,  0.0007038862951027,
 -0.0031333221657164,  0.0007004463065444,
 -0.0032165590395827,  0.0006946329322067,
 -0.0032986211643125,  0.0006862213742452,
 -0.0033792423625374,  0.0006750451619833,
 -0.0034582018544520,  0.0006609927930110,
 -0.0035353127426619,  0.0006439947532059,
 -0.0036103969052502,  0.0006239977189152,
 -0.0036832520269681,  0.0006009320660454,
 -0.0037536696977135,  0.0005747307046389,
 -0.0038214765544022,  0.0005453697359604,
 -0.0038865397027897,  0.0005128724605460,
 -0.0039487874516057,  0.0004773281852617,
 -0.0040070694995147,  0.0004377264280114,
 -0.0040600982679184,  0.0003928699383171,
 -0.0041075786742485,  0.0003425203369152,
 -0.0041493291436114,  0.0002865407867229,
 -0.0041853015918399,  0.0002249201176432,
 -0.0042156340212098,  0.0001578273889063,
 -0.0042406880969195,  0.0000856475586964,
 -0.0042610202306714,  0.0000089487247342,
 -0.0042772917307492, -0.0000716091985840,
 -0.0042901725550810, -0.0001553691583636,
 -0.0043003398532404, -0.0002416775185457,
 -0.0043084996363865, -0.0003298626577175,
 -0.0043153535719409, -0.0004192670738217,
 -0.0043215750024956, -0.0005092689418819,
 -0.0043278263008343, -0.0005992626846889,
 -0.0043347476094019, -0.0006886694085782,
 -0.0043429242046123, -0.0007769697757248,
 -0.0043528745979862, -0.0008637162069600,
 -0.0043650652797967, -0.0009485184786114,
 -0.0043799267072856, -0.0010310279114679,
 -0.0043978220599566, -0.0011109669030831,
 -0.0044190136483464, -0.0011881590239173,
 -0.0044436765277665, -0.0012625130148130,
 -0.0044719123938543, -0.0013340089074104,
 -0.0045037403610716, -0.0014027084983588,
 -0.0045391038849138, -0.0014687491911280,
 -0.0045779028393899, -0.0015323104894586,
 -0.0046199904078395, -0.0015936138253696,
 -0.0046651589358604, -0.0016529334593412,
 -0.0047131639306821, -0.0017105703714451,
 -0.0047637388577991, -0.0017668381954054,
 -0.0048165962206913, -0.0018220654201812,
 -0.0048714504337209, -0.0018765744549588,
 -0.0049280540456009, -0.0019306447004504,
 -0.0049861829993809, -0.0019845257063136,
 -0.0050455885941976, -0.0020384838179424,
 -0.0051060092163838, -0.0020927903133037,
 -0.0051672050410788, -0.0021476887399684,
 -0.0052289494020190, -0.0022034073042119,
 -0.0052910164930431, -0.0022601743420506,
 -0.0053531838062748, -0.0023182162665806,
 -0.0054152201981567, -0.0023777681762851,
 -0.0054768891054493, -0.0024390697103113,
 -0.0055379616035993, -0.0025023521047186,
 -0.0055982216720739, -0.0025678344689867,
 -0.0056574998540690, -0.0026356924461526,
 -0.0057156960000388, -0.0027060368397173,
 -0.0057727693948340, -0.0027789231743101,
 -0.0058287202355749, -0.0028543692695348,
 -0.0058835608533724, -0.0029323839442320,
 -0.0059373208861957, -0.0030129626661551,
 -0.0059900989847719, -0.0030960365953941,
 -0.0060420998472754, -0.0031814360424447,
 -0.0060935945111532, -0.0032689305429299,
 -0.0061448545012303, -0.0033582942148653,
 -0.0061961536083611, -0.0034493026630173,
 -0.0062477614912239, -0.0035417391180445,
 -0.0062999114379766, -0.0036354279710614,
 -0.0063528476846244, -0.0037301883833567,
 -0.0064069061745009, -0.0038257528479776,
 -0.0064625007224540, -0.0039217802923073,
 -0.0065200314347165, -0.0040179484615938,
 -0.0065798620842270, -0.0041139775939767,
 -0.0066423537178817, -0.0042095973430637,
 -0.0067078319091610, -0.0043045803972992,
 -0.0067765369209960, -0.0043987925181965,
 -0.0068486394582573, -0.0044921747164836,
 -0.0069242780043753, -0.0045847021181402,
 -0.0070035012657753, -0.0046764380808284,
 -0.0070861727391343, -0.0047676280281850,
 -0.0071719836343458, -0.0048586865228344,
 -0.0072605301323500, -0.0049501199453555,
 -0.0073513674730363, -0.0050424702839366,
 -0.0074440316875565, -0.0051362889956739,
 -0.0075380783154555, -0.0052320932074933,
 -0.0076331188871239, -0.0053303250275936,
 -0.0077288088821047, -0.0054313615792024,
 -0.0078248388977477, -0.0055355243309765,
 -0.0079209641834508, -0.0056430508466426,
 -0.0080170430606844, -0.0057540562435515,
 -0.0081130275741660, -0.0058685402332416,
 -0.0082088936102485, -0.0059864529107759,
 -0.0083045595366094, -0.0061077714458556,
 -0.0083998563808991, -0.0062325271187364,
 -0.0084945554141789, -0.0063607783337894,
 -0.0085883985138609, -0.0064925826394300,
 -0.0086811690920841, -0.0066279278811357,
 -0.0087727799901715, -0.0067666450167896,
 -0.0088632640369003, -0.0069084170834120,
 -0.0089526929760905, -0.0070528604389422,
 -0.0090411238065492, -0.0071995798412625,
 -0.0091285877094485, -0.0073481816466723,
 -0.0092150769025484, -0.0074982904927262,
 -0.0093005635372071, -0.0076495348637148,
 -0.0093850662215752, -0.0078014840335423,
 -0.0094687001143676, -0.0079535999956238,
 -0.0095516427129650, -0.0081052732501402,
 -0.0096340457768772, -0.0082559132949504,
 -0.0097160198353887, -0.0084049679845826,
 -0.0097976163591537, -0.0085519459869358,
 -0.0098787499125411, -0.0086964987278635,
 -0.0099591996329796, -0.0088384218694867,
 -0.0100386668219826, -0.0089775997592279,
 -0.0101168037244510, -0.0091139779891645,
 -0.0101932337139664, -0.0092475441323788,
 -0.0102676006582475, -0.0093782793105407,
 -0.0103396110367315, -0.0095061176490584,
 -0.0104090116971292, -0.0096309708042859,
 -0.0104755584420839, -0.0097527611532405,
 -0.0105390154504063, -0.0098714232811621,
 -0.0105991534093975, -0.0099869067420200,
 -0.0106557501903806, -0.0100991761919529,
 -0.0107086178235914, -0.0102081845232892,
 -0.0107576354059795, -0.0103138389798882,
 -0.0108027522041315, -0.0104159963567421,
 -0.0108439554175881, -0.0105144937462917,
 -0.0108812456458912, -0.0106091724505146,
 -0.0109146457631521, -0.0106998698132920,
 -0.0109442157801578, -0.0107864056973161,
 -0.0109700694317907, -0.0108685662959512,
 -0.0109923851306200, -0.0109460919255092,
 -0.0110113938908044, -0.0110186866133996,
 -0.0110273317303393, -0.0110860632541487,
 -0.0110403863779331, -0.0111479953219585,
 -0.0110506894486306, -0.0112043238181398,
 -0.0110583332135271, -0.0112549401702653,
 -0.0110633855636092, -0.0112997711371452,
 -0.0110658951445226, -0.0113387732171996,
 -0.0110658705898187, -0.0113719522931155,
 -0.0110632336716070, -0.0113994088202109,
 -0.0110577935540954, -0.0114213624588216,
 -0.0110492744404175, -0.0114381240369840,
 -0.0110373667190772, -0.0114500435944502,
 -0.0110217899654369, -0.0114574459613244,
 -0.0110023432033581, -0.0114605790469212,
 -0.0109789078481183, -0.0114596101906993,
 -0.0109514312221550, -0.0114546433392449,
 -0.0109199093687409, -0.0114457377519669,
 -0.0108843544209758, -0.0114329423058177,
 -0.0108447728695554, -0.0114163189747684,
 -0.0108011628158038, -0.0113959466862485,
 -0.0107535236922451, -0.0113719117857699,
 -0.0107018818474967, -0.0113442830771685,
 -0.0106462863324914, -0.0113131180343262,
 -0.0105868015132767, -0.0112784731486743,
 -0.0105235401697906, -0.0112403740339968,
 -0.0104566840598836, -0.0111987973184817,
 -0.0103864635604591, -0.0111536921024661,
 -0.0103131429256621, -0.0111049946735930,
 -0.0102370302878218, -0.0110526178879731,
 -0.0101584699358170, -0.0109964585044672,
 -0.0100778244443412, -0.0109364153092605,
 -0.0099954619740889, -0.0108724023516899,
 -0.0099117357662004, -0.0108043699220175,
 -0.0098269633062030, -0.0107323255808370,
 -0.0097414134275069, -0.0106563466890607,
 -0.0096552904096938, -0.0105765951915509,
 -0.0095687079454923, -0.0104933417011074,
 -0.0094816926738701, -0.0104069593604022,
 -0.0093942080504235, -0.0103178970763552,
 -0.0093061574190783, -0.0102266733364392,
 -0.0092173859197395, -0.0101338708484311,
 -0.0091277151196354, -0.0100400984398362,
 -0.0090370041270123, -0.0099459268674618,
 -0.0089451827918805, -0.0098518528224143,
 -0.0088522381976110, -0.0097583092413984,
 -0.0087581819191263, -0.0096656936935406,
 -0.0086630178548106, -0.0095743952269975,
 -0.0085667174215072, -0.0094848140584467,
 -0.0084691997452037, -0.0093973775102122,
 -0.0083703367710457, -0.0093125327169760,
 -0.0082700037493096, -0.0092306958824640,
 -0.0081681345902362, -0.0091521979846943,
 -0.0080647450400548, -0.0090772623645938,
 -0.0079599447637928, -0.0090059923823299,
 -0.0078539370725971, -0.0089383713071598,
 -0.0077469889390467, -0.0088742929965512,
 -0.0076393899797187, -0.0088136046832239,
 -0.0075314167514656, -0.0087561445658484,
 -0.0074233169143413, -0.0087017592602099,
 -0.0073153175781687, -0.0086502971790972,
 -0.0072076425586146, -0.0086015933486359,
 -0.0071005561077081, -0.0085554281977078,
 -0.0069944120492003, -0.0085114814153227,
 -0.0068896514329766, -0.0084693371920427,
 -0.0067867625088359, -0.0084285261158900,
 -0.0066862346703352, -0.0083885715269580,
 -0.0065885037653700, -0.0083490434523716,
 -0.0064939029197669, -0.0083096072889614,
 -0.0064026620461970, -0.0082700244832866,
 -0.0063149399167560, -0.0082301208013008,
 -0.0062308512382426, -0.0081897595942244,
 -0.0061504939574697, -0.0081488146716358,
 -0.0060739647001965, -0.0081071543559116,
 -0.0060013500891655, -0.0080646487480533,
 -0.0059327165409615, -0.0080211782244224,
 -0.0058681181171105, -0.0079766249953850,
 -0.0058076095855967, -0.0079308612909350,
 -0.0057512425538285, -0.0078837557850348,
 -0.0056990450857548, -0.0078351969496693,
 -0.0056509971068322, -0.0077851201166753,
 -0.0056070083216992, -0.0077335308156804,
 -0.0055669065727405, -0.0076805165387107,
 -0.0055304366637164, -0.0076262479687547,
 -0.0054972726944674, -0.0075709676816779,
 -0.0054670594125970, -0.0075149505573751,
 -0.0054394609111836, -0.0074584565174370,
 -0.0054141841316573, -0.0074017076557506,
 -0.0053909793368571, -0.0073448880768063,
 -0.0053696330466632, -0.0072881516778009,
 -0.0053499631053158, -0.0072316281831190,
 -0.0053318103493194, -0.0071754324084889,
 -0.0053150281457964, -0.0071196751789996,
 -0.0052994774589646, -0.0070644681325134,
 -0.0052850318661839, -0.0070099179632804,
 -0.0052715827567703, -0.0069561197930867,
 -0.0052590315015720, -0.0069031628521638,
 -0.0052472851750867, -0.0068511325516402,
 -0.0052362626670329, -0.0068001029600720,
 -0.0052258931778585, -0.0067501375681351,
 -0.0052161180655529, -0.0067012866600801,
 -0.0052069107984284, -0.0066535661223779,
 -0.0051982781235353, -0.0066069544261044,
 -0.0051902372422649, -0.0065614128419682,
 -0.0051828064439631, -0.0065168915702075,
 -0.0051759966127881, -0.0064733352386363,
 -0.0051697907608630, -0.0064307020096508,
 -0.0051641350479319, -0.0063889734321059,
 -0.0051589595274551, -0.0063481361311748,
 -0.0051542148171435, -0.0063081481410924,
 -0.0051498906423230, -0.0062689230401531,
 -0.0051460197978982, -0.0062303278128725,
 -0.0051426957461711, -0.0061921663407112,
 -0.0051400841916875, -0.0061541686471148,
 -0.0051383912412933, -0.0061160238744595,
 -0.0051378233182124, -0.0060774223060229,
 -0.0051385767251101, -0.0060380688072650,
 -0.0051408222224872, -0.0059977022644759,
 -0.0051446686188415, -0.0059561361219880,
 -0.0051501405710372, -0.0059132834421502,
 -0.0051571855860136, -0.0058691509250914,
 -0.0051656813537935, -0.0058238314388497,
 -0.0051754351273057, -0.0057775044902856,
 -0.0051861952525836, -0.0057304250501676,
 -0.0051976639296480, -0.0056829114538940,
 -0.0052094993804153, -0.0056353438382768,
 -0.0052213208832397, -0.0055881592319767,
 -0.0052327186096292, -0.0055418410361158,
 -0.0052432729406983, -0.0054968983606761,
 -0.0052525942910507, -0.0054538245181657,
 -0.0052603627217220, -0.0054130555863099,
 -0.0052663437024288, -0.0053749526893751,
 -0.0052703882509334, -0.0053397994811255,
 -0.0052724261142572, -0.0053078059696948,
 -0.0052724434753411, -0.0052791275216209,
 -0.0052704493881265, -0.0052538953439580,
 -0.0052664644473680, -0.0052322251783150,
 -0.0052605459090749, -0.0052141900133191,
 -0.0052528158183564, -0.0051997901998157,
 -0.0052434775155375, -0.0051889354221669,
 -0.0052328303513913, -0.0051814285794691,
 -0.0052212696021323, -0.0051769644874630,
 -0.0052092550225856, -0.0051751597994344,
 -0.0051972529481955, -0.0051756093677328,
 -0.0051856786605415, -0.0051779425986508,
 -0.0051748572028758, -0.0051818616322832,
 -0.0051650052054961, -0.0051871587869580,
 -0.0051562393445539, -0.0051937076770359,
 -0.0051485999748013, -0.0052014394765016,
 -0.0051420813790022, -0.0052103129635265,
 -0.0051366775358139, -0.0052202694824703,
 -0.0051324220648918, -0.0052311941074056,
 -0.0051293917407345, -0.0052429134527359,
 -0.0051276836182872, -0.0052552198376593,
 -0.0051273875812271, -0.0052679001271989,
 -0.0051285510347823, -0.0052807731284217,
 -0.0051311393489496, -0.0052937322221210,
 -0.0051350188270527, -0.0053067659002971,
 -0.0051399713781230, -0.0053199460455981,
 -0.0051457202950727, -0.0053334039709649,
 -0.0051519564276926, -0.0053473049322160,
 -0.0051583737493867, -0.0053618126300920,
 -0.0051647064378362, -0.0053770527282004,
 -0.0051707544358485, -0.0053930892426191,
 -0.0051763983000614, -0.0054099124618456,
 -0.0051816062974239, -0.0054274341645616,
 -0.0051864289816352, -0.0054454941063541,
 -0.0051909715254944, -0.0054638876337825,
 -0.0051953554639297, -0.0054824034661349,
 -0.0051996921621399, -0.0055008498665750,
 -0.0052040736718580, -0.0055190637472926,
 -0.0052085723133903, -0.0055369116532643,
 -0.0052132468909449, -0.0055542848761184,
 -0.0052181598509598, -0.0055710838260332,
 -0.0052233897398191, -0.0055872065124928,
 -0.0052290233795522, -0.0056025564502056,
 -0.0052351346975143, -0.0056170632692312,
 -0.0052417626813987, -0.0056307040075205,
 -0.0052488984317502, -0.0056435155513111,
 -0.0052564841304915, -0.0056555955799028,
 -0.0052644179802647, -0.0056670977705338,
 -0.0052725679197950, -0.0056782180243548,
 -0.0052807952448087, -0.0056891702137904,
 -0.0052889759548416, -0.0057001635253323,
 -0.0052970135771975, -0.0057113878315576,
 -0.0053048506195955, -0.0057230001555380,
 -0.0053124848230929, -0.0057351060967057,
 -0.0053199783106412, -0.0057477482217785,
 -0.0053274485765433, -0.0057609126695736,
 -0.0053350486536617, -0.0057745467058619,
 -0.0053429484199616, -0.0057885754663936,
 -0.0053513168629706, -0.0058029183908598,
 -0.0053603025461686, -0.0058175080049693,
 -0.0053700267580261, -0.0058322960990873,
 -0.0053805990162378, -0.0058472373133286,
 -0.0053921429125075, -0.0058622622706801,
 -0.0054048214806865, -0.0058772515117099,
 -0.0054188594676797, -0.0058920130880465,
 -0.0054345506469307, -0.0059062755595654,
 -0.0054522429081802, -0.0059197035124992,
 -0.0054723110668886, -0.0059319257002961,
 -0.0054951248900903, -0.0059425684118804,
 -0.0055210172978975, -0.0059512888758212,
 -0.0055502604528080, -0.0059578004068759,
 -0.0055830541297563, -0.0059618845264931,
 -0.0056195217620366, -0.0059633948806453,
 -0.0056597090169896, -0.0059622586064442,
 -0.0057035883406248, -0.0059584719521238,
 -0.0057510633618506, -0.0059520962390342,
 -0.0058019662989787, -0.0059432609739404,
 -0.0058560580897532, -0.0059321643561107,
 -0.0059130405543010, -0.0059190618223862,
 -0.0059725784332829, -0.0059042446900452,
 -0.0060343213707375, -0.0058880186804025,
 -0.0060979184913643, -0.0058706896157378,
 -0.0061630227641721, -0.0058525593047302,
 -0.0062292855860703, -0.0058339314988606,
 -0.0062963399663665, -0.0058151295710529,
 -0.0063637734369653, -0.0057965244683995,
 -0.0064311103511838, -0.0057785528183858,
 -0.0064978172523501, -0.0057617112632427,
 -0.0065633159781483, -0.0057465425705090,
 -0.0066269917664746, -0.0057336266612701,
 -0.0066882136085978, -0.0057235596176020,
 -0.0067463813681033, -0.0057169064916709,
 -0.0068009768538541, -0.0057141508505319,
 -0.0068515994391859, -0.0057156600773675,
 -0.0068979933018482, -0.0057216589702205,
 -0.0069400607879345, -0.0057322171235794,
 -0.0069778427187304, -0.0057472694174525,
 -0.0070114736900309, -0.0057666615270150,
 -0.0070411407959801, -0.0057901916905318,
 -0.0070670528596573, -0.0058176415115559,
 -0.0070894200890382, -0.0058487961909606,
 -0.0071084539925657, -0.0058834446236791,
 -0.0071243882710077, -0.0059213585781245,
 -0.0071375045667648, -0.0059622669189204,
 -0.0071481469413068, -0.0060058408117407,
 -0.0071567283900488, -0.0060516863053228,
 -0.0071637290341395, -0.0060993445598720,
 -0.0071696730478459, -0.0061483130934616,
 -0.0071750907010217, -0.0061980822431667,
 -0.0071804896772455, -0.0062481628021195,
 -0.0071863416882781, -0.0062980985032938,
 -0.0071930672446285, -0.0063474801977382,
 -0.0072010156418114, -0.0063959646008437,
 -0.0072104551346435, -0.0064432827585821,
 -0.0072215762663768, -0.0064892354414812,
 -0.0072345023351124, -0.0065336816133804,
 -0.0072493096689880, -0.0065765174570869,
 -0.0072660576402062, -0.0066176461329381,
 -0.0072848159174523, -0.0066569506542116,
 -0.0073056760730381, -0.0066942825099372,
 -0.0073287418030362, -0.0067294716997403,
 -0.0073541009418323, -0.0067623552577000,
 -0.0073817941712141, -0.0067928096237611,
 -0.0074117926137008, -0.0068207745938525,
 -0.0074439857713800, -0.0068462670975704,
 -0.0074781835856420, -0.0068693807436564,
 -0.0075141306664509, -0.0068902729055943,
 -0.0075515172424816, -0.0069091548168180,
 -0.0075899781136653, -0.0069262935676470,
 -0.0076290917080903, -0.0069420140946319,
 -0.0076683901169339, -0.0069566903851934,
 -0.0077073694293426, -0.0069707364121345,
 -0.0077454956863769, -0.0069846010916678,
 -0.0077822173052824, -0.0069987561660164,
 -0.0078169835390396, -0.0070136775279232,
 -0.0078492595075097, -0.0070298296997892,
 -0.0078785402723162, -0.0070476512274309,
 -0.0079043749004095, -0.0070675302467523,
 -0.0079263931318353, -0.0070897776384869,
 -0.0079443169167951, -0.0071146151330259,
 -0.0079579600675628, -0.0071421747348343,
 -0.0079672233649217, -0.0071725023179182,
 -0.0079720794325597, -0.0072055715942267,
 -0.0079725532407549, -0.0072413028756878,
 -0.0079687121046923, -0.0072795727696550,
 -0.0079606565096731, -0.0073202234526946,
 -0.0079485009792143, -0.0073630822964386,
 -0.0079323601568878, -0.0074079764754523,
 -0.0079123548602488, -0.0074547274880340,
 -0.0078886298843967, -0.0075031338597258,
 -0.0078613722910321, -0.0075529536103456,
 -0.0078308342322870, -0.0076038823715908,
 -0.0077973593254675, -0.0076555277008335,
 -0.0077613947861677, -0.0077073971438993,
 -0.0077234791695047, -0.0077589104500854,
 -0.0076842130340713, -0.0078094292219447,
 -0.0076442211378215, -0.0078582958291088,
 -0.0076041105107448, -0.0079048771721906,
 -0.0075644343819331, -0.0079486028673455,
 -0.0075256723233134, -0.0079889869292890,
 -0.0074882217765041, -0.0080256373440180,
 -0.0074523960066426, -0.0080582583431801,
 -0.0074184307236932, -0.0080866433233254,
 -0.0073864941123229, -0.0081106640610206,
 -0.0073566960678905, -0.0081302608365157,
 -0.0073291014825068, -0.0081454287650327,
 -0.0073037473335851, -0.0081562003825310,
 -0.0072806552560989, -0.0081626325478742,
 -0.0072598388788664, -0.0081647982218634,
 -0.0072413086377028, -0.0081627803403277,
 -0.0072250697551451, -0.0081566721560476,
 -0.0072111103139457, -0.0081465873072759,
 -0.0071993852788712, -0.0081326740078192,
 -0.0071898029410164, -0.0081151271781796,
 -0.0071822147737350, -0.0080941977153505,
 -0.0071764107565472, -0.0080701966816715,
 -0.0071721219320630, -0.0080434922482568,
 -0.0071690307183010, -0.0080144986475620,
 -0.0071667907851859, -0.0079836554089849,
 -0.0071650526469329, -0.0079514009524478,
 -0.0071634874781223, -0.0079181482105508,
 -0.0071618061489864, -0.0078842652938858,
 -0.0071597698087682, -0.0078500647527268,
 -0.0071571825190960, -0.0078158108448272,
 -0.0071538628453360, -0.0077817478805939,
 -0.0071496085064460, -0.0077481355058670,
 -0.0071441718320870, -0.0077152731873277,
 -0.0071372510763730, -0.0076835090215840,
 -0.0071284980385329, -0.0076532325830919,
 -0.0071175435645756, -0.0076248501648003,
 -0.0071040349467900, -0.0075987480681047,
 -0.0070876709750277, -0.0075752578217911,
 -0.0070682192694128, -0.0075546385539606,
 -0.0070455154395193, -0.0075370771684321,
 -0.0070194551959811, -0.0075226956281708,
 -0.0069899835948684, -0.0075115615694994,
 -0.0069570830041788, -0.0075037008366452,
 -0.0069207645646991, -0.0074991070635423,
 -0.0068810661242140, -0.0074977450100300,
 -0.0068380538663558, -0.0074995501397114,
 -0.0067918238844791, -0.0075044281162514,
 -0.0067425061983271, -0.0075122517905527,
 -0.0066902764701767, -0.0075228505678299,
 -0.0066353725809539, -0.0075359951282999,
 -0.0065781043819554, -0.0075513890473152,
 -0.0065188515384470, -0.0075686720195270,
 -0.0064580527468080, -0.0075874311524120,
 -0.0063961900982622, -0.0076072166334889,
 -0.0063337735447974, -0.0076275570493177,
 -0.0062713296901959, -0.0076479702033231,
 -0.0062093940621408, -0.0076679702096556,
 -0.0061485020923869, -0.0076870757052922,
 -0.0060891744412273, -0.0077048236951085,
 -0.0060318974319397, -0.0077207883129499,
 -0.0059771047873367, -0.0077345983202720,
 -0.0059251660023039, -0.0077459480223119,
 -0.0058763823651735, -0.0077546005099623,
 -0.0058309888443699, -0.0077603848833133,
 -0.0057891575712349, -0.0077631916545672,
 -0.0057509959229191, -0.0077629733804419,
 -0.0057165372266883, -0.0077597526375451,
 -0.0056857303459687, -0.0077536311646211,
 -0.0056584320482722, -0.0077447962877243,
 -0.0056344024605797, -0.0077335242503141,
 -0.0056133074153214, -0.0077201764558388,
 -0.0055947301044935, -0.0077051860068535,
 -0.0055781897986128, -0.0076890367669032,
 -0.0055631663003697, -0.0076722366072244,
 -0.0055491302531993, -0.0076552852610063,
 -0.0055355730854941, -0.0076386434019921,
 -0.0055220268680823, -0.0076227126973235,
 -0.0055080721947266, -0.0076078283489452,
 -0.0054933350322501, -0.0075942626425607,
 -0.0054774753881147, -0.0075822363734048,
 -0.0054601780822123, -0.0075719280359743,
 -0.0054411560811103, -0.0075634708149586,
 -0.0054201647453103, -0.0075569394351408,
 -0.0053970170968317, -0.0075523367425024,
 -0.0053715977474404, -0.0075495819906985,
 -0.0053438744890976, -0.0075485014004958,
 -0.0053139006565468, -0.0075488276327698,
 -0.0052818053445895, -0.0075502110984713,
 -0.0052477752506775, -0.0075522395759239,
 -0.0052120321202535, -0.0075544625253957,
 -0.0051748092113791, -0.0075564169790440,
 -0.0051363313771728, -0.0075576503927241,
 -0.0050967987973736, -0.0075577400491474,
 -0.0050563727035801, -0.0075563101404020,
 -0.0050151683166371, -0.0075530409445168,
 -0.0049732589334522, -0.0075476662246803,
 -0.0049306867423784, -0.0075399636711114,
 -0.0048874746642430, -0.0075297443135059,
 -0.0048436416488866, -0.0075168383205211,
 -0.0047992221042754, -0.0075010762894987,
 -0.0047542782614828, -0.0074822771964808,
 -0.0047089005406823, -0.0074602480972804,
 -0.0046632025042112, -0.0074347892433315,
 -0.0046173126388017, -0.0074057026122452,
 -0.0045713580469173, -0.0073728087973341,
 -0.0045254437760048, -0.0073359681880634,
 -0.0044796393555781, -0.0072950944745262,
 -0.0044339739132820, -0.0072501590883142,
 -0.0043884348810804, -0.0072011918790269,
 -0.0043429707910551, -0.0071482777922471,
 -0.0042974979058333, -0.0070915498163603,
 -0.0042519039409398, -0.0070311847661622,
 -0.0042060461865091, -0.0069674044161239,
 -0.0041597525813171, -0.0069004734119063,
 -0.0041128336876988, -0.0068306862055761,
 -0.0040651005883164, -0.0067583482080537,
 -0.0040163783902754, -0.0066837614553523,
 -0.0039665095887301, -0.0066072203278502,
 -0.0039153456967070, -0.0065290187477727,
 -0.0038627317840916, -0.0064494642121720,
 -0.0038084964879567, -0.0063688862381509,
 -0.0037524581363564, -0.0062876287626891,
 -0.0036944451979591, -0.0062060284055753,
 -0.0036343204955377, -0.0061243891122073,
 -0.0035719980329612, -0.0060429640981922,
 -0.0035074461090125, -0.0059619511382831,
 -0.0034406795550801, -0.0058814982518125,
 -0.0033717480687635, -0.0058017130260990,
 -0.0033007243226312, -0.0057226723165542,
 -0.0032276923889324, -0.0056444321234628,
 -0.0031527358099786, -0.0055670383984173,
 -0.0030759247644183, -0.0054905391570833,
 -0.0029973059662848, -0.0054149940048237,
 -0.0029169039503402, -0.0053404723192134,
 -0.0028347371264559, -0.0052670368407515,
 -0.0027508421504741, -0.0051947193799769,
 -0.0026652971991184, -0.0051234982105373,
 -0.0025782358976447, -0.0050532853103842,
 -0.0024898474333241, -0.0049839277013169,
 -0.0024003639081884, -0.0049152217150278,
 -0.0023100404637062, -0.0048469347014014,
 -0.0022191357619200, -0.0047788267417487,
 -0.0021278960044395, -0.0047106692704325,
 -0.0020365401301242, -0.0046422628304400,
 -0.0019452484888590, -0.0045734513365793,
 -0.0018541602296676, -0.0045041272900664,
 -0.0017633803073239, -0.0044342268855173,
 -0.0016729926428783, -0.0043637184510621,
 -0.0015830740140377, -0.0042925897481033,
 -0.0014937052642839, -0.0042208377698706,
 -0.0014049788040337, -0.0041484621882752,
 -0.0013170020831080, -0.0040754625678810,
 -0.0012298966410376, -0.0040018393771500,
 -0.0011437932703476, -0.0039275980780818,
 -0.0010588231374883, -0.0038527564945824,
 -0.0009751066401495, -0.0037773538283416,
 -0.0008927429476759, -0.0037014586535306,
 -0.0008118006446188, -0.0036251758406464,
 -0.0007323110938155, -0.0035486509614718,
 -0.0006542674028901, -0.0034720690965719,
 -0.0005776310154599, -0.0033956457495997,
 -0.0005023461118637, -0.0033196097119513,
 -0.0004283589804552, -0.0032441810417246,
 -0.0003556371454718, -0.0031695496853468,
 -0.0002841809822940, -0.0030958620888715,
 -0.0002140226833160, -0.0030232208129188,
 -0.0001452153152732, -0.0029516943187983,
 -0.0000778178760949, -0.0028813311057660,
 -0.0000118797251956, -0.0028121749694954,
  0.0000525710286065, -0.0027442767971859,
  0.0001155264871700, -0.0026776940020854,
  0.0001769818504114, -0.0026124738582768,
  0.0002369122861609, -0.0025486305260753,
  0.0002952587764475, -0.0024861307198432,
  0.0003519292159208, -0.0024248945258701,
  0.0004068101100243, -0.0023648071035829,
  0.0004597822338250, -0.0023057349410148,
  0.0005107348352489, -0.0022475412769866,
  0.0005595704687754, -0.0021900925255772,
  0.0006061964971515, -0.0021332514356208,
  0.0006505129124294, -0.0020768664511195,
  0.0006924107547828, -0.0020207715227844,
  0.0007317824743738, -0.0019647978475991,
  0.0007685348796978, -0.0019087883754617,
  0.0008025979027387, -0.0018526083869030,
  0.0008339269609727, -0.0017961497790968,
  0.0008624993800689, -0.0017393292497606,
  0.0008883084098139, -0.0016820837088777,
  0.0009113593512853, -0.0016243674297081,
  0.0009316692761746, -0.0015661525222884,
  0.0009492683869265, -0.0015074308502528,
  0.0009642011094039, -0.0014482155066813,
  0.0009765257827400, -0.0013885407203993,
  0.0009863123119174, -0.0013284595225702,
  0.0009936385196386, -0.0012680398131973,
  0.0009985892114841, -0.0012073628138814,
  0.0010012590496085, -0.0011465251111358,
  0.0010017556082129, -0.0010856407481040,
  0.0010002072028631, -0.0010248478135519,
  0.0009967738614358, -0.0009643176624869,
  0.0009916375889264, -0.0009042433280598,
  0.0009849904027243, -0.0008448263182382,
  0.0009770415493955, -0.0007862833204795,
  0.0009680233511595, -0.0007288521171515,
  0.0009581793184204, -0.0006727799533581,
  0.0009477446551743, -0.0006183039581474,
  0.0009369474833939, -0.0005656521907291,
  0.0009260179694376, -0.0005150530445304,
  0.0009151861907558, -0.0004667337513021,
  0.0009046773435717, -0.0004209162781790,
  0.0008946970149601, -0.0003778030522227,
  0.0008854115251109, -0.0003375571827521,
  0.0008769354418669, -0.0003002892918868,
  0.0008693243087402, -0.0002660492061441,
  0.0008625826962073, -0.0002348330007680,
  0.0008566829636225, -0.0002066012794614,
  0.0008515826086367, -0.0001812967286562,
  0.0008472312580319, -0.0001588517408752,
  0.0008435657591563, -0.0001391840971306,
  0.0008405015215947, -0.0001221885236594,
  0.0008379253342258, -0.0001077292848434,
  0.0008356907012583, -0.0000956349220427,
  0.0008336141699830, -0.0000856936711141,
  0.0008314759630590, -0.0000776529722309,
  0.0008290254356055, -0.0000712237736951,
  0.0008259896404373, -0.0000660880741612,
  0.0008220836733407, -0.0000619084784793,
  0.0008170248067102, -0.0000583418966295,
  0.0008105498849623, -0.0000550570132750,
  0.0008024321654757, -0.0000517517814404,
  0.0007924953587548, -0.0000481686445656,
  0.0007806233359514, -0.0000441058315020,
  0.0007667633570799, -0.0000394223807607,
  0.0007509232488641, -0.0000340370919412,
  0.0007331641652959, -0.0000279228474595,
  0.0007135903981949, -0.0000210976436096,
  0.0006923384131880, -0.0000136144504252,
  0.0006695671584180, -0.0000055519756034,
  0.0006454508466774,  0.0000029923750854,
  0.0006201731991662,  0.0000119082592563,
  0.0005939253169558,  0.0000210745999995,
  0.0005669108600095,  0.0000303543170533,
  0.0005393546115040,  0.0000395852850511,
  0.0005115060156442,  0.0000485759576099,
  0.0004836329483803,  0.0000571106935159,
  0.0004560097998822,  0.0000649610188170,
  0.0004289064661440,  0.0000718963290040,
  0.0004025765820404,  0.0000776957054269,
  0.0003772450826675,  0.0000821607995210,
  0.0003531024323689,  0.0000851223366453,
  0.0003303059868749,  0.0000864395097825,
  0.0003089764634037,  0.0000860042595596,
  0.0002891851162613,  0.0000837551468521,
  0.0002709429680592,  0.0000796896323144,
  0.0002542054742525,  0.0000738610511341,
  0.0002388932373740,  0.0000663590485560,
  0.0002249116734260,  0.0000572902861774,
  0.0002121522000718,  0.0000467772569434,
  0.0002004794968311,  0.0000349713252888,
  0.0001897241449977,  0.0000220608700994,
  0.0001796916124280,  0.0000082631388945,
  0.0001701801137848, -0.0000061932180034,
  0.0001609922920830, -0.0000210799299727,
  0.0001519362393604, -0.0000361703836042,
  0.0001428236862993, -0.0000512379548854,
  0.0001334721417965, -0.0000660582025094,
  0.0001237125758163, -0.0000804167125470,
  0.0001134010861598, -0.0000941212365343,
  0.0001024267011684, -0.0001070102887712,
  0.0000907087392299, -0.0001189513476119,
  0.0000781882267462, -0.0001298328449694,
  0.0000648246805009, -0.0001395612517448,
  0.0000506015462955, -0.0001480668473308,
  0.0000355332062528, -0.0001553113062221,
  0.0000196677935644, -0.0001612913031535,
  0.0000030852467415, -0.0001660374033442,
 -0.0000141094304720, -0.0001696080237966,
 -0.0000317943646895, -0.0001720816889888,
 -0.0000498324173464, -0.0001735557409358,
 -0.0000680691455706, -0.0001741487699956,
 -0.0000863347443272, -0.0001739991408739,
 -0.0001044494143815, -0.0001732600250674,
 -0.0001222297544642, -0.0001720932537905,
 -0.0001394932295292, -0.0001706649575333,
 -0.0001560617322717, -0.0001691420295709,
 -0.0001717660098002, -0.0001676876381356,
 -0.0001864502918458, -0.0001664564235304,
 -0.0001999770438576, -0.0001655894424252,
 -0.0002122314354534, -0.0001652092626160,
 -0.0002231259418958, -0.0001654147826159,
 -0.0002326063164352, -0.0001662744952702,
 -0.0002406552181305, -0.0001678219176553,
 -0.0002472861198859, -0.0001700607940428,
 -0.0002525359856136, -0.0001729717908935,
 -0.0002564627067046, -0.0001765146113500,
 -0.0002591422798619, -0.0001806304468902,
 -0.0002606658065918, -0.0001852446845221,
 -0.0002611363926902, -0.0001902697880927,
 -0.0002606660225119, -0.0001956082743098,
 -0.0002593724779296, -0.0002011557078188,
 -0.0002573763658114, -0.0002068036448495,
 -0.0002547983108495, -0.0002124424613915,
 -0.0002517563628119, -0.0002179640092541,
 -0.0002483636590504, -0.0002232640515533,
 -0.0002447263745330, -0.0002282444378113,
 -0.0002409419830458, -0.0002328149878059,
 -0.0002370978446612, -0.0002368950622576,
 -0.0002332701263407, -0.0002404148072612,
 -0.0002295230547189, -0.0002433160677922,
 -0.0002259084929151, -0.0002455529735529,
 -0.0002224658266836, -0.0002470922076584,
 -0.0002192221395011, -0.0002479129751441,
 -0.0002161926513123, -0.0002480066938622,
 -0.0002133813917067, -0.0002473764350079,
 -0.0002107820752581, -0.0002460361442012,
 -0.0002083791446689, -0.0002440096767714,
 -0.0002061489461524, -0.0002413296826240,
 -0.0002040610011782, -0.0002380363768892,
 -0.0002020793391772, -0.0002341762324578,
 -0.0002001638570537, -0.0002298006296324,
 -0.0001982716732360, -0.0002249644964764,
 -0.0001963584464801, -0.0002197249711859,
 -0.0001943796325825, -0.0002141401149808,
 -0.0001922916554987, -0.0002082677007689,
 -0.0001900529729611, -0.0002021640992426,
 -0.0001876250204867, -0.0001958832802643,
 -0.0001849730215253, -0.0001894759434557,
 -0.0001820666553656, -0.0001829887879585,
 -0.0001788805781723, -0.0001764639274331,
 -0.0001753947961317, -0.0001699384526391,
 -0.0001715948930288, -0.0001634441404102,
 -0.0001674721176488, -0.0001570073046263,
 -0.0001630233391054, -0.0001506487818846,
 -0.0001582508805523, -0.0001443840420749,
 -0.0001531622436590, -0.0001382234119531,
 -0.0001477697377736, -0.0001321723981434,
 -0.0001420900287813, -0.0001262320947423,
 -0.0001361436233768, -0.0001203996598965,
 -0.0001299543047433, -0.0001146688453068,
 -0.0001235485355626, -0.0001090305626197,
 -0.0001169548438325, -0.0001034734710019,
 -0.0001102032062391, -0.0000979845708948,
 -0.0001033244427981, -0.0000925497898992,
 -0.0000963496352454, -0.0000871545479732,
 -0.0000893095802067, -0.0000817842905293,
 -0.0000822342866152, -0.0000764249795964,
 -0.0000751525251598, -0.0000710635348813,
 -0.0000680914358373, -0.0000656882183052,
 -0.0000610761979357, -0.0000602889573399,
 -0.0000541297650876, -0.0000548576042039,
 -0.0000472726663814, -0.0000493881296382,
 -0.0000405228729918, -0.0000438767515653,
 -0.0000338957283644, -0.0000383220003778,
 -0.0000274039387330, -0.0000327247239147,
 -0.0000210576196326, -0.0000270880363178,
 -0.0000148643931563, -0.0000214172159281,
 -0.0000088295299546, -0.0000157195581488,
 -0.0000029561294283, -0.0000100041897956,
  0.0000027546688057, -0.0000042818518377,
  0.0000083034492755,  0.0000014353423457,
  0.0000136922679635,  0.0000071341660461,
  0.0000189243895293,  0.0000128005486148,
  0.0000240040211302,  0.0000184198484200,
  0.0000289360490936,  0.0000239771230309,
  0.0000337257841786,  0.0000294573908190,
  0.0000383787205353,  0.0000348458787731,
  0.0000429003127925,  0.0000401282520161,
  0.0000472957749636,  0.0000452908212442,
  0.0000515699040999,  0.0000503207250821,
  0.0000557269308435,  0.0000552060851203,
  0.0000597703982715,  0.0000599361321801,
  0.0000637030696787,  0.0000645013030910,
  0.0000675268652489,  0.0000688933079838,
  0.0000712428269146,  0.0000731051687508,
  0.0000748511101229,  0.0000771312299250,
  0.0000783510007084,  0.0000809671437476,
  0.0000817409546431,  0.0000846098316421,
  0.0000850186580749,  0.0000880574246700,
  0.0000881811048013,  0.0000913091858247,
  0.0000912246881347,  0.0000943654172107,
  0.0000941453040153,  0.0000972273552664,
  0.0000969384621971,  0.0000998970572207,
  0.0000995994023847,  0.0001023772819306,
  0.0001021232123064,  0.0001046713681368,
  0.0001045049448872,  0.0001067831130069,
  0.0001067397319029,  0.0001087166536095,
  0.0001088228917701,  0.0001104763537046,
  0.0001107500294172,  0.0001120666979296,
  0.0001125171265142,  0.0001134921951440,
  0.0001141206206677,  0.0001147572923519,
  0.0001155574725424,  0.0001158663002790,
  0.0001168252202044,  0.0001168233313349,
  0.0001179220203222,  0.0001176322503571,
  0.0001188466761750,  0.0001182966382129,
  0.0001195986527159,  0.0001188197680396,
  0.0001201780792042,  0.0001192045936304,
  0.0001205857401620,  0.0001194537492376,
  0.0001208230556086,  0.0001195695598547,
  0.0001208920516999,  0.0001195540608755,
  0.0001207953230245,  0.0001194090258913,
  0.0001205359879044,  0.0001191360012973,
  0.0001201176381025,  0.0001187363463204,
  0.0001195442843610,  0.0001182112770584,
  0.0001188202991793,  0.0001175619131332,
  0.0001179503582012,  0.0001167893256049,
  0.0001169393815066,  0.0001158945848580,
  0.0001157924760116,  0.0001148788072719,
  0.0001145148800652,  0.0001137431995947,
  0.0001131119112015,  0.0001124891000751,
  0.0001115889178653,  0.0001111180155435,
  0.0001099512357784,  0.0001096316537880,
  0.0001082041494603,  0.0001080319507179,
  0.0001063528592667,  0.0001063210919703,
  0.0001044024541534,  0.0001045015287539,
  0.0001023578902366,  0.0001025759878799,
  0.0001002239750786,  0.0001005474760549,
  0.0000980053575127,  0.0000984192786410,
  0.0000957065227032,  0.0000961949531927,
  0.0000933317920499,  0.0000938783181798,
  0.0000908853274609,  0.0000914734373801,
  0.0000883711394604,  0.0000889846004918,
  0.0000857930985485,  0.0000864163005580,
  0.0000831549492045,  0.0000837732088276,
  0.0000804603259094,  0.0000810601476874,
  0.0000777127705664,  0.0000782820623002,
  0.0000749157507136,  0.0000754439915666,
  0.0000720726779530,  0.0000725510390006,
  0.0000691869260547,  0.0000696083440677,
  0.0000662618482513,  0.0000666210544893,
  0.0000633007932844,  0.0000635942999544,
  0.0000603071198358,  0.0000605331676248,
  0.0000572842090342,  0.0000574426797479,
  0.0000542354748022,  0.0000543277736270,
  0.0000511643718711,  0.0000511932841271,
  0.0000480744013632,  0.0000480439288304,
  0.0000449691139011,  0.0000448842958854,
  0.0000418521102687,  0.0000417188345390,
  0.0000387270397018,  0.0000385518482773,
  0.0000355975959362,  0.0000353874904565,
  0.0000324675111864,  0.0000322297622563,
  0.0000293405482637,  0.0000290825127557,
  0.0000262204910713,  0.0000259494408959,
  0.0000231111337375,  0.0000228340990794,
  0.0000200162686597,  0.0000197398981313,
  0.0000169396737432,  0.0000166701133497,
  0.0000138850991148,  0.0000136278913642,
  0.0000108562535895,  0.0000106162575301,
  0.0000078567911542,  0.0000076381235978,
  0.0000048902977167,  0.0000046962954098,
  0.0000019602783470,  0.0000017934804025,
 -0.0000009298547853, -0.0000010677052896,
 -0.0000037767936043, -0.0000038847303010,
 -0.0000065773443017, -0.0000066551422182,
 -0.0000093284363802, -0.0000093765625944,
 -0.0000120271304765, -0.0000120466828812,
 -0.0000146706249120, -0.0000146632613314,
 -0.0000172562609441, -0.0000172241208999,
 -0.0000197815267212, -0.0000197271481399,
 -0.0000222440599681, -0.0000221702930692,
 -0.0000246416494545, -0.0000245515699552,
 -0.0000269722353174, -0.0000268690589499,
 -0.0000292339083259, -0.0000291209084871,
 -0.0000314249081921, -0.0000313053383419,
 -0.0000335436210422, -0.0000334206432411,
 -0.0000355885761677, -0.0000354651969051,
 -0.0000375584421841, -0.0000374374564019,
 -0.0000394520227222, -0.0000393359666854,
 -0.0000412682517784, -0.0000411593652016,
 -0.0000430061888434, -0.0000429063864428,
 -0.0000446650139247, -0.0000445758663413,
 -0.0000462440225673, -0.0000461667464017,
 -0.0000477426209676, -0.0000476780774821,
 -0.0000491603212648, -0.0000491090231448,
 -0.0000504967370797, -0.0000504588625127,
 -0.0000517515793584, -0.0000517269925775,
 -0.0000529246525656, -0.0000529129299236,
 -0.0000540158512577, -0.0000540163118407,
 -0.0000550251570539, -0.0000550368968161,
 -0.0000559526360094, -0.0000559745644051,
 -0.0000567984363863, -0.0000568293144949,
 -0.0000575627868031, -0.0000576012659836,
 -0.0000582459947397, -0.0000582906549082,
 -0.0000588484453608, -0.0000588978320622,
 -0.0000593706006201, -0.0000594232601501,
 -0.0000598129985978, -0.0000598675105324,
 -0.0000601762530240, -0.0000602312596160,
 -0.0000604610529356, -0.0000605152849504,
 -0.0000606681624159, -0.0000607204610874,
 -0.0000607984203640, -0.0000608477552648,
 -0.0000608527402475, -0.0000608982229705,
 -0.0000608321097875, -0.0000608730034411,
 -0.0000607375905368, -0.0000607733151476,
 -0.0000605703173109, -0.0000606004513121,
 -0.0000603314974383, -0.0000603557754989,
 -0.0000600224098032, -0.0000600407173146,
 -0.0000596444036586, -0.0000596567682465,
 -0.0000591988971930, -0.0000592054776648,
 -0.0000586873758422, -0.0000586884490039,
 -0.0000581113903413, -0.0000581073361375,
 -0.0000574725545192, -0.0000574638399502,
 -0.0000567725428414, -0.0000567597051103,
 -0.0000560130877151, -0.0000559967170361,
 -0.0000551959765694, -0.0000551766990501,
 -0.0000543230487337, -0.0000543015097080,
 -0.0000533961921340, -0.0000533730402868,
 -0.0000524173398340, -0.0000523932124154,
 -0.0000513884664472, -0.0000513639758277,
 -0.0000503115844481, -0.0000502873062178,
 -0.0000491887404103, -0.0000491652031750,
 -0.0000480220112003, -0.0000479996881801,
 -0.0000468135001541, -0.0000467928026389,
 -0.0000455653332627, -0.0000455466059367,
 -0.0000442796553918, -0.0000442631734934,
 -0.0000429586265578, -0.0000429445948043,
 -0.0000416044182800, -0.0000415929714525,
 -0.0000402192100284, -0.0000402104150808,
 -0.0000388051857799, -0.0000387990453140,
 -0.0000373645306980, -0.0000373609876256,
 -0.0000358994279434, -0.0000358983711448,
 -0.0000344120556236, -0.0000344133264016,
 -0.0000329045838851, -0.0000329079830125,
 -0.0000313791721508, -0.0000313844673089,
 -0.0000298379665012, -0.0000298448999150,
 -0.0000282830971975, -0.0000282913932806,
 -0.0000267166763416, -0.0000267260491801,
 -0.0000251407956679, -0.0000251509561867,
 -0.0000235575244589, -0.0000235681871328,
 -0.0000219689075768, -0.0000219797965706,
 -0.0000203769636030, -0.0000203878182426,
 -0.0000187836830745, -0.0000187942625783,
 -0.0000171910268104, -0.0000172011142267,
 -0.0000156009243169, -0.0000156103296389,
 -0.0000140152722639, -0.0000140238347118,
 -0.0000124359330234, -0.0000124435225044,
 -0.0000108647332631, -0.0000108712510362,
 -0.0000093034625890, -0.0000093088411783,
 -0.0000077538722287, -0.0000077580746426,
 -0.0000062176737546, -0.0000062206920783,
 -0.0000046965378396, -0.0000046983912800,
 -0.0000031920930457, -0.0000031928255108,
 -0.0000017059246415, -0.0000017056019447,
 -0.0000002395734510, -0.0000002382802288,
  0.0000012054652683,  0.0000012076288343,
  0.0000026277429153,  0.0000026306644839,
  0.0000040258586000,  0.0000040294170809,
  0.0000053984601628,  0.0000054025290723,
  0.0000067442451512,  0.0000067486958431,
  0.0000080619617532,  0.0000080666664607,
  0.0000093504096806,  0.0000093552443161,
  0.0000106084409995,  0.0000106132876657,
  0.0000118349609023,  0.0000118397100806,
  0.0000130289284166,  0.0000130334808077,
  0.0000141893570473,  0.0000141936250472,
  0.0000153153153482,  0.0000153192241534,
  0.0000164059274171,  0.0000164094157629,
  0.0000174603733137,  0.0000174633938540,
  0.0000184778893965,  0.0000184804087439,
  0.0000194577685753,  0.0000194597670257,
  0.0000203993604793,  0.0000204008314496,
  0.0000213020715387,  0.0000213030207522,
  0.0000221653649796,  0.0000221658094344,
  0.0000229887607319,  0.0000229887274934,
  0.0000237718352514,  0.0000237713601067,
  0.0000245142212570,  0.0000245133472731,
  0.0000252156073845,  0.0000252143834091,
  0.0000258757377601,  0.0000258742169024,
  0.0000264944114947,  0.0000264926496224,
  0.0000270714821037,  0.0000270695363885,
  0.0000276068568540,  0.0000276047843946,
  0.0000281004960435,  0.0000280983525907,
  0.0000285524122147,  0.0000285502510210,
  0.0000289626693078,  0.0000289605401171,
  0.0000293313817574,  0.0000293293299469,
  0.0000296587135349,  0.0000296567794188,
  0.0000299448771426,  0.0000299430954398,
  0.0000301901325624,  0.0000301885320284,
  0.0000303947861618,  0.0000303933893821,
  0.0000305591895633,  0.0000305580128995,
  0.0000306837384779,  0.0000306827921575,
  0.0000307688715070,  0.0000307681598442,
  0.0000308150689163,  0.0000308145906492,
  0.0000308228513833,  0.0000308226001110,
  0.0000307927787214,  0.0000307927434246,
  0.0000307254485829,  0.0000307256142097,
  0.0000306214951431,  0.0000306218432420,
  0.0000304815877669,  0.0000304820971500,
  0.0000303064296600,  0.0000303070770786,
  0.0000300967565065,  0.0000300975173233,
  0.0000298533350932,  0.0000298541839364,
  0.0000295769619227,  0.0000295778733088,
  0.0000292684618170,  0.0000292694107298,
  0.0000289286865106,  0.0000289296489279,
  0.0000285585132366,  0.0000285594665958,
  0.0000281588433049,  0.0000281597669016,
  0.0000277306006747,  0.0000277314759901,
  0.0000272747305210,  0.0000272755414774,
  0.0000267921977979,  0.0000267929309393,
  0.0000262839857974,  0.0000262846303992,
  0.0000257510947073,  0.0000257516428161,
  0.0000251945401670,  0.0000251949865758,
  0.0000246153518245,  0.0000246156939878,
  0.0000240145718941,  0.0000240148097897,
  0.0000233932537177,  0.0000233933896621,
  0.0000227524603294,  0.0000227524987545,
  0.0000220932630273,  0.0000220932102256,
  0.0000214167399513,  0.0000214166037986,
  0.0000207239746706,  0.0000207237643332,
  0.0000200160547822,  0.0000200157804168,
  0.0000192940705207,  0.0000192937429741,
  0.0000185591133833,  0.0000185587438986,
  0.0000178122747698,  0.0000178118747054,
  0.0000170546446407,  0.0000170542252073,
  0.0000162873101946,  0.0000162868822146,
  0.0000155113545663,  0.0000155109282597,
  0.0000147278555479,  0.0000147274403475,
  0.0000139378843339,  0.0000139374887316,
  0.0000131425042926,  0.0000131421357181,
  0.0000123427697647,  0.0000123424344969,
  0.0000115397248905,  0.0000115394280011,
  0.0000107344024676,  0.0000107341477961,
  0.0000099278228398,  0.0000099276129976,
  0.0000091209928187,  0.0000091208292208,
  0.0000083149046385,  0.0000083147875597,
  0.0000075105349462,  0.0000075104635984,
  0.0000067088438264,  0.0000067088164541,
  0.0000059107738628,  0.0000059107878539,
  0.0000051172492368,  0.0000051173012433,
  0.0000043291748625,  0.0000043292609302,
  0.0000035474355612,  0.0000035475512623,
  0.0000027728952727,  0.0000027730358401,
  0.0000020063963066,  0.0000020065567654,
  0.0000012487586313,  0.0000012489339258,
  0.0000005007792029,  0.0000005009643157,
 -0.0000002367686672, -0.0000002365786055,
 -0.0000009631359052, -0.0000009629455178,
 -0.0000016775982294, -0.0000016774118076,
 -0.0000023794566644, -0.0000023792780957,
 -0.0000030680380175, -0.0000030678707285,
 -0.0000037426953157, -0.0000037425422286,
 -0.0000044028082045, -0.0000044026717088,
 -0.0000050477833075, -0.0000050476652457,
 -0.0000056770545494, -0.0000056769562155,
 -0.0000062900834396, -0.0000062900055904,
 -0.0000068863593190, -0.0000068863021969,
 -0.0000074653995703, -0.0000074653629352,
 -0.0000080267497902, -0.0000080267329604,
 -0.0000085699839261, -0.0000085699858260,
 -0.0000090947043765, -0.0000090947235894,
 -0.0000096005420555, -0.0000096005768810,
 -0.0000100871564232, -0.0000100872049352,
 -0.0000105542354795, -0.0000105542955868,
 -0.0000110014957259, -0.0000110015652306,
 -0.0000114286820918, -0.0000114287587467,
 -0.0000118355678287, -0.0000118356493910,
 -0.0000122219543709, -0.0000122220386526,
 -0.0000125876711651, -0.0000125877560776,
 -0.0000129325754681, -0.0000129326590619,
 -0.0000132565521131, -0.0000132566326112,
 -0.0000135595132470, -0.0000135595890722,
 -0.0000138413980375, -0.0000138414678330,
 -0.0000141021723512, -0.0000141022349951,
 -0.0000143418284051, -0.0000143418830178,
 -0.0000145603843888, -0.0000145604303354,
 -0.0000147578840621, -0.0000147579209486,
 -0.0000149343963265, -0.0000149344239907,
 -0.0000150900147712, -0.0000150900332696,
 -0.0000152248571965, -0.0000152248667869,
 -0.0000153390651136, -0.0000153390662345,
 -0.0000154328032224, -0.0000154327964702,
 -0.0000155062588688, -0.0000155062449723,
 -0.0000155596414812, -0.0000155596212762,
 -0.0000155931819890, -0.0000155931563911,
 -0.0000156071322219, -0.0000156071022005,
 -0.0000156017642929, -0.0000156017308456,
 -0.0000155773699654, -0.0000155773340932,
 -0.0000155342600050, -0.0000155342226900,
 -0.0000154727635174, -0.0000154727257019,
 -0.0000153932272741, -0.0000153931898424,
 -0.0000152960150250, -0.0000152959787882,
 -0.0000151815068019, -0.0000151814724846,
 -0.0000150500982111, -0.0000150500664417,
 -0.0000149021997176, -0.0000149021710214,
 -0.0000147382359220, -0.0000147382107169,
 -0.0000145586448306, -0.0000145586234255,
 -0.0000143638771197, -0.0000143638597158,
 -0.0000141543953961, -0.0000141543820899,
 -0.0000139306734528, -0.0000139306642421,
 -0.0000136931955232, -0.0000136931903141,
 -0.0000134424555332, -0.0000134424541490,
 -0.0000131789563524, -0.0000131789585437,
 -0.0000129032090463, -0.0000129032145017,
 -0.0000126157321286, -0.0000126157404864,
 -0.0000123170508164, -0.0000123170616765,
 -0.0000120076962879, -0.0000120077092233,
 -0.0000116882049441, -0.0000116882195128,
 -0.0000113591176750, -0.0000113591334307,
 -0.0000110209791312, -0.0000110209956336,
 -0.0000106743370016, -0.0000106743538262,
 -0.0000103197412989, -0.0000103197580450,
 -0.0000099577436516, -0.0000099577599498,
 -0.0000095888966058, -0.0000095889121235,
 -0.0000092137529350, -0.0000092137673818,
 -0.0000088328649608, -0.0000088328780915,
 -0.0000084467838838, -0.0000084467955006,
 -0.0000080560591257, -0.0000080560690794,
 -0.0000076612376830, -0.0000076612458726,
 -0.0000072628634941, -0.0000072628698654,
 -0.0000068614768183, -0.0000068614813620,
 -0.0000064576136291, -0.0000064576163775,
 -0.0000060518050217, -0.0000060518060448,
 -0.0000056445766345, -0.0000056445760360,
 -0.0000052364480867, -0.0000052364459991,
 -0.0000048279324307, -0.0000048279290101,
 -0.0000044195356212, -0.0000044195310421,
 -0.0000040117560000, -0.0000040117504500,
 -0.0000036050837987, -0.0000036050774735,
 -0.0000032000006574, -0.0000031999937556,
 -0.0000027969791622, -0.0000027969718809,
 -0.0000023964823997, -0.0000023964749300,
 -0.0000019989635302, -0.0000019989560533,
 -0.0000016048653787, -0.0000016048580629,
 -0.0000012146200455, -0.0000012146130429,
 -0.0000008286485348, -0.0000008286419793,
 -0.0000004473604027, -0.0000004473544087,
 -0.0000000711534248, -0.0000000711480853,
  0.0000002995867177,  0.0000002995913310,
  0.0000006644867318,  0.0000006644905687,
  0.0000010231859870,  0.0000010231890184,
  0.0000013753367704,  0.0000013753389875,
  0.0000017206045217,  0.0000017206059345,
  0.0000020586680495,  0.0000020586686853,
  0.0000023892197265,  0.0000023892196280,
  0.0000027119656667,  0.0000027119648901,
  0.0000030266258823,  0.0000030266244947,
  0.0000033329344215,  0.0000033329324988,
  0.0000036306394869,  0.0000036306371115,
  0.0000039195035349,  0.0000039195007931,
  0.0000041993033559,  0.0000041993003362,
  0.0000044698301366,  0.0000044698269270,
  0.0000047308895024,  0.0000047308861888,
  0.0000049823015426,  0.0000049822982069,
  0.0000052239008170,  0.0000052238975356,
  0.0000054555363446,  0.0000054555331871,
  0.0000056770715750,  0.0000056770686031,
  0.0000058883843429,  0.0000058883816096,
  0.0000060893668042,  0.0000060893643532,
  0.0000062799253575,  0.0000062799232232,
  0.0000064599805480,  0.0000064599787549,
  0.0000066294669555,  0.0000066294655189,
  0.0000067883330679,  0.0000067883319938,
  0.0000069365411383,  0.0000069365404242,
  0.0000070740670280,  0.0000070740666636,
  0.0000072009000355,  0.0000072009000033,
  0.0000073170427108,  0.0000073170429871,
  0.0000074225106566,  0.0000074225112127,
  0.0000075173323166,  0.0000075173331195,
  0.0000076015487513,  0.0000076015497649,
  0.0000076752134007,  0.0000076752145870,
  0.0000077383918372,  0.0000077383931568,
  0.0000077911615052,  0.0000077911629189,
  0.0000078336114517,  0.0000078336129208,
  0.0000078658420455,  0.0000078658435332,
  0.0000078879646877,  0.0000078879661592,
  0.0000079001015120,  0.0000079001029356,
  0.0000079023850770,  0.0000079023864244,
  0.0000078949580501,  0.0000078949592966,
  0.0000078779728831,  0.0000078779740083,
  0.0000078515914818,  0.0000078515924694,
  0.0000078159848679,  0.0000078159857059,
  0.0000077713328349,  0.0000077713335154,
  0.0000077178235986,  0.0000077178241181,
  0.0000076556534425,  0.0000076556538012,
  0.0000075850263581,  0.0000075850265597,
  0.0000075061536814,  0.0000075061537330,
  0.0000074192537259,  0.0000074192536373,
  0.0000073245514119,  0.0000073245511956,
  0.0000072222778941,  0.0000072222775642,
  0.0000071126701858,  0.0000071126697581,
  0.0000069959707828,  0.0000069959702741,
  0.0000068724272853,  0.0000068724267129,
  0.0000067422920190,  0.0000067422914006,
  0.0000066058216569,  0.0000066058210097,
  0.0000064632768405,  0.0000064632761812,
  0.0000063149218020,  0.0000063149211463,
  0.0000061610239878,  0.0000061610233501,
  0.0000060018536835,  0.0000060018530768,
  0.0000058376836409,  0.0000058376830766,
  0.0000056687887077,  0.0000056687881954,
  0.0000054954454598,  0.0000054954450072,
  0.0000053179318374,  0.0000053179314502,
  0.0000051365267841,  0.0000051365264663,
  0.0000049515098907,  0.0000049515096444,
  0.0000047631610433,  0.0000047631608688,
  0.0000045717600760,  0.0000045717599719,
  0.0000043775864291,  0.0000043775863927,
  0.0000041809188128,  0.0000041809188399,
  0.0000039820348763,  0.0000039820349617,
  0.0000037812108842,  0.0000037812110217,
  0.0000035787213977,  0.0000035787215804,
  0.0000033748389642,  0.0000033748391849,
  0.0000031698338133,  0.0000031698340640,
  0.0000029639735594,  0.0000029639738325,
  0.0000027575229135,  0.0000027575232012,
  0.0000025507434014,  0.0000025507436963,
  0.0000023438930906,  0.0000023438933855,
  0.0000021372263253,  0.0000021372266136,
  0.0000019309934699,  0.0000019309937457,
  0.0000017254406615,  0.0000017254409195,
  0.0000015208095704,  0.0000015208098061,
  0.0000013173371704,  0.0000013173373802,
  0.0000011152555180,  0.0000011152556992,
  0.0000009147915407,  0.0000009147916913,
  0.0000007161668351,  0.0000007161669539,
  0.0000005195974736,  0.0000005195975605,
  0.0000003252938224,  0.0000003252938776,
  0.0000001334603672,  0.0000001334603919,
 -0.0000000557044499, -0.0000000557044541,
 -0.0000002420083843, -0.0000002420084151,
 -0.0000004252655328, -0.0000004252655876,
 -0.0000006052964677, -0.0000006052965434,
 -0.0000007819283606, -0.0000007819284541,
 -0.0000009549950971, -0.0000009549952050,
 -0.0000011243373809, -0.0000011243374996,
 -0.0000012898028280, -0.0000012898029541,
 -0.0000014512460514, -0.0000014512461815,
 -0.0000016085287361, -0.0000016085288670,
 -0.0000017615197035, -0.0000017615198323,
 -0.0000019100949674, -0.0000019100950912,
 -0.0000020541377790, -0.0000020541378955,
 -0.0000021935386634, -0.0000021935387705,
 -0.0000023281954461, -0.0000023281955421,
 -0.0000024580132704, -0.0000024580133540,
 -0.0000025829046058, -0.0000025829046760,
 -0.0000027027892465, -0.0000027027893027,
 -0.0000028175943018, -0.0000028175943438,
 -0.0000029272541774, -0.0000029272542053,
 -0.0000030317105479, -0.0000030317105622,
 -0.0000031309123210, -0.0000031309123222,
 -0.0000032248155931, -0.0000032248155823,
 -0.0000033133835973, -0.0000033133835756,
 -0.0000033965866425, -0.0000033965866112,
 -0.0000034744020460, -0.0000034744020065,
 -0.0000035468140573, -0.0000035468140110,
 -0.0000036138137749, -0.0000036138137235,
 -0.0000036753990569, -0.0000036753990019,
 -0.0000037315744229, -0.0000037315743658,
 -0.0000037823509506, -0.0000037823508929,
 -0.0000038277461655, -0.0000038277461085,
 -0.0000038677839240, -0.0000038677838689,
 -0.0000039024942906, -0.0000039024942386,
 -0.0000039319134100, -0.0000039319133619,
 -0.0000039560833724, -0.0000039560833292,
 -0.0000039750520746, -0.0000039750520369,
 -0.0000039888730757, -0.0000039888730438,
 -0.0000039976054474, -0.0000039976054217,
 -0.0000040013136208, -0.0000040013136015,
 -0.0000040000672282, -0.0000040000672152,
 -0.0000039939409410, -0.0000039939409342,
 -0.0000039830143038, -0.0000039830143029,
 -0.0000039673715654, -0.0000039673715700,
 -0.0000039471015056, -0.0000039471015152,
 -0.0000039222972602, -0.0000039222972742,
 -0.0000038930561422, -0.0000038930561601,
 -0.0000038594794612, -0.0000038594794823,
 -0.0000038216723403, -0.0000038216723639,
 -0.0000037797435310, -0.0000037797435564,
 -0.0000037338052265, -0.0000037338052530,
 -0.0000036839728735, -0.0000036839729004,
 -0.0000036303649828, -0.0000036303650096,
 -0.0000035731029390, -0.0000035731029651,
 -0.0000035123108094, -0.0000035123108341,
 -0.0000034481151522, -0.0000034481151753,
 -0.0000033806448254, -0.0000033806448464,
 -0.0000033100307943, -0.0000033100308130,
 -0.0000032364059407, -0.0000032364059568,
 -0.0000031599048712, -0.0000031599048845,
 -0.0000030806637275, -0.0000030806637380,
 -0.0000029988199967, -0.0000029988200044,
 -0.0000029145123232, -0.0000029145123282,
 -0.0000028278803219, -0.0000028278803241,
 -0.0000027390643925, -0.0000027390643923,
 -0.0000026482055366, -0.0000026482055341,
 -0.0000025554451758, -0.0000025554451712,
 -0.0000024609249722, -0.0000024609249658,
 -0.0000023647866517, -0.0000023647866439,
 -0.0000022671718294, -0.0000022671718203,
 -0.0000021682218375, -0.0000021682218275,
 -0.0000020680775569, -0.0000020680775464,
 -0.0000019668792512, -0.0000019668792404,
 -0.0000018647664038, -0.0000018647663929,
 -0.0000017618775588, -0.0000017618775482,
 -0.0000016583501653, -0.0000016583501552,
 -0.0000015543204251, -0.0000015543204157,
 -0.0000014499231444, -0.0000014499231359,
 -0.0000013452915894, -0.0000013452915818,
 -0.0000012405573455, -0.0000012405573390,
 -0.0000011358501814, -0.0000011358501762,
 -0.0000010312979170, -0.0000010312979129,
 -0.0000009270262952, -0.0000009270262923,
 -0.0000008231588589, -0.0000008231588573,
 -0.0000007198168325, -0.0000007198168320,
 -0.0000006171190069, -0.0000006171190075,
 -0.0000005151816307, -0.0000005151816324,
 -0.0000004141183051, -0.0000004141183077,
 -0.0000003140398836, -0.0000003140398870,
 -0.0000002150543775, -0.0000002150543815,
 -0.0000001172668648, -0.0000001172668694,
 -0.0000000207794053, -0.0000000207794103,
  0.0000000743090397,  0.0000000743090345,
  0.0000001679026834,  0.0000001679026780,
  0.0000002599089832,  0.0000002599089778,
  0.0000003502387068,  0.0000003502387016,
  0.0000004388059923,  0.0000004388059872,
  0.0000005255284033,  0.0000005255283986,
  0.0000006103269800,  0.0000006103269756,
  0.0000006931262837,  0.0000006931262798,
  0.0000007738544379,  0.0000007738544346,
  0.0000008524431635,  0.0000008524431607,
  0.0000009288278090,  0.0000009288278068,
  0.0000010029473766,  0.0000010029473750,
  0.0000010747445427,  0.0000010747445417,
  0.0000011441656738,  0.0000011441656733,
  0.0000012111608378,  0.0000012111608379,
  0.0000012756838105,  0.0000012756838111,
  0.0000013376920775,  0.0000013376920785,
  0.0000013971468313,  0.0000013971468327,
  0.0000014540129644,  0.0000014540129661,
  0.0000015082590573,  0.0000015082590593,
  0.0000015598573630,  0.0000015598573652,
  0.0000016087837862,  0.0000016087837886,
  0.0000016550178594,  0.0000016550178619,
  0.0000016985427140,  0.0000016985427166,
  0.0000017393450483,  0.0000017393450508,
  0.0000017774150905,  0.0000017774150930,
  0.0000018127465592,  0.0000018127465615,
  0.0000018453366190,  0.0000018453366212,
  0.0000018751858336,  0.0000018751858357,
  0.0000019022981146,  0.0000019022981164,
  0.0000019266806672,  0.0000019266806688,
  0.0000019483439333,  0.0000019483439346,
  0.0000019673015301,  0.0000019673015313,
  0.0000019835701874,  0.0000019835701884,
  0.0000019971696806,  0.0000019971696813,
  0.0000020081227617,  0.0000020081227621,
  0.0000020164550873,  0.0000020164550876,
  0.0000020221951449,  0.0000020221951449,
  0.0000020253741754,  0.0000020253741753,
  0.0000020260260948,  0.0000020260260945,
  0.0000020241874129,  0.0000020241874126,
  0.0000020198971505,  0.0000020198971501,
  0.0000020131967543,  0.0000020131967538,
  0.0000020041300104,  0.0000020041300099,
  0.0000019927429564,  0.0000019927429559,
  0.0000019790837914,  0.0000019790837909,
  0.0000019632027854,  0.0000019632027848,
  0.0000019451521867,  0.0000019451521863,
  0.0000019249861296,  0.0000019249861292,
  0.0000019027605391,  0.0000019027605387,
  0.0000018785330369,  0.0000018785330367,
  0.0000018523628455,  0.0000018523628453,
  0.0000018243106918,  0.0000018243106918,
  0.0000017944387110,  0.0000017944387111,
  0.0000017628103493,  0.0000017628103495,
  0.0000017294902669,  0.0000017294902672,
  0.0000016945442414,  0.0000016945442418,
  0.0000016580390699,  0.0000016580390704,
  0.0000016200424731,  0.0000016200424737,
  0.0000015806229977,  0.0000015806229984,
  0.0000015398499214,  0.0000015398499222,
  0.0000014977931563,  0.0000014977931571,
  0.0000014545231545,  0.0000014545231554,
  0.0000014101108136,  0.0000014101108145,
  0.0000013646273835,  0.0000013646273843,
  0.0000013181443736,  0.0000013181443744,
  0.0000012707334618,  0.0000012707334627,
  0.0000012224664042,  0.0000012224664050,
  0.0000011734149456,  0.0000011734149464,
  0.0000011236507325,  0.0000011236507333,
  0.0000010732452263,  0.0000010732452270,
  0.0000010222696187,  0.0000010222696194,
  0.0000009707947486,  0.0000009707947492,
  0.0000009188910204,  0.0000009188910210,
  0.0000008666283243,  0.0000008666283248,
  0.0000008140759582,  0.0000008140759586,
  0.0000007613025517,  0.0000007613025521,
  0.0000007083759920,  0.0000007083759923,
  0.0000006553633514,  0.0000006553633517,
  0.0000006023308176,  0.0000006023308178,
  0.0000005493436255,  0.0000005493436256,
  0.0000004964659912,  0.0000004964659913,
  0.0000004437610489,  0.0000004437610490,
  0.0000003912907890,  0.0000003912907891,
  0.0000003391159996,  0.0000003391159997,
  0.0000002872962094,  0.0000002872962094,
