timestep:         0.0063532800000000
yAxisLabel:acceleration [m/s2]  
title:bogies acceleration       
av1,    av2,    
  0.0000000000000000,  0.0000000000000000,
  0.0000000000000000,  0.0000000000000000,
 -0.0010751784750322,  0.0000000000000000,
 -0.0014172501606915,  0.0000000000000000,
 -0.0017405274684101,  0.0000000000000000,
 -0.0019849700145756,  0.0000000000000000,
 -0.0021546334206466,  0.0000000000000000,
 -0.0028762321506761,  0.0000000000000000,
 -0.0035125565334767,  0.0000000000000000,
 -0.0045726642646279,  0.0000000000000000,
 -0.0056876195708101,  0.0000000000000000,
 -0.0070267242913693,  0.0000000000000000,
 -0.0082334597970163,  0.0000000000000000,
 -0.0094926033519137,  0.0000000000000000,
 -0.0107098991546262,  0.0000000000000000,
 -0.0120117450229436,  0.0000000000000000,
 -0.0133402126430443,  0.0000000000000000,
 -0.0147389946976165,  0.0000000000000000,
 -0.0161043755081419,  0.0000000000000000,
 -0.0173873662654143,  0.0000000000000000,
 -0.0185460689382615,  0.0000000000000000,
 -0.0196373554849345,  0.0000000000000000,
 -0.0207033935063588,  0.0000000000000000,
 -0.0217643855889049,  0.0000000000000000,
 -0.0227890668347560,  0.0000000000000000,
 -0.0237436935165020,  0.0000000000000000,
 -0.0245997267271304,  0.0000000000000000,
 -0.0253557498924500,  0.0000000000000000,
 -0.0260337063570252,  0.0000000000000000,
 -0.0266712594565450,  0.0000000000000000,
 -0.0272911585916245,  0.0000000000000000,
 -0.0278853205543306,  0.0000000000000000,
 -0.0284233703640796,  0.0000000000000000,
 -0.0288821370023781,  0.0000000000000000,
 -0.0292631377757717,  0.0000000000000000,
 -0.0295876882723156,  0.0000000000000000,
 -0.0298788261021636,  0.0000000000000000,
 -0.0301499403409150,  0.0000000000000000,
 -0.0304053349178759,  0.0000000000000000,
 -0.0306480674897947,  0.0000000000000000,
 -0.0308872235550968,  0.0000000000000000,
 -0.0311404912973484,  0.0000000000000000,
 -0.0314304078167603,  0.0000000000000000,
 -0.0317770160066956,  0.0000000000000000,
 -0.0321928012864684,  0.0000000000000000,
 -0.0326843077366575,  0.0000000000000000,
 -0.0332580376065111,  0.0000000000000000,
 -0.0339237471795810,  0.0000000000000000,
 -0.0346910767525843,  0.0000000000000000,
 -0.0355624704048820,  0.0000000000000000,
 -0.0365288709284645,  0.0000000000000000,
 -0.0375459704447216,  0.0000000000000000,
 -0.0385349515294396,  0.0000000000000000,
 -0.0394793957506976,  0.0000000000000000,
 -0.0403150894575161,  0.0000000000000000,
 -0.0410501799571142,  0.0000000000000000,
 -0.0416603504744529,  0.0000000000000000,
 -0.0421523178473340,  0.0000000000000000,
 -0.0425119678318610,  0.0000000000000000,
 -0.0427500137074414,  0.0000000000000000,
 -0.0428733684437669,  0.0000000000000000,
 -0.0429062958843608,  0.0000000000000000,
 -0.0428686554971833,  0.0000000000000000,
 -0.0427831297571253,  0.0000000000000000,
 -0.0426636380541086,  0.0000000000000000,
 -0.0425208667713070,  0.0000000000000000,
 -0.0423583740872303,  0.0000000000000000,
 -0.0421745878229734,  0.0000000000000000,
 -0.0419566045397528,  0.0000000000000000,
 -0.0416779359167499,  0.0000000000000000,
 -0.0412977535606974,  0.0000000000000000,
 -0.0407667400657205,  0.0000000000000000,
 -0.0400338971983322,  0.0000000000000000,
 -0.0390540110082469,  0.0000000000000000,
 -0.0377928671466072,  0.0000000000000000,
 -0.0362307260572044,  0.0000000000000000,
 -0.0343632530589622,  0.0000000000000000,
 -0.0322008321593568,  0.0000000000000000,
 -0.0297663583276401,  0.0000000000000000,
 -0.0270919002023820,  0.0000000000000000,
 -0.0242141230173755,  0.0000000000000000,
 -0.0211691649730749,  0.0000000000000000,
 -0.0179881286795264,  0.0000000000000000,
 -0.0146946238681024,  0.0000000000000000,
 -0.0113050654858384,  0.0000000000000000,
 -0.0078314413026331,  0.0000000000000000,
 -0.0042853046495464,  0.0000000000000000,
 -0.0006814004956533,  0.0000000000000000,
  0.0029604029016098,  0.0000000000000000,
  0.0066153633142367,  0.0000000000000000,
  0.0102557981201130,  0.0000000000000000,
  0.0138535400075830,  0.0000000000000000,
  0.0173817462394830,  0.0000000000000000,
  0.0208154412105781, -0.0534012257484917,
  0.0241364547299185, -0.0083827018119641,
  0.0273314670512454, -0.0493398600380616,
  0.0302171536456948, -0.0181936537360706,
  0.0322569917799648, -0.0438901207316250,
  0.0331332956550425, -0.0253957942643799,
  0.0333957244124899, -0.0411007711521027,
  0.0337333151700980, -0.0314035139363550,
  0.0341796856716267, -0.0407443886846596,
  0.0345276339590178, -0.0363942696097710,
  0.0346884661775931, -0.0421376689493888,
  0.0346876345032792, -0.0404973025362876,
  0.0345340208884795, -0.0440001266975771,
  0.0343326942591961, -0.0437349645662601,
  0.0340599662778918, -0.0461222323646025,
  0.0336514567955151, -0.0466463525055149,
  0.0330650946824609, -0.0485075982273113,
  0.0323409083136678, -0.0493692086053504,
  0.0315595244290276, -0.0507372358508758,
  0.0307994262699550, -0.0514716369280363,
  0.0300669345969123, -0.0524003108517039,
  0.0293289139569177, -0.0530370368062592,
  0.0285541032537730, -0.0537728799450325,
  0.0277448419391629, -0.0543103471043985,
  0.0269297351721276, -0.0547873711036624,
  0.0261404944720856, -0.0550454767212379,
  0.0253838641730579, -0.0551662900730399,
  0.0246340036757399, -0.0551139205046756,
  0.0238472101234357, -0.0549737974780561,
  0.0229931251580362, -0.0547500820768364,
  0.0220753309682966, -0.0544641718203617,
  0.0211262382649720, -0.0540824465769600,
  0.0201819924197305, -0.0536029050549123,
  0.0192602936474380, -0.0530352049235191,
  0.0183559042609846, -0.0524203550536871,
  0.0174530891269630, -0.0517923549602529,
  0.0165421726698422, -0.0511776232489289,
  0.0156277413211423, -0.0505862772659424,
  0.0147234764583347, -0.0500246641138419,
  0.0138386492407577, -0.0494976322765848,
  0.0129672042995899, -0.0490138693764016,
  0.0120881036684322, -0.0485818531248686,
  0.0111762860931581, -0.0482061087921058,
  0.0102154004928468, -0.0478836119508257,
  0.0092028267362900, -0.0476079032985412,
  0.0081442756349543, -0.0473758677793269,
  0.0070430653000995, -0.0471918298966920,
  0.0058919287126524, -0.0470640252599280,
  0.0046720547831917, -0.0469976807751598,
  0.0033587400694911, -0.0469908699009186,
  0.0019292470439883, -0.0470069990764247,
  0.0003678132833482, -0.0469805348795330,
 -0.0013348649668673, -0.0469106358307229,
 -0.0031871752795886, -0.0467457015629170,
 -0.0052037520201817, -0.0465128337508095,
 -0.0074068097732940, -0.0462018817394999,
 -0.0098168498865007, -0.0458337677886901,
 -0.0124408528308877, -0.0454038449875129,
 -0.0152227109906663, -0.0449316783661713,
 -0.0181046017425693, -0.0444295787622061,
 -0.0210665529646007, -0.0439265241945819,
 -0.0240048146854391, -0.0434461464122832,
 -0.0268661018512348, -0.0430157187794001,
 -0.0295471204899926, -0.0426530080826164,
 -0.0319891867180155, -0.0423721068789415,
 -0.0341179644840048, -0.0421770246727414,
 -0.0359021369968718, -0.0420603565926959,
 -0.0373125223580826, -0.0419975490814749,
 -0.0383502554804990, -0.0419470004731756,
 -0.0390215272998127, -0.0418497731807279,
 -0.0393496856281004, -0.0416369294267834,
 -0.0393593006069399, -0.0412365839808882,
 -0.0390801408527741, -0.0405814678232656,
 -0.0385362342428933, -0.0396160779021859,
 -0.0377446825521782, -0.0383025029765935,
 -0.0367082343751399, -0.0366224567599952,
 -0.0354160120862402, -0.0345757497302387,
 -0.0338448316734355, -0.0321764465551719,
 -0.0319670769812536, -0.0294483211750425,
 -0.0297586514070478, -0.0264198996492318,
 -0.0272071594855824, -0.0231195405656668,
 -0.0243159709862778, -0.0195708507976158,
 -0.0211047600473898, -0.0157898991215203,
 -0.0176059186866037, -0.0117856332958215,
 -0.0138591188525008, -0.0075635112871728,
 -0.0099055240349334, -0.0031307225090889,
 -0.0057836579509005,  0.0014991307115483,
 -0.0015274251399056,  0.0063035481161425,
  0.0028337996199908,  0.0112513839581459,
  0.0072739995086866,  0.0163051864391472,
  0.0117691934905029,  0.0214242344201412,
  0.0162967420053218,  0.0265669405362519,
  0.0208354384117398,  0.0316919326212906,
  0.0253660706862047,  0.0367579338935108,
  0.0298718446161965,  0.0417232082544209,
  0.0343382229060284,  0.0465455292335110,
  0.0387520858426581,  0.0511832683933755,
  0.0431004739373121,  0.0555975316784061,
  0.0473692871803594,  0.0597546843150951,
  0.0515422730209662,  0.0636284163749683,
  0.0556005036477642,  0.0672438242936817,
  0.0595224678032224,  0.0706421669775156,
  0.0632848411898987,  0.0738056700109765,
  0.0668630868033320,  0.0768003951679770,
  0.0702304759678938,  0.0796208228243208,
  0.0733576985471146,  0.0823045848927258,
  0.0762170261293801,  0.0848394548644273,
  0.0787878663838744,  0.0872381731590189,
  0.0811113633978340,  0.0894874660173152,
  0.0832040598184848,  0.0915971949205836,
  0.0850359750921418,  0.0935699197226981,
  0.0866522082959927,  0.0954207737832057,
  0.0880332874179580,  0.0971572828048496,
  0.0892072596092512,  0.0987890547013278,
  0.0901539900354042,  0.1003155876282080,
  0.0908832739461995,  0.1017328980768495,
  0.0913792390337749,  0.1030344564206715,
  0.0916508498710029,  0.1042161927940099,
  0.0917030653480006,  0.1052740303541147,
  0.0915621762601480,  0.1062058608995203,
  0.0912552946705911,  0.1070073422761428,
  0.0908180817571020,  0.1076689743615049,
  0.0902801784966568,  0.1081751691640025,
  0.0896688433695237,  0.1085082657741270,
  0.0890037299582759,  0.1086552069456236,
  0.0883012889646505,  0.1086133197923431,
  0.0875731430464930,  0.1083912752699395,
  0.0868268305690506,  0.1080058772508913,
  0.0860622528264862,  0.1074763993499319,
  0.0852702938298773,  0.1068195504316165,
  0.0844317690463059,  0.1060469681379034,
  0.0835197968398265,  0.1051656451947440,
  0.0825034222262457,  0.1041794726532668,
  0.0813521718598990,  0.1030898947100521,
  0.0800391253070405,  0.1018949604970609,
  0.0785422975978604,  0.1005876781445288,
  0.0768442751720689,  0.0991552306274082,
  0.0749312620618742,  0.0975800687453774,
  0.0727921494536646,  0.0958426252115569,
  0.0704181044617783,  0.0939245177544913,
  0.0678025624862750,  0.0918109354773532,
  0.0649415079635094,  0.0894914044683745,
  0.0618338503675069,  0.0869589728822229,
  0.0584818509388662,  0.0842085818375122,
  0.0548915389301234,  0.0812355247210059,
  0.0510730929619560,  0.0780345191358162,
  0.0470411280759792,  0.0745994293248030,
  0.0428148421626616,  0.0709234447790197,
  0.0384179664048930,  0.0669995677805106,
  0.0338784536378803,  0.0628213836694740,
  0.0292278400440209,  0.0584213214589108,
  0.0245002948795808,  0.0538500359076924,
  0.0197315298912875,  0.0490929010854052,
  0.0149570907670338,  0.0442152116118826,
  0.0102091316319200,  0.0392239099165349,
  0.0055139739948781,  0.0341715031582373,
  0.0008940301660198,  0.0290701317040960,
 -0.0036287193899298,  0.0239609039896344,
 -0.0079886652809869,  0.0188634206337391,
 -0.0121348811151451,  0.0138172061586620,
 -0.0160712259724619,  0.0088521681824474,
 -0.0197376064530167,  0.0040075226163273,
 -0.0231333014134947, -0.0006856889854000,
 -0.0262189813528857, -0.0051956239328274,
 -0.0290037373875672, -0.0095016646834648,
 -0.0314784915046167, -0.0135895701666717,
 -0.0336666286845972, -0.0174500609510621,
 -0.0355811225928256, -0.0210727593413651,
 -0.0372488677260399, -0.0244473950436128,
 -0.0386869422904313, -0.0275608127420838,
 -0.0399168682556176, -0.0304000419945983,
 -0.0409537597538269, -0.0329555029346106,
 -0.0418165038487593, -0.0352241540728183,
 -0.0425238618638156, -0.0372105420647473,
 -0.0430981432540147, -0.0389259009590326,
 -0.0435596174284947, -0.0403847165759092,
 -0.0439252593265873, -0.0416010531489931,
 -0.0442051717058399, -0.0425861933042241,
 -0.0444032989596119, -0.0433487440763329,
 -0.0445180163167923, -0.0438957576706238,
 -0.0445449209056233, -0.0442337879958968,
 -0.0444789257976511, -0.0443695024556074,
 -0.0443163897624902, -0.0443098999200025,
 -0.0440559625504284, -0.0440620935148061,
 -0.0436988596203549, -0.0436328381639232,
 -0.0432483842955530, -0.0430279891673954,
 -0.0427094748914886, -0.0422523238436316,
 -0.0420883957459095, -0.0413101613854172,
 -0.0413928589625726, -0.0402068255472258,
 -0.0406323426642802, -0.0389503973151466,
 -0.0398183678327447, -0.0375530603590163,
 -0.0389643527534094, -0.0360316828201528,
 -0.0380849216511804, -0.0344076687513019,
 -0.0371947554016258, -0.0327062596455563,
 -0.0363073262070713, -0.0309554596255073,
 -0.0354338889501363, -0.0291847701788423,
 -0.0345830160937171, -0.0274239458237621,
 -0.0337607500355971, -0.0257019332836025,
 -0.0329712695222624, -0.0240460270638795,
 -0.0322178339670917, -0.0224811108502666,
 -0.0315037328020085, -0.0209940935296546,
 -0.0308329595547289, -0.0195508216976754,
 -0.0302103627909113, -0.0181823804683454,
 -0.0296418243626307, -0.0168432945032676,
 -0.0291355367087407, -0.0155417800237593,
 -0.0287025610827976, -0.0142424780033102,
 -0.0283536141768396, -0.0129517818362310,
 -0.0280946565022096, -0.0116525046795994,
 -0.0278837762608389, -0.0103532153226234,
 -0.0276845194202273, -0.0090475659955047,
 -0.0275081964990368, -0.0077392090286111,
 -0.0272980192686979, -0.0064210614716482,
 -0.0270495590491413, -0.0050901693086254,
 -0.0267174489550900, -0.0037383387127538,
 -0.0263016121895255, -0.0023634646269255,
 -0.0257832363695340, -0.0009652266672253,
 -0.0251743395103028,  0.0004554631508322,
 -0.0244774624900301,  0.0019010432605272,
 -0.0237094484274391,  0.0033747532572278,
 -0.0228783093493922,  0.0048824434619984,
 -0.0219965758949801,  0.0064291295681667,
 -0.0210702465530144,  0.0080156546196747,
 -0.0201085089112875,  0.0096358373271288,
 -0.0191210201836196,  0.0112760253009503,
 -0.0181235378581758,  0.0129163665424928,
 -0.0171346449510777,  0.0145340477218965,
 -0.0161756371165068,  0.0161067141932254,
 -0.0152669950743570,  0.0176151413647778,
 -0.0144278515091529,  0.0190433825164070,
 -0.0136740220591578,  0.0203767690806137,
 -0.0130173264774103,  0.0215993757074231,
 -0.0124645827788208,  0.0226924513172865,
 -0.0120178599598739,  0.0236340572463058,
 -0.0116748655094559,  0.0243998249215698,
 -0.0114298092448133,  0.0249645481758497,
 -0.0112740137335145,  0.0253042405443456,
 -0.0111964784079497,  0.0253981694405229,
 -0.0111842034648427,  0.0252305637677682,
 -0.0112225961887661,  0.0247917589780691,
 -0.0112960731011846,  0.0240786292192601,
 -0.0113890329536479,  0.0230943523710175,
 -0.0114870448460619,  0.0218477831498732,
 -0.0115780085291781,  0.0203527593260492,
 -0.0116529561303372,  0.0186274656525098,
 -0.0117063018640564,  0.0166937690008195,
 -0.0117355095652394,  0.0145764230181399,
 -0.0117403743235794,  0.0123021480899014,
 -0.0117222257092063,  0.0098986573077531,
 -0.0116833327000337,  0.0073936858700279,
 -0.0116265955087501,  0.0048140611584755,
 -0.0115553995117054,  0.0022024789350505,
 -0.0114733626516750, -0.0003546298540147,
 -0.0113837129459655, -0.0028520044734651,
 -0.0112889019255912, -0.0052282886750688,
 -0.0111916699509080, -0.0074724271093717,
 -0.0110959685597438, -0.0095464384257517,
 -0.0110048789905903, -0.0114519301329963,
 -0.0109178802394990, -0.0131774757278752,
 -0.0108034887177714, -0.0147344712436201,
 -0.0106133514282531, -0.0161250071564609,
 -0.0103591355204381, -0.0173590772373908,
 -0.0099959952205056, -0.0184389932223279,
 -0.0095257645492618, -0.0193694823732581,
 -0.0089177720776303, -0.0201501699126476,
 -0.0081802610009755, -0.0207861986202266,
 -0.0073073727936787, -0.0212880677988707,
 -0.0063191436291399, -0.0216711194708037,
 -0.0052280638310414, -0.0219505554322801,
 -0.0040570914826378, -0.0221410269849524,
 -0.0028207178923508, -0.0222522187610357,
 -0.0015358163804482, -0.0222891317196021,
 -0.0002129349769885, -0.0222539318137273,
  0.0011361233602296, -0.0221489041470662,
  0.0025005222921484, -0.0219790176244092,
  0.0038656856638598, -0.0217536530430763,
  0.0052154401606528, -0.0214863375527545,
  0.0065319069251296, -0.0211928137001015,
  0.0077982337222074, -0.0208876340255180,
  0.0089988211410836, -0.0205813523599240,
  0.0101204750742187, -0.0202796854222878,
  0.0111524399305709, -0.0199846254418675,
  0.0120866342729539, -0.0196965801892643,
  0.0129169836983488, -0.0194168894606401,
  0.0136389655399196, -0.0191499399303943,
  0.0142492500471823, -0.0189041068353987,
  0.0147458707860077, -0.0186911873652117,
  0.0151284085933846, -0.0185247616343071,
  0.0153980369191214, -0.0184181840539227,
  0.0155571893216415, -0.0183828531385052,
  0.0156090581834021, -0.0184271992004846,
  0.0155570555862764, -0.0185565709426274,
  0.0154043832492292, -0.0187738903494178,
  0.0151537536677663, -0.0190806678114471,
  0.0148074036771815, -0.0194778692370359,
  0.0143674969437324, -0.0199662821531386,
  0.0138368379522229, -0.0205463079145233,
  0.0132195558504683, -0.0212173532844487,
  0.0125213345665752, -0.0219771089427585,
  0.0117489331490739, -0.0228209305704212,
  0.0109090701157423, -0.0237413801480208,
  0.0100070452107308, -0.0247158510885791,
  0.0090456236366012, -0.0256614088954519,
  0.0080246775571018, -0.0265749041369818,
  0.0069411800820318, -0.0273943775524057,
  0.0057884441431687, -0.0281001877711017,
  0.0045560784555027, -0.0286448695633992,
  0.0032331492266868, -0.0290174469839845,
  0.0018119209516149, -0.0291969308852408,
  0.0003136970311367, -0.0291864055315028,
 -0.0012171143374506, -0.0289848012607845,
 -0.0027961370314368, -0.0286018718109446,
 -0.0043810903359868, -0.0280436055041173,
 -0.0059730238800396, -0.0273203326081817,
 -0.0075391637382249, -0.0264382095208026,
 -0.0090819325242586, -0.0254071643422873,
 -0.0105875876180693, -0.0242405657791837,
 -0.0120648659842728, -0.0229558430761874,
 -0.0135124807579646, -0.0215718532392327,
 -0.0149362412749730, -0.0201094052976514,
 -0.0163306711806932, -0.0185870469165186,
 -0.0176894817652540, -0.0170208561322466,
 -0.0189979682710134, -0.0154252282507320,
 -0.0202416255624942, -0.0138141723294262,
 -0.0214053245320689, -0.0122025814043829,
 -0.0224785327418596, -0.0106073325948568,
 -0.0234533837477341, -0.0090469692309205,
 -0.0243248527151971, -0.0075400332437599,
 -0.0250884286735075, -0.0061024404994337,
 -0.0257400971011025, -0.0047458299775570,
 -0.0262752113541261, -0.0034775130308861,
 -0.0266885006972457, -0.0023014417832480,
 -0.0269742486787132, -0.0012195885990762,
 -0.0271277201352964, -0.0002337088974110,
 -0.0271465204266678,  0.0006530105509127,
 -0.0270316562849915,  0.0014351949088851,
 -0.0267876127381921,  0.0021057863928284,
 -0.0264218206655953,  0.0026574286838734,
 -0.0259436716378031,  0.0030841004276707,
 -0.0253634712765574,  0.0033823897583472,
 -0.0246914840200108,  0.0035519938328194,
 -0.0239373844583560,  0.0035953210671328,
 -0.0231102887892978,  0.0035164468380748,
 -0.0222193664178993,  0.0033199704911296,
 -0.0212746804794462,  0.0030103263413849,
 -0.0202877575923382,  0.0025918163170860,
 -0.0192714937885836,  0.0020692383631154,
 -0.0182393960303525,  0.0014486643882945,
 -0.0172044957401819,  0.0007378551361999,
 -0.0161783861945062, -0.0000539654375795,
 -0.0151706938452428, -0.0009168547025346,
 -0.0141890764935513, -0.0018407754074221,
 -0.0132396121750711, -0.0027389257773424,
 -0.0123272623270374, -0.0036138229373424,
 -0.0114567016114538, -0.0044193293494394,
 -0.0106342474287951, -0.0051455133842056,
 -0.0098689366681698, -0.0057604593201895,
 -0.0091699352640909, -0.0062608914475175,
 -0.0085429466159894, -0.0066345530644487,
 -0.0079742994409598, -0.0068858889482935,
 -0.0074077844947419, -0.0070144020632743,
 -0.0068530687077422, -0.0070255741320905,
 -0.0062666548041845, -0.0069207046942352,
 -0.0056444071421450, -0.0067035893002014,
 -0.0049558520181658, -0.0063746942756127,
 -0.0042039115431787, -0.0059376454964218,
 -0.0033817653691583, -0.0053993463749608,
 -0.0025047648280189, -0.0047698507229905,
 -0.0015814930262301, -0.0040606410826024,
 -0.0006262246001565, -0.0032850513144204,
  0.0003576563648509, -0.0024548099473313,
  0.0013698585520585, -0.0015803961410328,
  0.0024187417729882, -0.0006723519052007,
  0.0035126388740205,  0.0002573527590208,
  0.0046593388783349,  0.0011940121323091,
  0.0058620463816154,  0.0021199229331854,
  0.0071218130542686,  0.0030164370323259,
  0.0084377179040929,  0.0038673340685659,
  0.0098084002437572,  0.0046615752726728,
  0.0112316699193736,  0.0053938031936275,
  0.0127051452148199,  0.0060632915510794,
  0.0142262869828977,  0.0066722205573757,
  0.0157929871280838,  0.0072235849737560,
  0.0174038250203934,  0.0077190954325173,
  0.0190583766490679,  0.0081578432826354,
  0.0207569113785530,  0.0085362915250703,
  0.0224995757826473,  0.0088496356435886,
  0.0242849702232948,  0.0090939054834575,
  0.0261086332705527,  0.0092678588170893,
  0.0279619043362159,  0.0093739005157134,
  0.0298317400003339,  0.0094178041582592,
  0.0317015576277676,  0.0094074536085435,
  0.0335527362753328,  0.0093510326247103,
  0.0353660974087210,  0.0092551558340653,
  0.0371228683309811,  0.0091234784029269,
  0.0388049396905524,  0.0089562201697774,
  0.0403945723891314,  0.0087507059242302,
  0.0418739167759522,  0.0085026020983501,
  0.0432247531199255,  0.0082072885463268,
  0.0444287110000408,  0.0078608755439126,
  0.0454679553574966,  0.0074606492264539,
  0.0463260881889073,  0.0070029260583749,
  0.0469889696772821,  0.0065696670365182,
  0.0474453226812862,  0.0061496082963679,
  0.0476865168822979,  0.0057818128269109,
  0.0477046809472535,  0.0054689959867345,
  0.0474912286719090,  0.0052352856980845,
  0.0470388905542288,  0.0050758939489106,
  0.0463447836045393,  0.0049943220155900,
  0.0454283899767407,  0.0049774541865937,
  0.0443491908940391,  0.0050175315921960,
  0.0431022421911932,  0.0051022477968658,
  0.0417404389286981,  0.0052251547192813,
  0.0402760562354656,  0.0053795401927938,
  0.0387503389649261,  0.0055640643969884,
  0.0371708798524528,  0.0057764028371243,
  0.0355568739897359,  0.0060129985570328,
  0.0339054662280579,  0.0062688961500881,
  0.0322233156324475,  0.0065393739482029,
  0.0305126475713126,  0.0068198715899739,
  0.0287874743192908,  0.0071089983827895,
  0.0270623254513963,  0.0074072965118611,
  0.0253555435416168,  0.0077152001692753,
  0.0236801158332415,  0.0080311408037225,
  0.0220455712308068,  0.0083507999137759,
  0.0204562344379400,  0.0086682313571144,
  0.0189157914883142,  0.0089776031925351,
  0.0174292791988319,  0.0092738098907900,
  0.0160062354020859,  0.0095522257473588,
  0.0146599753645176,  0.0098081096245195,
  0.0134053563331690,  0.0100362034331557,
  0.0122547385527060,  0.0102306835518843,
  0.0112157238399792,  0.0103857845159092,
  0.0102908506142588,  0.0104968308813812,
  0.0094792329314551,  0.0105609302636518,
  0.0087783585714514,  0.0105766534588504,
  0.0081853201178681,  0.0105428148182650,
  0.0076969397828287,  0.0104572111920407,
  0.0073091607113393,  0.0103161021316804,
  0.0070161425472803,  0.0101145330130906,
  0.0068096820146974,  0.0098471990973848,
  0.0066791961974659,  0.0095094525760935,
  0.0066122045648883,  0.0090980419629792,
  0.0065950208463115,  0.0086113140871123,
  0.0066134508073832,  0.0080489315920007,
  0.0066533558613466,  0.0074114305449946,
  0.0067010012720912,  0.0066999108416428,
  0.0067431568021682,  0.0059159164340788,
  0.0067670019439697,  0.0050613975638507,
  0.0067599226294272,  0.0041386713917764,
  0.0067093051732469,  0.0031504121120237,
  0.0066024334034129,  0.0020983141569134,
  0.0064266298377895,  0.0010678394761034,
  0.0061698035730120,  0.0000530659459382,
  0.0058207931689900, -0.0008999086417475,
  0.0053684131500697, -0.0017810910772191,
  0.0048010422079689, -0.0025590210069951,
  0.0041096331880123, -0.0032316766357202,
  0.0032912587762364, -0.0037897518893876,
  0.0023690009994299, -0.0042421826633899,
  0.0014025903871953, -0.0045931464536303,
  0.0003897654733315, -0.0048516311385030,
 -0.0006121871009011, -0.0050200448777203,
 -0.0015905736464356, -0.0051002013657012,
 -0.0025046552422390, -0.0050884722088097,
 -0.0033500801894193, -0.0049829211131040,
 -0.0041116461516136, -0.0047833760143283,
 -0.0047959287121923, -0.0044913652150650,
 -0.0053971053226464, -0.0041079307491640,
 -0.0059127508134868, -0.0036335878771790,
 -0.0063278558881265, -0.0030664768028640,
 -0.0066269312609193, -0.0024044894692301,
 -0.0067899353682682, -0.0016467093943231,
 -0.0068009872051361, -0.0007942772095031,
 -0.0066467264561169,  0.0001491624496529,
 -0.0063206237358235,  0.0011781703594000,
 -0.0058215477021596,  0.0022878751705833,
 -0.0051537375830468,  0.0034767714494859,
 -0.0043235076297780,  0.0047482787471285,
 -0.0033384009223140,  0.0061098483319394,
 -0.0022065807527855,  0.0075697744846779,
 -0.0009378205373323,  0.0091330307591126,
  0.0004560363792947,  0.0107985149478606,
  0.0019607496943022,  0.0125586533341344,
  0.0035602280407155,  0.0144007186992920,
  0.0052372866793184,  0.0163088305733399,
  0.0069746328203261,  0.0182659149876946,
  0.0087555092693321,  0.0202550961472971,
  0.0105638981265582,  0.0222601826787936,
  0.0123841885626175,  0.0242652404361281,
  0.0142006141030852,  0.0262536899726882,
  0.0159967350525415,  0.0282076364390087,
  0.0177552490332745,  0.0301079893691232,
  0.0194581466253726,  0.0319353646404914,
  0.0210871011156611,  0.0336712239367047,
  0.0226239466325264,  0.0352986349245210,
  0.0240511850324251,  0.0368024131310672,
  0.0253524647577653,  0.0381688408602816,
  0.0265129366845429,  0.0393853152584263,
  0.0275193901619151,  0.0404401755521486,
  0.0283601707857726,  0.0413227778416164,
  0.0290250118927093,  0.0420280624706694,
  0.0295049885551242,  0.0426288305635367,
  0.0297927741058090,  0.0431073177890039,
  0.0298825408605101,  0.0435045788774585,
  0.0297684651348033,  0.0438196636521939,
  0.0294440526182122,  0.0440764703066311,
  0.0289053610860850,  0.0442665050827301,
  0.0281544873727728,  0.0443921571261143,
  0.0272272736004431,  0.0444374313651750,
  0.0261802823425486,  0.0443963820658016,
  0.0250094095310870,  0.0442610245101083,
  0.0237737447761816,  0.0440338118013505,
  0.0224744453235237,  0.0437169128387492,
  0.0211445359739763,  0.0433153642054533,
  0.0197781662774172,  0.0428302689756462,
  0.0183901275514812,  0.0422611929693987,
  0.0169808284195945,  0.0416049890211714,
  0.0155750310321359,  0.0408588861092418,
  0.0141933785298192,  0.0400242551537396,
  0.0128591304046357,  0.0391108441102795,
  0.0115791184099577,  0.0381327826905281,
  0.0103544253586960,  0.0371045634069588,
  0.0091797321603805,  0.0360393922550324,
  0.0080551911230313,  0.0349485578982444,
  0.0069868859369501,  0.0338404375916794,
  0.0059866016326303,  0.0327209416522499,
  0.0050646527091734,  0.0315947726338080,
  0.0042271028231626,  0.0304659854419759,
  0.0034740460394086,  0.0293380947811933,
  0.0028017675261547,  0.0282141290114525,
  0.0022049318457447,  0.0270961328904094,
  0.0016788494401367,  0.0259848212957129,
  0.0012197941403847,  0.0248798869177545,
  0.0008244114802071,  0.0237804588574950,
  0.0004884806945800,  0.0226849958983523,
  0.0002060835799671,  0.0215906773560781,
 -0.0000307855641394,  0.0204927622181689,
 -0.0002320429776857,  0.0193844363490746,
 -0.0004091569526234,  0.0182574582467194,
 -0.0005747381121341,  0.0171033571111134,
 -0.0007422027374352,  0.0159144191572757,
 -0.0009254120651189,  0.0146838505769227,
 -0.0011382317804131,  0.0134051157984825,
 -0.0013939749760528,  0.0120709758419537,
 -0.0017048619242681,  0.0106728948911832,
 -0.0020816591993211,  0.0092012334387658,
 -0.0025335533292917,  0.0076461683735815,
 -0.0030681459985419,  0.0059988971253302,
 -0.0036914483646820,  0.0042526220730096,
 -0.0044078495622311,  0.0024030465248287,
 -0.0052201391826473,  0.0004615391684348,
 -0.0061296354179955, -0.0014979212927747,
 -0.0071363372963369, -0.0034846564256644,
 -0.0082395572352906, -0.0054437744767317,
 -0.0094396100714166, -0.0073698637634128,
 -0.0107381008132796, -0.0092290829749021,
 -0.0121342403035616, -0.0110232054477964,
 -0.0136211169159408, -0.0127396067853752,
 -0.0151487669306686, -0.0143852825418229,
 -0.0166680620452440, -0.0159547176660082,
 -0.0181617201165410, -0.0174480339980867,
 -0.0195606670869770, -0.0188579186660556,
 -0.0208676607523358, -0.0201828105103192,
 -0.0220607671882172, -0.0214191242518797,
 -0.0231597244944514, -0.0225617358434335,
 -0.0241548294041580, -0.0235971295823616,
 -0.0250495956083969, -0.0245084838007814,
 -0.0258375669023118, -0.0252791038786837,
 -0.0265283486085857, -0.0258984217327644,
 -0.0271240508209909, -0.0263636029514165,
 -0.0276303927298184, -0.0266788102729127,
 -0.0280478276031000, -0.0268510955728397,
 -0.0283811414896450, -0.0268890341941167,
 -0.0286354343987882, -0.0268014702724043,
 -0.0288191292237555, -0.0265955183712919,
 -0.0289410613192496, -0.0262756285176200,
 -0.0290113522064575, -0.0258450921889982,
 -0.0290389997451311, -0.0253081071433996,
 -0.0290327008038175, -0.0246709994280845,
 -0.0290011348649849, -0.0239423476970790,
 -0.0289541312592913, -0.0231326309028461,
 -0.0289023363693384, -0.0222535821369447,
 -0.0288565775531440, -0.0213176082953957,
 -0.0288268720962803, -0.0203375520963016,
 -0.0288223986271137, -0.0193268634727088,
 -0.0288516906080759, -0.0182999663424694,
 -0.0289227059183055, -0.0172724647614828,
 -0.0290425315550817, -0.0162609414394697,
 -0.0292171080304571, -0.0152824512679128,
 -0.0294509685230290, -0.0143539166510056,
 -0.0297470307432346, -0.0134915620542646,
 -0.0301064039778620, -0.0127104947439894,
 -0.0305282883575985, -0.0120245225738035,
 -0.0310099416220222, -0.0114461736752158,
 -0.0315466372750798, -0.0109867533102628,
 -0.0321315245253113, -0.0106562745224191,
 -0.0327554374384006, -0.0104632475136931,
 -0.0334067422194533, -0.0104144629346995,
 -0.0340712456561360, -0.0105148929362439,
 -0.0347321060583334, -0.0107677088457348,
 -0.0353697071051701, -0.0111510684816036,
 -0.0359615073349252, -0.0115948590096811,
 -0.0364819224785140, -0.0121099485888304,
 -0.0369022236317362, -0.0126361812792870,
 -0.0371903589911608, -0.0131785449552751,
 -0.0370616341501290, -0.0137102537878063,
 -0.0365911022732704, -0.0142495250961721,
 -0.0363607101479023, -0.0148116174560724,
 -0.0358346125064115, -0.0154685721834827,
 -0.0354724982149125, -0.0162145505057292,
 -0.0349035770187583, -0.0168343120478425,
 -0.0344220001424584, -0.0171393459310848,
 -0.0338045200870703, -0.0172753805230279,
 -0.0332223053081659, -0.0173988966617986,
 -0.0325506642367505, -0.0175319732655947,
 -0.0318841548034245, -0.0176837649340879,
 -0.0311565536247698, -0.0177954245851046,
 -0.0304186187828512, -0.0178110440664032,
 -0.0296366347054641, -0.0177200554192072,
 -0.0288375616132302, -0.0175301374693521,
 -0.0280050313790898, -0.0172780436825841,
 -0.0271535017097898, -0.0169887639383950,
 -0.0262756010569558, -0.0166635348946608,
 -0.0253793711415086, -0.0162838544245837,
 -0.0244620057002197, -0.0158343770422332,
 -0.0235283066553651, -0.0153177876611178,
 -0.0225777410806482, -0.0147496731149831,
 -0.0216134894771977, -0.0141454360712260,
 -0.0206361276572919, -0.0135115820668370,
 -0.0196480234017213, -0.0128494068874900,
 -0.0186502763471617, -0.0121612875901081,
 -0.0176448383861338, -0.0114548112990631,
 -0.0166330409637755, -0.0107421245458942,
 -0.0156166108263509, -0.0100376234479598,
 -0.0145969650227713, -0.0093554463735881,
 -0.0135756944325214, -0.0087085682241511,
 -0.0125542275328168, -0.0081093340160692,
 -0.0115340591409442, -0.0075704106607421,
 -0.0105165903970314, -0.0071045344602411,
 -0.0095032361337701, -0.0067231348629252,
 -0.0084953487939683, -0.0064352607709136,
 -0.0074942682798255, -0.0062477732470829,
 -0.0065012855710274, -0.0061660375608281,
 -0.0055176656088384, -0.0061939334779367,
 -0.0045446296828312, -0.0063333117869044,
 -0.0035833656623020, -0.0065840359029677,
 -0.0026350193098901, -0.0069449909064556,
 -0.0017006986482584, -0.0074150101638627,
 -0.0007814695420063, -0.0079925345523872,
  0.0001216426356896, -0.0086740983979328,
  0.0010076552911410, -0.0094262321938614,
  0.0018756281449942, -0.0101745201962754,
  0.0027246645122177, -0.0109111740327201,
  0.0035539112440062, -0.0115654923608029,
  0.0043625594820012, -0.0121446924280602,
  0.0051498447364951, -0.0126270863898576,
  0.0059150473074867, -0.0130342857236561,
  0.0066574923546370, -0.0133548997726257,
  0.0073765501048084, -0.0135895957440998,
  0.0080716358277018, -0.0137303660019189,
  0.0087422098826739, -0.0137880409466729,
  0.0093877776055905, -0.0137667200780322,
  0.0100078891882401, -0.0136728141656626,
  0.0106021394666025, -0.0135054368289326,
  0.0111701676680131, -0.0132670115610353,
  0.0117116570874008, -0.0129605470142688,
  0.0122263347168369, -0.0125928826136487,
  0.0127139708053365, -0.0121713811165795,
  0.0131743783911966, -0.0117041380876778,
  0.0136074127503236, -0.0111973873046761,
  0.0140129708185529, -0.0106569137331066,
  0.0143909905555006, -0.0100893603527472,
  0.0147414502643073, -0.0095039268678744,
  0.0150643678661205, -0.0089118174190163,
  0.0153598001322235, -0.0083250153991877,
  0.0156278418749913, -0.0077549800413331,
  0.0158686251049717, -0.0072127624775366,
  0.0160823181215458, -0.0067094328248047,
  0.0162691246418705, -0.0062560026326314,
  0.0164292827987091, -0.0058626267854063,
  0.0165630641808576, -0.0055378578768093,
  0.0166707728148309, -0.0052882431492277,
  0.0167527441243113, -0.0051182530782647,
  0.0168093438645246, -0.0050302682637958,
  0.0168409670332867, -0.0050245476837696,
  0.0168480367678838, -0.0050991827950818,
  0.0168310031812470, -0.0052500517651215,
  0.0167903422846474, -0.0054707140214900,
  0.0167265547563952, -0.0057522573060971,
  0.0166401648014708, -0.0060831518616508,
  0.0165317189579087, -0.0064491321855175,
  0.0164017849006401, -0.0068330656828677,
  0.0162509502376256, -0.0072147829038258,
  0.0160798213002741, -0.0075708906021660,
  0.0158890219376520, -0.0078746127490488,
  0.0156791922614260, -0.0080956832385580,
  0.0154509875086703, -0.0082002797173593,
  0.0152050767477635, -0.0081102128782817,
  0.0149421417064119, -0.0079464285871728,
  0.0146628755566425, -0.0078411213879636,
  0.0143679817140365, -0.0076666069687526,
  0.0140581726449656, -0.0075354125128151,
  0.0137341686832980, -0.0073552967265282,
  0.0133966968658886, -0.0072002923696248,
  0.0130464897334073, -0.0070137500384494,
  0.0126842842632290, -0.0068393703304600,
  0.0123108206594683, -0.0066451398456259,
  0.0119268412784824, -0.0064554005750601,
  0.0115330895245066, -0.0062530064504788,
  0.0111303087723833, -0.0060510822020754,
  0.0107192413103540, -0.0058408293151458,
  0.0103006273044192, -0.0056292237527634,
  0.0098752037849915, -0.0054119482031511,
  0.0094437036639197, -0.0051927264375757,
  0.0090068547346086, -0.0049695728632368,
  0.0085653788010526, -0.0047445320551883,
  0.0081199906945675, -0.0045168027035079,
  0.0076713974217362, -0.0042875757050572,
  0.0072202972982697, -0.0040566381607643,
  0.0067673791183851, -0.0038247499203267,
  0.0063133213532637, -0.0035919830330439,
  0.0058587913792112, -0.0033588784596997,
  0.0054044447414454, -0.0031256407481545,
  0.0049509244163907, -0.0028926966729559,
  0.0044988601859763, -0.0026603073406153,
  0.0040488679353658, -0.0024288361728299,
  0.0036015490639088, -0.0021985630997287,
  0.0031574898956773, -0.0019698123676330,
  0.0027172611277611, -0.0017428639249097,
  0.0022814173112249, -0.0015180140297352,
  0.0018504963647193, -0.0012955331318450,
  0.0014250191243964, -0.0010756944511885,
  0.0010054889054497, -0.0008587539880858,
  0.0005923911496119, -0.0006449639335199,
  0.0001861930342702, -0.0004345631736266,
 -0.0002126568323035, -0.0002277835275715,
 -0.0006037287046995, -0.0000248452454032,
 -0.0009866119582567,  0.0001740401209625,
 -0.0013609153149205,  0.0003686718609861,
 -0.0017262670373406,  0.0005588587935848,
 -0.0020823150915118,  0.0007444202885318,
 -0.0024287272769654,  0.0009251856669700,
 -0.0027651913346509,  0.0011009946868984,
 -0.0030914150035012,  0.0012716972519178,
 -0.0034071260754013,  0.0014371536337544,
 -0.0037120723996521,  0.0015972343183166,
 -0.0040060218671917,  0.0017518200794871,
 -0.0042887623652041,  0.0019008018770454,
 -0.0045601017041252,  0.0020440808502043,
 -0.0048198675176739,  0.0021815682233257,
 -0.0050679071369164,  0.0023131852490856,
 -0.0053040874364703,  0.0024388631050350,
 -0.0055282946612809,  0.0025585428000569,
 -0.0057404342217527,  0.0026721750545990,
 -0.0059404304709575,  0.0027797201790026,
 -0.0061282264568596,  0.0028811479338941,
 -0.0063037836529553,  0.0029764373847762,
 -0.0064670816677509,  0.0030655767429999,
 -0.0066181179338800,  0.0031485631991970,
 -0.0067569073794955,  0.0032254027464610,
 -0.0068834820700631,  0.0032961099914969,
 -0.0069978908596668,  0.0033607079669234,
 -0.0071001989887198,  0.0034192279221353,
 -0.0071904876930815,  0.0034717091166611,
 -0.0072688537868679,  0.0035181986024134,
 -0.0073354092327342,  0.0035587509997765,
 -0.0073902806986705,  0.0035934282675485,
 -0.0074336091021438,  0.0036222994670293,
 -0.0074655491425610,  0.0036454405207963,
 -0.0074862688257605,  0.0036629339678703,
 -0.0074959489609803,  0.0036748687066273,
 -0.0074947826928759,  0.0036813397533157,
 -0.0074829749662900,  0.0036824479707891,
 -0.0074607420281095,  0.0036782998138548,
 -0.0074283109048472,  0.0036690070640279,
 -0.0073859188776010,  0.0036546865633437,
 -0.0073338129522746,  0.0036354599463383,
 -0.0072722493258548,  0.0036114533706329,
 -0.0072014928531023,  0.0035827972481097,
 -0.0071218164902323,  0.0035496259658060,
 -0.0070335007891582,  0.0035120776309180,
 -0.0069368333215274,  0.0034702937834687,
 -0.0068321081552402,  0.0034244191340346,
 -0.0067196253108476,  0.0033746012925671,
 -0.0065996902231230,  0.0033209905001968,
 -0.0064726132050357,  0.0032637393626755,
 -0.0063387089148163,  0.0032030025858377,
 -0.0061982958303349,  0.0031389367151147,
 -0.0060516957068318,  0.0030716998674553,
 -0.0058992330928530,  0.0030014514919381,
 -0.0057412347809829,  0.0029283520993064,
 -0.0055780293184241,  0.0028525630209333,
 -0.0054099465031504,  0.0027742461612882,
 -0.0052373168912202,  0.0026935637562642,
 -0.0050604713122896,  0.0026106781359089,
 -0.0048797403937774,  0.0025257514917999,
 -0.0046954540942501,  0.0024389456493106,
 -0.0045079412496557,  0.0023504218465319,
 -0.0043175291107788,  0.0022603405090816,
 -0.0041245429388028,  0.0021688610541646,
 -0.0039293055483624,  0.0020761416685794,
 -0.0037321369098730,  0.0019823391165207,
 -0.0035333537444035,  0.0018876085438577,
 -0.0033332691339888,  0.0017921032902046,
 -0.0031321921443818,  0.0016959747073659,
 -0.0029304274606012,  0.0015993719842540,
 -0.0027282750380552,  0.0015024419797076,
 -0.0025260297518444,  0.0014053290541784,
 -0.0023239810976042,  0.0013081749279103,
 -0.0021224128552739,  0.0012111185196437,
 -0.0019216028050607,  0.0011142958121310,
 -0.0017218224421496,  0.0010178397166808,
 -0.0015233367082371,  0.0009218799461259,
 -0.0013264037373954,  0.0008265428948878,
 -0.0011312746164190,  0.0007319515261639,
 -0.0009381931613673,  0.0006382252672265,
 -0.0007473956983670,  0.0005454799061753,
 -0.0005591108849334,  0.0004538275101181,
 -0.0003735595111868,  0.0003633763313928,
 -0.0001909543417761,  0.0002742307352735,
 -0.0000114999618483,  0.0001864911289878,
  0.0001646073607085,  0.0001002538987317,
  0.0003371797986348,  0.0000156113536758,
  0.0005060380743252, -0.0000673483231116,
  0.0006710115538004, -0.0001485411163439,
  0.0008319383317939, -0.0002278872166971,
  0.0009886652898660, -0.0003053110440695,
  0.0011410481582104, -0.0003807412752672,
  0.0012889515507501, -0.0004541108569004,
  0.0014322489921218, -0.0005253570152218,
  0.0015708229306097, -0.0005944212591425,
  0.0017045647381467, -0.0006612493770950,
  0.0018333746976107, -0.0007257914278817,
  0.0019571619776893, -0.0007880017256334,
  0.0020758445955993, -0.0008478388189124,
  0.0021893493677262, -0.0009052654648998,
  0.0022976118491498, -0.0009602485964102,
  0.0024005762612282, -0.0010127592859184,
  0.0024981954086907, -0.0010627727027147,
  0.0025904305858808, -0.0011102680657851,
  0.0026772514727077, -0.0011552285917702,
  0.0027586360206189, -0.0011976414382906,
  0.0028345703289413, -0.0012374976428131,
  0.0029050485126525, -0.0012747920574521,
  0.0029700725569932, -0.0013095232783459,
  0.0030296521741888, -0.0013416935744273,
  0.0030838046377537, -0.0013713088080168,
  0.0031325546197259, -0.0013983783552040,
  0.0031759340161944, -0.0014229150215165,
  0.0032139817665159, -0.0014449349546378,
  0.0032467436659105, -0.0014644575541288,
  0.0032742721718083, -0.0014815053783491,
  0.0032966262055453, -0.0014961040492358,
  0.0033138709413954, -0.0015082821518011,
  0.0033260776086239, -0.0015180711385568,
  0.0033333232646818, -0.0015255052223038,
  0.0033356905823247, -0.0015306212742685,
  0.0033332676255479, -0.0015334587176743,
  0.0033261476232468, -0.0015340594202942,
  0.0033144287397700, -0.0015324675857047,
  0.0032982138427487, -0.0015287296433965,
  0.0032776102685991, -0.0015228941379486,
  0.0032527295875446, -0.0015150116180688,
  0.0032236873580058, -0.0015051345211323,
  0.0031906029024968, -0.0014933170670898,
  0.0031535990522420, -0.0014796151390075,
  0.0031128019141976, -0.0014640861733772,
  0.0030683406287131, -0.0014467890465414,
  0.0030203471289606, -0.0014277839620009,
  0.0029689559008612, -0.0014071323381104,
  0.0029143037439096, -0.0013848966963122,
  0.0028565295347531, -0.0013611405507521,
  0.0027957739828007, -0.0013359282944796,
  0.0027321794114047, -0.0013093250972786,
  0.0026658895093942, -0.0012813967903278,
  0.0025970491089146, -0.0012522097628404,
  0.0025258039563516, -0.0012218308557554,
  0.0024523004878496, -0.0011903272576332,
  0.0023766856080218, -0.0011577664021515,
  0.0022991064721746, -0.0011242158673265,
  0.0022197102736932, -0.0010897432772285,
  0.0021386440266114, -0.0010544162015352,
  0.0020560543743992, -0.0010183020673948,
  0.0019720873736732, -0.0009814680596520,
  0.0018868883046953, -0.0009439810336393,
  0.0018006014777569, -0.0009059074261096,
  0.0017133700460417, -0.0008673131692364,
  0.0016253358236420, -0.0008282636070682,
  0.0015366391088827, -0.0007888234144966,
  0.0014474185131246, -0.0007490565188117,
  0.0013578107963430, -0.0007090260244715,
  0.0012679507013728, -0.0006687941371170,
  0.0011779708117617, -0.0006284220989965,
  0.0010880013918554, -0.0005879701155903,
  0.0009981702507984, -0.0005474972937911,
  0.0009086026055389, -0.0005070615794479,
  0.0008194209512579, -0.0004667196983938,
  0.0007307449380989, -0.0004265271003946,
  0.0006426912542546, -0.0003865379060402,
  0.0005553735162980, -0.0003468048570263,
  0.0004689021609423, -0.0003073792668156,
  0.0003833843558245, -0.0002683109807763,
  0.0002989238999962, -0.0002296483306042,
  0.0002156211435248, -0.0001914380982718,
  0.0001335729085362, -0.0001537254803200,
  0.0000528724175822, -0.0001165540555576,
 -0.0000263907715328, -0.0000799657557065,
 -0.0001041308244811, -0.0000440008389814,
 -0.0001802656822968, -0.0000086978668480,
 -0.0002547171096250,  0.0000259063179376,
 -0.0003274107298512,  0.0000597766064154,
 -0.0003982760631160,  0.0000928796410542,
 -0.0004672465513002,  0.0001251838265554,
 -0.0005342595796664,  0.0001566593395280,
 -0.0005992564920399,  0.0001872781351830,
 -0.0006621826000670,  0.0002170139513687,
 -0.0007229871866580,  0.0002458423099866,
 -0.0007816235037145,  0.0002737405158457,
 -0.0008380487642056,  0.0003006876529226,
 -0.0008922241290335,  0.0003266645786648,
 -0.0009441146878399,  0.0003516539146439,
 -0.0009936894354989,  0.0003756400365500,
 -0.0010409212428079,  0.0003986090606485,
 -0.0010857868224866,  0.0004205488285347,
 -0.0011282666903030,  0.0004414488896593,
 -0.0011683451215158,  0.0004613004817792,
 -0.0012060101027852,  0.0004800965094020,
 -0.0012412532799701,  0.0004978315203580,
 -0.0012740699001020,  0.0005145016801352,
 -0.0013044587533112,  0.0005301047453651,
 -0.0013324221054832,  0.0005446400343368,
 -0.0013579656312209,  0.0005581083968190,
 -0.0013810983416145,  0.0005705121819392,
 -0.0014018325088902,  0.0005818552046412,
 -0.0014201835878263,  0.0005921427107353,
 -0.0014361701341141,  0.0006013813406188,
 -0.0014498137203436,  0.0006095790919202,
 -0.0014611388462597,  0.0006167452799102,
 -0.0014701728540495,  0.0006228904994828,
 -0.0014769458311631,  0.0006280265825546,
 -0.0014814905185513,  0.0006321665572110,
 -0.0014838422138550,  0.0006353246049161,
 -0.0014840386732599,  0.0006375160171221,
 -0.0014821200117049,  0.0006387571511752,
 -0.0014781286015960,  0.0006390653855943,
 -0.0014721089708538,  0.0006384590750530,
 -0.0014641076959389,  0.0006369575033599,
 -0.0014541733036388,  0.0006345808398661,
 -0.0014423561590206,  0.0006313500904272,
 -0.0014287083625457,  0.0006272870519605,
 -0.0014132836427716,  0.0006224142652765,
 -0.0013961372493940,  0.0006167549680551,
 -0.0013773258461323,  0.0006103330477789,
 -0.0013569074036031,  0.0006031729946902,
 -0.0013349410923535,  0.0005952998548407,
 -0.0013114871768783,  0.0005867391835882,
 -0.0012866069058817,  0.0005775169975518,
 -0.0012603624136812,  0.0005676597312636,
 -0.0012328166082148,  0.0005571941882571,
 -0.0012040330705292,  0.0005461474969954,
 -0.0011740759510102,  0.0005345470654757,
 -0.0011430098674378,  0.0005224205366427,
 -0.0011108998042884,  0.0005097957443634,
 -0.0010778110134097,  0.0004967006700211,
 -0.0010438089168291,  0.0004831634000612,
 -0.0010089590071714,  0.0004692120825082,
 -0.0009733267597862,  0.0004548748886079,
 -0.0009369775332810,  0.0004401799694288,
 -0.0008999764820396,  0.0004251554176991,
 -0.0008623884666865,  0.0004098292287656,
 -0.0008242779673051,  0.0003942292627627,
 -0.0007857089988387,  0.0003783832077377,
 -0.0007467450287252,  0.0003623185437630,
 -0.0007074488974216,  0.0003460625083217,
 -0.0006678827379399,  0.0003296420612029,
 -0.0006281079063224,  0.0003130838543326,
 -0.0005881849032925,  0.0002964141975367,
 -0.0005481733070160,  0.0002796590293159,
 -0.0005081317050615,  0.0002628438872020,
 -0.0004681176296149,  0.0002459938795364,
 -0.0004281874954019,  0.0002291336584298,
 -0.0003883965403680,  0.0002122873939120,
 -0.0003487987691434,  0.0001954787492897,
 -0.0003094468997220,  0.0001787308579132,
 -0.0002703923105764,  0.0001620663000024,
 -0.0002316849966512,  0.0001455070836347,
 -0.0001933735201767,  0.0001290746230480,
 -0.0001555049704208,  0.0001127897211375,
 -0.0001181249239029,  0.0000966725520074,
 -0.0000812774078986,  0.0000807426449636,
 -0.0000450048668375,  0.0000650188697439,
 -0.0000093481315821,  0.0000495194229853,
  0.0000256536081930,  0.0000342618160442,
  0.0000599628301545,  0.0000192628632791,
  0.0000935436991335,  0.0000045386734583,
  0.0001263620888007, -0.0000098953601899,
  0.0001583855970372, -0.0000240245668086,
  0.0001895835599493, -0.0000378350043398,
  0.0002199270629182, -0.0000513134646599,
  0.0002493889489522, -0.0000644474775691,
  0.0002779438243831, -0.0000772253136500,
  0.0003055680618809, -0.0000896359859602,
  0.0003322398012908, -0.0001016692509783,
  0.0003579389469608, -0.0001133156076151,
  0.0003826471639150, -0.0001245662963348,
  0.0004063478706142, -0.0001354132963813,
  0.0004290262297490, -0.0001458493223535,
  0.0004506691366584, -0.0001558678197474,
  0.0004712652055008, -0.0001654629595487,
  0.0004908047532387, -0.0001746296319038,
  0.0005092797814998, -0.0001833634388955,
  0.0005266839564789, -0.0001916606864658,
  0.0005430125862709, -0.0001995183754224,
  0.0005582625977327, -0.0002069341918348,
  0.0005724325095569, -0.0002139064963884,
  0.0005855224050234, -0.0002204343131902,
  0.0005975339024612, -0.0002265173177788,
  0.0006084701241751, -0.0002321558244631,
  0.0006183356638155, -0.0002373507730079,
  0.0006271365522657, -0.0002421037146989,
  0.0006348802223306, -0.0002464167978831,
  0.0006415754708524, -0.0002502927525680,
  0.0006472324226988, -0.0002537348754640,
  0.0006518624893957, -0.0002567470132433,
  0.0006554783298135, -0.0002593335463135,
  0.0006580938085697, -0.0002614993717757,
  0.0006597239537046, -0.0002632498860561,
  0.0006603849134943, -0.0002645909671769,
  0.0006600939124793, -0.0002655289567002,
  0.0006588692070659, -0.0002660706414768,
  0.0006567300388171, -0.0002662232345309,
  0.0006536965913993, -0.0002659943572198,
  0.0006497899414227, -0.0002653920191792,
  0.0006450320131101, -0.0002644245996152,
  0.0006394455309392, -0.0002631008278507,
  0.0006330539723132, -0.0002614297638641,
  0.0006258815200446, -0.0002594207787523,
  0.0006179530147300, -0.0002570835351428,
  0.0006092939070759, -0.0002544279675879,
  0.0005999302105681, -0.0002514642630861,
  0.0005898884523553, -0.0002482028409172,
  0.0005791956289902, -0.0002446543343544,
  0.0005678791561129, -0.0002408295700394,
  0.0005559668231431, -0.0002367395492992,
  0.0005434867464289, -0.0002323954288695,
  0.0005304673231133, -0.0002278085019078,
  0.0005169371854712, -0.0002229901791927,
  0.0005029251557640, -0.0002179519705363,
  0.0004884602019714, -0.0002127054665514,
  0.0004735713923470, -0.0002072623199404,
  0.0004582878551805, -0.0002016342289007,
  0.0004426387332300, -0.0001958329183616,
  0.0004266531434882, -0.0001898701233911,
  0.0004103601359367, -0.0001837575721889,
  0.0003937886534732, -0.0001775069695560,
  0.0003769674927379, -0.0001711299807288,
  0.0003599252658845, -0.0001646382155954,
  0.0003426903635880, -0.0001580432134203,
  0.0003252909175069, -0.0001513564273119,
  0.0003077547677067, -0.0001445892107860,
  0.0002901094259204, -0.0001377528025275,
  0.0002723820438573, -0.0001308583132837,
  0.0002545993810598, -0.0001239167125379,
  0.0002367877741832, -0.0001169388157638,
  0.0002189731074479, -0.0001099352721550,
  0.0002011807842942, -0.0001029165528392,
  0.0001834357004470, -0.0000958929396704,
  0.0001657622170224, -0.0000888745139810,
  0.0001481841378645, -0.0000818711471866,
  0.0001307246841457, -0.0000748924900885,
  0.0001134064732380, -0.0000679479640492,
  0.0000962514976522, -0.0000610467521328,
  0.0000792811054595, -0.0000541977908530,
  0.0000625159819966, -0.0000474097624383,
  0.0000459761328567, -0.0000406910876135,
  0.0000296808681660, -0.0000340499188986,
  0.0000136487882612, -0.0000274941344836,
 -0.0000021022300524, -0.0000210313322600,
 -0.0000175550442126, -0.0000146688252618,
 -0.0000326932576903, -0.0000084136364153,
 -0.0000475012287553, -0.0000022724946983,
 -0.0000619640786989,  0.0000037481685625,
 -0.0000760676987030,  0.0000096422228364,
 -0.0000897987554834,  0.0000154038410435,
 -0.0001031446957249,  0.0000210275017234,
 -0.0001160937492809,  0.0000265079906974,
 -0.0001286349314504,  0.0000318404024407,
 -0.0001407580434675,  0.0000370201405341,
 -0.0001524536726992,  0.0000420429182737,
 -0.0001637131910944,  0.0000469047583734,
 -0.0001745287527965,  0.0000516019924153,
 -0.0001848932906459,  0.0000561312598416,
 -0.0001948005116400,  0.0000604895065300,
 -0.0002042448913774,  0.0000646739829614,
 -0.0002132216675377,  0.0000686822419892,
 -0.0002217268322462,  0.0000725121362412,
 -0.0002297571238912,  0.0000761618151035,
 -0.0002373100175224,  0.0000796297214024,
 -0.0002443837147647,  0.0000829145876920,
 -0.0002509771327325,  0.0000860154322220,
 -0.0002570898921611,  0.0000889315545782,
 -0.0002627223047585,  0.0000916625310108,
 -0.0002678753598112,  0.0000942082094633,
 -0.0002725507100776,  0.0000965687043157,
 -0.0002767506570855,  0.0000987443908771,
 -0.0002804781352754,  0.0001007358994844,
 -0.0002837366968088,  0.0001025441096923,
 -0.0002865304940912,  0.0001041701437795,
 -0.0002888642630367,  0.0001056153603758,
 -0.0002907433053087,  0.0001068813477477,
 -0.0002921734701744,  0.0001079699169147,
 -0.0002931611359176,  0.0001088830945884,
 -0.0002937131908504,  0.0001096231159466,
 -0.0002938370140722,  0.0001101924172958,
 -0.0002935404551745,  0.0001105936283634,
 -0.0002928318154511,  0.0001108295650502,
 -0.0002917198264249,  0.0001109032212911,
 -0.0002902136299591,  0.0001108177614067,
 -0.0002883227574409,  0.0001105765121346,
 -0.0002860571089192,  0.0001101829546292,
 -0.0002834269321096,  0.0001096407164034,
 -0.0002804428012991,  0.0001089535632241,
 -0.0002771155963159,  0.0001081253910228,
 -0.0002734564806409,  0.0001071602174953,
 -0.0002694768815749,  0.0001060621744204,
 -0.0002651884676687,  0.0001048354990067,
 -0.0002606031282831,  0.0001034845259876,
 -0.0002557329523987,  0.0001020136794468,
 -0.0002505902076734,  0.0001004274647314,
 -0.0002451873196412,  0.0000987304604096,
 -0.0002395368510731,  0.0000969273102894,
 -0.0002336514815319,  0.0000950227155033,
 -0.0002275439872787,  0.0000930214267224,
 -0.0002212272206049,  0.0000909282361514,
 -0.0002147140914768,  0.0000887479703908,
 -0.0002080175467318,  0.0000864854823731,
 -0.0002011505516442,  0.0000841456441900,
 -0.0001941260709981,  0.0000817333397306,
 -0.0001869570506503,  0.0000792534575017,
 -0.0001796563994661,  0.0000767108835870,
 -0.0001722369716470,  0.0000741104947503,
 -0.0001647115495853,  0.0000714571517401,
 -0.0001570928264266,  0.0000687556924650,
 -0.0001493933908787,  0.0000660109260531,
 -0.0001416257100618,  0.0000632276261210,
 -0.0001338021146486,  0.0000604105249415,
 -0.0001259347837574,  0.0000575643075032,
 -0.0001180357304652,  0.0000546936058034,
 -0.0001101167878279,  0.0000518029933324,
 -0.0001021895954180,  0.0000488969797513,
 -0.0000942655864853,  0.0000459800058075,
 -0.0000863559750887,  0.0000430564382133,
 -0.0000784717451836,  0.0000401305653263,
 -0.0000706236383746,  0.0000372065922371,
 -0.0000628221436397,  0.0000342886366670,
 -0.0000550774870498,  0.0000313807248362,
 -0.0000473996221466,  0.0000284867875842,
 -0.0000397982208889,  0.0000256106567040,
 -0.0000322826651692,  0.0000227560614912,
 -0.0000248620389022,  0.0000199266255076,
 -0.0000175451207426,  0.0000171258635889,
 -0.0000103403770286,  0.0000143571789013,
 -0.0000032559561665,  0.0000116238606288,
  0.0000037003175809,  0.0000089290813192,
  0.0000105209488620,  0.0000062758948621,
  0.0000171987757945,  0.0000036672345108,
  0.0000237269739043,  0.0000011059111433,
  0.0000300990594800, -0.0000014053882495,
  0.0000363088925970, -0.0000038641019953,
  0.0000423506789291, -0.0000062677945756,
  0.0000482189722539, -0.0000086141579871,
  0.0000539086748749, -0.0000109010119574,
  0.0000594150390635, -0.0000131263049429,
  0.0000647336666480, -0.0000152881140227,
  0.0000698605091997, -0.0000173846454098,
  0.0000747918669300, -0.0000194142341574,
  0.0000795243875230, -0.0000213753439699,
  0.0000840550644262, -0.0000232665669317,
  0.0000883812346119, -0.0000250866227222,
  0.0000925005758787, -0.0000268343580453,
  0.0000964111039197, -0.0000285087455700,
  0.0001001111685595, -0.0000301088829533,
  0.0001035994501914, -0.0000316339915436,
  0.0001068749550534, -0.0000330834150234,
  0.0001099370108171, -0.0000344566178639,
  0.0001127852616035, -0.0000357531836863,
  0.0001154196620523, -0.0000369728133781,
  0.0001178404723371, -0.0000381153232742,
  0.0001200482511782, -0.0000391806429380,
  0.0001220438504228, -0.0000401688131679,
  0.0001238284072914, -0.0000410799834795,
  0.0001254033385332, -0.0000419144099531,
  0.0001267703320628, -0.0000426724524647,
  0.0001279313402245, -0.0000433545722597,
  0.0001288885721181, -0.0000439613292810,
  0.0001296444847363, -0.0000444933791400,
  0.0001302017761906, -0.0000449514706283,
  0.0001305633758484, -0.0000453364423605,
  0.0001307324373888, -0.0000456492202121,
  0.0001307123285041, -0.0000458908137842,
  0.0001305066237506, -0.0000460623137649,
  0.0001301190940014, -0.0000461648882764,
  0.0001295536984642, -0.0000461997799703,
  0.0001288145755513, -0.0000461683027768,
  0.0001279060324824, -0.0000460718382414,
  0.0001268325377205, -0.0000459118327402,
  0.0001255987097273, -0.0000456897935293,
  0.0001242093094694, -0.0000454072859783,
  0.0001226692290648, -0.0000450659295600,
  0.0001209834842909, -0.0000446673950850,
  0.0001191572031891, -0.0000442134006560,
  0.0001171956186182, -0.0000437057089191,
  0.0001151040570056, -0.0000431461230488,
  0.0001128879302441, -0.0000425364837785,
  0.0001105527263906, -0.0000418786660322,
  0.0001081039991996, -0.0000411745751482,
  0.0001055473608342, -0.0000404261441923,
  0.0001028884708249, -0.0000396353299730,
  0.0001001330290828, -0.0000388041104627,
  0.0000972867650910, -0.0000379344808783,
  0.0000943554311273, -0.0000370284511791,
  0.0000913447918568, -0.0000360880422756,
  0.0000882606170945, -0.0000351152833613,
  0.0000851086734794, -0.0000341122088588,
  0.0000818947151873, -0.0000330808550058,
  0.0000786244776848, -0.0000320232575485,
  0.0000753036681220, -0.0000309414481969,
  0.0000719379595116, -0.0000298374524730,
  0.0000685329815606, -0.0000287132863091,
  0.0000650943151753, -0.0000275709540149,
  0.0000616274838662, -0.0000264124450704,
  0.0000581379480088, -0.0000252397319910,
  0.0000546310982205, -0.0000240547678558,
  0.0000511122480537, -0.0000228594835554,
  0.0000475866292907, -0.0000216557860436,
  0.0000440593845637, -0.0000204455555336,
  0.0000405355631338, -0.0000192306439269,
  0.0000370201140778, -0.0000180128722022,
  0.0000335178824572, -0.0000167940289853,
  0.0000300336031619, -0.0000155758681681,
  0.0000265718970420, -0.0000143601074408,
  0.0000231372664247, -0.0000131484265656,
  0.0000197340902497, -0.0000119424654657,
  0.0000163666211631, -0.0000107438231254,
  0.0000130389807981, -0.0000095540556984,
  0.0000097551573502, -0.0000083746755861,
  0.0000065190014726, -0.0000072071497586,
  0.0000033342242541, -0.0000060528989785,
  0.0000002043937722, -0.0000049132963566,
 -0.0000028670667865, -0.0000037896665958,
 -0.0000058768813310, -0.0000026832850663,
 -0.0000088219231538, -0.0000015953767960,
 -0.0000116992160121, -0.0000005271160265,
 -0.0000145059361037,  0.0000005203747195,
 -0.0000172394127186,  0.0000015460249232,
 -0.0000198971296261,  0.0000025488167948,
 -0.0000224767253548,  0.0000035277854247,
 -0.0000249759939907,  0.0000044820192941,
 -0.0000273928851799,  0.0000054106603610,
 -0.0000297255041778,  0.0000063129042188,
 -0.0000319721117218,  0.0000071880002496,
 -0.0000341311234587,  0.0000080352514750,
 -0.0000362011093967,  0.0000088540145928,
 -0.0000381807929939,  0.0000096436997009,
 -0.0000400690501041,  0.0000104037701523,
 -0.0000418649077608,  0.0000111337421693,
 -0.0000435675426415,  0.0000118331845258,
 -0.0000451762795652,  0.0000125017180581,
 -0.0000466905895203,  0.0000131390151830,
 -0.0000481100877863,  0.0000137447993078,
 -0.0000494345318155,  0.0000143188442103,
 -0.0000506638187022,  0.0000148609733246,
 -0.0000517979830335,  0.0000153710590256,
 -0.0000528371938891,  0.0000158490217761,
 -0.0000537817524904,  0.0000162948293344,
 -0.0000546320888494,  0.0000167084957700,
 -0.0000553887592233,  0.0000170900806011,
 -0.0000560524424807,  0.0000174396877000,
 -0.0000566239371594,  0.0000177574643164,
 -0.0000571041581140,  0.0000180436000056,
 -0.0000574941326410,  0.0000182983254122,
 -0.0000577949975033,  0.0000185219112581,
 -0.0000580079946065,  0.0000187146669880,
 -0.0000581344679405,  0.0000188769397227,
 -0.0000581758590520,  0.0000190091128234,
 -0.0000581337038885,  0.0000191116048097,
 -0.0000580096281495,  0.0000191848678686,
 -0.0000578053437568,  0.0000192293866599,
 -0.0000575226448184,  0.0000192456769804,
 -0.0000571634030289,  0.0000192342842580,
 -0.0000567295643130,  0.0000191957823987,
 -0.0000562231438439,  0.0000191307721581,
 -0.0000556462227118,  0.0000190398799917,
 -0.0000550009428837,  0.0000189237563962,
 -0.0000542895038677,  0.0000187830747564,
 -0.0000535141576993,  0.0000186185296835,
 -0.0000526772052918,  0.0000184308357630,
 -0.0000517809922495,  0.0000182207261407,
 -0.0000508279041453,  0.0000179889509338,
 -0.0000498203631984,  0.0000177362760818,
 -0.0000487608232652,  0.0000174634816613,
 -0.0000476517666307,  0.0000171713607720,
 -0.0000464956990700,  0.0000168607178660,
 -0.0000452951467137,  0.0000165323676583,
 -0.0000440526512591,  0.0000161871334959,
 -0.0000427707666045,  0.0000158258461919,
 -0.0000414520549803,  0.0000154493426932,
 -0.0000400990826225,  0.0000150584645910,
 -0.0000387144168315,  0.0000146540570955,
 -0.0000373006214706,  0.0000142369674808,
 -0.0000358602542009,  0.0000138080441181,
 -0.0000343958621516,  0.0000133681349709,
 -0.0000329099792882,  0.0000129180866723,
 -0.0000314051223191,  0.0000124587430934,
 -0.0000298837879274,  0.0000119909443691,
 -0.0000283484495790,  0.0000115155257767,
 -0.0000268015539893,  0.0000110333164844,
 -0.0000252455188144,  0.0000105451387376,
 -0.0000236827290548,  0.0000100518065755,
 -0.0000221155349575,  0.0000095541250890,
 -0.0000205462486587,  0.0000090528892119,
 -0.0000189771422542,  0.0000085488830351,
 -0.0000174104447270,  0.0000080428786904,
 -0.0000158483399758,  0.0000075356356398,
 -0.0000142929645328,  0.0000070278998468,
 -0.0000127464050728,  0.0000065204028550,
 -0.0000112106968838,  0.0000060138612365,
 -0.0000096878214142,  0.0000055089756696,
 -0.0000081797049602,  0.0000050064304621,
 -0.0000066882164843,  0.0000045068927160,
 -0.0000052151664822,  0.0000040110119112,
 -0.0000037623050746,  0.0000035194191592,
 -0.0000023313210537,  0.0000030327268474,
 -0.0000009238402681,  0.0000025515279907,
  0.0000004585752716,  0.0000020763958814,
  0.0000018144284411,  0.0000016078836652,
  0.0000031422880957,  0.0000011465238758,
  0.0000044407896047,  0.0000006928282193,
  0.0000057086358093,  0.0000002472871384,
  0.0000069445973639, -0.0000001896303362,
  0.0000081475134309, -0.0000006174769334,
  0.0000093162918546, -0.0000010358272344,
  0.0000104499095912, -0.0000014442779298,
  0.0000115474127626, -0.0000018424478863,
  0.0000126079167386, -0.0000022299782486,
  0.0000136306061474, -0.0000026065325433,
  0.0000146147346659, -0.0000029717966439,
  0.0000155596248458, -0.0000033254788274,
  0.0000164646677498, -0.0000036673096843,
  0.0000173293225494, -0.0000039970420986,
  0.0000181531160231, -0.0000043144511104,
  0.0000189356419418, -0.0000046193338208,
  0.0000196765604070, -0.0000049115092157,
  0.0000203755971100, -0.0000051908179888,
  0.0000210325424275, -0.0000054571223334,
  0.0000216472506078, -0.0000057103057022,
  0.0000222196386587, -0.0000059502725424,
  0.0000227496854296, -0.0000061769480171,
  0.0000232374303253, -0.0000063902776801,
  0.0000236829722885, -0.0000065902271624,
  0.0000240864683677, -0.0000067767817935,
  0.0000244481325239, -0.0000069499462414,
  0.0000247682342729, -0.0000071097441221,
  0.0000250470971054, -0.0000072562175536,
  0.0000252850972495, -0.0000073894267697,
  0.0000254826618866, -0.0000075094496160,
  0.0000256402678610, -0.0000076163811426,
  0.0000257584397868, -0.0000077103330600,
  0.0000258377487012, -0.0000077914333113,
  0.0000258788100969, -0.0000078598254975,
  0.0000258822824045, -0.0000079156684027,
  0.0000258488652599, -0.0000079591354658,
  0.0000257792975217, -0.0000079904141847,
  0.0000256743558076, -0.0000080097056486,
  0.0000255348523317, -0.0000080172238881,
  0.0000253616334383, -0.0000080131954035,
  0.0000251555773956, -0.0000079978584955,
  0.0000249175929156, -0.0000079714627881,
  0.0000246486169420, -0.0000079342685503,
  0.0000243496130211, -0.0000078865461756,
  0.0000240215694357, -0.0000078285755959,
  0.0000236654970932, -0.0000077606456220,
  0.0000232824280266, -0.0000076830534586,
  0.0000228734131411, -0.0000075961040001,
  0.0000224395207555, -0.0000075001093562,
  0.0000219818343651, -0.0000073953881482,
  0.0000215014512062, -0.0000072822650405,
  0.0000209994800477, -0.0000071610700412,
  0.0000204770397863, -0.0000070321380422,
  0.0000199352573008, -0.0000068958081347,
  0.0000193752659425, -0.0000067524231164,
  0.0000187982037977, -0.0000066023289294,
  0.0000182052117454, -0.0000064458740318,
  0.0000175974321329, -0.0000062834089617,
  0.0000169760067517, -0.0000061152856799,
  0.0000163420755902, -0.0000059418571578,
  0.0000156967748839, -0.0000057634767393,
  0.0000150412359254, -0.0000055804977462,
  0.0000143765832178, -0.0000053932728690,
  0.0000137039332212, -0.0000052021537503,
  0.0000130243929095, -0.0000050074905045,