timestep:         0.0063532800000000
yAxisLabel:velocity [m/s]       
title:bogies velocity   
vv1,    vv2,    
  0.0000000000000000,  0.0000000000000000,
  0.0000000000000000,  0.0000000000000000,
 -0.0000040887848178,  0.0000000000000000,
 -0.0000122380825250,  0.0000000000000000,
 -0.0000223297730883,  0.0000000000000000,
 -0.0000343672296897,  0.0000000000000000,
 -0.0000475396764010,  0.0000000000000000,
 -0.0000642298058939,  0.0000000000000000,
 -0.0000847130662938,  0.0000000000000000,
 -0.0001109077545234,  0.0000000000000000,
 -0.0001440101768514,  0.0000000000000000,
 -0.0001855522888005,  0.0000000000000000,
 -0.0002350698305728,  0.0000000000000000,
 -0.0002924174870960,  0.0000000000000000,
 -0.0003572877828295,  0.0000000000000000,
 -0.0004301854912063,  0.0000000000000000,
 -0.0005113084169517,  0.0000000000000000,
 -0.0006014142895891,  0.0000000000000000,
 -0.0007006141474699,  0.0000000000000000,
 -0.0008085008498301,  0.0000000000000000,
 -0.0009238434323639,  0.0000000000000000,
 -0.0010459240983822,  0.0000000000000000,
 -0.0011745436450345,  0.0000000000000000,
 -0.0013100336919126,  0.0000000000000000,
 -0.0014523901649491,  0.0000000000000000,
 -0.0016013257218693,  0.0000000000000000,
 -0.0017561281790465,  0.0000000000000000,
 -0.0019159452673205,  0.0000000000000000,
 -0.0020799031421059,  0.0000000000000000,
 -0.0022476354872964,  0.0000000000000000,
 -0.0024192981994726,  0.0000000000000000,
 -0.0025952251080060,  0.0000000000000000,
 -0.0027752445639476,  0.0000000000000000,
 -0.0029586229712045,  0.0000000000000000,
 -0.0031444629649038,  0.0000000000000000,
 -0.0033322424477242,  0.0000000000000000,
 -0.0035218313378077,  0.0000000000000000,
 -0.0037132548669722,  0.0000000000000000,
 -0.0039064687245195,  0.0000000000000000,
 -0.0041013627143108,  0.0000000000000000,
 -0.0042977808074375,  0.0000000000000000,
 -0.0044956146972258,  0.0000000000000000,
 -0.0046949454327329,  0.0000000000000000,
 -0.0048961722480403,  0.0000000000000000,
 -0.0050998960208253,  0.0000000000000000,
 -0.0053066604928351,  0.0000000000000000,
 -0.0055168398203037,  0.0000000000000000,
 -0.0057308334541378,  0.0000000000000000,
 -0.0059492986269794,  0.0000000000000000,
 -0.0061731425446120,  0.0000000000000000,
 -0.0064032572199302,  0.0000000000000000,
 -0.0066401594464684,  0.0000000000000000,
 -0.0068837457394643,  0.0000000000000000,
 -0.0071335767350867,  0.0000000000000000,
 -0.0073889692835843,  0.0000000000000000,
 -0.0076492642897107,  0.0000000000000000,
 -0.0079138216358449,  0.0000000000000000,
 -0.0081819565068881,  0.0000000000000000,
 -0.0084527557442792,  0.0000000000000000,
 -0.0087251434134029,  0.0000000000000000,
 -0.0089980487947326,  0.0000000000000000,
 -0.0092706848329574,  0.0000000000000000,
 -0.0095426240460684,  0.0000000000000000,
 -0.0098137413518371,  0.0000000000000000,
 -0.0100840112871023,  0.0000000000000000,
 -0.0103533597513044,  0.0000000000000000,
 -0.0106216104635036,  0.0000000000000000,
 -0.0108886174358300,  0.0000000000000000,
 -0.0111544013537667,  0.0000000000000000,
 -0.0114191328224424,  0.0000000000000000,
 -0.0116828650687638,  0.0000000000000000,
 -0.0119451973154826,  0.0000000000000000,
 -0.0122050497322472,  0.0000000000000000,
 -0.0124606807286436,  0.0000000000000000,
 -0.0127098956843840,  0.0000000000000000,
 -0.0129503376214126,  0.0000000000000000,
 -0.0131797054673727,  0.0000000000000000,
 -0.0133958465170065,  0.0000000000000000,
 -0.0135967582491628,  0.0000000000000000,
 -0.0137806066207680,  0.0000000000000000,
 -0.0139458097222823,  0.0000000000000000,
 -0.0140911574099882,  0.0000000000000000,
 -0.0142158684836218,  0.0000000000000000,
 -0.0143195168569256,  0.0000000000000000,
 -0.0144018342144654,  0.0000000000000000,
 -0.0144624882974720,  0.0000000000000000,
 -0.0145009567048411,  0.0000000000000000,
 -0.0145165692495900,  0.0000000000000000,
 -0.0145086904004139,  0.0000000000000000,
 -0.0144769339632576,  0.0000000000000000,
 -0.0144212868628754,  0.0000000000000000,
 -0.0143420852175860,  0.0000000000000000,
 -0.0142398771980890,  0.0000000000000000,
 -0.0141152696711351, -0.0002086047608986,
 -0.0139688371323949, -0.0003668476710935,
 -0.0138010776446947, -0.0005904012024931,
 -0.0136128895945702, -0.0007710430593497,
 -0.0134076514660793, -0.0009998834853470,
 -0.0131926005736756, -0.0011947344097492,
 -0.0129746789990322, -0.0014297219904207,
 -0.0127553641456988, -0.0016423571082506,
 -0.0125331371409455, -0.0018881706826116,
 -0.0123082741028728, -0.0021211789984970,
 -0.0120821969563648, -0.0023828370359109,
 -0.0118556629428291, -0.0026374264935849,
 -0.0116295342960913, -0.0029142535055658,
 -0.0114043843777622, -0.0031871527602277,
 -0.0111804552408907, -0.0034781954178973,
 -0.0109585887532415, -0.0037686779238620,
 -0.0107401427896661, -0.0040751198937025,
 -0.0105264545991394, -0.0043838879342625,
 -0.0103184178127154, -0.0047057310437911,
 -0.0101159080246933, -0.0050292926250246,
 -0.0099183667093992, -0.0053617611624081,
 -0.0097256130402344, -0.0056956981462188,
 -0.0095379600219585, -0.0060371291853791,
 -0.0093558790864071, -0.0063807727972019,
 -0.0091795297071785, -0.0067301521333383,
 -0.0090085416758245, -0.0070805413888131,
 -0.0088422494194389, -0.0074335066150466,
 -0.0086801204124805, -0.0077850285350458,
 -0.0085221887017337, -0.0081362582070120,
 -0.0083691274180548, -0.0084850940351692,
 -0.0082218714187451, -0.0088329825630666,
 -0.0080810610190694, -0.0091781728953816,
 -0.0079467829792696, -0.0095206929486840,
 -0.0078187429576827, -0.0098586035252945,
 -0.0076966607538592, -0.0101921555961494,
 -0.0075805554103844, -0.0105208488445229,
 -0.0074707379262022, -0.0108456297161874,
 -0.0073675454847017, -0.0111665422287242,
 -0.0072710144599238, -0.0114844191105545,
 -0.0071807517804893, -0.0117993607587619,
 -0.0070961487806826, -0.0121119373119059,
 -0.0070167741409714, -0.0124222562831125,
 -0.0069426496446646, -0.0127309374482072,
 -0.0068742196745006, -0.0130383072794500,
 -0.0068120686089171, -0.0133447350664244,
 -0.0067566262352244, -0.0136500492283290,
 -0.0067080920185666, -0.0139541931941367,
 -0.0066665935943884, -0.0142571746803362,
 -0.0066324175268620, -0.0145593807076170,
 -0.0066061663229494, -0.0148611086978157,
 -0.0065887688346453, -0.0151624430228292,
 -0.0065813129034059, -0.0154629180912571,
 -0.0065847830793530, -0.0157620052604117,
 -0.0065999136831006, -0.0160590982632522,
 -0.0066273070800146, -0.0163538763544396,
 -0.0066677189538558, -0.0166461793350194,
 -0.0067222636482032, -0.0169359492659469,
 -0.0067923991174759, -0.0172229233289367,
 -0.0068795732077817, -0.0175067015555361,
 -0.0069849684615904, -0.0177868519385624,
 -0.0071095749879526, -0.0180632168082361,
 -0.0072539412924689, -0.0183359681922493,
 -0.0074181585682600, -0.0186055935736236,
 -0.0076016805987659, -0.0188726945176563,
 -0.0078032719960158, -0.0191378675123853,
 -0.0080209545236349, -0.0194016385674258,
 -0.0082522261146985, -0.0196645850517151,
 -0.0084942668373591, -0.0199274319133692,
 -0.0087442089446899, -0.0201910167018435,
 -0.0089992857038212, -0.0204559706719701,
 -0.0092569699034276, -0.0207223306862128,
 -0.0095150066038425, -0.0209892619142273,
 -0.0097714641205483, -0.0212550455950554,
 -0.0100247358099305, -0.0215172908343517,
 -0.0102735355627759, -0.0217732794166203,
 -0.0105167901415237, -0.0220202540468044,
 -0.0107534681892150, -0.0222555645557285,
 -0.0109823323945769, -0.0224766795622047,
 -0.0112017251508106, -0.0226811921221724,
 -0.0114094510395990, -0.0228668888015026,
 -0.0116028443684561, -0.0230318791390596,
 -0.0117789939435490, -0.0231746738835716,
 -0.0119350693232938, -0.0232941150172650,
 -0.0120686133148879, -0.0233891529639059,
 -0.0121777089548099, -0.0234585894760508,
 -0.0122609737180814, -0.0235009302051170,
 -0.0123174348162769, -0.0235144389594651,
 -0.0123463663026336, -0.0234973661896892,
 -0.0123471754065118, -0.0234482292903287,
 -0.0123193683303010, -0.0233659957892231,
 -0.0122625849139497, -0.0232500958920845,
 -0.0121766495561945, -0.0231002972481037,
 -0.0120615927087912, -0.0229165485545478,
 -0.0119176193364438, -0.0226988995236967,
 -0.0117450407176597, -0.0224475501851439,
 -0.0115441979888039, -0.0221629972434595,
 -0.0113154028334272, -0.0218461877623468,
 -0.0110589041793558, -0.0214985893243120,
 -0.0107748879634152, -0.0211221368634059,
 -0.0104635166714237, -0.0207190807792375,
 -0.0101250108798277, -0.0202916341539869,
 -0.0097597551284609, -0.0198416876880157,
 -0.0093683941817366, -0.0193709489248275,
 -0.0089518858673694, -0.0188807524412810,
 -0.0085115040205684, -0.0183721883581237,
 -0.0080488102463293, -0.0178461407997302,
 -0.0075656044417711, -0.0173034751805056,
 -0.0070638500023981, -0.0167450700275995,
 -0.0065453853946637, -0.0161719125459930,
 -0.0060118680803460, -0.0155850079507094,
 -0.0054650140474372, -0.0149853306345346,
 -0.0049064347489705, -0.0143737244476368,
 -0.0043377222604789, -0.0137509239093212,
 -0.0037604144475984, -0.0131175614094496,
 -0.0031761143395027, -0.0124742520416789,
 -0.0025864711616952, -0.0118216360655999,
 -0.0019932441963942, -0.0111603999978315,
 -0.0013982146121941, -0.0104912305420732,
 -0.0008031197282006, -0.0098148156995017,
 -0.0002094963175923, -0.0091318417204769,
  0.0003813880166858, -0.0084430353328064,
  0.0009686002744207, -0.0077492294052735,
  0.0015514958399796, -0.0070514446587451,
  0.0021296711913184, -0.0063509212767325,
  0.0027028833747160, -0.0056490863265582,
  0.0032710299324839, -0.0049474458671110,
  0.0038341372390015, -0.0042474673200266,
  0.0043923707672666, -0.0035504805907697,
  0.0049459886927764, -0.0028576294388042,
  0.0054952585259512, -0.0021698641763415,
  0.0060403233114855, -0.0014879654016823,
  0.0065810746347796, -0.0008125654632005,
  0.0071170533269569, -0.0001441622660984,
  0.0076474269194081,  0.0005168610069048,
  0.0081710321027612,  0.0011701852340796,
  0.0086864679089689,  0.0018154702753328,
  0.0091921954624634,  0.0024522466399780,
  0.0096866266754006,  0.0030798205300828,
  0.0101681779496280,  0.0036972231210966,
  0.0106352902866494,  0.0043032214244809,
  0.0110864166510429,  0.0048963861016312,
  0.0115199938123620,  0.0054751946956585,
  0.0119344112095835,  0.0060381348348923,
  0.0123279943710920,  0.0065837778036475,
  0.0126990091062628,  0.0071108083584394,
  0.0130456905705623,  0.0076180130276860,
  0.0133662913108813,  0.0081042355019997,
  0.0136591426729612,  0.0085683114246386,
  0.0139227213836097,  0.0090089958257373,
  0.0141557163455474,  0.0094248990053055,
  0.0143570883998153,  0.0098145917624078,
  0.0145261163618041,  0.0101767422559411,
  0.0146624225771950,  0.0105099077752103,
  0.0147659753865980,  0.0108127239798168,
  0.0148370631423650,  0.0110839064269356,
  0.0148762381119013,  0.0113223816745713,
  0.0148842510303608,  0.0115272689830328,
  0.0148620062653208,  0.0116979868772844,
  0.0148107028795554,  0.0118342374889004,
  0.0147318537087742,  0.0119360851962376,
  0.0146270234663976,  0.0120039414624143,
  0.0144979404002731,  0.0120385937542391,
  0.0143464334809199,  0.0120411469031790,
  0.0141744999104445,  0.0120129958727890,
  0.0139842203530935,  0.0119557194711944,
  0.0137777656218598,  0.0118709836350366,
  0.0135572768056846,  0.0117604406106212,
  0.0133248234677169,  0.0116257131652279,
  0.0130823065161467,  0.0114683874143687,
  0.0128314442975979,  0.0112900672078643,
  0.0125737200905810,  0.0110924284966752,
  0.0123104047979693,  0.0108772535952503,
  0.0120425534275273,  0.0106464093053781,
  0.0117710339158245,  0.0104017943250163,
  0.0114965227255246,  0.0101452517157212,
  0.0112195363094925,  0.0098784984264643,
  0.0109404581093380,  0.0096030873686109,
  0.0106595943039280,  0.0093204248803382,
  0.0103772105520245,  0.0090318130117175,
  0.0100935758156283,  0.0087384997510753,
  0.0098089857772098,  0.0084417208985060,
  0.0095237877053433,  0.0081427295844048,
  0.0092383933677720,  0.0078427992398902,
  0.0089532960161141,  0.0075432082649256,
  0.0086690752503265,  0.0072452137343992,
  0.0083863977118377,  0.0069500331092624,
  0.0081060005389386,  0.0066588466640449,
  0.0078286633863735,  0.0063728238228811,
  0.0075551645140987,  0.0060931530845292,
  0.0072862309348079,  0.0058210543522864,
  0.0070224848581811,  0.0055577632620938,
  0.0067643996179772,  0.0053044919392442,
  0.0065122709566240,  0.0050623721234252,
  0.0062662120911891,  0.0048323888064596,
  0.0060261710131798,  0.0046153151227099,
  0.0057919679474988,  0.0044116615330239,
  0.0055633437946244,  0.0042216466480957,
  0.0053400115971197,  0.0040451912846372,
  0.0051217006139795,  0.0038819302962663,
  0.0049081860712977,  0.0037312339472657,
  0.0046992980775010,  0.0035923710333408,
  0.0044949081511954,  0.0034646878478986,
  0.0042948970015123,  0.0033474251077747,
  0.0040991128415064,  0.0032398982952878,
  0.0039073239091599,  0.0031414982783750,
  0.0037191675770769,  0.0030518019497231,
  0.0035341161421888,  0.0029705067730754,
  0.0033514871825800,  0.0028974672633322,
  0.0031706574913577,  0.0028326045208422,
  0.0029911871644690,  0.0027759067736394,
  0.0028126696608057,  0.0027273689333623,
  0.0026349317232152,  0.0026870150106294,
  0.0024580355167036,  0.0026548728446933,
  0.0022823693511946,  0.0026310071146185,
  0.0021085480886343,  0.0026154947777483,
  0.0019373864736151,  0.0026084232765463,
  0.0017697577601801,  0.0026098815825757,
  0.0016065413992189,  0.0026200073020856,
  0.0014485298135459,  0.0026390063364455,
  0.0012964314896888,  0.0026671918825755,
  0.0011508417325925,  0.0027049903752573,
  0.0010122797596613,  0.0027529139217660,
  0.0008811827265944,  0.0028114837658488,
  0.0007579087213965,  0.0028811463990751,
  0.0006426848548101,  0.0029621876899919,
  0.0005355725482517,  0.0030546884701816,
  0.0004364251713244,  0.0031585172553847,
  0.0003448866806914,  0.0032733690863625,
  0.0002603861751072,  0.0033988206209632,
  0.0001821555864890,  0.0035343728298311,
  0.0001092552964767,  0.0036794525647045,
  0.0000406304243347,  0.0038333840294458,
 -0.0000248285335101,  0.0039953389944972,
 -0.0000882161496248,  0.0041642834392739,
 -0.0001505537415791,  0.0043389329333619,
 -0.0002127364659824,  0.0045177345233779,
 -0.0002754997807658,  0.0046988763464218,
 -0.0003393998215247,  0.0048803251948541,
 -0.0004048119388362,  0.0050598876058614,
 -0.0004719385057253,  0.0052352878410228,
 -0.0005408277880638,  0.0054042497123469,
 -0.0006113988003475,  0.0055645714620601,
 -0.0006834741874325,  0.0057141886756316,
 -0.0007568157774320,  0.0058512287976599,
 -0.0008311607675053,  0.0059740558166279,
 -0.0009062512576201,  0.0060813000338528,
 -0.0009818541498987,  0.0061718702504492,
 -0.0010577688259889,  0.0062449515182551,
 -0.0011338265217663,  0.0062999923973247,
 -0.0012098863758235,  0.0063366851084935,
 -0.0012858348226664,  0.0063550100750917,
 -0.0013615898035835,  0.0063554260982974,
 -0.0014371061170845,  0.0063386426749458,
 -0.0015123742112688,  0.0063056424144875,
 -0.0015874137362491,  0.0062575821952287,
 -0.0016622691885576,  0.0061957959910709,
 -0.0017370006885911,  0.0061216552386195,
 -0.0018116545356127,  0.0060365436123912,
 -0.0018861150330047,  0.0059417556529401,
 -0.0019599590873996,  0.0058384979853524,
 -0.0020326411894672,  0.0057278599252179,
 -0.0021034104626480,  0.0056108593677354,
 -0.0021713740862836,  0.0054884432378058,
 -0.0022354654223133,  0.0053615408723059,
 -0.0022945628670442,  0.0052310579208134,
 -0.0023475260433149,  0.0050978518480851,
 -0.0023933199095391,  0.0049626759017030,
 -0.0024310501835009,  0.0048261750332043,
 -0.0024600248255585,  0.0046888774190677,
 -0.0024797236274241,  0.0045512265391857,
 -0.0024897988239871,  0.0044136130675762,
 -0.0024900220996415,  0.0042764022372352,
 -0.0024802658308365,  0.0041399312858067,
 -0.0024604674078087,  0.0040044935805116,
 -0.0024306385911733,  0.0038703015416903,
 -0.0023908690856196,  0.0037374590330099,
 -0.0023413504315167,  0.0036059437846547,
 -0.0022823751435635,  0.0034756274391304,
 -0.0022143514162057,  0.0033463318159122,
 -0.0021378116025470,  0.0032179050609686,
 -0.0020534242725186,  0.0030902819206614,
 -0.0019619845039135,  0.0029635165711747,
 -0.0018644007220980,  0.0028377762258075,
 -0.0017616687418629,  0.0027132966760734,
 -0.0016548440522071,  0.0025903065473624,
 -0.0015450017982952,  0.0024689470338423,
 -0.0014331954375186,  0.0023492066334259,
 -0.0013204164425296,  0.0022308843946640,
 -0.0012075708714587,  0.0021135852989288,
 -0.0010954720208210,  0.0019967451708363,
 -0.0009848485759431,  0.0018796745097046,
 -0.0008763589568556,  0.0017616083018838,
 -0.0007706118861965,  0.0016417473608385,
 -0.0006681886303052,  0.0015192855717148,
 -0.0005696626390069,  0.0013934244108195,
 -0.0004756055414309,  0.0012633811704100,
 -0.0003865752280863,  0.0011283973316938,
 -0.0003030883133256,  0.0009877503598308,
 -0.0002255888834907,  0.0008407666564596,
 -0.0001544259149393,  0.0006868334024419,
 -0.0000898499466489,  0.0005254593070356,
 -0.0000320315310977,  0.0003565473309741,
  0.0000189031660425,  0.0001802354745600,
  0.0000628300642959, -0.0000030304280962,
  0.0000995834883136, -0.0001925286055250,
  0.0001289137410308, -0.0003872080452048,
  0.0001504608800515, -0.0005858015192338,
  0.0001637611134037, -0.0007868541641086,
  0.0001683732229259, -0.0009888479253759,
  0.0001640310259427, -0.0011902473543159,
  0.0001504589060477, -0.0013895817200326,
  0.0001274588094712, -0.0015854472902339,
  0.0000948660475978, -0.0017765435414783,
  0.0000526120500364, -0.0019616411271533,
  0.0000006493104457, -0.0021395827888408,
 -0.0000610327852129, -0.0023092862684810,
 -0.0001324790756751, -0.0024697846597332,
 -0.0002137533011060, -0.0026202429693047,
 -0.0003049540992526, -0.0027599970963289,
 -0.0004061458866758, -0.0028885493927192,
 -0.0005173259101949, -0.0030055552393980,
 -0.0006383484570224, -0.0031108057681115,
 -0.0007689041194243, -0.0032042216382506,
 -0.0009085056801564, -0.0032858420469354,
 -0.0010565331874308, -0.0033558300036335,
 -0.0012122726550908, -0.0034144748638012,
 -0.0013749661863794, -0.0034621941500740,
 -0.0015438292993481, -0.0034995112759521,
 -0.0017180731448493, -0.0035270187564364,
 -0.0018969045588164, -0.0035453436859524,
 -0.0020795175092734, -0.0035551331204835,
 -0.0022650631706293, -0.0035570483769131,
 -0.0024526299638883, -0.0035517706244364,
 -0.0026412334573493, -0.0035400201647684,
 -0.0028298303067070, -0.0035225870349438,
 -0.0030173421440574, -0.0035003519955362,
 -0.0032026903956390, -0.0034742882653761,
 -0.0033848307893096, -0.0034454413320699,
 -0.0035627896216192, -0.0034148915148371,
 -0.0037356916748121, -0.0033837056458328,
 -0.0039027785111689, -0.0033528894241975,
 -0.0040634144911866, -0.0033233531778064,
 -0.0042170900384632, -0.0032959007613371,
 -0.0043634275699494, -0.0032712395085401,
 -0.0045021933740395, -0.0032500028037848,
 -0.0046333058029792, -0.0032327727184631,
 -0.0047568300428728, -0.0032200920823295,
 -0.0048729538157227, -0.0032124630803698,
 -0.0049819501095548, -0.0032103400432164,
 -0.0050841362468069, -0.0032141263377238,
 -0.0051798392488744, -0.0032241748750931,
 -0.0052693727739218, -0.0032405003498258,
 -0.0053530277474579, -0.0032629491540488,
 -0.0054310757473492, -0.0032911919706845,
 -0.0055037879982418, -0.0033247671525286,
 -0.0055714692019409, -0.0033630307554958,
 -0.0056344847454222, -0.0034052409927855,
 -0.0056932540443820, -0.0034505544686660,
 -0.0057481590735061, -0.0034980995842029,
 -0.0057993186856116, -0.0035469817584525,
 -0.0058467321530780, -0.0035963265261278,
 -0.0058902128385934, -0.0036452621208702,
 -0.0059294349445031, -0.0036929442471998,
 -0.0059639066661942, -0.0037385290600227,
 -0.0059930856934976, -0.0037811776028421,
 -0.0060164215941088, -0.0038200601495969,
 -0.0060334780742720, -0.0038543870405249,
 -0.0060439618686391, -0.0038834185676733,
 -0.0060477593224930, -0.0039064994323911,
 -0.0060448767352989, -0.0039230582643077,
 -0.0060353931319114, -0.0039326085887805,
 -0.0060193628709725, -0.0039347611652171,
 -0.0059967710953987, -0.0039292544005509,
 -0.0059675046806844, -0.0039159846963064,
 -0.0059313773770165, -0.0038950497751851,
 -0.0058881396719224, -0.0038667757000354,
 -0.0058374957278172, -0.0038317135784803,
 -0.0057791029726076, -0.0037905874061715,
 -0.0057125876593289, -0.0037442215145903,
 -0.0056375490664184, -0.0036934677710795,
 -0.0055535707692929, -0.0036391447826462,
 -0.0054602239369483, -0.0035819932979019,
 -0.0053570733670986, -0.0035226617103613,
 -0.0052436738001874, -0.0034617182053684,
 -0.0051195691848277, -0.0033996810327699,
 -0.0049842915518398, -0.0033370473512266,
 -0.0048373711184897, -0.0032743054389070,
 -0.0046783543591530, -0.0032119222349857,
 -0.0045068356620718, -0.0031503150205762,
 -0.0043224947782841, -0.0030898203347374,
 -0.0041251320907020, -0.0030306718786453,
 -0.0039146864482505, -0.0029729931838089,
 -0.0036912360681543, -0.0029168101335319,
 -0.0034549885132665, -0.0028620849453627,
 -0.0032062714026257, -0.0028087650161173,
 -0.0029455298828279, -0.0027568302267132,
 -0.0026733347130547, -0.0027063232738741,
 -0.0023903968539376, -0.0026573560675821,
 -0.0020975823060000, -0.0026100969459948,
 -0.0017959188908576, -0.0025647501563491,
 -0.0014865912724231, -0.0025215448603922,
 -0.0011709246279835, -0.0024804042483772,
 -0.0008503616005264, -0.0024411180905118,
 -0.0005264373646811, -0.0024033540669506,
 -0.0002007616603647, -0.0023667242415851,
  0.0001249856565079, -0.0023307588887709,
  0.0004490582421296, -0.0022950128938520,
  0.0007696667632856, -0.0022590725435184,
  0.0010850849372817, -0.0022226325842032,
  0.0013938635942203, -0.0021854911439302,
  0.0016946823611075, -0.0021475707722125,
  0.0019864450558438, -0.0021088680377378,
  0.0022682537128991, -0.0020694413127270,
  0.0025394579746816, -0.0020293476741995,
  0.0027995574552925, -0.0019886181386561,
  0.0030481774812589, -0.0019472382999633,
  0.0032849589288088, -0.0019051635746704,
  0.0035095528242004, -0.0018623177197321,
  0.0037216051198320, -0.0018186133529462,
  0.0039208309592859, -0.0017739386523954,
  0.0041070525269438, -0.0017281532298682,
  0.0042802537116748, -0.0016810941098415,
  0.0044405612122998, -0.0016325972377626,
  0.0045882250567363, -0.0015825191805202,
  0.0047235645429933, -0.0015307616531379,
  0.0048469413663605, -0.0014772727626219,
  0.0049587365822464, -0.0014220418876207,
  0.0050593721219213, -0.0013650900809466,
  0.0051493417387594, -0.0013064675618020,
  0.0052292496965554, -0.0012462533333478,
  0.0052998080383946, -0.0011845649034159,
  0.0053618083224552, -0.0011215697728284,
  0.0054160789264147, -0.0010574904823300,
  0.0054634649662501, -0.0009925966027551,
  0.0055048255853196, -0.0009271922686396,
  0.0055410455702347, -0.0008616118297295,
  0.0055730407645456, -0.0007962322269236,
  0.0056017559387190, -0.0007314870420022,
  0.0056281456900081, -0.0006678690503604,
  0.0056531428491616, -0.0006059182035747,
  0.0056776190789466, -0.0005461987893713,
  0.0057023516146021, -0.0004892691808827,
  0.0057279978900669, -0.0004356530942198,
  0.0057550799940207, -0.0003858230437585,
  0.0057839778521566, -0.0003402017425923,
  0.0058149322220022, -0.0002991759539497,
  0.0058480522885166, -0.0002631129783001,
  0.0058833242830382, -0.0002323739189364,
  0.0059206174452159, -0.0002073235682841,
  0.0059596864510095, -0.0001883358741066,
  0.0060001688049352, -0.0001757985293215,
  0.0060415787504794, -0.0001697874986531,
  0.0060833017181193, -0.0001702238885096,
  0.0061245948700290, -0.0001768549737629,
  0.0061645908234490, -0.0001892877258180,
  0.0062022997505787, -0.0002069398471454,
  0.0062366237124410, -0.0002291370591983,
  0.0062664019694542, -0.0002551313077470,
  0.0062905487526421, -0.0002842056772391,
  0.0063082690184652, -0.0003156983629928,
  0.0063189087358772, -0.0003490465108393,
  0.0063220556451855, -0.0003837492824543,
  0.0063175037453753, -0.0004193545427357,
  0.0063052984355272, -0.0004553910840185,
  0.0062856418683473, -0.0004913511819852,
  0.0062588703494235, -0.0005266930526268,
  0.0062253513914543, -0.0005608827753099,
  0.0061855036672347, -0.0005934070031516,
  0.0061398011586112, -0.0006237871400173,
  0.0060888518831096, -0.0006515545022800,
  0.0060334283794602, -0.0006762369088505,
  0.0059745124497572, -0.0006973486829253,
  0.0059132704572121, -0.0007143903658810,
  0.0058510327642558, -0.0007268502676571,
  0.0057892307681901, -0.0007342205313338,
  0.0057293409909933, -0.0007360017663643,
  0.0056728147476548, -0.0007316899009086,
  0.0056210527370766, -0.0007207366883834,
  0.0055753933598679, -0.0007025063017222,
  0.0055371159547876, -0.0006762414281912,
  0.0055074248468775, -0.0006410714756547,
  0.0054874301459088, -0.0005960608440014,
  0.0054781151896403, -0.0005402707702811,
  0.0054803119850561, -0.0004728092083771,
  0.0054946807346144, -0.0003928670955520,
  0.0055217081094212, -0.0002997405123141,
  0.0055617182196559, -0.0001928414728693,
  0.0056148953167342, -0.0000717002048994,
  0.0056813035597834,  0.0000640320960596,
  0.0057609014821918,  0.0002145734569604,
  0.0058535441495006,  0.0003799918226845,
  0.0059589792937911,  0.0005601841278585,
  0.0060768422649047,  0.0007548657909057,
  0.0062066559281034,  0.0009635781184890,
  0.0063478322312516,  0.0011857069442334,
  0.0064996762712597,  0.0014205011418784,
  0.0066613937055080,  0.0016670845240386,
  0.0068321038648332,  0.0019244632390806,
  0.0070108550196336,  0.0021915336289329,
  0.0071966366639370,  0.0024670932642625,
  0.0073883832053630,  0.0027498718915362,
  0.0075849700035623,  0.0030388528177698,
  0.0077852074888029,  0.0033331057331077,
  0.0079878393757760,  0.0036318348291009,
  0.0081915407809298,  0.0039343381183647,
  0.0083949117359790,  0.0042400454384279,
  0.0085964834723411,  0.0045484027129494,
  0.0087947583834097,  0.0048588534913313,
  0.0089883746810429,  0.0051707385186710,
  0.0091762728052502,  0.0054833040563918,
  0.0093575029424792,  0.0057956928028018,
  0.0095313277571866,  0.0061070166859200,
  0.0096971336541580,  0.0064163826262759,
  0.0098544420687122,  0.0067229433229790,
  0.0100028072846747,  0.0070258849148034,
  0.0101418353539882,  0.0073244239756111,
  0.0102711486753729,  0.0076177733942433,
  0.0103904905848378,  0.0079051279742131,
  0.0104997651026888,  0.0081856575398694,
  0.0105990685718177,  0.0084585728731780,
  0.0106885977521601,  0.0087231870903450,
  0.0107685943111043,  0.0089789464948197,
  0.0108392833318359,  0.0092254256655524,
  0.0109008964513984,  0.0094623233272287,
  0.0109537246900535,  0.0096894393463006,
  0.0109981963495234,  0.0099066530348676,
  0.0110348747204815,  0.0101139167464542,
  0.0110644222719034,  0.0103112624116051,
  0.0110875338254586,  0.0104987981378910,
  0.0111048918615003,  0.0106767131075743,
  0.0111171377215863,  0.0108452764180774,
  0.0111248825878223,  0.0110048198887168,
  0.0111287271475246,  0.0111557124770371,
  0.0111292815810236,  0.0112983440341189,
  0.0111271632226423,  0.0114331103646812,
  0.0111229829178693,  0.0115603946572616,
  0.0111173168995805,  0.0116805452225880,
  0.0111106787253051,  0.0117938514704042,
  0.0111034905378299,  0.0119005207311976,
  0.0110960610826821,  0.0120006707970992,
  0.0110885677904492,  0.0120943417326363,
  0.0110810463162113,  0.0121815138177578,
  0.0110733832237202,  0.0122621145075567,
  0.0110653169388517,  0.0123360067783316,
  0.0110564500049663,  0.0124029605872413,
  0.0110462725987481,  0.0124626201864047,
  0.0110341869058873,  0.0125144838981556,
  0.0110195274536749,  0.0125579054082749,
  0.0110015771974667,  0.0125921136476688,
  0.0109795841432610,  0.0126162440467379,
  0.0109527798844484,  0.0126294234852999,
  0.0109203986941519,  0.0126310623103797,
  0.0108816919630463,  0.0126206790784273,
  0.0108359336450795,  0.0125979766721008,
  0.0107824120282574,  0.0125627909038061,
  0.0107204122525159,  0.0125151363005013,
  0.0106492154459755,  0.0124551174471352,
  0.0105681364565660,  0.0123829471173104,
  0.0104767227282844,  0.0122988666212061,
  0.0103748630709037,  0.0122031672044614,
  0.0102626747088407,  0.0120961611158427,
  0.0101406372440142,  0.0119782177973399,
  0.0100094133267142,  0.0118497465755147,
  0.0098697638858941,  0.0117112220771846,
  0.0097224032055106,  0.0115631882444323,
  0.0095680352756661,  0.0114063180227406,
  0.0094073689017840,  0.0112414357084626,
  0.0092411530438406,  0.0110695201571571,
  0.0090700906763180,  0.0108916497407408,
  0.0088948458690835,  0.0107089473040313,
  0.0087160360402595,  0.0105225180333326,
  0.0085342688473885,  0.0103334348422039,
  0.0083501215643501,  0.0101427312806736,
  0.0081641372577922,  0.0099513919510799,
  0.0079768044393839,  0.0097603437096986,
  0.0077885610564428,  0.0095704739885110,
  0.0075997759816723,  0.0093826437159051,
  0.0074107602853213,  0.0091976892360088,
  0.0072217704538694,  0.0090164107304306,
  0.0070330138478929,  0.0088395629772076,
  0.0068446359231143,  0.0086678413747772,
  0.0066567108179306,  0.0085018700075302,
  0.0064692297723318,  0.0083421921512686,
  0.0062821133393575,  0.0081892649923563,
  0.0060952242160064,  0.0080434547873614,
  0.0059083727694084,  0.0079050330426979,
  0.0057213139737448,  0.0077741681945629,
  0.0055337534079530,  0.0076509179242368,
  0.0053453537337418,  0.0075352246941984,
  0.0051557431531800,  0.0074269148224269,
  0.0049645241768938,  0.0073257006406150,
  0.0047712867195193,  0.0072311896235701,
  0.0045756213727034,  0.0071428977120632,
  0.0043771333199509,  0.0070602613178662,
  0.0041754525008710,  0.0069826428760667,
  0.0039702443209441,  0.0069093315323380,
  0.0037612242604128,  0.0068395455083426,
  0.0035481766673561,  0.0067724410671682,
  0.0033309723350100,  0.0067071251361920,
  0.0031095846018622,  0.0066426669412354,
  0.0028841056589583,  0.0065781981922953,
  0.0026547653966860,  0.0065131543573078,
  0.0024219518606013,  0.0064470666493816,
  0.0021862322789124,  0.0063796564920770,
  0.0019483741706355,  0.0063107218971424,
  0.0017103476754446,  0.0062401299944435,
  0.0014745054853273,  0.0061676790897060,
  0.0012407878794648,  0.0060930465318599,
  0.0010098082405162,  0.0060155117703926,
  0.0007815592690792,  0.0059340357816856,
  0.0005565686062075,  0.0058483722713008,
  0.0003348731437885,  0.0057599816461999,
  0.0001169231265557,  0.0056702991965947,
 -0.0000972113118292,  0.0055793733552877,
 -0.0003071475633745,  0.0054867754619913,
 -0.0005127932324195,  0.0053919679231567,
 -0.0007138240223518,  0.0052946609659507,
 -0.0009101350641812,  0.0051952665882674,
 -0.0011014522489876,  0.0050944432811958,
 -0.0012876664006488,  0.0049929498218163,
 -0.0014685468752299,  0.0048913138588929,
 -0.0016439867043448,  0.0047897410502368,
 -0.0018137933105433,  0.0046883595903084,
 -0.0019778669524393,  0.0045874938937127,
 -0.0021360488544102,  0.0044877733038504,
 -0.0022882502463370,  0.0043899233649143,
 -0.0024343428024758,  0.0042945486033309,
 -0.0025742514216697,  0.0042020553415815,
 -0.0027078755798854,  0.0041127928709620,
 -0.0028351557021515,  0.0040271575131940,
 -0.0029560169413507,  0.0039456010427452,
 -0.0030704164402640,  0.0038685482193047,
 -0.0031783032808271,  0.0037963268843982,
 -0.0032796519927034,  0.0037291161082807,
 -0.0033744341002274,  0.0036669349248658,
 -0.0034626417797164,  0.0036096605313031,
 -0.0035442676858109,  0.0035570640667052,
 -0.0036193215808861,  0.0035088192094991,
 -0.0036878160476534,  0.0034644843971312,
 -0.0037497781224312,  0.0034234954527622,
 -0.0038052391770997,  0.0033851971466922,
 -0.0038542430119599,  0.0033488864271219,
 -0.0038968386805745,  0.0033138264824672,
 -0.0039330860802632,  0.0032792421278909,
 -0.0039630508482808,  0.0032443370922385,
 -0.0039868081878624,  0.0032083378711799,
 -0.0040044392179644,  0.0031705150057580,
 -0.0040160335579097,  0.0031301536684588,
 -0.0040216866946637,  0.0030865078401473,
 -0.0040215016957081,  0.0030387938681739,
 -0.0040155872870778,  0.0029863387354330,
 -0.0040040589554954,  0.0029288515541490,
 -0.0039870375217729,  0.0028662933835292,
 -0.0039646498158445,  0.0027989930374092,
 -0.0039370275953306,  0.0027274493522823,
 -0.0039043079226949,  0.0026522346266429,
 -0.0038666323241547,  0.0025738183419651,
 -0.0038241469599074,  0.0024926525882728,
 -0.0037770019506606,  0.0024092594163185,
 -0.0037253514048990,  0.0023242978682361,
 -0.0036693528628892,  0.0022384068600149,
 -0.0036091672259562,  0.0021521337347792,
 -0.0035449582834306,  0.0020659110446803,
 -0.0034768925758001,  0.0019801690908302,
 -0.0034051389810339,  0.0018953844956268,
 -0.0033298685341082,  0.0018120750859107,
 -0.0032512540567700,  0.0017307115377277,
 -0.0031694699494848,  0.0016516691669897,
 -0.0030846918539637,  0.0015752162038270,
 -0.0029970964289617,  0.0015015836349805,
 -0.0029068610385929,  0.0014310156041264,
 -0.0028141635202866,  0.0013637701197026,
 -0.0027191818943056,  0.0013000570113788,
 -0.0026220941299137,  0.0012399854109233,
 -0.0025230778732727,  0.0011835471633378,
 -0.0024223102162725,  0.0011306582653985,
 -0.0023199674410917,  0.0010811966053330,
 -0.0022162247950917,  0.0010350004349815,
 -0.0021112562510772,  0.0009918330133172,
 -0.0020052342906127,  0.0009513640753091,
 -0.0018983296797114,  0.0009131787320751,
 -0.0017907112625506,  0.0008768084771215,
 -0.0016825457523012,  0.0008417591731391,
 -0.0015739975367471,  0.0008075267125654,
 -0.0014652284843390,  0.0007736010427222,
 -0.0013563977628056,  0.0007394727650443,
 -0.0012476616606778,  0.0007046439569963,
 -0.0011391734197170,  0.0006686442695769,
 -0.0010310830718663,  0.0006310496932354,
 -0.0009235372863919,  0.0005915026115842,
 -0.0008166792225050,  0.0005497293076437,
 -0.0007106483914824,  0.0005055565955654,
 -0.0006055805251277,  0.0004589295197606,
 -0.0005016074532534,  0.0004099325447790,
 -0.0003988569879953,  0.0003588133513234,
 -0.0002974528169752,  0.0003060077171677,
 -0.0001975144034241,  0.0002521635361631,
 -0.0000991568948617,  0.0001983497124040,
 -0.0000024910392349,  0.0001453796061494,
  0.0000923768908181,  0.0000932208756430,
  0.0001853451661993,  0.0000420137487175,
  0.0002763166615763, -0.0000082615908685,
  0.0003651989081363, -0.0000574866775911,
  0.0004519041385780, -0.0001056703691612,
  0.0005363493245528, -0.0001527140064751,
  0.0006184562067734, -0.0001986179628466,
  0.0006981513177411, -0.0002433009154182,
  0.0007753659970772, -0.0002867573553723,
  0.0008500363998682, -0.0003289208556944,
  0.0009221034979103, -0.0003697823896941,
  0.0009915130741110, -0.0004092882535944,
  0.0010582157100991, -0.0004474278884138,
  0.0011221667672551, -0.0004841584834500,
  0.0011833263612885, -0.0005194695301601,
  0.0012416593303957, -0.0005533276168302,
  0.0012971351974718, -0.0005857234960268,
  0.0013497281262576, -0.0006166319553185,
  0.0013994168716251, -0.0006460458994812,
  0.0014461847243266, -0.0006739473569366,
  0.0014900194502792, -0.0007003320125677,
  0.0015309132246084, -0.0007251883667447,
  0.0015688625606289, -0.0007485153015404,
  0.0016038682339949, -0.0007703071642513,
  0.0016359352020774, -0.0007905662853635,
  0.0016650725190495, -0.0008092923403461,
  0.0016912932466300, -0.0008264912305210,
  0.0017146143607383, -0.0008421675174892,
  0.0017350566543659, -0.0008563306964225,
  0.0017526446368000, -0.0008689898269714,
  0.0017674064294281, -0.0008801579450909,
  0.0017793736583348, -0.0008898482575278,
  0.0017885813439208, -0.0008980772298353,
  0.0017950677876704, -0.0009048618898002,
  0.0017988744564589, -0.0009102219771533,
  0.0018000458644504, -0.0009141780310142,
  0.0017986294528260, -0.0009167528764610,
  0.0017946754676184, -0.0009179702646210,
  0.0017882368358134, -0.0009178558919624,
  0.0017793690399398, -0.0009164364289649,
  0.0017681299913528, -0.0009137402109577,
  0.0017545799024165, -0.0009097965394507,
  0.0017387811577945, -0.0009046361427112,
  0.0017207981850167, -0.0008982906680893,
  0.0017006973245858, -0.0008907929816202,
  0.0016785466997575, -0.0008821767940464,
  0.0016544160861968, -0.0008724768482020,
  0.0016283767817207, -0.0008617286385902,
  0.0016005014762956, -0.0008499685208960,
  0.0015708641224726, -0.0008372334971109,
  0.0015395398064372, -0.0008235612712745,
  0.0015066046198446, -0.0008089900806749,
  0.0014721355326185, -0.0007935587147480,
  0.0014362102668558, -0.0007773063788570,
  0.0013989071720141, -0.0007602726882451,
  0.0013603051015363, -0.0007424975550722,
  0.0013204832910498, -0.0007240211657782,
  0.0012795212382928, -0.0007048838849791,
  0.0012374985849043, -0.0006851262221238,
  0.0011944950002123, -0.0006647887478725,
  0.0011505900671395, -0.0006439120541976,
  0.0011058631703959, -0.0006225366802828,
  0.0010603933869797, -0.0006007030690022,
  0.0010142593791868, -0.0005784515003184,
  0.0009675392902194, -0.0005558220462504,
  0.0009203106424598, -0.0005328545104431,
  0.0008726502385314, -0.0005095883830922,
  0.0008246340652285, -0.0004860627858094,
  0.0007763372004004, -0.0004623164275765,
  0.0007278337228658, -0.0004383875543292,
  0.0006791966254173, -0.0004143139067041,
  0.0006304977310537, -0.0003901326739921,
  0.0005818076123505, -0.0003658804542230,
  0.0005331955141604, -0.0003415932122147,
  0.0004847292796707, -0.0003173062424378,
  0.0004364752798042, -0.0002930541310297,
  0.0003884983460439, -0.0002688707216817,
  0.0003408617067040, -0.0002447890815294,
  0.0002936269266741, -0.0002208414702728,
  0.0002468538506414, -0.0001970593098648,
  0.0002006005498922, -0.0001734731570207,
  0.0001549232725270, -0.0001501126766439,
  0.0001098763972550, -0.0001270066177552,
  0.0000655123907413, -0.0001041827906629,
  0.0000218817684374, -0.0000816680463716,
 -0.0000209669410661, -0.0000594882573940,
 -0.0000629872281902, -0.0000376683006554,
 -0.0001041346310411, -0.0000162320418991,
 -0.0001443667606466,  0.0000047976779487,
 -0.0001836433226964,  0.0000253990548237,
 -0.0002219261360006,  0.0000455513317567,
 -0.0002591791475365,  0.0000652348075057,
 -0.0002953684441552,  0.0000844308433963,
 -0.0003304622610570,  0.0001031218686145,
 -0.0003644309870354,  0.0001212913837980,
 -0.0003972471665540,  0.0001389239630856,
 -0.0004288854987115,  0.0001560052545511,
 -0.0004593228331538,  0.0001725219791360,
 -0.0004885381630125,  0.0001884619280522,
 -0.0005165126148552,  0.0002038139587059,
 -0.0005432294358800,  0.0002185679892125,
 -0.0005686739782758,  0.0002327149915044,
 -0.0005928336808501,  0.0002462469830478,
 -0.0006156980480584,  0.0002591570172668,
 -0.0006372586264704,  0.0002714391726684,
 -0.0006575089787626,  0.0002830885407343,
 -0.0006764446553233,  0.0002941012126048,
 -0.0006940631635631,  0.0003044742646189,
 -0.0007103639349589,  0.0003142057427083,
 -0.0007253482900454,  0.0003232946457695,
 -0.0007390194013278,  0.0003317409079866,
 -0.0007513822542270,  0.0003395453801704,
 -0.0007624436061945,  0.0003467098101766,
 -0.0007722119440559,  0.0003532368224376,
 -0.0007806974396839,  0.0003591298966540,
 -0.0007879119040954,  0.0003643933456966,
 -0.0007938687400755,  0.0003690322927677,
 -0.0007985828933810,  0.0003730526478478,
 -0.0008020708027061,  0.0003764610835232,
 -0.0008043503484262,  0.0003792650101965,
 -0.0008054408002291,  0.0003814725507365,
 -0.0008053627637592,  0.0003830925146316,
 -0.0008041381263472,  0.0003841343716796,
 -0.0008017900019236,  0.0003846082252656,
 -0.0007983426752105,  0.0003845247852722,
 -0.0007938215452881,  0.0003838953406715,
 -0.0007882530686079,  0.0003827317318312,
 -0.0007816647015864,  0.0003810463226066,
 -0.0007740848428299,  0.0003788519722385,
 -0.0007655427750867,  0.0003761620071042,
 -0.0007560686070300,  0.0003729901923757,
 -0.0007456932149454,  0.0003693507036185,
 -0.0007344481844110,  0.0003652580983762,
 -0.0007223657520533,  0.0003607272877799,
 -0.0007094787474606,  0.0003557735082230,
 -0.0006958205353329,  0.0003504122931415,
 -0.0006814249579489,  0.0003446594449339,
 -0.0006663262780222,  0.0003385310070651,
 -0.0006505591220238,  0.0003320432363837,
 -0.0006341584240433,  0.0003252125756897,
 -0.0006171593702570,  0.0003180556265882,
 -0.0005995973440713,  0.0003105891226609,
 -0.0005815078720076,  0.0003028299029872,
 -0.0005629265703922,  0.0002947948860459,
 -0.0005438890929069,  0.0002865010440258,
 -0.0005244310790802,  0.0002779653775789,
 -0.0005045881037346,  0.0002692048910328,
 -0.0004843956274802,  0.0002602365680981,
 -0.0004638889482993,  0.0002510773480928,
 -0.0004431031542572,  0.0002417441027053,
 -0.0004220730773957,  0.0002322536133197,
 -0.0004008332488507,  0.0002226225489239,
 -0.0003794178552357,  0.0002128674446209,
 -0.0003578606963228,  0.0002030046807594,
 -0.0003361951440891,  0.0001930504627124,
 -0.0003144541030979,  0.0001830208012958,
 -0.0002926699723036,  0.0001729314938638,
 -0.0002708746082988,  0.0001627981060908,
 -0.0002490992900056,  0.0001526359544440,
 -0.0002273746848530,  0.0001424600893628,
 -0.0002057308164561,  0.0001322852791546,
 -0.0001841970338146,  0.0001221259946158,
 -0.0001628019820482,  0.0001119963943836,
 -0.0001415735746728,  0.0001019103110241,
 -0.0001205389674676,  0.0000918812378762,
 -0.0000997245338614,  0.0000819223166223,
 -0.0000791558419173,  0.0000720463256192,
 -0.0000588576329055,  0.0000622656689851,
 -0.0000388538014380,  0.0000525923664318,
 -0.0000191673771850,  0.0000430380438496,
  0.0000001794918356,  0.0000336139246423,
  0.0000191655543992,  0.0000243308218093,
  0.0000377704696632,  0.0000151991307668,
  0.0000559748191730,  0.0000062288229229,
  0.0000737601173777, -0.0000025705600371,
  0.0000911088205959, -0.0000111899111281,
  0.0001080043344592, -0.0000196205623171,
  0.0001244310198815, -0.0000278542880737,
  0.0001403741975496, -0.0000358833082163,
  0.0001558201509624, -0.0000437002900665,
  0.0001707561280410, -0.0000512983499242,
  0.0001851703413405, -0.0000586710538758,
  0.0001990519668535, -0.0000658124179316,
  0.0002123911415080, -0.0000727169075423,
  0.0002251789593188, -0.0000793794364726,
  0.0002374074662359, -0.0000857953650547,
  0.0002490696537467, -0.0000919604978482,
  0.0002601594512461, -0.0000978710807113,
  0.0002706717172110, -0.0001035237973029,
  0.0002806022292150, -0.0001089157650307,
  0.0002899476728195, -0.0001140445304636,
  0.0002987056293822, -0.0001189080642263,
  0.0003068745627929, -0.0001235047553813,
  0.0003144538052340, -0.0001278334053457,
  0.0003214435419514, -0.0001318932213328,
  0.0003278447950830, -0.0001356838093436,
  0.0003336594066094, -0.0001392051667367,
  0.0003388900204490, -0.0001424576743872,
  0.0003435400637443, -0.0001454420884583,
  0.0003476137273800, -0.0001481595318009,
  0.0003511159457797, -0.0001506114850080,
  0.0003540523760024, -0.0001527997771276,
  0.0003564293762235, -0.0001547265760806,
  0.0003582539836057, -0.0001563943787810,
  0.0003595338916066, -0.0001578060009816,
  0.0003602774267841, -0.0001589645668745,
  0.0003604935251277, -0.0001598734984588,
  0.0003601917079630, -0.0001605365046982,
  0.0003593820574703, -0.0001609575704857,
  0.0003580751918623, -0.0001611409454394,
  0.0003562822402515, -0.0001610911325390,
  0.0003540148172709, -0.0001608128766382,
  0.0003512849974690, -0.0001603111528593,
  0.0003481052895228, -0.0001595911548887,
  0.0003444886103180, -0.0001586582832001,
  0.0003404482589274, -0.0001575181332181,
  0.0003359978905314, -0.0001561764834406,
  0.0003311514903153, -0.0001546392835394,
  0.0003259233473833, -0.0001529126424554,
  0.0003203280287256, -0.0001510028165051,
  0.0003143803532738, -0.0001489161975152,
  0.0003080953660815, -0.0001466593010034,
  0.0003014883126631, -0.0001442387544197,
  0.0002945746135256, -0.0001416612854624,
  0.0002873698389249, -0.0001389337104868,
  0.0002798896838797, -0.0001360629230199,
  0.0002721499434729, -0.0001330558823951,
  0.0002641664884707, -0.0001299196025210,
  0.0002559552412868, -0.0001266611407974,
  0.0002475321523267, -0.0001232875871927,
  0.0002389131767242, -0.0001198060534921,
  0.0002301142515088, -0.0001162236627306,
  0.0002211512732274, -0.0001125475388233,
  0.0002120400760363, -0.0001087847964005,
  0.0002027964102927, -0.0001049425308605,
  0.0001934359216641, -0.0001010278086496,
  0.0001839741307759, -0.0000970476577770,
  0.0001744264134143, -0.0000930090585750,
  0.0001648079813158, -0.0000889189347152,
  0.0001551338635314, -0.0000847841444795,
  0.0001454188884071, -0.0000806114723036,
  0.0001356776661902, -0.0000764076205943,
  0.0001259245722657, -0.0000721792018278,
  0.0001161737310399, -0.0000679327309335,
  0.0001064390004842, -0.0000636746179704,
  0.0000967339573448, -0.0000594111610990,
  0.0000870718830274, -0.0000551485398527,
  0.0000774657501783, -0.0000508928087177,
  0.0000679282099355, -0.0000466498910123,
  0.0000584715798863, -0.0000424255730796,
  0.0000491078327294, -0.0000382254987927,
  0.0000398485856329, -0.0000340551643719,
  0.0000307050903001, -0.0000299199135153,
  0.0000216882237402, -0.0000258249328452,
  0.0000128084797462, -0.0000217752476690,
  0.0000040759610776, -0.0000177757180551,
 -0.0000044996276573, -0.0000138310352212,
 -0.0000129089864046, -0.0000099457182418,
 -0.0000211432253935, -0.0000061241110572,
 -0.0000291938701630, -0.0000023703797968,
 -0.0000370528658967,  0.0000013114895882,
 -0.0000447125810873,  0.0000049176933919,
 -0.0000521658105260,  0.0000084446119180,
 -0.0000594057776295,  0.0000118888109476,
 -0.0000664261361118,  0.0000152470429125,
 -0.0000732209710152,  0.0000185162477810,
 -0.0000797847990934,  0.0000216935536533,
 -0.0000861125685932,  0.0000247762770850,
 -0.0000921996584140,  0.0000277619231323,
 -0.0000980418766644,  0.0000306481851246,
 -0.0001036354586415,  0.0000334329441778,
 -0.0001089770642361,  0.0000361142684476,
 -0.0001140637747813,  0.0000386904121325,
 -0.0001188930893591,  0.0000411598142313,
 -0.0001234629205828,  0.0000435210970635,
 -0.0001277715898574,  0.0000457730645533,
 -0.0001318178221629,  0.0000479147002968,
 -0.0001356007403506,  0.0000499451654089,
 -0.0001391198589744,  0.0000518637961577,
 -0.0001423750776848,  0.0000536701014001,
 -0.0001453666741954,  0.0000553637598220,
 -0.0001480952968410,  0.0000569446169917,
 -0.0001505619567469,  0.0000584126822356,
 -0.0001527680196260,  0.0000597681253419,
 -0.0001547151972262,  0.0000610112731039,
 -0.0001564055384350,  0.0000621426057047,
 -0.0001578414200821,  0.0000631627529613,
 -0.0001590255374398,  0.0000640724904287,
 -0.0001599608944427,  0.0000648727353729,
 -0.0001606507936553,  0.0000655645426242,
 -0.0001610988259981,  0.0000661491003178,
 -0.0001613088602553,  0.0000666277255294,
 -0.0001612850323814,  0.0000670018598155,
 -0.0001610317346274,  0.0000672730646648,
 -0.0001605536044995,  0.0000674430168691,
 -0.0001598555135815,  0.0000675135038257,
 -0.0001589425562277,  0.0000674864187746,
 -0.0001578200381479,  0.0000673637559798,
 -0.0001564934649052,  0.0000671476058640,
 -0.0001549685303441,  0.0000668401501041,
 -0.0001532511049643,  0.0000664436566948,
 -0.0001513472242606,  0.0000659604749882,
 -0.0001492630770442,  0.0000653930307171,
 -0.0001470049937626,  0.0000647438210081,
 -0.0001445794348367,  0.0000640154093954,
 -0.0001419929790294,  0.0000632104208378,
 -0.0001392523118611,  0.0000623315367489,
 -0.0001363642140906,  0.0000613814900463,
 -0.0001333355502740,  0.0000603630602271,
 -0.0001301732574171,  0.0000592790684752,
 -0.0001268843337373,  0.0000581323728074,
 -0.0001234758275457,  0.0000569258632651,
 -0.0001199548262666,  0.0000556624571554,
 -0.0001163284456065,  0.0000543450943500,
 -0.0001126038188818,  0.0000529767326455,
 -0.0001087880865223,  0.0000515603431913,
 -0.0001048883857604,  0.0000500989059904,
 -0.0001009118405161,  0.0000485954054770,
 -0.0000968655514903,  0.0000470528261776,
 -0.0000927565864749,  0.0000454741484581,
 -0.0000885919708910,  0.0000438623443619,
 -0.0000843786785627,  0.0000422203735438,
 -0.0000801236227408,  0.0000405511793039,
 -0.0000758336473734,  0.0000388576847217,
 -0.0000715155186411,  0.0000371427888990,
 -0.0000671759167628,  0.0000354093633107,
 -0.0000628214280745,  0.0000336602482695,
 -0.0000584585373895,  0.0000318982495045,
 -0.0000540936206467,  0.0000301261348585,
 -0.0000497329378503,  0.0000283466311046,
 -0.0000453826263055,  0.0000265624208861,
 -0.0000410486941605,  0.0000247761397807,
 -0.0000367370142449,  0.0000229903734893,
 -0.0000324533182190,  0.0000212076551522,
 -0.0000282031910369,  0.0000194304627959,
 -0.0000239920657178,  0.0000176612169080,
 -0.0000198252184331,  0.0000159022781428,
 -0.0000157077639076,  0.0000141559451584,
 -0.0000116446511376,  0.0000124244525852,
 -0.0000076406594245,  0.0000107099691267,
 -0.0000037003947226,  0.0000090145957914,
  0.0000001717136911,  0.0000073403642590,
  0.0000039714162433,  0.0000056892353745,
  0.0000076946457734,  0.0000040630977750,
  0.0000113375199291,  0.0000024637666481,
  0.0000148963432575,  0.0000008929826183,
  0.0000183676089907, -0.0000006475892378,
  0.0000217480005273, -0.0000021563602483,
  0.0000250343926172, -0.0000036318188782,
  0.0000282238522516, -0.0000050725313359,
  0.0000313136392568, -0.0000064771420555,
  0.0000343012066114, -0.0000078443740617,
  0.0000371842004774, -0.0000091730292132,
  0.0000399604599533, -0.0000104619883280,
  0.0000426280165594, -0.0000117102111955,
  0.0000451850934586, -0.0000129167364750,
  0.0000476301044172, -0.0000140806814842,
  0.0000499616525142, -0.0000152012418796,
  0.0000521785286058, -0.0000162776912327,
  0.0000542797095457, -0.0000173093805013,
  0.0000562643561813, -0.0000182957374042,
  0.0000581318111206, -0.0000192362656981,
  0.0000598815962808, -0.0000201305443592,
  0.0000615134102282, -0.0000209782266757,
  0.0000630271253162, -0.0000217790392522,
  0.0000644227846288, -0.0000225327809293,
  0.0000657005987367, -0.0000232393216226,
  0.0000668609422777, -0.0000238986010835,
  0.0000679043503610, -0.0000245106275840,
  0.0000688315148178, -0.0000250754765330,
  0.0000696432802937, -0.0000255932890232,
  0.0000703406401958, -0.0000260642703126,
  0.0000709247325043, -0.0000264886882469,
  0.0000713968354566, -0.0000268668716230,
  0.0000717583631109, -0.0000271992084993,
  0.0000720108607993, -0.0000274861444552,
  0.0000721560004787, -0.0000277281808034,
  0.0000721955759878, -0.0000279258727590,
  0.0000721314982173, -0.0000280798275677,
  0.0000719657902057, -0.0000281907025988,
  0.0000717005821657, -0.0000282592034040,
  0.0000713381064496, -0.0000282860817468,
  0.0000708806924632, -0.0000282721336051,
  0.0000703307615375, -0.0000282181971518,
  0.0000696908217630, -0.0000281251507150,
  0.0000689634627981, -0.0000279939107222,
  0.0000681513506574, -0.0000278254296315,
  0.0000672572224876, -0.0000276206938525,
  0.0000662838813409, -0.0000273807216609,
  0.0000652341909505, -0.0000271065611103,
  0.0000641110705177, -0.0000267992879414,
  0.0000629174895166, -0.0000264600034956,
  0.0000616564625244, -0.0000260898326331,
  0.0000603310440833, -0.0000256899216593,
  0.0000589443236016, -0.0000252614362623,
  0.0000574994202996, -0.0000248055594642,
  0.0000559994782085, -0.0000243234895886,
  0.0000544476612249, -0.0000238164382470,
  0.0000528471482312, -0.0000232856283472,
  0.0000512011282843, -0.0000227322921247,
  0.0000495127958807, -0.0000221576692009,
  0.0000477853463003, -0.0000215630046691,
  0.0000460219710378, -0.0000209495472121,
  0.0000442258533233, -0.0000203185472512,
  0.0000424001637384, -0.0000196712551304,
  0.0000405480559324, -0.0000190089193376,
  0.0000386726624431, -0.0000183327847629,
  0.0000367770906234, -0.0000176440909985,
  0.0000348644186817, -0.0000169440706781,
  0.0000329376918368, -0.0000162339478620,
  0.0000309999185923, -0.0000155149364646,
  0.0000290540671314, -0.0000147882387294,
  0.0000271030618376, -0.0000140550437502,
  0.0000251497799423, -0.0000133165260412,
  0.0000231970483009, -0.0000125738441561,
  0.0000212476403043, -0.0000118281393587,
  0.0000193042729197, -0.0000110805343430,
  0.0000173696038689, -0.0000103321320066,
  0.0000154462289450, -0.0000095840142771,
  0.0000135366794656, -0.0000088372409908,
  0.0000116434198660, -0.0000080928488264,
  0.0000097688454325, -0.0000073518502925,
  0.0000079152801768, -0.0000066152327698,
  0.0000060849748502, -0.0000058839576086,
  0.0000042801051032, -0.0000051589592815,
  0.0000025027697811, -0.0000044411445908,
  0.0000007549893635, -0.0000037313919314,
 -0.0000009612954543, -0.0000030305506096,
 -0.0000026442250415, -0.0000023394402161,
 -0.0000042920219718, -0.0000016588500546,
 -0.0000059029920255, -0.0000009895386241,
 -0.0000074755250537, -0.0000003322331567,
 -0.0000090080957067,  0.0000003123707920,
 -0.0000104992640293,  0.0000009436096988,
 -0.0000119476759193,  0.0000015608523748,
 -0.0000133520634603,  0.0000021635002176,
 -0.0000147112451228,  0.0000027509874105,
 -0.0000160241258378,  0.0000033227810707,
 -0.0000172896969463,  0.0000038783813486,
 -0.0000185070360278,  0.0000044173214774,
 -0.0000196753066072,  0.0000049391677752,
 -0.0000207937577458,  0.0000054435195988,
 -0.0000218617235186,  0.0000059300092534,
 -0.0000228786223769,  0.0000063983018542,
 -0.0000238439564069,  0.0000068480951469,
 -0.0000247573104810,  0.0000072791192844,
 -0.0000256183513056,  0.0000076911365607,
 -0.0000264268263719,  0.0000080839411059,
 -0.0000271825628096,  0.0000084573585408,
 -0.0000278854661500,  0.0000088112455946,
 -0.0000285355189991,  0.0000091454896850,
 -0.0000291327796266,  0.0000094600084639,
 -0.0000296773804713,  0.0000097547493281,
 -0.0000301695265713,  0.0000100296888985,
 -0.0000306094939192,  0.0000102848324674,
 -0.0000309976277452,  0.0000105202134166,
 -0.0000313343407353,  0.0000107358926065,
 -0.0000316201111855,  0.0000109319577389,
 -0.0000318554810976,  0.0000111085226937,
 -0.0000320410542192,  0.0000112657268425,
 -0.0000321774940325,  0.0000114037343388,
 -0.0000322655216951,  0.0000115227333879,
 -0.0000323059139368,  0.0000116229354958,
 -0.0000322995009174,  0.0000117045747022,
 -0.0000322471640473,  0.0000117679067945,
 -0.0000321498337759,  0.0000118132085082,
 -0.0000320084873513,  0.0000118407767126,
 -0.0000318241465549,  0.0000118509275844,
 -0.0000315978754154,  0.0000118439957705,
 -0.0000313307779041,  0.0000118203335409,
 -0.0000310239956172,  0.0000117803099343,
 -0.0000306787054473,  0.0000117243098955,
 -0.0000302961172476,  0.0000116527334094,
 -0.0000298774714932,  0.0000115659946287,
 -0.0000294240369421,  0.0000114645210011,
 -0.0000289371082994,  0.0000113487523933,
 -0.0000284180038883,  0.0000112191402155,
 -0.0000278680633305,  0.0000110761465480,
 -0.0000272886452397,  0.0000109202432681,
 -0.0000266811249307,  0.0000107519111825,
 -0.0000260468921484,  0.0000105716391627,
 -0.0000253873488165,  0.0000103799232878,
 -0.0000247039068134,  0.0000101772659931,
 -0.0000239979857731,  0.0000099641752272,
 -0.0000232710109173,  0.0000097411636178,
 -0.0000225244109202,  0.0000095087476481,
 -0.0000217596158059,  0.0000092674468436,
 -0.0000209780548866,  0.0000090177829716,
 -0.0000201811547371,  0.0000087602792526,
 -0.0000193703372131,  0.0000084954595861,
 -0.0000185470175111,  0.0000082238477910,
 -0.0000177126022768,  0.0000079459668612,
 -0.0000168684877573,  0.0000076623382367,
 -0.0000160160580060,  0.0000073734810926,
 -0.0000151566831372,  0.0000070799116451,
 -0.0000142917176304,  0.0000067821424749,
 -0.0000134224986936,  0.0000064806818707,
 -0.0000125503446768,  0.0000061760331908,
 -0.0000116765535461,  0.0000058686942455,
 -0.0000108024014113,  0.0000055591566986,
 -0.0000099291411158,  0.0000052479054910,
 -0.0000090580008830,  0.0000049354182841,
 -0.0000081901830247,  0.0000046221649259,
 -0.0000073268627116,  0.0000043086069385,
 -0.0000064691868005,  0.0000039951970269,
 -0.0000056182727305,  0.0000036823786115,
 -0.0000047752074759,  0.0000033705853826,
 -0.0000039410465662,  0.0000030602408778,
 -0.0000031168131660,  0.0000027517580817,
 -0.0000023034972210,  0.0000024455390501,
 -0.0000015020546643,  0.0000021419745555,
 -0.0000007134066895,  0.0000018414437574,
  0.0000000615609172,  0.0000015443138944,
  0.0000008219983784,  0.0000012509400006,
  0.0000015670924651,  0.0000009616646446,
  0.0000022960669776,  0.0000006768176908,
  0.0000030081831590,  0.0000003967160849,
  0.0000037027400527,  0.0000001216636606,
  0.0000043790747952, -0.0000001480490291,
  0.0000050365628530, -0.0000004121448609,
  0.0000056746181969, -0.0000006703602657,
  0.0000062926934215, -0.0000009224453329,
  0.0000068902798044, -0.0000011681638924,
  0.0000074669073101, -0.0000014072935753,
  0.0000080221445411, -0.0000016396258548,
  0.0000085555986311, -0.0000018649660646,
  0.0000090669150877, -0.0000020831333996,
  0.0000095557775818, -0.0000022939608944,
  0.0000100219076886, -0.0000024972953848,
  0.0000104650645767, -0.0000026929974482,
  0.0000108850446521, -0.0000028809413280,
  0.0000112816811537, -0.0000030610148379,
  0.0000116548437038, -0.0000032331192495,
  0.0000120044378183, -0.0000033971691642,
  0.0000123304043701, -0.0000035530923670,
  0.0000126327190159, -0.0000037008296650,
  0.0000129113915818, -0.0000038403347108,
  0.0000131664654133, -0.0000039715738115,
  0.0000133980166879, -0.0000040945257224,
  0.0000136061536955, -0.0000042091814281,
  0.0000137910160855, -0.0000043155439101,
  0.0000139527740820, -0.0000044136279021,
  0.0000140916276737, -0.0000045034596337,
  0.0000142078057718, -0.0000045850765622,
  0.0000143015653465, -0.0000046585270946,
  0.0000143731905364, -0.0000047238702990,
  0.0000144229917380, -0.0000047811756067,
  0.0000144513046734, -0.0000048305225058,
  0.0000144584894403, -0.0000048720002262,
  0.0000144449295437, -0.0000049057074176,
  0.0000144110309133, -0.0000049317518195,
  0.0000143572209073, -0.0000049502499264,
  0.0000142839473034, -0.0000049613266458,
  0.0000141916772800, -0.0000049651149520,
  0.0000140808963888, -0.0000049617555347,
  0.0000139521075202, -0.0000049513964444,
  0.0000138058298632, -0.0000049341927335,
  0.0000136425978619, -0.0000049103060956,
  0.0000134629601687, -0.0000048799045016,
  0.0000132674785981, -0.0000048431618351,
  0.0000130567270799, -0.0000048002575260,
  0.0000128312906159, -0.0000047513761836,
  0.0000125917642390, -0.0000046967072304,
  0.0000123387519788, -0.0000046364445351,
  0.0000120728658319, -0.0000045707860480,
  0.0000117947247420, -0.0000044999334368,
  0.0000115049535874, -0.0000044240917251,
  0.0000112041821800, -0.0000043434689333,
  0.0000108930442755, -0.0000042582757215,
  0.0000105721765962, -0.0000041687250376,
  0.0000102422178688, -0.0000040750317672,
  0.0000099038078753, -0.0000039774123893,
  0.0000095575865228, -0.0000038760846358,
  0.0000092041929276, -0.0000037712671563,
  0.0000088442645197, -0.0000036631791883,
  0.0000084784361655, -0.0000035520402332,
  0.0000081073393101, -0.0000034380697382,
  0.0000077316011415, -0.0000033214867850,
  0.0000073518437752, -0.0000032025097852,
  0.0000069686834631, -0.0000030813561823,
  0.0000065827298226, -0.0000029582421617,
  0.0000061945850928, -0.0000028333823678,
  0.0000058048434122, -0.0000027069896294,
  0.0000054140901239, -0.0000025792746927,
  0.0000050229011042, -0.0000024504459631,
  0.0000046318421186, -0.0000023207092551,
  0.0000042414682035, -0.0000021902675513,
  0.0000038523230748, -0.0000020593207697,
  0.0000034649385647, -0.0000019280655411,
  0.0000030798340834, -0.0000017966949939,
  0.0000026975161118, -0.0000016653985500,
  0.0000023184777192, -0.0000015343617293,
  0.0000019431981114, -0.0000014037659630,
  0.0000015721422051, -0.0000012737884180,
  0.0000012057602322, -0.0000011446018293,
  0.0000008444873708, -0.0000010163743433,
  0.0000004887434061, -0.0000008892693700,
  0.0000001389324189, -0.0000007634454456,
 -0.0000002045574985, -0.0000006390561037,
 -0.0000005413544968, -0.0000005162497575,
 -0.0000008711031976, -0.0000003951695906,
 -0.0000011934648926, -0.0000002759534584,
 -0.0000015081177163, -0.0000001587337981,
 -0.0000018147567901, -0.0000000436375489,
 -0.0000021130943414,  0.0000000692139189,
 -0.0000024028597945,  0.0000001797048647,
 -0.0000026837998349,  0.0000002877252297,
 -0.0000029556784508,  0.0000003931706804,
 -0.0000032182769453,  0.0000004959426413,
 -0.0000034713939264,  0.0000005959483212,
 -0.0000037148452709,  0.0000006931007282,
 -0.0000039484640659,  0.0000007873186783,
 -0.0000041721005252,  0.0000008785267941,
 -0.0000043856218841,  0.0000009666554959,
 -0.0000045889122715,  0.0000010516409848,
 -0.0000047818725596,  0.0000011334252172,
 -0.0000049644201940,  0.0000012119558727,
 -0.0000051364890022,  0.0000012871863136,
 -0.0000052980289825,  0.0000013590755373,
 -0.0000054490060740,  0.0000014275881222,
 -0.0000055894019082,  0.0000014926941657,
 -0.0000057192135425,  0.0000015543692168,
 -0.0000058384531772,  0.0000016125942010,
 -0.0000059471478559,  0.0000016673553403,
 -0.0000060453391495,  0.0000017186440661,
 -0.0000061330828276,  0.0000017664569277,
 -0.0000062104485135,  0.0000018107954940,
 -0.0000062775193269,  0.0000018516662507,
 -0.0000063343915140,  0.0000018890804930,
 -0.0000063811740654,  0.0000019230542127,
 -0.0000064179883238,  0.0000019536079813,
 -0.0000064449675803,  0.0000019807668290,
 -0.0000064622566618,  0.0000020045601199,
 -0.0000064700115098,  0.0000020250214229,
 -0.0000064683987509,  0.0000020421883797,
 -0.0000064575952597,  0.0000020561025699,
 -0.0000064377877166,  0.0000020668093724,
 -0.0000064091721579,  0.0000020743578250,
 -0.0000063719535228,  0.0000020788004808,
 -0.0000063263451949,  0.0000020801932633,
 -0.0000062725685409,  0.0000020785953190,
 -0.0000062108524459,  0.0000020740688685,
 -0.0000061414328474,  0.0000020666790564,
 -0.0000060645522675,  0.0000020564937999,
 -0.0000059804593441,  0.0000020435836363,
 -0.0000058894083630,  0.0000020280215702,
 -0.0000057916587897,  0.0000020098829202,
 -0.0000056874748032,  0.0000019892451647,
 -0.0000055771248318,  0.0000019661877890,
 -0.0000054608810908,  0.0000019407921313,
 -0.0000053390191242,  0.0000019131412299,
 -0.0000052118173498,  0.0000018833196710,
 -0.0000050795566086,  0.0000018514134368,
 -0.0000049425197198,  0.0000018175097556,
 -0.0000048009910398,  0.0000017816969520,
 -0.0000046552560295,  0.0000017440642996,
 -0.0000045056008255,  0.0000017047018747,
 -0.0000043523118207,  0.0000016637004117,
 -0.0000041956752503,  0.0000016211511609,
 -0.0000040359767876,  0.0000015771457482,
 -0.0000038735011467,  0.0000015317760369,
 -0.0000037085316944,  0.0000014851339922,
 -0.0000035413500720,  0.0000014373115483,
 -0.0000033722358252,  0.0000013884004778,
 -0.0000032014660454,  0.0000013384922645,
 -0.0000030293150198,  0.0000012876779786,
 -0.0000028560538930,  0.0000012360481557,
 -0.0000026819503390,  0.0000011836926780,
 -0.0000025072682443,  0.0000011307006601,
 -0.0000023322674022,  0.0000010771603366,
 -0.0000021572032190,  0.0000010231589549,
 -0.0000019823264316,  0.0000009687826701,
 -0.0000018078828366,  0.0000009141164445,
 -0.0000016341130327,  0.0000008592439503,
 -0.0000014612521741,  0.0000008042474767,
 -0.0000012895297373,  0.0000007492078399,
 -0.0000011191692988,  0.0000006942042976,
 -0.0000009503883275,  0.0000006393144679,
 -0.0000007833979876,  0.0000005846142507,
 -0.0000006184029556,  0.0000005301777549,
 -0.0000004556012496,  0.0000004760772284,
 -0.0000002951840702,  0.0000004223829921,
 -0.0000001373356560,  0.0000003691633792,
  0.0000000177668499,  0.0000003164846770,
  0.0000001699535199,  0.0000002644110737,
  0.0000003190617497,  0.0000002130046092,
  0.0000004649363538,  0.0000001623251298,
  0.0000006074296483,  0.0000001124302467,
  0.0000007464015215,  0.0000000633752989,
  0.0000008817194929,  0.0000000152133199,
  0.0000010132587595, -0.0000000320049917,
  0.0000011409022307, -0.0000000782312974,
  0.0000012645405515, -0.0000001234196406,
  0.0000013840721144, -0.0000001675264642,
  0.0000014994030597, -0.0000002105106244,
  0.0000016104472646, -0.0000002523334012,
  0.0000017171263225, -0.0000002929585048,
  0.0000018193695104, -0.0000003323520787,
  0.0000019171137466, -0.0000003704826989,
  0.0000020103035387, -0.0000004073213702,
  0.0000020988909201, -0.0000004428415186,
  0.0000021828353798, -0.0000004770189809,
