timestep:         0.0063532800000000
yAxisLabel:deflection [m]       
title:bridge deflection 
ub_mid  ,       ub_quart
  0.0000000000000000,         0.0000000000000000
 -0.0000000000084839,        -0.0000000004690436
 -0.0000000001760663,        -0.0000000063151049
 -0.0000000016790908,        -0.0000000361183708
 -0.0000000098405819,        -0.0000001108372947
 -0.0000000402175214,        -0.0000001648068266
 -0.0000001249598976,         0.0000001139201057
 -0.0000003188594436,         0.0000013606016921
 -0.0000007110487280,         0.0000041984702091
 -0.0000014146795531,         0.0000081636705450
 -0.0000024510016515,         0.0000108457196055
 -0.0000035659572097,         0.0000093929985827
 -0.0000042599292645,         0.0000030059509699
 -0.0000040730722815,        -0.0000076874555935
 -0.0000026542172495,        -0.0000221399252436
  0.0000003792937155,        -0.0000389261944012
  0.0000051769726567,        -0.0000564809846538
  0.0000115821792780,        -0.0000749110911666
  0.0000201076737936,        -0.0000948433767018
  0.0000321297451822,        -0.0001171099505670
  0.0000480088420714,        -0.0001426792017334
  0.0000662493146739,        -0.0001712595010668
  0.0000852647124653,        -0.0002023602670058
  0.0001042491265343,        -0.0002355781059130
  0.0001222804619535,        -0.0002701540618452
  0.0001386480839050,        -0.0003062140801512
  0.0001536977377921,        -0.0003442209032721
  0.0001680240114587,        -0.0003846103115374
  0.0001818822699740,        -0.0004275197404615
  0.0001956210448844,        -0.0004723068324453
  0.0002093779948093,        -0.0005186627334918
  0.0002229985568796,        -0.0005664594030111
  0.0002365034678357,        -0.0006159391746611
  0.0002496162064221,        -0.0006674961836207
  0.0002619096581493,        -0.0007209460309102
  0.0002734598920741,        -0.0007762181004407
  0.0002842871787541,        -0.0008327557573900
  0.0002944247217206,        -0.0008899169683450
  0.0003041347310829,        -0.0009474596233716
  0.0003132866860442,        -0.0010054547748415
  0.0003218340709125,        -0.0010646035075486
  0.0003301293001998,        -0.0011251804196384
  0.0003383487851184,        -0.0011871785199713
  0.0003462912361866,        -0.0012501063936654
  0.0003534327249995,        -0.0013131381141105
  0.0003595052365513,        -0.0013762087706524
  0.0003644489002553,        -0.0014394823275346
  0.0003679131900664,        -0.0015031968251523
  0.0003697458743009,        -0.0015672688941159
  0.0003702212551187,        -0.0016314218150310
  0.0003696430437348,        -0.0016958081143027
  0.0003678888358576,        -0.0017605212688717
  0.0003651072582560,        -0.0018254013439101
  0.0003624861182958,        -0.0018905095678075
  0.0003608833444482,        -0.0019561307508911
  0.0003603936999814,        -0.0020222898789558
  0.0003610827278551,        -0.0020890819509516
  0.0003630233785286,        -0.0021569376871567
  0.0003663590711246,        -0.0022264430089955
  0.0003709943533231,        -0.0022978231636104
  0.0003770444164920,        -0.0023709051590482
  0.0003847965971932,        -0.0024456745203474
  0.0003935724609453,        -0.0025223427936099
  0.0004022537736535,        -0.0026009063973607
  0.0004102392112361,        -0.0026803746759878
  0.0004176014178302,        -0.0027592698128268
  0.0004244790311743,        -0.0028364966737161
  0.0004309352232392,        -0.0029115370112953
  0.0004375377958734,        -0.0029841169288572
  0.0004446845737240,        -0.0030539758479751
  0.0004523667141677,        -0.0031212622465268
  0.0004606052011894,        -0.0031861816213962
  0.0004693207510557,        -0.0032485436169256
  0.0004778904531815,        -0.0033081613857719
  0.0004851661590999,        -0.0033652150281468
  0.0004905887510676,        -0.0034203194387112
  0.0004943708361299,        -0.0034744937727864
  0.0004971251043846,        -0.0035282485301029
  0.0004995090733675,        -0.0035815561822759
  0.0005019736122698,        -0.0036344270975671
  0.0005050600603332,        -0.0036864024762426
  0.0005086136281468,        -0.0037362041657432
  0.0005120723189315,        -0.0037826028815013
  0.0005154861876486,        -0.0038254923284867
  0.0005189897561548,        -0.0038649025691742
  0.0005223913813782,        -0.0039008591171674
  0.0005250771239116,        -0.0039339538812520
  0.0005263682748203,        -0.0039644489021769
  0.0005258620010562,        -0.0039921678922368
  0.0005233870044418,        -0.0040169469217825
  0.0005190895020885,        -0.0040384500560512
  0.0005133042955184,        -0.0040565274931277
  0.0005061444846639,        -0.0040715879915647
  0.0004972321608905,        -0.0040840289069905
  0.0004865345731991,        -0.0040942173030866
  0.0004748353223085,        -0.0041021062935742
  0.0004627325241844,        -0.0041074072792733
  0.0004503942895110,        -0.0041100290067222
  0.0004382998827093,        -0.0041097551577519
  0.0004267962604743,        -0.0041062777719791
  0.0004156251440654,        -0.0040990414583751
  0.0004047881970305,        -0.0040882822248155
  0.0003945793815243,        -0.0040764918682777
  0.0003852372050932,        -0.0040672113112575
  0.0003769655511583,        -0.0040622705083994
  0.0003697558797920,        -0.0040619502964684
  0.0003636775969468,        -0.0040661733413507
  0.0003589051932877,        -0.0040734756971306
  0.0003553492964891,        -0.0040814557070368
  0.0003530744221940,        -0.0040888322310770
  0.0003532171981714,        -0.0040958761014491
  0.0003576408671680,        -0.0041044025591253
  0.0003671543406974,        -0.0041164612222361
  0.0003805961721794,        -0.0041325296419530
  0.0003962063581807,        -0.0041524864215063
  0.0004125631669130,        -0.0041756329112900
  0.0004278853461392,        -0.0042008234130704
  0.0004410252402405,        -0.0042277684271482
  0.0004526464084351,        -0.0042567217501410
  0.0004641968987532,        -0.0042889246260996
  0.0004771335174969,        -0.0043254237352342
  0.0004926869190084,        -0.0043657586050801
  0.0005110496965534,        -0.0044097310870724
  0.0005313834693533,        -0.0044572360852390
  0.0005526983943100,        -0.0045084312835195
  0.0005738938021668,        -0.0045638244547503
  0.0005939442575905,        -0.0046232037461889
  0.0006123292416017,        -0.0046863010640451
  0.0006285309568040,        -0.0047523438892773
  0.0006423137840423,        -0.0048204207525097
  0.0006539875839655,        -0.0048897832955033
  0.0006635409108887,        -0.0049600196266099
  0.0006711610305480,        -0.0050316022193253
  0.0006774017013789,        -0.0051046065176122
  0.0006822183073709,        -0.0051787069293224
  0.0006849775490792,        -0.0052531688846722
  0.0006848457344941,        -0.0053272212873539
  0.0006818638579670,        -0.0054012141788966
  0.0006765699373927,        -0.0054761505137490
  0.0006687541879802,        -0.0055532681287707
  0.0006583123005058,        -0.0056335190444782
  0.0006457060145342,        -0.0057172964321805
  0.0006313345827318,        -0.0058046786550269
  0.0006151071953934,        -0.0058951069110163
  0.0005972329763483,        -0.0059876501059890
  0.0005789657819701,        -0.0060820660904420
  0.0005613537998308,        -0.0061788913200991
  0.0005447294139550,        -0.0062784705004270
  0.0005293690955575,        -0.0063808509464367
  0.0005156805279471,        -0.0064859337060494
  0.0005041477255601,        -0.0065936787212557
  0.0004945938546608,        -0.0067040114874679
  0.0004864785368814,        -0.0068168728238610
  0.0004793623890246,        -0.0069328574714684
  0.0004721349185213,        -0.0070528250911844
  0.0004636365288980,        -0.0071771399248497
  0.0004533260093743,        -0.0073048366847233
  0.0004412722972770,        -0.0074340659102953
  0.0004277411809746,        -0.0075634224666085
  0.0004131083682575,        -0.0076924182140368
  0.0003987247555598,        -0.0078206635734883
  0.0003860950313263,        -0.0079473869532609
  0.0003760931827375,        -0.0080722803360427
  0.0003690796342032,        -0.0081952187673649
  0.0003647237884653,        -0.0083154780958682
  0.0003617510945791,        -0.0084322997093690
  0.0003583394850768,        -0.0085455204813229
  0.0003536443816049,        -0.0086556769052874
  0.0003478243846855,        -0.0087641426757562
  0.0003410980557211,        -0.0088719808311285
  0.0003335659588236,        -0.0089794854324436
  0.0003255950263774,        -0.0090866232297772
  0.0003180948581829,        -0.0091924963144114
  0.0003113193969893,        -0.0092948022638975
  0.0003047815230939,        -0.0093909863182355
  0.0002982997968525,        -0.0094801016702912
  0.0002915340995115,        -0.0095620238454728
  0.0002837426730012,        -0.0096370147844542
  0.0002740941151573,        -0.0097059893184890
  0.0002622384337676,        -0.0097695322920281
  0.0002484483577851,        -0.0098277166888636
  0.0002327878208307,        -0.0098805593035522
  0.0002151558371789,        -0.0099276649066887
  0.0001957286289428,        -0.0099685928687596
  0.0001746277390847,        -0.0100035252165912
  0.0001516087811819,        -0.0100327442330873
  0.0001268567824268,        -0.0100567200459627
  0.0001011927310893,        -0.0100756768563141
  0.0000748551933884,        -0.0100896751821491
  0.0000476155530788,        -0.0100991357941471
  0.0000199864691741,        -0.0101040306845148
 -0.0000074995239426,        -0.0101038909144461
 -0.0000351553791189,        -0.0100978999043493
 -0.0000632758723053,        -0.0100852473214410
 -0.0000920553162093,        -0.0100659006157332
 -0.0001217318498275,        -0.0100405111834256
 -0.0001525430915042,        -0.0100100495964727
 -0.0001846119672773,        -0.0099757254989530
 -0.0002176060570856,        -0.0099386595577116
 -0.0002514746355507,        -0.0098994945083521
 -0.0002866822893096,        -0.0098577261683458
 -0.0003231032113013,        -0.0098119611830916
 -0.0003596306596792,        -0.0097617926445331
 -0.0003950864632164,        -0.0097081428621070
 -0.0004285403507526,        -0.0096524036674793
 -0.0004593821231816,        -0.0095963456475525
 -0.0004876590045814,        -0.0095416058856307
 -0.0005140276904533,        -0.0094887423963354
 -0.0005396711654140,        -0.0094374047330512
 -0.0005653095054086,        -0.0093865164027720
 -0.0005905543186502,        -0.0093351337764383
 -0.0006144381878807,        -0.0092834886840116
 -0.0006356337270196,        -0.0092320247446898
 -0.0006529370921539,        -0.0091807538024307
 -0.0006659206533751,        -0.0091296857262786
 -0.0006751746220324,        -0.0090787728449029
 -0.0006820567357653,        -0.0090280668443857
 -0.0006879517258394,        -0.0089778361755561
 -0.0006941814057120,        -0.0089282379247648
 -0.0007019240889607,        -0.0088795007989046
 -0.0007119010382635,        -0.0088318775336660
 -0.0007243698995206,        -0.0087853776950177
 -0.0007391472773577,        -0.0087397210344394
 -0.0007560231554827,        -0.0086944290554156
 -0.0007746202571993,        -0.0086490972387646
 -0.0007943551501310,        -0.0086034679319954
 -0.0008150252774039,        -0.0085569715632911
 -0.0008367729992855,        -0.0085089257134506
 -0.0008597621680594,        -0.0084590259582236
 -0.0008838332429048,        -0.0084074617048051
 -0.0009088941958055,        -0.0083550928449207
 -0.0009351502411040,        -0.0083031728500386
 -0.0009624890841691,        -0.0082531705606156
 -0.0009907814497666,        -0.0082062256638893
 -0.0010204343685075,        -0.0081626330594592
 -0.0010521545279832,        -0.0081218117985592
 -0.0010865129626787,        -0.0080826877418680
 -0.0011237156040813,        -0.0080447528659357
 -0.0011634801284562,        -0.0080083803070374
 -0.0012051266457532,        -0.0079740307429100
 -0.0012477515581802,        -0.0079419038296648
 -0.0012904579001164,        -0.0079118208621975
 -0.0013325868339407,        -0.0078831139246182
 -0.0013739216720920,        -0.0078549463938288
 -0.0014149205107632,        -0.0078269412910049
 -0.0014563234695206,        -0.0077998041773148
 -0.0014986669563614,        -0.0077748445924637
 -0.0015420151033100,        -0.0077533810338258
 -0.0015862955401807,        -0.0077362902178450
 -0.0016315886195973,        -0.0077236923506884
 -0.0016777650899595,        -0.0077154342258095
 -0.0017244788515852,        -0.0077115100575061
 -0.0017709410858002,        -0.0077119460598248
 -0.0018159855502189,        -0.0077164790811679
 -0.0018586490052565,        -0.0077246322571131
 -0.0018984367807536,        -0.0077357316461923
 -0.0019354791276346,        -0.0077485994343848
 -0.0019704967609480,        -0.0077619656807348
 -0.0020043907225009,        -0.0077751457070454
 -0.0020378246749445,        -0.0077881548453504
 -0.0020712180947779,        -0.0078016264207115
 -0.0021051318438039,        -0.0078164051208241
 -0.0021400066079524,        -0.0078331027166439
 -0.0021756514266884,        -0.0078518658161586
 -0.0022114056282964,        -0.0078722884829986
 -0.0022463963546929,        -0.0078933840279202
 -0.0022800591452133,        -0.0079139610930606
 -0.0023121776002160,        -0.0079335081537894
 -0.0023428098418464,        -0.0079523408988588
 -0.0023724177369746,        -0.0079710156095542
 -0.0024015763999628,        -0.0079900162977593
 -0.0024305772017770,        -0.0080096444754765
 -0.0024593072404624,        -0.0080299158866322
 -0.0024878228077478,        -0.0080507387804908
 -0.0025164640244448,        -0.0080718089141272
 -0.0025455281903471,        -0.0080925060248001
 -0.0025751475390119,        -0.0081120246681364
 -0.0026052870676291,        -0.0081296094363328
 -0.0026359011331426,        -0.0081448512355564
 -0.0026670608927156,        -0.0081576014854521
 -0.0026991241853250,        -0.0081680240757964
 -0.0027326270633658,        -0.0081766675514066
 -0.0027679054536891,        -0.0081836968537222
 -0.0028052336358890,        -0.0081884907871658
 -0.0028451510665145,        -0.0081900494444443
 -0.0028883241640737,        -0.0081876149273247
 -0.0029351757975199,        -0.0081809741179067
 -0.0029855063794340,        -0.0081699145297379
 -0.0030387019576017,        -0.0081542825847516
 -0.0030939375035187,        -0.0081345224376651
 -0.0031502384984127,        -0.0081114109907998
 -0.0032070950375297,        -0.0080854538354759
 -0.0032646371671316,        -0.0080565051861062
 -0.0033229641835640,        -0.0080239956131192
 -0.0033815755323487,        -0.0079873598186234
 -0.0034396569221528,        -0.0079462103944158
 -0.0034966284283339,        -0.0079006884136872
 -0.0035522320416391,        -0.0078518782049753
 -0.0036064498893602,        -0.0078015821062348
 -0.0036595673215718,        -0.0077514108025035
 -0.0037123243775182,        -0.0077020881233807
 -0.0037655359327568,        -0.0076533041666040
 -0.0038195538318860,        -0.0076041335990748
 -0.0038743789425143,        -0.0075534958560343
 -0.0039295765559532,        -0.0075003422226422
 -0.0039841131237336,        -0.0074439890857689
 -0.0040367009033392,        -0.0073841672976570
 -0.0040863600882428,        -0.0073210094465212
 -0.0041326996212689,        -0.0072549128993780
 -0.0041758111110782,        -0.0071861127438901
 -0.0042163651424617,        -0.0071148546386667
 -0.0042552617484827,        -0.0070416748887360
 -0.0042931090553843,        -0.0069670815586325
 -0.0043302387429978,        -0.0068914355202318
 -0.0043668199008171,        -0.0068150808213215
 -0.0044029425049195,        -0.0067380831575297
 -0.0044384409233718,        -0.0066603502676114
 -0.0044728113393425,        -0.0065818151657953
 -0.0045055227365724,        -0.0065019671100968
 -0.0045362836435391,        -0.0064199368486783
 -0.0045651155132075,        -0.0063348600064869
 -0.0045924241873070,        -0.0062459596772486
 -0.0046189691682772,        -0.0061527057944558
 -0.0046454653382544,        -0.0060548719210408
 -0.0046721878961634,        -0.0059527314163733
 -0.0046991880648556,        -0.0058470553726913
 -0.0047268094096320,        -0.0057386840876515
 -0.0047558233938946,        -0.0056281360815108
 -0.0047869236258677,        -0.0055154493460360
 -0.0048203969068096,        -0.0054006296541737
 -0.0048563415833280,        -0.0052840302689180
 -0.0048944403486801,        -0.0051660799721938
 -0.0049337618507581,        -0.0050473728684154
 -0.0049732247164722,        -0.0049285200806152
 -0.0050119595127417,        -0.0048095890650856
 -0.0050493611241900,        -0.0046900174191606
 -0.0050851857411928,        -0.0045689734282241
 -0.0051195950622618,        -0.0044461145067171
 -0.0051530217532946,        -0.0043219657809925
 -0.0051858470198301,        -0.0041975230675603
 -0.0052183679576471,        -0.0040736679265663
 -0.0052510468757349,        -0.0039508903777816
 -0.0052842888751645,        -0.0038292430291788
 -0.0053182166117185,        -0.0037084352539783
 -0.0053527286400828,        -0.0035882140884036
 -0.0053875680392513,        -0.0034686294977464
 -0.0054223012188034,        -0.0033501039013873
 -0.0054562255805720,        -0.0032332384554176
 -0.0054887503364230,        -0.0031182817147803
 -0.0055198047396930,        -0.0030050719865895
 -0.0055496305455397,        -0.0028933890897084
 -0.0055786743036835,        -0.0027832056979811
 -0.0056075812936892,        -0.0026748102472380
 -0.0056367866199264,        -0.0025688019433114
 -0.0056661860467808,        -0.0024659760753992
 -0.0056951720373768,        -0.0023669695190737
 -0.0057229549460797,        -0.0022719591706046
 -0.0057486639186938,        -0.0021807184253347
 -0.0057714097646067,        -0.0020929787572912
 -0.0057904399994297,        -0.0020088150949989
 -0.0058053443365929,        -0.0019286706775182
 -0.0058162338425193,        -0.0018530744264099
 -0.0058237192159391,        -0.0017824202307534
 -0.0058287831653460,        -0.0017169072479089
 -0.0058325561518325,        -0.0016566128720824
 -0.0058359041458281,        -0.0016016273773543
 -0.0058392359056083,        -0.0015520461921433
 -0.0058426847122543,        -0.0015077914524778
 -0.0058461080253178,        -0.0014684162280530
 -0.0058492431561520,        -0.0014330764270530
 -0.0058519697013950,        -0.0014007650539035
 -0.0058542880019807,        -0.0013705109804704
 -0.0058562405536721,        -0.0013417332025659
 -0.0058578491786226,        -0.0013145612758014
 -0.0058591744694299,        -0.0012895162373816
 -0.0058605175756058,        -0.0012670868878531
 -0.0058624822442995,        -0.0012475533205999
 -0.0058656815726177,        -0.0012308901696214
 -0.0058704912012192,        -0.0012168028307069
 -0.0058770280287907,        -0.0012048556531166
 -0.0058851879636025,        -0.0011947703041677
 -0.0058948122901998,        -0.0011866464605901
 -0.0059058556006621,        -0.0011807279864041
 -0.0059184638365934,        -0.0011768881889246
 -0.0059328197081427,        -0.0011742734252934
 -0.0059488602620436,        -0.0011715521889803
 -0.0059662998255467,        -0.0011674594718038
 -0.0059848112631751,        -0.0011610399165646
 -0.0060040647561701,        -0.0011517620976850
 -0.0060237280370896,        -0.0011397468756316
 -0.0060435657044559,        -0.0011257376296830
 -0.0060635218039534,        -0.0011107461090022
 -0.0060838880376657,        -0.0010957123822065
 -0.0061053295374231,        -0.0010813271449111
 -0.0061284877322403,        -0.0010680333091551
 -0.0061536237253299,        -0.0010559914067685
 -0.0061804097277390,        -0.0010450118669279
 -0.0062078779342571,        -0.0010346562636998
 -0.0062346537909194,        -0.0010244861311782
 -0.0062593616689737,        -0.0010142831341067
 -0.0062809104406070,        -0.0010039938701079
 -0.0062986817653737,        -0.0009935523830010
 -0.0063126624246783,        -0.0009827891114843
 -0.0063233080849287,        -0.0009714498813382
 -0.0063312955336978,        -0.0009593375390073
 -0.0063374514778756,        -0.0009463702223529
 -0.0063425984260669,        -0.0009325874493415
 -0.0063471758006009,        -0.0009181455061758
 -0.0063511019234373,        -0.0009032703926187
 -0.0063539353238239,        -0.0008879668142226
 -0.0063552001201224,        -0.0008717778950774
 -0.0063547024917369,        -0.0008540259539874
 -0.0063525738085059,        -0.0008340524291626
 -0.0063490524231524,        -0.0008112391765443
 -0.0063442422238862,        -0.0007849589329610
 -0.0063380714260888,        -0.0007546937536189
 -0.0063302963826436,        -0.0007204071460836
 -0.0063205941193435,        -0.0006825799429090
 -0.0063088827499987,        -0.0006418267109872
 -0.0062954327854678,        -0.0005985747162867
 -0.0062806265746918,        -0.0005529436716769
 -0.0062648772033362,        -0.0005048050049763
 -0.0062487076124651,        -0.0004539608614661
 -0.0062325398168716,        -0.0004002665059787
 -0.0062163743614273,        -0.0003437814969546
 -0.0061997624187785,        -0.0002848245822534
 -0.0061820739211721,        -0.0002237323202879
 -0.0061628904461689,        -0.0001606447837450
 -0.0061422541015388,        -0.0000954087610879
 -0.0061206589822873,        -0.0000276745303690
 -0.0060988859145121,         0.0000429047422420
 -0.0060777579771883,         0.0001166142598129
 -0.0060579194290033,         0.0001935815258806
 -0.0060397730406588,         0.0002737264863630
 -0.0060234572521208,         0.0003568933551889
 -0.0060088864340592,         0.0004430080119501
 -0.0059958290472871,         0.0005322250122318
 -0.0059838638086875,         0.0006248033483703
 -0.0059723413563106,         0.0007207512636781
 -0.0059604383502097,         0.0008197480226197
 -0.0059474587318375,         0.0009213050069632
 -0.0059331957094759,         0.0010249031655861
 -0.0059178447464978,         0.0011300815961611
 -0.0059017838512946,         0.0012364701480918
 -0.0058855761490344,         0.0013436687989802
 -0.0058697950721129,         0.0014511385082835
 -0.0058547803870057,         0.0015582563785195
 -0.0058405161868310,         0.0016644508082933
 -0.0058267783456881,         0.0017694850614214
 -0.0058132248857365,         0.0018736329999339
 -0.0057992774778370,         0.0019774607807693
 -0.0057842402896780,         0.0020814324495823
 -0.0057676385648838,         0.0021856008569782
 -0.0057492611515949,         0.0022896452534604
 -0.0057290661509429,         0.0023930712311446
 -0.0057071859520731,         0.0024953113615193
 -0.0056839572635836,         0.0025957469578214
 -0.0056598314327611,         0.0026935860815545
 -0.0056351880166779,         0.0027878309049698
 -0.0056101925195662,         0.0028774274300477
 -0.0055846610239386,         0.0029614808858262
 -0.0055581293429901,         0.0030396427449219
 -0.0055300669967355,         0.0031123479972814
 -0.0055000918873393,         0.0031805729250879
 -0.0054680537602081,         0.0032452993334765
 -0.0054338377205224,         0.0033070752986510
 -0.0053972730603125,         0.0033659580980029
 -0.0053583821596756,         0.0034216522014210
 -0.0053175104804250,         0.0034737155606308
 -0.0052752152172623,         0.0035219151914341
 -0.0052322345008113,         0.0035665224114330
 -0.0051894708393218,         0.0036081953731900
 -0.0051477788443904,         0.0036474941605528
 -0.0051077351321880,         0.0036844495703188
 -0.0050696455405052,         0.0037185434045157
 -0.0050336513055556,         0.0037491022944958
 -0.0049997447749487,         0.0037757728094237
 -0.0049677984041049,         0.0037987732286697
 -0.0049376532223104,         0.0038188804738940
 -0.0049091286974290,         0.0038372019728193
 -0.0048818782133050,         0.0038547076565895
 -0.0048553567674553,         0.0038718237319161
 -0.0048290104170112,         0.0038884524953995
 -0.0048024881996787,         0.0039042219989652
 -0.0047757507829332,         0.0039186489173758
 -0.0047490126944926,         0.0039311810647193
 -0.0047226307079876,         0.0039412047513025
 -0.0046970107915512,         0.0039481399650692
 -0.0046724535084800,         0.0039516269661513
 -0.0046489948988007,         0.0039516596093540
 -0.0046263738942996,         0.0039485867729163
 -0.0046040987902392,         0.0039429320979605
 -0.0045815144130093,         0.0039352071684200
 -0.0045580044796271,         0.0039257907458324
 -0.0045332157506262,         0.0039147886530951
 -0.0045070826534679,         0.0039020854750114
 -0.0044798178386103,         0.0038875392783045
 -0.0044519605904319,         0.0038711222314642
 -0.0044242267834264,         0.0038529547741725
 -0.0043970974527204,         0.0038331927817896
 -0.0043705035483320,         0.0038118752451189
 -0.0043438790688985,         0.0037889358366247
 -0.0043164408568079,         0.0037643520633991
 -0.0042874478516133,         0.0037381938956670
 -0.0042563761559211,         0.0037106014457503
 -0.0042229827473169,         0.0036818184684880
 -0.0041871955644920,         0.0036522051753769
 -0.0041489424836830,         0.0036220663620306
 -0.0041081702011781,         0.0035914057921120
 -0.0040649597032742,         0.0035599518871204
 -0.0040194869947337,         0.0035274424859432
 -0.0039719817988257,         0.0034938893434130
 -0.0039227613123552,         0.0034596074894972
 -0.0038722699709098,         0.0034251088585890
 -0.0038210108628320,         0.0033910305372294
 -0.0037693589307683,         0.0033580199117311
 -0.0037174093640561,         0.0033265138692448
 -0.0036649270114558,         0.0032966514550056
 -0.0036114641648364,         0.0032684300040103
 -0.0035566206559128,         0.0032417915108461
 -0.0035003068254641,         0.0032166131321853
 -0.0034428067486607,         0.0031927273486726
 -0.0033846391744468,         0.0031699659912249
 -0.0033264426796255,         0.0031482291516214
 -0.0032688439172788,         0.0031275055178187
 -0.0032122990598447,         0.0031077701405363
 -0.0031570555632355,         0.0030888833955777
 -0.0031032028702208,         0.0030706745544522
 -0.0030507111969398,         0.0030531817301823
 -0.0029994349989900,         0.0030368180965209
 -0.0029491359301292,         0.0030223484631780
 -0.0028995785483423,         0.0030107655572370
 -0.0028506380432816,         0.0030030799344046
 -0.0028024190142375,         0.0030000536597550
 -0.0027552356616082,         0.0030019768400412
 -0.0027094624527833,         0.0030086789922926
 -0.0026655093948424,         0.0030197179286010
 -0.0026238595913828,         0.0030345178840442
 -0.0025850302162191,         0.0030524992841290
 -0.0025495089192138,         0.0030732013911302
 -0.0025176778159818,         0.0030963744722191
 -0.0024896637935017,         0.0031220084116145
 -0.0024651777356811,         0.0031502533422098
 -0.0024435247679147,         0.0031812316440105
 -0.0024237755239119,         0.0032148703543865
 -0.0024049328120709,         0.0032509415878532
 -0.0023860903934758,         0.0032891685532973
 -0.0023665946459065,         0.0033292719613372
 -0.0023462014494247,         0.0033709876585558
 -0.0023251746057008,         0.0034140086888599
 -0.0023041554998203,         0.0034578912006034
 -0.0022838180392746,         0.0035020028975866
 -0.0022645419872847,         0.0035455168352148
 -0.0022462988836758,         0.0035875532030633
 -0.0022287315839090,         0.0036274990807560
 -0.0022113433983750,         0.0036652440840498
 -0.0021936738450326,         0.0037011455636985
 -0.0021753686078926,         0.0037358053313392
 -0.0021562034207050,         0.0037698201438494
 -0.0021361242665369,         0.0038035391092544
 -0.0021152166941294,         0.0038369350959071
 -0.0020936104185468,         0.0038697876169254
 -0.0020714669360779,         0.0039020064378793
 -0.0020490328416827,         0.0039337584194364
 -0.0020265578351111,         0.0039653238617700
 -0.0020041511804165,         0.0039967962456924
 -0.0019817656495049,         0.0040278807193898
 -0.0019592736568787,         0.0040579649601795
 -0.0019365654246272,         0.0040863532481595
 -0.0019136200072999,         0.0041125423161574
 -0.0018905266946421,         0.0041364386828582
 -0.0018674601986812,         0.0041583872398890
 -0.0018445545785083,         0.0041789543986820
 -0.0018217852653547,         0.0041985936708946
 -0.0017990297332903,         0.0042174647998194
 -0.0017762173404584,         0.0042355075203449
 -0.0017534212589460,         0.0042526239718630
 -0.0017308899127827,         0.0042687759186809
 -0.0017090627830983,         0.0042839671104376
 -0.0016885119706970,         0.0042981944241378
 -0.0016697537025634,         0.0043114156282369
 -0.0016530307406965,         0.0043235683679314
 -0.0016382043097840,         0.0043346361730558
 -0.0016247893884483,         0.0043447116067741
 -0.0016120615460929,         0.0043539982852634
 -0.0015992285164711,         0.0043626720962217
 -0.0015856148880467,         0.0043706411284497
 -0.0015707809856849,         0.0043774175494625
 -0.0015546240182774,         0.0043822304445126
 -0.0015374468733252,         0.0043843195982159
 -0.0015198756827283,         0.0043832193837852
 -0.0015025705819997,         0.0043788468549147
 -0.0014858973395817,         0.0043714420837308
 -0.0014698079681287,         0.0043614007907860
 -0.0014539073522295,         0.0043490315016494
 -0.0014375508203451,         0.0043344245014412
 -0.0014200332970471,         0.0043175296630844
 -0.0014008998268435,         0.0042983960111170
 -0.0013801292650778,         0.0042773195379569
 -0.0013580625417549,         0.0042546788493200
 -0.0013351854901981,         0.0042306643609840
 -0.0013119229219919,         0.0042051494042749
 -0.0012885118539554,         0.0041777032852848
 -0.0012649836750581,         0.0041477264322510
 -0.0012412411308616,         0.0041146452944080
 -0.0012172144266962,         0.0040780770888123
 -0.0011929228578839,         0.0040379151920454
 -0.0011683075584572,         0.0039943111208764
 -0.0011430957515652,         0.0039475606858146
 -0.0011168320569733,         0.0038979988893036
 -0.0010889645162983,         0.0038459870738187
 -0.0010589413138247,         0.0037918797051319
 -0.0010263206342621,         0.0037359196700694
 -0.0009908389059843,         0.0036781413646102
 -0.0009524235375733,         0.0036183826711562
 -0.0009112708015572,         0.0035563891501053
 -0.0008679471801997,         0.0034919104800280
 -0.0008233205337759,         0.0034247714068548
 -0.0007783805024431,         0.0033549215617930
 -0.0007340801363265,         0.0032824588969917
 -0.0006911810778301,         0.0032076179522156
 -0.0006501131633336,         0.0031307192587541
 -0.0006109306486217,         0.0030521278240151
 -0.0005734502348423,         0.0029723135342779
 -0.0005374405218456,         0.0028919528525574
 -0.0005027189698653,         0.0028119133236359
 -0.0004691903472105,         0.0027330906421486
 -0.0004368734852418,         0.0026561862510133
 -0.0004059493572200,         0.0025815417418894
 -0.0003767545179730,         0.0025091055967349
 -0.0003497210179721,         0.0024385558129591
 -0.0003253210943546,         0.0023695294350955
 -0.0003039555174803,         0.0023018444259202
 -0.0002858260539409,         0.0022355739535233
 -0.0002709060721127,         0.0021709057751545
 -0.0002589914317619,         0.0021079427967688
 -0.0002496937962301,         0.0020467001426063
 -0.0002424276100762,         0.0019872442844583
 -0.0002365231812920,         0.0019297935377644
 -0.0002314356042576,         0.0018747307956480
 -0.0002269688126211,         0.0018225170865143
 -0.0002233718955922,         0.0017735734995541
 -0.0002212090474089,         0.0017281442516414
 -0.0002210798267733,         0.0016861782601489
 -0.0002233688167501,         0.0016473201380851
 -0.0002281549902380,         0.0016110125290931
 -0.0002352432299773,         0.0015766864275988
 -0.0002442251173391,         0.0015439276635525
 -0.0002545401301692,         0.0015125390645474
 -0.0002655363505205,         0.0014825322946634
 -0.0002765615504792,         0.0014540493496262
 -0.0002870885394571,         0.0014271898231090
 -0.0002967676119034,         0.0014018314173126
 -0.0003054062866370,         0.0013776212665371
 -0.0003129499226025,         0.0013541363586067
 -0.0003194291058256,         0.0013310631136111
 -0.0003248738442175,         0.0013083388574387
 -0.0003292730019201,         0.0012862028516339
 -0.0003326070442652,         0.0012651037878052
 -0.0003348966026682,         0.0012455225897722
 -0.0003361974922267,         0.0012278429878180
 -0.0003365443602490,         0.0012123342570742
 -0.0003359124389165,         0.0011991990488425
 -0.0003342419392830,         0.0011886322601268
 -0.0003314904013541,         0.0011808014063137
 -0.0003276555826694,         0.0011757395623485
 -0.0003227685378996,         0.0011733073057581
 -0.0003168758820203,         0.0011732641588709
 -0.0003100593388487,         0.0011753515767061
 -0.0003025097045199,         0.0011793393889862
 -0.0002945585747476,         0.0011850143968640
 -0.0002866203651952,         0.0011921467457941
 -0.0002790568574857,         0.0012004882721584
 -0.0002719947306441,         0.0012097993388321
 -0.0002652301157583,         0.0012198926843970
 -0.0002583038298190,         0.0012306977192980
 -0.0002506637844805,         0.0012423401456814
 -0.0002418163614484,         0.0012551652355674
 -0.0002314261618536,         0.0012696224543958
 -0.0002193703008722,         0.0012860258062958
 -0.0002057753117959,         0.0013043313972048
 -0.0001910527128460,         0.0013240799074212
 -0.0001758896400199,         0.0013445320466960
 -0.0001611195405763,         0.0013649291851734
 -0.0001475104100536,         0.0013847827222014
 -0.0001355747604869,         0.0014040244200963
 -0.0001254698897191,         0.0014229171055355
 -0.0001170094574826,         0.0014418366348681
 -0.0001097740558778,         0.0014611042070615
 -0.0001032755778789,         0.0014809896200222
 -0.0000971072764078,         0.0015017830979084
 -0.0000910132240955,         0.0015237498057456
 -0.0000848637828802,         0.0015469889108904
 -0.0000785993236711,         0.0015713085292790
 -0.0000721798741809,         0.0015961698789566
 -0.0000655568722992,         0.0016207311467294
 -0.0000586875999724,         0.0016440109212972
 -0.0000516029084414,         0.0016651430654039
 -0.0000444569529699,         0.0016835791458965
 -0.0000374799891339,         0.0016990832992923
 -0.0000308905482177,         0.0017115751322887
 -0.0000247889418801,         0.0017209786117593
 -0.0000190535201632,         0.0017271803986808
 -0.0000133168398322,         0.0017301109706022
 -0.0000070413194221,         0.0017298412876352
  0.0000003210046636,         0.0017266002040487
  0.0000091622163077,         0.0017207112932971
  0.0000196240101182,         0.0017124712045100
  0.0000315897314321,         0.0017020168579454
  0.0000447459552116,         0.0016892529984534
  0.0000586235095937,         0.0016738820301883
  0.0000726213601761,         0.0016555193589740
  0.0000861235539652,         0.0016338056375570
  0.0000987457905475,         0.0016084453345382
  0.0001105626906817,         0.0015792161301518
  0.0001219847804304,         0.0015460226511510
  0.0001333189598208,         0.0015089490110232
  0.0001446027058566,         0.0014682583228324
  0.0001559042963066,         0.0014243944519261
  0.0001674070427561,         0.0013779922880184
  0.0001790234730089,         0.0013297991578375
  0.0001903355349640,         0.0012804197658281
  0.0002009575307817,         0.0012300226295942
  0.0002105270488071,         0.0011783521103979
  0.0002185489881668,         0.0011251631784185
  0.0002245571109537,         0.0010706839533702
  0.0002281328512543,         0.0010155482279884
  0.0002288781241343,         0.0009603166403651
  0.0002266512992203,         0.0009052878664057
  0.0002215737200897,         0.0008506410922918
  0.0002139426379600,         0.0007964361164325
  0.0002043266906928,         0.0007426236049570
  0.0001933386827022,         0.0006892756153319
  0.0001813209570412,         0.0006366091678524
  0.0001683223574888,         0.0005847281731370
  0.0001541036934257,         0.0005335960112519
  0.0001383378518868,         0.0004831444092538
  0.0001208951326806,         0.0004332401467252
  0.0001018542135622,         0.0003838209135284
  0.0000814785512716,         0.0003349850448076
  0.0000601981956903,         0.0002867619934959
  0.0000385877162141,         0.0002391801918146
  0.0000173450076945,         0.0001925290187683
 -0.0000028962869011,         0.0001471261050919
 -0.0000217403259961,         0.0001029896852096
 -0.0000391301714527,         0.0000598781421516
 -0.0000553329527451,         0.0000174654503403
 -0.0000707713479806,        -0.0000244744278903
 -0.0000858785851455,        -0.0000660707354356
 -0.0001009013399845,        -0.0001074795487793
 -0.0001158632301242,        -0.0001487456819293
 -0.0001306619116322,        -0.0001897200050010
 -0.0001449986452959,        -0.0002301591973154
 -0.0001584361028465,        -0.0002696721280469
 -0.0001705480704983,        -0.0003077986322493
 -0.0001809723706064,        -0.0003441837040732
 -0.0001893553191803,        -0.0003785147313127
 -0.0001953242772727,        -0.0004105747604990
 -0.0001987017759699,        -0.0004403773465663
 -0.0001994822942673,        -0.0004680418964297
 -0.0001976083729710,        -0.0004936810859281
 -0.0001930142883499,        -0.0005174440192903
 -0.0001857975425758,        -0.0005395257325958
 -0.0001763087438819,        -0.0005601674243156
 -0.0001649738983407,        -0.0005797059827228
 -0.0001521394107097,        -0.0005985111620639
 -0.0001380988521478,        -0.0006168010266376
 -0.0001231088896148,        -0.0006345298889963
 -0.0001074208962991,        -0.0006513271428065
 -0.0000911575130040,        -0.0006664853635153
 -0.0000741745106694,        -0.0006791065954239
 -0.0000561701101690,        -0.0006883583235393
 -0.0000369734964232,        -0.0006937567309947
 -0.0000166977512731,        -0.0006953228114700
  0.0000043108702023,        -0.0006934970489296
  0.0000254754808453,        -0.0006889072925482
  0.0000461175886763,        -0.0006821507284606
  0.0000655846265973,        -0.0006736643332997
  0.0000833178225460,        -0.0006636372897698
  0.0000990378111222,        -0.0006520746777283
  0.0001128018165019,        -0.0006389266073636
  0.0001249079970124,        -0.0006240909269836
  0.0001357643055301,        -0.0006074448500619
  0.0001458015061002,        -0.0005887620215477
  0.0001553070087157,        -0.0005676087732919
  0.0001642803656287,        -0.0005435671767451
  0.0001724997844676,        -0.0005164317042452
  0.0001796422576119,        -0.0004861883945500
  0.0001854382810067,        -0.0004529428998796
  0.0001896929423163,        -0.0004168921834204
  0.0001922393588496,        -0.0003783628699924
  0.0001929189559288,        -0.0003377902109132
  0.0001915195689621,        -0.0002956510015056
  0.0001878460893684,        -0.0002523627639412
  0.0001819284190833,        -0.0002082651756132
  0.0001741154368254,        -0.0001637184570428
  0.0001648457434424,        -0.0001190898738811
  0.0001545003355916,        -0.0000746772422576
  0.0001434875195989,        -0.0000306799891552
  0.0001322486685827,         0.0000127728537599
  0.0001211878602385,         0.0000556105230121
  0.0001105958875318,         0.0000977514237780
  0.0001006311960375,         0.0001389473732360
  0.0000912903344185,         0.0001787974204089
  0.0000824156332612,         0.0002168441358235
  0.0000738001272160,         0.0002527448859517
  0.0000653823350579,         0.0002863969362062
  0.0000573066719971,         0.0003178090246739
  0.0000496454291879,         0.0003470455479880
  0.0000423027765424,         0.0003741851348942
  0.0000353365116649,         0.0003992708304992
  0.0000290856044581,         0.0004224399587833
  0.0000237411627961,         0.0004439691818834
  0.0000191295526805,         0.0004640533128268
  0.0000150066441875,         0.0004825439498229
  0.0000110945404188,         0.0004990277286246
  0.0000070073351672,         0.0005131906163567
  0.0000024582588144,         0.0005251594919395
 -0.0000027276178490,         0.0005354185472379
 -0.0000087407494322,         0.0005443534851688
 -0.0000156169288845,         0.0005521549479694
 -0.0000231797901374,         0.0005589505335247
 -0.0000310617770550,         0.0005647050707318
 -0.0000386231265367,         0.0005691651759643
 -0.0000452339547004,         0.0005721025051345
 -0.0000505900221544,         0.0005735000378110
 -0.0000548057484656,         0.0005734261002236
 -0.0000584725126769,         0.0005719925641096
 -0.0000623756661582,         0.0005693424038042
 -0.0000671031805709,         0.0005654935731377
 -0.0000730247998068,         0.0005603291268692
 -0.0000803260175710,         0.0005536848606587
 -0.0000889536159742,         0.0005453700581502
 -0.0000985343450897,         0.0005353890844403
 -0.0001084309097718,         0.0005242922047644
 -0.0001180401856849,         0.0005129624372955
 -0.0001269265576208,         0.0005020673899396
 -0.0001348695315969,         0.0004918000004374
 -0.0001419120952222,         0.0004819513662043
 -0.0001482609023085,         0.0004722249780749
 -0.0001541143294611,         0.0004622589125993
 -0.0001595219421903,         0.0004514430221272
 -0.0001644740524219,         0.0004391155893548
 -0.0001690002656295,         0.0004247479119458
 -0.0001730699883402,         0.0004079482150169
 -0.0001765215066710,         0.0003886190460667
 -0.0001790974266534,         0.0003669585005425
 -0.0001805977736591,         0.0003433175999347
 -0.0001809110382459,         0.0003181773605378
 -0.0001798636224613,         0.0002919120671320
 -0.0001773344431856,         0.0002646239734286
 -0.0001732443743637,         0.0002363679935176
 -0.0001673757775970,         0.0002073642105715
 -0.0001595455142010,         0.0001779972630241
 -0.0001498387152171,         0.0001486324646446
 -0.0001386448971424,         0.0001194336418706
 -0.0001263822452506,         0.0000903151347163
 -0.0001133222156411,         0.0000610170546695
 -0.0000996478773718,         0.0000311384413232
 -0.0000854794267718,         0.0000001517263185
 -0.0000709560447868,        -0.0000323560448249
 -0.0000561202625863,        -0.0000664264058020
 -0.0000407224317567,        -0.0001016794764659
 -0.0000242368592380,        -0.0001374802402858
 -0.0000061201958188,        -0.0001731944370173
  0.0000139132751763,        -0.0002083585248059
  0.0000358149922664,        -0.0002427727680460
  0.0000592024061980,        -0.0002764515313911
  0.0000834676986509,        -0.0003095004843531
  0.0001078574633319,        -0.0003420307003276
  0.0001315431052453,        -0.0003740769258399
  0.0001538580602066,        -0.0004056568162619
  0.0001744164973227,        -0.0004368075582189
  0.0001930306520366,        -0.0004674394104541
  0.0002096767822579,        -0.0004972910782016
  0.0002245094529400,        -0.0005258786175743
  0.0002376578408565,        -0.0005525526345257
  0.0002489856251726,        -0.0005768453201364
  0.0002581566931238,        -0.0005985670101758
  0.0002648359497977,        -0.0006176349325868
  0.0002688893110344,        -0.0006339225222614
  0.0002703684174739,        -0.0006472321882179
  0.0002693776485868,        -0.0006574510719154
  0.0002660454237261,        -0.0006646157886327
  0.0002604560443448,        -0.0006688100338839
  0.0002526556522520,        -0.0006700319799254
  0.0002428078366597,        -0.0006681876961422
  0.0002312727216625,        -0.0006632312432686
  0.0002183646762866,        -0.0006552580384772
  0.0002042149543585,        -0.0006445146973532
  0.0001889361861905,        -0.0006313351424789
  0.0001727439345177,        -0.0006160766542464
  0.0001559196764778,        -0.0005990333373493
  0.0001386516753138,        -0.0005803619082120
  0.0001209792207043,        -0.0005601782631656
  0.0001027412325345,        -0.0005386280052737
  0.0000836009168395,        -0.0005158991088124
  0.0000632609008562,        -0.0004921151684299
  0.0000416611184058,        -0.0004672333840140
  0.0000190233660933,        -0.0004412310753190
 -0.0000042257307698,        -0.0004141603050546
 -0.0000275287562663,        -0.0003861108217696
 -0.0000502918602168,        -0.0003572262067039
 -0.0000719169820669,        -0.0003276037817291
 -0.0000918638381560,        -0.0002972840825359
 -0.0001098023823016,        -0.0002663937710156
 -0.0001256638604901,        -0.0002352717583570
 -0.0001395617382547,        -0.0002043633757360
 -0.0001516784748657,        -0.0001740893425453
 -0.0001621443066292,        -0.0001448053932751
 -0.0001709876889221,        -0.0001167301703538
 -0.0001782688365010,        -0.0000898559948907
 -0.0001841510077040,        -0.0000638848829645
 -0.0001887486633941,        -0.0000383904414542
 -0.0001919829142266,        -0.0000129474565071
 -0.0001936245577499,         0.0000128616950262
 -0.0001933915737475,         0.0000393490339557
 -0.0001910394055106,         0.0000666616307425
 -0.0001865401633424,         0.0000947958803081
 -0.0001801820403358,         0.0001236318850000
 -0.0001724905270956,         0.0001529699459806
 -0.0001640746215838,         0.0001826012198370
 -0.0001555261372905,         0.0002122368098188
 -0.0001473933300247,         0.0002413850408729
 -0.0001400624088141,         0.0002694749177996
 -0.0001335830648794,         0.0002960399113042
 -0.0001276812689973,         0.0003209075008138
 -0.0001219364274165,         0.0003442979245019
 -0.0001158714464291,         0.0003666482237909
 -0.0001090046726690,         0.0003883591445772
 -0.0001010203537204,         0.0004097103063663
 -0.0000918850001635,         0.0004309209387984
 -0.0000817300533983,         0.0004521001295768
 -0.0000707897064350,         0.0004731495042091
 -0.0000594662797031,         0.0004937910954005
 -0.0000482603003365,         0.0005136551488633
 -0.0000376741570501,         0.0005324000381480
 -0.0000280681890522,         0.0005498110371257
 -0.0000195543567748,         0.0005658584001952
 -0.0000121018245965,         0.0005806938333795
 -0.0000056719186724,         0.0005944968365109
 -0.0000002178249431,         0.0006072497514464
  0.0000043757499429,         0.0006187136498169
  0.0000083403193043,         0.0006285931174052
  0.0000120024518492,         0.0006367185084957
  0.0000156132668452,         0.0006431179242889
  0.0000192575992812,         0.0006478809668256
  0.0000229038225833,         0.0006510801842776
  0.0000265152520818,         0.0006528011714704
  0.0000300911991519,         0.0006530547916138
  0.0000336472309037,         0.0006515310663018
  0.0000372415763670,         0.0006475135303670
  0.0000409452590888,         0.0006401921823942
  0.0000448090840874,         0.0006290479649242
  0.0000488718229152,         0.0006140431096906
  0.0000532533150186,         0.0005955427915219
  0.0000582046996322,         0.0005741174894103
  0.0000639550794238,         0.0005503259290945
  0.0000705756366080,         0.0005244889503973
  0.0000780160793304,         0.0004966395061461
  0.0000860912534720,         0.0004666454588566
  0.0000944585637308,         0.0004344137203874
  0.0001026932925290,         0.0004000191717516
  0.0001103889492414,         0.0003636518664072
  0.0001172722828555,         0.0003255140975378
  0.0001232164898039,         0.0002858181504885
  0.0001282842585947,         0.0002448594220337
  0.0001327718021864,         0.0002030310037617
  0.0001370405739808,         0.0001606773989682
  0.0001412934788065,         0.0001179545267890
  0.0001455290046516,         0.0000748572139730
  0.0001496059193188,         0.0000312572454170
  0.0001532834648912,        -0.0000130378927927
  0.0001562291945245,        -0.0000581782239025
  0.0001580201032342,        -0.0001041721995795
  0.0001582209824187,        -0.0001507807789385
  0.0001565222343070,        -0.0001974946277069
  0.0001528376548390,        -0.0002436481049564
  0.0001472816029502,        -0.0002885618105212
  0.0001400478219241,        -0.0003316304438989
  0.0001312927808748,        -0.0003723676375482
  0.0001211008960079,        -0.0004104170727776
  0.0001095064816952,        -0.0004455413301956
  0.0000965766615492,        -0.0004775713197652
  0.0000824669984899,        -0.0005063699203585
  0.0000673600235741,        -0.0005318860934760
  0.0000514174924672,        -0.0005542647768949
  0.0000347109049792,        -0.0005738511930842
  0.0000171903904438,        -0.0005910555037129
 -0.0000011516847365,        -0.0006062344952815
 -0.0000201632778304,        -0.0006196365964675
 -0.0000396412135051,        -0.0006314272806010
 -0.0000593921257520,        -0.0006417256331505
 -0.0000791261655777,        -0.0006505697222801
 -0.0000983869281604,        -0.0006578334263795
 -0.0001166287364592,        -0.0006631859026549
 -0.0001333755882446,        -0.0006662098747857
 -0.0001483375877629,        -0.0006666176191583
 -0.0001614138200285,        -0.0006644121056343
 -0.0001726379666498,        -0.0006598773898411
 -0.0001821436915181,        -0.0006534322985575
 -0.0001900969473412,        -0.0006455087899122
 -0.0001966941484779,        -0.0006365028444281
 -0.0002022495440518,        -0.0006266904757126
 -0.0002071423679663,        -0.0006161587672277
 -0.0002116215454186,        -0.0006048427000715
 -0.0002156508261936,        -0.0005925491745594
 -0.0002188694083745,        -0.0005789659310749
 -0.0002206617808472,        -0.0005637365380399
 -0.0002203205929389,        -0.0005466294735092
 -0.0002172438349192,        -0.0005276399322539
 -0.0002110712733009,        -0.0005068712968801
 -0.0002017105721218,        -0.0004843949078259
 -0.0001893318513255,        -0.0004602442017235
 -0.0001743595376391,        -0.0004345054420812
 -0.0001574280201310,        -0.0004074177981845
 -0.0001392446351268,        -0.0003793827430320
 -0.0001203758219115,        -0.0003508194673337
 -0.0001010973149579,        -0.0003220153246697
 -0.0000813949303376,        -0.0002931364343049
 -0.0000611313400342,        -0.0002642728369731
 -0.0000402196682445,        -0.0002353953341148
 -0.0000187105107802,        -0.0002063007238053
  0.0000031809660687,        -0.0001766457170293
  0.0000251314133474,        -0.0001460496806763
  0.0000467432041243,        -0.0001142182583086
  0.0000675099353888,        -0.0000810465271739
  0.0000868846926817,        -0.0000466789047746
  0.0001044558812396,        -0.0000114635276236
  0.0001200542120763,         0.0000242198672352
  0.0001337223945960,         0.0000601329024385
  0.0001456314175619,         0.0000962236334127
  0.0001559940595350,         0.0001325352229398
  0.0001649501991589,         0.0001690995049698
  0.0001725431267747,         0.0002058644368370
  0.0001788181508803,         0.0002426719924276
  0.0001838749500120,         0.0002792718772544
  0.0001877985707658,         0.0003153190775045
  0.0001905890972795,         0.0003504525350520
  0.0001921666262145,         0.0003844859420284
  0.0001924196017458,         0.0004174894513141
  0.0001912278529043,         0.0004496774614840
  0.0001884489695737,         0.0004812136788399
  0.0001839423392585,         0.0005120506077424
  0.0001776090187999,         0.0005419385490720
  0.0001694250802759,         0.0005705633268726
  0.0001594835677218,         0.0005976785953443
  0.0001480421187078,         0.0006231675548037
  0.0001354874227880,         0.0006470243402907
  0.0001222080616529,         0.0006692362450603
  0.0001085273136306,         0.0006896433072190
  0.0000947064236490,         0.0007078828747303
  0.0000809394488663,         0.0007234348111776
  0.0000673448119815,         0.0007357596445959
  0.0000539372578499,         0.0007444107921424
  0.0000406245017280,         0.0007490541200729
  0.0000273100250334,         0.0007494515155469
  0.0000140356807349,         0.0007455269911279
  0.0000010778884005,         0.0007374743782331
 -0.0000110694205415,         0.0007257364524157
 -0.0000218587137471,         0.0007108621945410
 -0.0000308884315424,         0.0006933653073042
 -0.0000380045871449,         0.0006736497228788
 -0.0000433072890457,         0.0006519802074973
 -0.0000471079303728,         0.0006284658750742
 -0.0000498677075549,         0.0006030365488070
 -0.0000521099826139,         0.0005755089789053
 -0.0000543421779992,         0.0005457351578708
 -0.0000569807734129,         0.0005136696019795
 -0.0000602370015235,         0.0004793799997859
 -0.0000640553648060,         0.0004430735959545
 -0.0000682043085404,         0.0004050700998137
 -0.0000724654829406,         0.0003657347577911
 -0.0000767140359299,         0.0003254329685879
 -0.0000808668883858,         0.0002845187366800
 -0.0000848350184864,         0.0002434068085702
 -0.0000884921733421,         0.0002025984495948
 -0.0000916610288531,         0.0001625256422524
 -0.0000941562336210,         0.0001233553444655
 -0.0000958669493282,         0.0000849614591468
 -0.0000968286986336,         0.0000471004567877
 -0.0000972229577717,         0.0000096001087142
 -0.0000973404110878,        -0.0000275966089099
 -0.0000975591680261,        -0.0000644741212877
 -0.0000982789313170,        -0.0001009734378782
 -0.0000997780716622,        -0.0001369950151622
 -0.0001020833805937,        -0.0001723770965393
 -0.0001049747198561,        -0.0002068333521326
 -0.0001080971770118,        -0.0002399407463642
 -0.0001110771192203,        -0.0002712408592166
 -0.0001136041772663,        -0.0003003502563593
 -0.0001154846564367,        -0.0003270438729302
 -0.0001166474628630,        -0.0003513189057353
 -0.0001171246490182,        -0.0003733824696440
 -0.0001170296149433,        -0.0003935588969888
 -0.0001165365727411,        -0.0004122144994532
 -0.0001158410767270,        -0.0004297211635539
 -0.0001150729485776,        -0.0004463861095655
 -0.0001141895118664,        -0.0004623926081900
 -0.0001129210614188,        -0.0004778172988146
 -0.0001108271676610,        -0.0004926834267159
 -0.0001074251387148,        -0.0005069965824847
 -0.0001023380037883,        -0.0005207152895561
 -0.0000953731744864,        -0.0005336753671261
 -0.0000864945632207,        -0.0005455961878975
 -0.0000758159080126,        -0.0005561727251464
 -0.0000636483299341,        -0.0005651640267242
 -0.0000504569355509,        -0.0005724463002709
 -0.0000367093688352,        -0.0005780048677127
 -0.0000227487877303,        -0.0005818715252244
 -0.0000087454675227,        -0.0005840805627740
  0.0000053117888080,        -0.0005846854808065
  0.0000195797664456,        -0.0005837747225043
  0.0000342737415015,        -0.0005814449522092
  0.0000495835047909,        -0.0005777525063225
  0.0000656278008834,        -0.0005726955629954
  0.0000824334396966,        -0.0005662631268674
  0.0000998759025817,        -0.0005585114342198
  0.0001176135958012,        -0.0005496203176237
  0.0001351488197490,        -0.0005399051305223
  0.0001520052415909,        -0.0005297352572696
  0.0001678649344641,        -0.0005193677878451
  0.0001825830853169,        -0.0005087852748822
  0.0001961070581300,        -0.0004976552656648
  0.0002083857752579,        -0.0004854697917437
  0.0002193336126447,        -0.0004717226744790
  0.0002288522953554,        -0.0004560030218026
  0.0002368666395281,        -0.0004380419126705
  0.0002433210705198,        -0.0004177539141932
  0.0002481283322671,        -0.0003952562879249
  0.0002511085344615,        -0.0003708036016255
  0.0002519905013735,        -0.0003446305936011
  0.0002504696043977,        -0.0003168331078368
  0.0002462801107245,        -0.0002873793490769
  0.0002392625217994,        -0.0002561936783487
  0.0002293949221103,        -0.0002232551543565
  0.0002167946461089,        -0.0001886696964375
  0.0002017176736488,        -0.0001526892245275
  0.0001845571145549,        -0.0001156471277770
  0.0001658257186013,        -0.0000778113377970
  0.0001460757692328,        -0.0000392792401094
  0.0001257774349584,        -0.0000000157816706
  0.0001052688530903,         0.0000400252887333
  0.0000847726856816,         0.0000808098218292
  0.0000643985543768,         0.0001221811877234
  0.0000441447634166,         0.0001638277693969
  0.0000239182563964,         0.0002052396375776
  0.0000035467247963,         0.0002457146510542
 -0.0000172032010976,         0.0002844875627079
 -0.0000385300300261,         0.0003209467602557
 -0.0000604502920237,         0.0003547978053056
 -0.0000827384742252,         0.0003860772110847
 -0.0001049779932668,         0.0004150671349523
 -0.0001266492216558,         0.0004421901400269
 -0.0001472131517002,         0.0004678905741175
 -0.0001661732370161,         0.0004924893966153
 -0.0001831278496019,         0.0005160711340883
 -0.0001978301071313,         0.0005384613105135
 -0.0002102063830771,         0.0005592812831446
 -0.0002203290899478,         0.0005780598365783
 -0.0002283643920730,         0.0005943671915505
 -0.0002344757576440,         0.0006079064362671
 -0.0002387301493186,         0.0006185302302015
 -0.0002410894874972,         0.0006262003279184
 -0.0002414837747714,         0.0006309190744984
 -0.0002398690872132,         0.0006326822924845
 -0.0002362357171486,         0.0006315263675473
 -0.0002306071460504,         0.0006276308732770
 -0.0002230435551103,         0.0006213351350500
 -0.0002136606373842,         0.0006130530967546
 -0.0002026568710449,         0.0006031715518962
 -0.0001902996418047,         0.0005919975372380
 -0.0001768878593012,         0.0005797687356837
 -0.0001627367606675,         0.0005666665495780
 -0.0001481855580007,         0.0005528049270600
 -0.0001336078470763,         0.0005382180939201
 -0.0001193722786096,         0.0005228503823368
 -0.0001057393632855,         0.0005065628865900
 -0.0000927778647593,         0.0004891712493819
 -0.0000803701433331,         0.0004705114655962
 -0.0000682716109807,         0.0004505196820092
 -0.0000561953781651,         0.0004292866498457
 -0.0000439169126404,         0.0004070380731546
 -0.0000313335816545,         0.0003840507690287
 -0.0000184440072640,         0.0003605607236597
 -0.0000053165638355,         0.0003366949053177
  0.0000078918963101,         0.0003124507695418
  0.0000209050584284,         0.0002877254956910
  0.0000333624020512,         0.0002623941923275
  0.0000449110481784,         0.0002364359103668
  0.0000552893771100,         0.0002100448517202
  0.0000643824852118,         0.0001836018749476
  0.0000722270288413,         0.0001574858853242
  0.0000789509922440,         0.0001318907272700
  0.0000847063700937,         0.0001067855416947
  0.0000896389848287,         0.0000819940931753
  0.0000938822425513,         0.0000572939799733
  0.0000975344375834,         0.0000324801391216
  0.0001006009638451,         0.0000073776330991
  0.0001029713252725,        -0.0000181666847327
  0.0001044836317821,        -0.0000442685153910
  0.0001050298178088,        -0.0000709680397490
  0.0001046243702919,        -0.0000981958056791
  0.0001034355533769,        -0.0001257868205648
  0.0001018050861441,        -0.0001535540531801
  0.0001002242848945,        -0.0001813561276139
  0.0000992524291789,        -0.0002091109320086
  0.0000994040491357,        -0.0002367593467355
  0.0001010239306936,        -0.0002642185759466
  0.0001041717318639,        -0.0002913905283220
  0.0001085779315433,        -0.0003182267790649
  0.0001137184483685,        -0.0003447770062312
  0.0001189720455631,        -0.0003711682708364
  0.0001237824070530,        -0.0003975428613138
  0.0001277599449472,        -0.0004239958317320
  0.0001306962543871,        -0.0004505203607478
  0.0001325246030977,        -0.0004769592037947
  0.0001332803092921,        -0.0005029726542080
  0.0001330881895833,        -0.0005280615243490
  0.0001321546417695,        -0.0005516745838448
  0.0001307160425778,        -0.0005733616995444
  0.0001289475651547,        -0.0005928799970988
  0.0001269100469666,        -0.0006101909210775
  0.0001245643255519,        -0.0006253686811014
  0.0001217959314409,        -0.0006385039353112
  0.0001184375451647,        -0.0006496586600943
  0.0001143050696129,        -0.0006588708636874
  0.0001092173774799,        -0.0006661773156961
  0.0001029998198719,        -0.0006716173174295
  0.0000955161484274,        -0.0006752024074621
  0.0000867169614926,        -0.0006768663356651
  0.0000766577765967,        -0.0006764299024389
  0.0000654637757045,        -0.0006736047905591
  0.0000532736229374,        -0.0006680243968110
  0.0000402359712499,        -0.0006592852674810
  0.0000265439098305,        -0.0006469869316992
  0.0000124287459739,        -0.0006307655070468
 -0.0000019076399727,        -0.0006103707234041
 -0.0000163798651066,        -0.0005857980399113
 -0.0000310633437461,        -0.0005573840224303
 -0.0000461706303194,        -0.0005257694894790
 -0.0000619521121183,        -0.0004917382602442
 -0.0000785486102605,        -0.0004560311157932
 -0.0000958919737124,        -0.0004192215825534
 -0.0001137044570569,        -0.0003816726937403
 -0.0001315477434552,        -0.0003435526975304
 -0.0001488684218273,        -0.0003049029575017
 -0.0001650528109448,        -0.0002657454611190
 -0.0001795221356102,        -0.0002261642298151
 -0.0001918599346231,        -0.0001863164922727
 -0.0002019208681789,        -0.0001463999970347
 -0.0002098486784236,        -0.0001066146582323
 -0.0002159613655580,        -0.0000671215756240
 -0.0002205683929573,        -0.0000279922102922
 -0.0002238443064986,         0.0000108052167043
 -0.0002258062199454,         0.0000493299565322
 -0.0002263529115032,         0.0000875547055665
 -0.0002253148105713,         0.0001253251004557
 -0.0002225055701521,         0.0001624349476896
 -0.0002177815760126,         0.0001987451888605
 -0.0002110838698511,         0.0002342252831966
 -0.0002024433719593,         0.0002688817153089
 -0.0001919671266056,         0.0003026589558454
 -0.0001798035963842,         0.0003354056639134
 -0.0001660759702234,         0.0003668975416433
 -0.0001508282124066,         0.0003968751761433
 -0.0001340493819609,         0.0004251078706383
 -0.0001157619291014,         0.0004514535713823
 -0.0000960955598403,         0.0004758610800301
 -0.0000752989985745,         0.0004983315120356
 -0.0000536937383908,         0.0005188858727027
 -0.0000316013393305,         0.0005375517183861
 -0.0000092861941775,         0.0005543581924789
  0.0000130587533010,         0.0005693280279524
  0.0000352791386335,         0.0005824748925806
  0.0000572061359088,         0.0005938212155549
  0.0000786287040590,         0.0006034105642860
  0.0000992899617587,         0.0006112860435281
  0.0001188688580003,         0.0006174441240641
  0.0001369605441085,         0.0006218039052115
  0.0001531168311581,         0.0006242581038624
  0.0001669511825627,         0.0006248020733537
  0.0001782406227247,         0.0006236279502121
  0.0001869726959250,         0.0006210966941298
  0.0001933299970381,         0.0006176155579515
  0.0001976323004757,         0.0006135111307601
  0.0002002701371206,         0.0006089533427007
  0.0002016438567137,         0.0006039392844845
  0.0002020963029710,         0.0005983194954428
  0.0002018344365341,         0.0005918406532168
  0.0002008699509888,         0.0005841898442612
  0.0001990187525950,         0.0005750356909267
  0.0001959621416616,         0.0005640725327891
  0.0001913382096931,         0.0005510665995248
  0.0001848416967027,         0.0005358896758763
  0.0001763100419602,         0.0005185240398692
  0.0001657597522795,         0.0004990420644230
  0.0001533739759803,         0.0004775897426853
  0.0001394795808370,         0.0004543854210162
  0.0001245202568238,         0.0004297195837990
  0.0001089841490324,         0.0004039340862118
  0.0000932789465839,         0.0003773575783425
  0.0000776293115302,         0.0003502147936289
  0.0000620740253217,         0.0003225558270374
  0.0000465526617331,         0.0002942323251998
  0.0000310120299922,         0.0002649217192336
  0.0000154785606172,         0.0002341846402957
  0.0000000786906534,         0.0002015512867766
 -0.0000149854358856,         0.0001666451941362
 -0.0000294728331466,         0.0001293159261496
 -0.0000431219836684,         0.0000897067640153
 -0.0000556527205204,         0.0000482104683195
 -0.0000667788683179,         0.0000053406021944
 -0.0000762438764329,        -0.0000384057112373
 -0.0000838610814479,        -0.0000826300760598
 -0.0000895445491028,        -0.0001270441473400
 -0.0000933366369973,        -0.0001714239200161
 -0.0000954279664406,        -0.0002155387778826
 -0.0000961458565312,        -0.0002591109458484
 -0.0000959088354723,        -0.0003018420327762
 -0.0000951726258025,        -0.0003434784684904
 -0.0000943659079353,        -0.0003838479162202
 -0.0000938106084820,        -0.0004228379506082
 -0.0000936682506766,        -0.0004603578273984
 -0.0000939438801854,        -0.0004963234102295
 -0.0000945261597740,        -0.0005306542931606
 -0.0000952274781780,        -0.0005632522004264
 -0.0000958156018383,        -0.0005939497883387
 -0.0000960486359045,        -0.0006224649470291
 -0.0000957287867185,        -0.0006484125106621
 -0.0000947683552915,        -0.0006713843801761
 -0.0000932258419906,        -0.0006910658208593
 -0.0000912776743335,        -0.0007073280039103
 -0.0000891376557322,        -0.0007202503287404
 -0.0000869759780029,        -0.0007300685234409
 -0.0000848850393651,        -0.0007370611411606
 -0.0000828867983601,        -0.0007414086381753
 -0.0000809437940996,        -0.0007431016746228
 -0.0000789668152502,        -0.0007419517430604
 -0.0000768430712859,        -0.0007376851740376
 -0.0000744858207819,        -0.0007300774538149
 -0.0000718794713771,        -0.0007190801037643
 -0.0000691101935471,        -0.0007048792145198
 -0.0000663686275765,        -0.0006878492668111
 -0.0000639035210706,        -0.0006684261416471
 -0.0000619391914605,        -0.0006469681372910
 -0.0000605921035397,        -0.0006236820626456
 -0.0000598189758263,        -0.0005986482833447
 -0.0000594059170942,        -0.0005719037438850
 -0.0000589865340321,        -0.0005435035589384
 -0.0000580960477623,        -0.0005135239754071
 -0.0000562698576185,        -0.0004820492499478
 -0.0000531504944913,        -0.0004491930030989
 -0.0000485531355754,        -0.0004151395329460
 -0.0000424715931398,        -0.0003801586349286
 -0.0000350307755489,        -0.0003445756321032
 -0.0000264032387288,        -0.0003087203500749
 -0.0000167357389855,        -0.0002728849811045
 -0.0000061414139411,        -0.0002372961407510
  0.0000052507865700,        -0.0002020967807278
  0.0000172576466463,        -0.0001673386165076
  0.0000296556255677,        -0.0001329856541792
  0.0000422301325345,        -0.0000989247359555
  0.0000548209994512,        -0.0000649867533669
  0.0000673403407720,        -0.0000309904332072
  0.0000797596443768,         0.0000031954622182
  0.0000920859975450,         0.0000376022441232
  0.0001043487816678,         0.0000721560899024
  0.0001165812671414,         0.0001067072229240
  0.0001287724611875,         0.0001410440448691
  0.0001408067619881,         0.0001748699202636
  0.0001524341964454,         0.0002077826600100
  0.0001632972834162,         0.0002393120531529
  0.0001730093035540,         0.0002690117638945
  0.0001812507137347,         0.0002965498664945
  0.0001878388223270,         0.0003217626477673
  0.0001927408226671,         0.0003446806541014
  0.0001960332662148,         0.0003655390027587
  0.0001978473564488,         0.0003847537124250
  0.0001983361312010,         0.0004028489963790
  0.0001976476425338,         0.0004203578025109
  0.0001958720036880,         0.0004377264351652
  0.0001929805565594,         0.0004552334209737
  0.0001888086702250,         0.0004729375727741
  0.0001830940866299,         0.0004906894556694
  0.0001755387950295,         0.0005082136127576
  0.0001658667014083,         0.0005252144674893
  0.0001538700521739,         0.0005414435641081
  0.0001394486312543,         0.0005567073458103
  0.0001226488642640,         0.0005708497369010
  0.0001037014058624,         0.0005837461462262
  0.0000830356436320,         0.0005953078365851
  0.0000612363877228,         0.0006054782212597
  0.0000389326949040,         0.0006142184495036
  0.0000166683422946,         0.0006214964439591
 -0.0000051792216994,         0.0006272836898709
 -0.0000264175167914,         0.0006315452546534
 -0.0000470178080292,         0.0006342071181980
 -0.0000670648043147,         0.0006351132936872
 -0.0000866859856564,         0.0006340096586005
 -0.0001059819342128,         0.0006305797824883
 -0.0001249713820589,         0.0006245291012667
 -0.0001435549318791,         0.0006156832058215
 -0.0001615083446153,         0.0006040428437609
 -0.0001785127841257,         0.0005897571016440
 -0.0001942138705256,         0.0005730337885718
 -0.0002082898200179,         0.0005540439385754
 -0.0002205021968350,         0.0005328766077689
 -0.0002307102792898,         0.0005095673159111
 -0.0002388548616634,         0.0004841646881115
 -0.0002449364410544,         0.0004567714268230
 -0.0002489992589364,         0.0004275380826230
 -0.0002511040458612,         0.0003966349655642
 -0.0002512772267591,         0.0003642253545841
 -0.0002494665097295,         0.0003304431445351
 -0.0002455510772202,         0.0002953738445315
 -0.0002394051941943,         0.0002590479064850
 -0.0002309610132778,         0.0002214611412789
 -0.0002202294332115,         0.0001826257896049
 -0.0002072916816068,         0.0001426321495478
 -0.0001922968991279,         0.0001016814188977
 -0.0001754753096244,         0.0000600634777867
 -0.0001571532038836,         0.0000181003178309
 -0.0001377549455698,        -0.0000238996791127
 -0.0001177754022645,        -0.0000656592065293
 -0.0000977142244788,        -0.0001069365378666
 -0.0000780001108838,        -0.0001475256994907
 -0.0000589484227011,        -0.0001872416723976
 -0.0000407590708613,        -0.0002258852822463
 -0.0000235261993104,        -0.0002632014424217
 -0.0000072370065248,        -0.0002988575120591
  0.0000082310765741,        -0.0003324654869297
  0.0000230867027808,        -0.0003636543748675
  0.0000375622483508,        -0.0003921813613143
  0.0000518244047853,        -0.0004180401760155
  0.0000658920591267,        -0.0004414915504551
  0.0000796074088537,        -0.0004629733066085
  0.0000926744550986,        -0.0004829390149298
  0.0001047382830245,        -0.0005017169435668
  0.0001154758617805,        -0.0005194443434036
  0.0001246817054766,        -0.0005360755598250
  0.0001323291512316,        -0.0005514258696884
  0.0001385790195229,        -0.0005652198721591
  0.0001437206387173,        -0.0005771422077238
  0.0001480621483494,        -0.0005868894784938
  0.0001518118005362,        -0.0005942149061650
  0.0001550057200141,        -0.0005989630225035
  0.0001575171825095,        -0.0006010922097299
  0.0001591315325401,        -0.0006006749387754
  0.0001596383851261,        -0.0005978703842273
  0.0001588964670741,        -0.0005928880993646
  0.0001568587066915,        -0.0005859736733409
  0.0001535724423824,        -0.0005774193719064
  0.0001491672191068,        -0.0005675642531307
  0.0001438347974915,        -0.0005567559941771
  0.0001378072088350,        -0.0005452879112552
  0.0001313384122616,        -0.0005333455813724
  0.0001246889045517,        -0.0005209799847447
  0.0001181182719896,        -0.0005081054807975
  0.0001118932763900,        -0.0004945264077089
  0.0001062940994060,        -0.0004800005003731
  0.0001015841393062,        -0.0004643353746848
  0.0000979362870323,        -0.0004474847701230
  0.0000953567628343,        -0.0004295861613743
  0.0000936566995899,        -0.0004109095530546
  0.0000924827259812,        -0.0003917547313897
  0.0000913847953111,        -0.0003723663055251
  0.0000898995230147,        -0.0003529035643781
  0.0000876336777980,        -0.0003334486315735
  0.0000843332453566,        -0.0003140172396964
  0.0000799271848594,        -0.0002945529625165
  0.0000745347110751,        -0.0002749115798010
  0.0000684206785253,        -0.0002548618594343
  0.0000619016455224,        -0.0002341284300375
  0.0000552423193169,        -0.0002124718535046
  0.0000485898072392,        -0.0001897622621132
  0.0000419596497418,        -0.0001659994775637
  0.0000352570333868,        -0.0001412721027180
  0.0000283136633539,        -0.0001156912400047
  0.0000209295919128,        -0.0000893435443214
  0.0000129189831733,        -0.0000622788535285
  0.0000041633272528,        -0.0000345157853365
 -0.0000053374941205,        -0.0000060530392686
 -0.0000154447136052,         0.0000231086318641
 -0.0000259148759963,         0.0000529366492687
 -0.0000364826512849,         0.0000833553731731
 -0.0000469571380212,         0.0001142739007749
 -0.0000572875207502,         0.0001456361133812
 -0.0000675716456633,         0.0001774516040584
 -0.0000780138466827,         0.0002097746895430
 -0.0000888588719456,         0.0002426375950880
 -0.0001003266487598,         0.0002759798198211
 -0.0001125562420352,         0.0003096150613231
 -0.0001255542515716,         0.0003432526651421
