timestep:         0.0063532800000000
yAxisLabel:vertical DOF [m]     
title:bogies vertical DOF       
uv1,    uv2,    
  0.0000000000000000,  0.0000000000000000,
  0.0000000000000000,  0.0000000000000000,
 -0.0000000103640909,  0.0000000000000000,
 -0.0000000577758089,  0.0000000000000000,
 -0.0000001688078322,  0.0000000000000000,
 -0.0000003658275655,  0.0000000000000000,
 -0.0000006707374432,  0.0000000000000000,
 -0.0000011102256153,  0.0000000000000000,
 -0.0000017203434015,  0.0000000000000000,
 -0.0000025446262176,  0.0000000000000000,
 -0.0000036408833249,  0.0000000000000000,
 -0.0000050833118610,  0.0000000000000000,
 -0.0000069572132629,  0.0000000000000000,
 -0.0000093510337498,  0.0000000000000000,
 -0.0000123546638742,  0.0000000000000000,
 -0.0000160631734639,  0.0000000000000000,
 -0.0000205769963238,  0.0000000000000000,
 -0.0000260032174530,  0.0000000000000000,
 -0.0000324571430625,  0.0000000000000000,
 -0.0000400587468441,  0.0000000000000000,
 -0.0000489232253883,  0.0000000000000000,
 -0.0000591553226719,  0.0000000000000000,
 -0.0000708533367422,  0.0000000000000000,
 -0.0000841151481493,  0.0000000000000000,
 -0.0000990396718015,  0.0000000000000000,
 -0.0001157226095853,  0.0000000000000000,
 -0.0001342535625501,  0.0000000000000000,
 -0.0001547134446628,  0.0000000000000000,
 -0.0001771688469208,  0.0000000000000000,
 -0.0002016702541994,  0.0000000000000000,
 -0.0002282575859237,  0.0000000000000000,
 -0.0002569702330756,  0.0000000000000000,
 -0.0002878491142008,  0.0000000000000000,
 -0.0003209264659103,  0.0000000000000000,
 -0.0003562157563150,  0.0000000000000000,
 -0.0003937115972284,  0.0000000000000000,
 -0.0004333990988212,  0.0000000000000000,
 -0.0004752593885531,  0.0000000000000000,
 -0.0005192658668156,  0.0000000000000000,
 -0.0005653822919861,  0.0000000000000000,
 -0.0006135664666812,  0.0000000000000000,
 -0.0006637715529919,  0.0000000000000000,
 -0.0007159410604652,  0.0000000000000000,
 -0.0007700068786931,  0.0000000000000000,
 -0.0008258994975811,  0.0000000000000000,
 -0.0008835603406546,  0.0000000000000000,
 -0.0009429373040559,  0.0000000000000000,
 -0.0010039715970199,  0.0000000000000000,
 -0.0010665980656918,  0.0000000000000000,
 -0.0011307592625781,  0.0000000000000000,
 -0.0011964171563011,  0.0000000000000000,
 -0.0012635487913007,  0.0000000000000000,
 -0.0013321335795524,  0.0000000000000000,
 -0.0014021492900754,  0.0000000000000000,
 -0.0014735759351526,  0.0000000000000000,
 -0.0015463930166512,  0.0000000000000000,
 -0.0016205754152902,  0.0000000000000000,
 -0.0016961016517951,  0.0000000000000000,
 -0.0017729599909806,  0.0000000000000000,
 -0.0018511351195359,  0.0000000000000000,
 -0.0019305881737059,  0.0000000000000000,
 -0.0020112603998007,  0.0000000000000000,
 -0.0020930951964482,  0.0000000000000000,
 -0.0021760402875609,  0.0000000000000000,
 -0.0022600400769658,  0.0000000000000000,
 -0.0023450431786062,  0.0000000000000000,
 -0.0024310048980435,  0.0000000000000000,
 -0.0025178725557334,  0.0000000000000000,
 -0.0026055752501014,  0.0000000000000000,
 -0.0026940390992367,  0.0000000000000000,
 -0.0027832108555204,  0.0000000000000000,
 -0.0028730613499055,  0.0000000000000000,
 -0.0029635702945416,  0.0000000000000000,
 -0.0030547096055593,  0.0000000000000000,
 -0.0031464317154674,  0.0000000000000000,
 -0.0032386616643185,  0.0000000000000000,
 -0.0033312975611958,  0.0000000000000000,
 -0.0034242199367005,  0.0000000000000000,
 -0.0035172996035266,  0.0000000000000000,
 -0.0036103927928188,  0.0000000000000000,
 -0.0037033286907379,  0.0000000000000000,
 -0.0037959031086916,  0.0000000000000000,
 -0.0038878828183131,  0.0000000000000000,
 -0.0039790192373392,  0.0000000000000000,
 -0.0040690646326255,  0.0000000000000000,
 -0.0041577797923961,  0.0000000000000000,
 -0.0042449306455633,  0.0000000000000000,
 -0.0043302765852357,  0.0000000000000000,
 -0.0044135560467149,  0.0000000000000000,
 -0.0044944837970589,  0.0000000000000000,
 -0.0045727640989239,  0.0000000000000000,
 -0.0046481053999409,  0.0000000000000000,
 -0.0047202330469565,  0.0000000000000000,
 -0.0047888970584553, -0.0000008050334501,
 -0.0048538643442802, -0.0000034007814303,
 -0.0049149062777701, -0.0000081671391904,
 -0.0049717918243147, -0.0000154448549890,
 -0.0050242937311593, -0.0000255296506454,
 -0.0050722209903848, -0.0000386818712176,
 -0.0051154587040862, -0.0000551393078744,
 -0.0051539732778910, -0.0000751211720657,
 -0.0051877789034715, -0.0000988154775796,
 -0.0052169155608593, -0.0001263883996148,
 -0.0052414579688100, -0.0001579965189821,
 -0.0052615175580832, -0.0001937832431550,
 -0.0052772323504562, -0.0002338654160382,
 -0.0052887632413091, -0.0002783283222152,
 -0.0052962930848551, -0.0003272234368471,
 -0.0053000333974622, -0.0003805706718236,
 -0.0053002330189838, -0.0004383742896138,
 -0.0052971743146841, -0.0005006314962771,
 -0.0052911715415799, -0.0005673263131425,
 -0.0052825689155769, -0.0006384147027240,
 -0.0052717228672291, -0.0007138117974622,
 -0.0052589884751582, -0.0007933938494684,
 -0.0052447226150718, -0.0008770106426769,
 -0.0052292941160360, -0.0009644981940936,
 -0.0052130895555475, -0.0010556896810837,
 -0.0051965049484182, -0.0011504189513992,
 -0.0051799313304334, -0.0012484975822121,
 -0.0051637433024871, -0.0013496874716826,
 -0.0051482928244061, -0.0014537017077410,
 -0.0051339138532176, -0.0015602246483103,
 -0.0051209381727637, -0.0016689458876694,
 -0.0051097064009271, -0.0017795779792718,
 -0.0051005596916132, -0.0018918320067598,
 -0.0050938259178835, -0.0020053877770159,
 -0.0050898105785548, -0.0021198927321621,
 -0.0050887904460979, -0.0022349846386751,
 -0.0050910175295849, -0.0023503100051786,
 -0.0050967326403267, -0.0024655329744395,
 -0.0051061744463188, -0.0025803554018658,
 -0.0051195716845929, -0.0026945272083505,
 -0.0051371244363792, -0.0028078246168913,
 -0.0051589919709770, -0.0029200292331788,
 -0.0051852924591729, -0.0030309336747637,
 -0.0052161115629860, -0.0031403671210638,
 -0.0052515153490438, -0.0032482141560133,
 -0.0052915582095938, -0.0033543989898150,
 -0.0053362790829393, -0.0034588598521213,
 -0.0053856946187488, -0.0035615458764119,
 -0.0054397981989997, -0.0036624298566857,
 -0.0054985605392206, -0.0037615206962815,
 -0.0055619337843974, -0.0038588593115114,
 -0.0056298624792489, -0.0039545033159068,
 -0.0057022944398505, -0.0040485190395685,
 -0.0057791763930545, -0.0041409847225803,
 -0.0058604357673901, -0.0042319904755449,
 -0.0059459787890225, -0.0043216386074349,
 -0.0060357032028096, -0.0044100638105966,
 -0.0061295006610259, -0.0044974492118975,
 -0.0062272575794217, -0.0045840008442133,
 -0.0063288655940886, -0.0046699029153362,
 -0.0064342304299462, -0.0047553190209518,
 -0.0065432685699421, -0.0048404311634049,
 -0.0066559025749296, -0.0049254435926040,
 -0.0067720670067659, -0.0050105697040952,
 -0.0068917064712319, -0.0050960450528593,
 -0.0070147575151573, -0.0051821285600105,
 -0.0071411378452240, -0.0052690724609320,
 -0.0072707472280904, -0.0053570981387795,
 -0.0074034623913991, -0.0054464198081320,
 -0.0075391282982554, -0.0055372921158878,
 -0.0076775602983870, -0.0056300235364048,
 -0.0078185494396957, -0.0057249481468949,
 -0.0079618576266880, -0.0058223835556886,
 -0.0081072118395809, -0.0059225997634831,
 -0.0082543071889721, -0.0060258011978996,
 -0.0084028162673764, -0.0061321238742997,
 -0.0085524017623054, -0.0062416567402505,
 -0.0087027260167810, -0.0063544655216508,
 -0.0088534563375676, -0.0064705850562164,
 -0.0090042649851945, -0.0065899857207160,
 -0.0091548157630407, -0.0067125477687566,
 -0.0093047394725017, -0.0068380621529105,
 -0.0094536134209927, -0.0069662555659543,
 -0.0096009646563250, -0.0070968272241529,
 -0.0097462895605436, -0.0072294713274797,
 -0.0098890691617062, -0.0073638744272887,
 -0.0100287828994717, -0.0074996890944353,
 -0.0101649156626108, -0.0076364908924953,
 -0.0102969567329580, -0.0077737619705990,
 -0.0104243984414237, -0.0079109228378832,
 -0.0105467300595198, -0.0080473696906331,
 -0.0106634366853297, -0.0081824964309743,
 -0.0107740093796988, -0.0083157097294756,
 -0.0108779554834517, -0.0084464240852148,
 -0.0109748065170261, -0.0085740411268160,
 -0.0110641255453951, -0.0086979283118949,
 -0.0111455094099481, -0.0088174191750639,
 -0.0112185878186920, -0.0089318507325014,
 -0.0112830276198112, -0.0090406029964869,
 -0.0113385290474987, -0.0091431195983183,
 -0.0113848108387621, -0.0092389181472834,
 -0.0114216060855249, -0.0093275893940196,
 -0.0114486669305036, -0.0094087924824545,
 -0.0114657680213307, -0.0094822495203625,
 -0.0114727124760288, -0.0095477335452635,
 -0.0114693455298673, -0.0096050548556764,
 -0.0114555710956497, -0.0096540634723197,
 -0.0114313535066156, -0.0096946654540211,
 -0.0113967069804736, -0.0097268256942287,
 -0.0113516920709630, -0.0097505619322573,
 -0.0112964152728475, -0.0097659501101877,
 -0.0112310271272620, -0.0097731315621553,
 -0.0111557260968033, -0.0097723005588489,
 -0.0110707612803893, -0.0097636758336612,
 -0.0109764276882700, -0.0097474889323642,
 -0.0108730583606074, -0.0097239953711079,
 -0.0107610243053801, -0.0096934884668315,
 -0.0106407454956477, -0.0096563081659298,
 -0.0105126952252201, -0.0096128370003390,
 -0.0103773937944161, -0.0095634812424674,
 -0.0102353998173013, -0.0095086466807794,
 -0.0100873010438941, -0.0094487241870980,
 -0.0099337058004398, -0.0093841016637644,
 -0.0097752340535852, -0.0093151824975938,
 -0.0096125125918164, -0.0092423883129585,
 -0.0094461759901501, -0.0091661592097649,
 -0.0092768661738548, -0.0090869477112713,
 -0.0091052291167093, -0.0090052049136639,
 -0.0089319052921210, -0.0089213774802414,
 -0.0087575124530466, -0.0088359185212619,
 -0.0085826356296183, -0.0087493002509526,
 -0.0084078291019318, -0.0086620086633795,
 -0.0082336191111230, -0.0085745208377505,
 -0.0080605057257620, -0.0084872801206186,
 -0.0078889700533860, -0.0084006762822625,
 -0.0077194854048825, -0.0083150425375861,
 -0.0075525232211905, -0.0082306687377372,
 -0.0073885484035791, -0.0081478158668294,
 -0.0072280095371456, -0.0080667278793302,
 -0.0070713312971481, -0.0079876371767408,
 -0.0069189067060035, -0.0079107605709605,
 -0.0067710935811531, -0.0078362941786318,
 -0.0066282232206894, -0.0077644132950550,
 -0.0064906100369616, -0.0076952790188126,
 -0.0063585575824973, -0.0076290490044946,
 -0.0062323646335017, -0.0075658789867606,
 -0.0061123272511904, -0.0075059106523423,
 -0.0059987343745541, -0.0074492625930916,
 -0.0058918594781095, -0.0073960261477217,
 -0.0057919577224611, -0.0073462606221755,
 -0.0056992707336568, -0.0073000002882043,
 -0.0056140327893450, -0.0072572697570869,
 -0.0055364715726709, -0.0072180956042304,
 -0.0054668032604203, -0.0071825113107499,
 -0.0054052279208381, -0.0071505583791310,
 -0.0053519242487318, -0.0071222909135636,
 -0.0053070421485175, -0.0070977806741620,
 -0.0052706951296541, -0.0070771195474273,
 -0.0052429554944290, -0.0070604174045294,
 -0.0052238518919530, -0.0070477969140610,
 -0.0052133667036456, -0.0070393890262572,
 -0.0052114359321268, -0.0070353268158354,
 -0.0052179548594586, -0.0070357387644381,
 -0.0052327896274496, -0.0070407377819580,
 -0.0052557866788792, -0.0070504065389878,
 -0.0052867683522746, -0.0070647851233776,
 -0.0053255161860765, -0.0070838657255385,
 -0.0053717557452156, -0.0071075973851528,
 -0.0054251513326605, -0.0071358979418423,
 -0.0054853071270019, -0.0071686699383717,
 -0.0055517758275925, -0.0072058126532395,
 -0.0056240768651932, -0.0072472220868592,
 -0.0057017117331441, -0.0072927781611229,
 -0.0057841686462654, -0.0073423248950329,
 -0.0058709237719674, -0.0073956540677509,
 -0.0059614454183359, -0.0074525063371707,
 -0.0060551973718995, -0.0075125917297864,
 -0.0061516367981914, -0.0075756092613125,
 -0.0062502084917204, -0.0076412558486428,
 -0.0063503415540512, -0.0077092311678830,
 -0.0064514545483805, -0.0077792399162151,
 -0.0065529667126304, -0.0078509897108489,
 -0.0066543135054313, -0.0079241825067341,
 -0.0067549625864833, -0.0079985039398675,
 -0.0068544201831294, -0.0080736175574088,
 -0.0069522254956900, -0.0081491635846485,
 -0.0070479370554683, -0.0082247613945423,
 -0.0071411190624209, -0.0083000211040919,
 -0.0072313358087792, -0.0083745644982410,
 -0.0073181545447917, -0.0084480366710239,
 -0.0074011522438385, -0.0085201037092919,
 -0.0074799245437394, -0.0085904469899784,
 -0.0075540931858641, -0.0086587504468824,
 -0.0076233055645436, -0.0087246856462459,
 -0.0076872280073777, -0.0087879049331587,
 -0.0077455447855448, -0.0088480447934767,
 -0.0077979697698851, -0.0089047388146391,
 -0.0078442612490830, -0.0089576331480928,
 -0.0078842279714964, -0.0090063990001314,
 -0.0079177244683003, -0.0090507401224624,
 -0.0079446428111239, -0.0090903950393807,
 -0.0079649031356419, -0.0091251382640419,
 -0.0079784434343189, -0.0091547839691880,
 -0.0079852173777298, -0.0091791931779045,
 -0.0079852013392748, -0.0091982803356535,
 -0.0079784033286795, -0.0092120078133127,
 -0.0079648686066201, -0.0092203698598166,
 -0.0079446811178712, -0.0092233779939029,
 -0.0079179648512148, -0.0092210576841942,
 -0.0078848853687354, -0.0092134562381543,
 -0.0078456478347605, -0.0092006492096942,
 -0.0078004916001099, -0.0091827423530392,
 -0.0077496836294304, -0.0091598707292361,
 -0.0076935130390745, -0.0091321953754973,
 -0.0076322872543355, -0.0090998970852139,
 -0.0075663258170102, -0.0090631653037206,
 -0.0074959530876398, -0.0090221902412508,
 -0.0074214970288494, -0.0089771638629820,
 -0.0073432921169429, -0.0089282845165442,
 -0.0072616799048539, -0.0088757588972038,
 -0.0071770073735286, -0.0088197947030958,
 -0.0070896253684252, -0.0087605854220674,
 -0.0069998824692691, -0.0086982996997062,
 -0.0069081133005506, -0.0086330757140003,
 -0.0068146296298265, -0.0085650156432878,
 -0.0067197189480885, -0.0084941913255856,
 -0.0066236488996776, -0.0084206641401525,
 -0.0065266738590491, -0.0083445036938539,
 -0.0064290436853687, -0.0082657936160918,
 -0.0063310129001512, -0.0081846235725871,
 -0.0062328436159921, -0.0081010758545853,
 -0.0061348031125050, -0.0080152144478867,
 -0.0060371634046166, -0.0079270745473205,
 -0.0059402029624818, -0.0078366574305861,
 -0.0058442066644912, -0.0077439428692270,
 -0.0057494660167900, -0.0076489101968392,
 -0.0056562825079490, -0.0075515565822091,
 -0.0055649692917008, -0.0074519160643652,
 -0.0054758441596024, -0.0073500727097243,
 -0.0053892177373605, -0.0072461577568099,
 -0.0053053854259816, -0.0071403383440129,
 -0.0052246239022466, -0.0070328140500686,
 -0.0051471915385467, -0.0069238230548975,
 -0.0050733325487810, -0.0068136461944683,
 -0.0050032795647647, -0.0067026073906453,
 -0.0049372522317845, -0.0065910760214057,
 -0.0048754546657874, -0.0064794661548942,
 -0.0048180727785128, -0.0063682304086783,
 -0.0047652734502784, -0.0062578508085351,
 -0.0047172081892288, -0.0061488233707047,
 -0.0046740198501495, -0.0060416418120893,
 -0.0046358465774901, -0.0059367876555011,
 -0.0046028192545507, -0.0058347231995453,
 -0.0045750552331448, -0.0057358843797574,
 -0.0045526513598994, -0.0056406799434339,
 -0.0045356774349708, -0.0055495000868497,
 -0.0045241739397252, -0.0054627226781007,
 -0.0045181572271138, -0.0053807066451557,
 -0.0045176273821213, -0.0053037779714093,
 -0.0045225737248272, -0.0052322166720671,
 -0.0045329788819363, -0.0051662466204803,
 -0.0045488199200870, -0.0051060281484726,
 -0.0045700633973784, -0.0050516568146620,
 -0.0045966554745164, -0.0050031755241787,
 -0.0046285102007238, -0.0049605935308972,
 -0.0046654998379025, -0.0049238986821257,
 -0.0047074504831506, -0.0048930633372274,
 -0.0047541424546231, -0.0048680463099315,
 -0.0048053141426695, -0.0048487896333179,
 -0.0048606715471525, -0.0048352103030739,
 -0.0049199029515472, -0.0048271866301265,
 -0.0049826900128890, -0.0048245463479492,
 -0.0050487099872422, -0.0048270636367051,
 -0.0051176332560844, -0.0048344629392116,
 -0.0051891213122427, -0.0048464325442720,
 -0.0052628255118457, -0.0048626502454120,
 -0.0053383850558423, -0.0048828107156154,
 -0.0054154240740029, -0.0049066401643435,
 -0.0054935487040371, -0.0049338921849549,
 -0.0055723456275076, -0.0049643332362897,
 -0.0056513831489106, -0.0049977278335832,
 -0.0057302183845193, -0.0050338281440923,
 -0.0058084127144192, -0.0050723733026568,
 -0.0058855493909758, -0.0051130959077134,
 -0.0059612436677034, -0.0051557253044499,
 -0.0060351431099337, -0.0051999835396825,
 -0.0061069225664903, -0.0052455777949217,
 -0.0061762767336244, -0.0052921993311494,
 -0.0062429132315020, -0.0053395343194951,
 -0.0063065501532482, -0.0053872781087552,
 -0.0063669191220712, -0.0054351455448748,
 -0.0064237721953216, -0.0054828801225864,
 -0.0064768889077348, -0.0055302601123175,
 -0.0065260803844276, -0.0055770943579563,
 -0.0065711899481006, -0.0056232128390954,
 -0.0066120894737672, -0.0056684618974954,
 -0.0066486730999115, -0.0057127069130263,
 -0.0066808520462172, -0.0057558409269890,
 -0.0067085529656988, -0.0057977944761633,
 -0.0067317199326763, -0.0058385417101076,
 -0.0067503167722288, -0.0058781014216681,
 -0.0067643272335701, -0.0059165320275194,
 -0.0067737541665240, -0.0059539196223974,
 -0.0067786194530309, -0.0059903627682777,
 -0.0067789651331686, -0.0060259603938771,
 -0.0067748544539170, -0.0060608033229952,
 -0.0067663718836008, -0.0060949652006357,
 -0.0067536236244756, -0.0061284942076069,
 -0.0067367377430862, -0.0061614095559994,
 -0.0067158605943606, -0.0061937046188704,
 -0.0066911526256271, -0.0062253563200647,
 -0.0066627869166872, -0.0062563354425713,
 -0.0066309472396952, -0.0062866128502761,
 -0.0065958240547070, -0.0063161599346301,
 -0.0065576115235588, -0.0063449403654025,
 -0.0065165095415235, -0.0063728968466994,
 -0.0064727316202086, -0.0063999417736546,
 -0.0064265145258401, -0.0064259524390436,
 -0.0063781238367060, -0.0064507695776867,
 -0.0063278546675482, -0.0064742008385409,
 -0.0062760301346837, -0.0064960300335709,
 -0.0062229966443272, -0.0065160311123490,
 -0.0061691156295744, -0.0065339801283677,
 -0.0061147542160907, -0.0065496597558262,
 -0.0060602770453042, -0.0065628597008023,
 -0.0060060416323114, -0.0065733790329941,
 -0.0059523973408817, -0.0065810297867143,
 -0.0058996855615672, -0.0065856388215177,
 -0.0058482393537792, -0.0065870515384730,
 -0.0057983817426292, -0.0065851386294840,
 -0.0057504237519822, -0.0065798011699020,
 -0.0057046640515407, -0.0065709715128667,
 -0.0056613898490866, -0.0065586101956309,
 -0.0056208779565363, -0.0065427010274318,
 -0.0055833959982234, -0.0065232480436397,
 -0.0055492031557635, -0.0065002774381991,
 -0.0055185493406755, -0.0064738448221910,
 -0.0054916709893802, -0.0064440456117705,
 -0.0054687825463519, -0.0064110252303853,
 -0.0054500665784465, -0.0063749848694846,
 -0.0054356667007319, -0.0063361806091993,
 -0.0054256845346217, -0.0062949194169505,
 -0.0054201791518013, -0.0062515560933323,
 -0.0054191703276987, -0.0062064892165217,
 -0.0054226489639467, -0.0061601532491405,
 -0.0054305905857858, -0.0061130073112555,
 -0.0054429656955415, -0.0060655217600087,
 -0.0054597468026797, -0.0060181640870340,
 -0.0054809126518695, -0.0059713889505781,
 -0.0055064479774966, -0.0059256392385806,
 -0.0055363378361888, -0.0058813555817676,
 -0.0055705588809136, -0.0058389838127811,
 -0.0056090713689421, -0.0057989787933280,
 -0.0056518148182387, -0.0057618069551536,
 -0.0056987091456678, -0.0057279436288860,
 -0.0057496608116706, -0.0056978618531863,
 -0.0058045699539863, -0.0056720160711507,
 -0.0058633345401939, -0.0056508261149877,
 -0.0059258517044744, -0.0056346622986598,
 -0.0059920169951805, -0.0056238343846779,
 -0.0060617219404427, -0.0056185909557787,
 -0.0061348510406791, -0.0056191274554837,
 -0.0062112788525666, -0.0056255934280052,
 -0.0062908675033496, -0.0056380944804565,
 -0.0063734634520744, -0.0056566913690086,
 -0.0064588929542825, -0.0056813989983585,
 -0.0065469583916747, -0.0057121864278797,
 -0.0066374373759491, -0.0057489765601012,
 -0.0067300856567249, -0.0057916444957186,
 -0.0068246443525476, -0.0058400149629573,
 -0.0069208490287178, -0.0058938582002476,
 -0.0070184365762108, -0.0059528838704016,
 -0.0071171478607796, -0.0060167351411621,
 -0.0072167268643687, -0.0060849898371352,
 -0.0073169181868586, -0.0061571737440555,
 -0.0074174641175125, -0.0062327806614486,
 -0.0075181018047898, -0.0063112904780040,
 -0.0076185606837563, -0.0063921819533511,
 -0.0077185608666859, -0.0064749389906069,
 -0.0078178131131846, -0.0065590512450606,
 -0.0079160191985523, -0.0066440145640921,
 -0.0080128715314182, -0.0067293355747025,
 -0.0081080534324053, -0.0068145395667394,
 -0.0082012412234935, -0.0068991783936600,
 -0.0082921055306719, -0.0069828359082633,
 -0.0083803101466212, -0.0070651299837976,
 -0.0084655105335119, -0.0071457107496699,
 -0.0085473538497440, -0.0072242565512561,
 -0.0086254809568503, -0.0073004712341259,
 -0.0086995306936578, -0.0073740841513249,
 -0.0087691467225492, -0.0074448499939348,
 -0.0088339843980402, -0.0075125446694125,
 -0.0088937132397163, -0.0075769568145480,
 -0.0089480157731351, -0.0076378798006121,
 -0.0089965870016184, -0.0076951102048838,
 -0.0090391349588128, -0.0077484537591182,
 -0.0090753811917764, -0.0077977343761819,
 -0.0091050622499736, -0.0078428011838586,
 -0.0091279318482114, -0.0078835345865683,
 -0.0091437611938244, -0.0079198537674140,
 -0.0091523378423229, -0.0079517205992903,
 -0.0091534666899689, -0.0079791351543254,
 -0.0091469753437340, -0.0080021282503045,
 -0.0091327222251955, -0.0080207553659533,
 -0.0091106048801852, -0.0080350864760570,
 -0.0090805672901865, -0.0080451897575686,
 -0.0090426047409300, -0.0080511173565715,
 -0.0089967660298836, -0.0080529024814382,
 -0.0089431546486112, -0.0080505690717695,
 -0.0088819282109441, -0.0080441482950359,
 -0.0088132945553194, -0.0080336953522709,
 -0.0087375059313654, -0.0080193011336268,
 -0.0086548532908842, -0.0080010954344508,
 -0.0085656605407423, -0.0079792435241003,
 -0.0084702788086670, -0.0079539394420954,
 -0.0083690825759268, -0.0079253978747326,
 -0.0082624687300714, -0.0078938478229551,
 -0.0081508577354745, -0.0078595302533482,
 -0.0080346956007221, -0.0078226962500240,
 -0.0079144558263095, -0.0077836019077836,
 -0.0077906395833978, -0.0077425007526443,
 -0.0076637723914091, -0.0076996355805975,
 -0.0075343984771510, -0.0076552310768522,
 -0.0074030751067895, -0.0076094894277265,
 -0.0072703670860202, -0.0075625916702370,
 -0.0071368408158516, -0.0075147041718380,
 -0.0070030585444933, -0.0074659867712050,
 -0.0068695736657730, -0.0074166005667134,
 -0.0067369265531462, -0.0073667135442752,
 -0.0066056399002860, -0.0073165018382988,
 -0.0064762144918908, -0.0072661459889953,
 -0.0063491275545092, -0.0072158239369584,
 -0.0062248338743057, -0.0071657043575528,
 -0.0061037684028943, -0.0071159420782644,
 -0.0059863491243958, -0.0070666740900033,
 -0.0058729782086620, -0.0070180166934683,
 -0.0057640390809322, -0.0069700684721423,
 -0.0056598885339968, -0.0069229199750483,
 -0.0055608463330748, -0.0068766653117625,
 -0.0054671866810899, -0.0068314130308368,
 -0.0053791340413703, -0.0067872959072437,
 -0.0052968637070461, -0.0067444762922088,
 -0.0052205061466608, -0.0067031422583871,
 -0.0051501525884026, -0.0066634942462670,
 -0.0050858590733138, -0.0066257280939141,
 -0.0050276478760895, -0.0065900227065964,
 -0.0049755076560155, -0.0065565365672760,
 -0.0049293941191219, -0.0065254116436083,
 -0.0048892314289385, -0.0064967816595003,
 -0.0048549140925378, -0.0064707810125778,
 -0.0048263092246884, -0.0064475506312992,
 -0.0048032586714683, -0.0064272391322830,
 -0.0047855809608288, -0.0064100009499504,
 -0.0047730739445720, -0.0063959938361815,
 -0.0047655188610734, -0.0063853761564716,
 -0.0047626865244998, -0.0063783033707494,
 -0.0047643451622414, -0.0063749224640668,
 -0.0047702669660644, -0.0063753647238679,
 -0.0047802309662446, -0.0063797398582777,
 -0.0047940229878515, -0.0063881331435734,
 -0.0048114352921399, -0.0064006045904175,
 -0.0048322667370037, -0.0064171884907185,
 -0.0048563224074539, -0.0064378915213653,
 -0.0048834129419822, -0.0064626893655622,
 -0.0049133545035061, -0.0064915246598748,
 -0.0049459687302338, -0.0065243086530069,
 -0.0049810816392151, -0.0065609261735257,
 -0.0050185220759471, -0.0066012418846719,
 -0.0050581201852783, -0.0066451049876653,
 -0.0050997057769106, -0.0066923501141181,
 -0.0051431067377027, -0.0067427946846987,
 -0.0051881474501495, -0.0067962348590836,
 -0.0052346471988908, -0.0068524435651306,
 -0.0052824181222480, -0.0069111728419354,
 -0.0053312621436578, -0.0069721597340680,
 -0.0053809668966903, -0.0070351336415299,
 -0.0054313009503214, -0.0070998214996474,
 -0.0054820093714899, -0.0071659478067413,
 -0.0055328103003932, -0.0072332299554499,
 -0.0055833931029445, -0.0073013716615221,
 -0.0056334201163351, -0.0073700573611309,
 -0.0056825329954101, -0.0074389486081815,
 -0.0057303615202257, -0.0075076833653594,
 -0.0057765314234094, -0.0075758783444302,
 -0.0058206686291486, -0.0076431315463534,
 -0.0058623988113030, -0.0077090241982117,
 -0.0059013434194041, -0.0077731241448303,
 -0.0059371162102796, -0.0078349913594531,
 -0.0059693249359775, -0.0078941847741008,
 -0.0059975786243272, -0.0079502688386373,
 -0.0060214964464357, -0.0080028172576819,
 -0.0060407152046372, -0.0080514118267467,
 -0.0060548947092277, -0.0080956376829725,
 -0.0060637204892343, -0.0081350793545272,
 -0.0060669040876696, -0.0081693215049856,
 -0.0060641825404821, -0.0081979554864296,
 -0.0060553189360988, -0.0082205912014070,
 -0.0060401045653093, -0.0082368722717239,
 -0.0060183612003154, -0.0082464898166631,
 -0.0059899412334003, -0.0082491910707710,
 -0.0059547249189796, -0.0082447823760129,
 -0.0059126170912014, -0.0082331276645318,
 -0.0058635469380761, -0.0082141455508218,
 -0.0058074714293806, -0.0081878069010330,
 -0.0057443796695788, -0.0081541314432257,
 -0.0056742966278264, -0.0081131811952231,
 -0.0055972865751161, -0.0080650508304608,
 -0.0055134555005131, -0.0080098592036133,
 -0.0054229520308302, -0.0079477459098514,
 -0.0053259677874178, -0.0078788728789682,
 -0.0052227377791031, -0.0078034289628940,
 -0.0051135388022350, -0.0077216350659626,
 -0.0049986841672490, -0.0076337465735217,
 -0.0048785173237394, -0.0075400520716412,
 -0.0047534073721182, -0.0074408712406095,
 -0.0046237465832400, -0.0073365542748870,
 -0.0044899488420470, -0.0072274815248881,
 -0.0043524478829090, -0.0071140612772736,
 -0.0042116942857637, -0.0069967263788592,
 -0.0040681513737775, -0.0068759309387191,
 -0.0039222918091277, -0.0067521461564874,
 -0.0037745967309186, -0.0066258546051400,
 -0.0036255565385301, -0.0064975439473347,
 -0.0034756704557616, -0.0063677012548697,
 -0.0033254430127449, -0.0062368089553146,
 -0.0031753775391662, -0.0061053432590157,
 -0.0030259684976317, -0.0059737746811765,
 -0.0028776954193721, -0.0058425685050893,
 -0.0027310202416384, -0.0057121826424910,
 -0.0025863877190972, -0.0055830615360655,
 -0.0024442270854077, -0.0054556266861280,
 -0.0023049523814153, -0.0053302662127096,
 -0.0021689595042687, -0.0052073261022133,
 -0.0020366205812250, -0.0050871046313118,
 -0.0019082780189740, -0.0049698507497977,
 -0.0017842399380301, -0.0048557665564480,
 -0.0016647773189643, -0.0047450127366915,
 -0.0015501217541948, -0.0046377150381193,
 -0.0014404622194935, -0.0045339700960154,
 -0.0013359414788749, -0.0044338492157081,
 -0.0012366550595433, -0.0043373987049599,
 -0.0011426546823485, -0.0042446368469450,
 -0.0010539557105049, -0.0041555494955589,
 -0.0009705461732049, -0.0040700859995219,
 -0.0008923939390353, -0.0039881570659655,
 -0.0008194504970703, -0.0039096363929656,
 -0.0007516520027701, -0.0038343667017022,
 -0.0006889193055493, -0.0037621701569237,
 -0.0006311589790664, -0.0036928621038223,
 -0.0005782652765193, -0.0036262649435482,
 -0.0005301210292196, -0.0035622191133282,
 -0.0004865970281594, -0.0035005891911191,
 -0.0004475514288528, -0.0034412654889054,
 -0.0004128306344221, -0.0033841627279136,
 -0.0003822721153135, -0.0033292167285492,
 -0.0003557089835892, -0.0032763812099065,
 -0.0003329755517018, -0.0032256265048183,
 -0.0003139120847732, -0.0031769387903364,
 -0.0002983666416669, -0.0031303172382456,
 -0.0002861934084595, -0.0030857692910458,
 -0.0002772491445058, -0.0030433063155770,
 -0.0002713891638877, -0.0030029409661818,
 -0.0002684636546435, -0.0029646860372578,
 -0.0002683152851214, -0.0029285550946357,
 -0.0002707778474645, -0.0028945651978070,
 -0.0002756747112782, -0.0028627391753426,
 -0.0002828165950131, -0.0028331041618136,
 -0.0002920000250208, -0.0028056860091610,
 -0.0003030085367990, -0.0027805015909474,
 -0.0003156169846437, -0.0027575512970892,
 -0.0003295971067688, -0.0027368128758490,
 -0.0003447216245610, -0.0027182373349938,
 -0.0003607654258103, -0.0027017481757109,
 -0.0003775048148003, -0.0026872449877710,
 -0.0003947164139961, -0.0026746109289159,
 -0.0004121761755235, -0.0026637215714673,
 -0.0004296585753265, -0.0026544515304625,
 -0.0004469368382146, -0.0026466750840993,
 -0.0004637849841026, -0.0026402590483921,
 -0.0004799808971031, -0.0026350514216748,
 -0.0004953088627458, -0.0026308728558460,
 -0.0005095611219139, -0.0026275155687738,
 -0.0005225391367619, -0.0026247493437208,
 -0.0005340547859159, -0.0026223318337328,
 -0.0005439309554998, -0.0026200190418577,
 -0.0005520023025697, -0.0026175713738826,
 -0.0005581177680456, -0.0026147535711027,
 -0.0005621441114259, -0.0026113314893580,
 -0.0005639681560260, -0.0026070711738360,
 -0.0005634972373360, -0.0026017432165504,
 -0.0005606591026414, -0.0025951308255031,
 -0.0005554021076887, -0.0025870378670385,
 -0.0005476958998502, -0.0025772933988615,
 -0.0005375323123921, -0.0025657515869511,
 -0.0005249259355553, -0.0025522890897036,
 -0.0005099141013783, -0.0025368028863059,
 -0.0004925563241559, -0.0025192096738501,
 -0.0004729334926020, -0.0024994464504165,
 -0.0004511470551229, -0.0024774715876914,
 -0.0004273182690867, -0.0024532650910222,
 -0.0004015872320187, -0.0024268267759722,
 -0.0003741112473121, -0.0023981725873220,
 -0.0003450625791477, -0.0023673321160992,
 -0.0003146258849233, -0.0023343483722079,
 -0.0002829954018540, -0.0022992774895915,
 -0.0002503690262360, -0.0022621874208997,
 -0.0002169399350869, -0.0022231561111246,
 -0.0001828973999098, -0.0021822703956580,
 -0.0001484309192172, -0.0021396277377964,
 -0.0001137292144092, -0.0020953427614554,
 -0.0000789792457335, -0.0020495537131219,
 -0.0000443652532021, -0.0020024174692897,
 -0.0000100678271319, -0.0019540991746141,
  0.0000237369872545, -0.0019047756288061,
  0.0000568785469826, -0.0018546436148619,
  0.0000891924263178, -0.0018039194361571,
  0.0001205211859628, -0.0017528356479983,
  0.0001507150931276, -0.0017016307996022,
  0.0001796327894529, -0.0016505354969984,
  0.0002071419040900, -0.0015997624647871,
  0.0002331196095728, -0.0015494990293113,
  0.0002574531184568, -0.0014999090630614,
  0.0002800401190477, -0.0014511419180125,
  0.0003007891488847, -0.0014033412107185,
  0.0003196199050008, -0.0013566480089107,
  0.0003364634903254, -0.0013111969094777,
  0.0003512625959457, -0.0012671095303451,
  0.0003639716192854, -0.0012244879687572,
  0.0003745567185951, -0.0011834082184951,
  0.0003829958044819, -0.0011439122952146,
  0.0003892784695236, -0.0011060022152542,
  0.0003934058573250, -0.0010696379592310,
  0.0003953904726711, -0.0010347394517883,
  0.0003952559347160, -0.0010011912287362,
  0.0003930366754191, -0.0009688500164961,
  0.0003887775856900, -0.0009375548069566,
  0.0003825336119436, -0.0009071373495724,
  0.0003743693059847, -0.0008774315727424,
  0.0003643583313399, -0.0008482815818335,
  0.0003525829293383, -0.0008195477211705,
  0.0003391333483996, -0.0007911098616836,
  0.0003241072401267, -0.0007628668441005,
  0.0003076090259227, -0.0007347326929657,
  0.0002897492379427, -0.0007066321469611,
  0.0002706438382701, -0.0006784974706226,
  0.0002504135202575, -0.0006502672096793,
  0.0002291829960053, -0.0006218858885031,
  0.0002070802739609, -0.0005933057511819,
  0.0001842359306082, -0.0005644930753685,
  0.0001607823801891, -0.0005354372964264,
  0.0001368531463424, -0.0005061580955356,
  0.0001125821394751, -0.0004767066929502,
  0.0000881029435914, -0.0004471624932260,
  0.0000635481161930, -0.0004176284157451,
  0.0000390485047400, -0.0003882238483913,
  0.0000147325830174, -0.0003590763485580,
 -0.0000092741894056, -0.0003303183020614,
 -0.0000328499816098, -0.0003020890292146,
 -0.0000558771768232, -0.0002745327519640,
 -0.0000782429263527, -0.0002477874329017,
 -0.0000998396695261, -0.0002219719967246,
 -0.0001205656174413, -0.0001971835949248,
 -0.0001403251985434, -0.0001735081531613,
 -0.0001590294642862, -0.0001510325070282,
 -0.0001765964533694, -0.0001298436229242,
 -0.0001929515132897, -0.0001100159467052,
 -0.0002080275781855, -0.0000916005677563,
 -0.0002217654022054, -0.0000746256734459,
 -0.0002341137478744, -0.0000591045061652,
 -0.0002450295291808, -0.0000450405789444,
 -0.0002544779093483, -0.0000324262186777,
 -0.0002624323534975, -0.0000212386439167,
 -0.0002688746366385, -0.0000114380496882,
 -0.0002737948076606, -0.0000029700624443,
 -0.0002771911102121,  0.0000042273695352,
 -0.0002790698615714,  0.0000102184189755,
 -0.0002794452908195,  0.0000150708202288,
 -0.0002783393378150,  0.0000188618029985,
 -0.0002757814146566,  0.0000216803682649,
 -0.0002718081314898,  0.0000236228992749,
 -0.0002664629886722,  0.0000247868372391,
 -0.0002597960374593,  0.0000252666254750,
 -0.0002518635115021,  0.0000251521969161,
 -0.0002427274315670,  0.0000245301673895,
 -0.0002324551859908,  0.0000234861955562,
 -0.0002211190894726,  0.0000221032069941,
 -0.0002087959228767,  0.0000204569343901,
 -0.0001955664567771,  0.0000186137935486,
 -0.0001815149615207,  0.0000166310032921,
 -0.0001667287066066,  0.0000145575093133,
 -0.0001512974521989,  0.0000124338438714,
 -0.0001353129355792,  0.0000102917524758,
 -0.0001188683553334,  0.0000081547916603,
 -0.0001020578560305,  0.0000060393777870,
 -0.0000849760161076,  0.0000039563076398,
 -0.0000677173416127,  0.0000019126153164,
 -0.0000503757683861, -0.0000000858799477,
 -0.0000330441751740, -0.0000020311917489,
 -0.0000158139100709, -0.0000039116522250,
  0.0000012256674207, -0.0000057143784880,
  0.0000179876265445, -0.0000074274135545,
  0.0000343878856168, -0.0000090397952828,
  0.0000503456106226, -0.0000105416158848,
  0.0000657835903209, -0.0000119240717923,
  0.0000806285862547, -0.0000131795037345,
  0.0000948116562153, -0.0000143014269669,
  0.0001082684498766, -0.0000152845516646,
  0.0001209394754801, -0.0000161247935736,
  0.0001327703366252, -0.0000168192750818,
  0.0001437119383885, -0.0000173663169457,
  0.0001537206621723, -0.0000177654209704,
  0.0001627585088578, -0.0000180172440079,
  0.0001707932100100, -0.0000181235636918,
  0.0001777983070569, -0.0000180872363833,
  0.0001837531985334, -0.0000179121478494,
  0.0001886431556500, -0.0000176031572376,
  0.0001924593066064, -0.0000171660349504,
  0.0001951985902317, -0.0000166073950517,
  0.0001968636796835, -0.0000159346228677,
  0.0001974628770851, -0.0000151557984601,
  0.0001970099801195, -0.0000142796166692,
  0.0001955241217312, -0.0000133153044299,
  0.0001930295842097, -0.0000122725360684,
  0.0001895555890440, -0.0000111613472843,
  0.0001851360640435, -0.0000099920485165,
  0.0001798093893161, -0.0000087751383767,
  0.0001736181237811, -0.0000075212178176,
  0.0001666087139716, -0.0000062409056804,
  0.0001588311869442, -0.0000049447562376,
  0.0001503388291717, -0.0000036431793199,
  0.0001411878533356, -0.0000023463635762,
  0.0001314370549721, -0.0000010642033812,
  0.0001211474609445,  0.0000001937701364,
  0.0001103819717284,  0.0000014184535182,
  0.0000992049994970,  0.0000026012304686,
  0.0000876821039840,  0.0000037340260826,
  0.0000758796280822,  0.0000048093555210,
  0.0000638643351055,  0.0000058203668994,
  0.0000517030496040,  0.0000067608782053,
  0.0000394623035706,  0.0000076254081079,
  0.0000272079898226,  0.0000084092005801,
  0.0000150050242737,  0.0000091082432949,
  0.0000029170187379,  0.0000097192798152,
 -0.0000089940341752,  0.0000102398156377,
 -0.0000206680626007,  0.0000106681181993,
 -0.0000320472020202,  0.0000110032110003,
 -0.0000430760656484,  0.0000112448620364,
 -0.0000537019974352,  0.0000113935667748,
 -0.0000638753066241,  0.0000114505259412,
 -0.0000735494829220,  0.0000114176184234,
 -0.0000826813914535,  0.0000112973696211,
 -0.0000912314467904,  0.0000110929156041,
 -0.0000991637654727,  0.0000108079634597,
 -0.0001064462965565,  0.0000104467482329,
 -0.0001130509298494,  0.0000100139868777,
 -0.0001189535816183,  0.0000095148296502,
 -0.0001241342576731,  0.0000089548093852,
 -0.0001285770938562,  0.0000083397890984,
 -0.0001322703740809,  0.0000076759083650,
 -0.0001352065261826,  0.0000069695289164,
 -0.0001373820959567,  0.0000062271798972,
 -0.0001387976998678,  0.0000054555032118,
 -0.0001394579570193,  0.0000046611993831,
 -0.0001393714010723,  0.0000038509743250,
 -0.0001385503728985,  0.0000030314874201,
 -0.0001370108948394,  0.0000022093012683,
 -0.0001347725275302,  0.0000013908334529,
 -0.0001318582103194,  0.0000005823106454,
 -0.0001282940863897, -0.0000002102746547,
 -0.0001241093137460, -0.0000009812044789,
 -0.0001193358632932, -0.0000017250726088,
 -0.0001140083052765, -0.0000024368184462,
 -0.0001081635853951, -0.0000031117573591,
 -0.0001018407919374, -0.0000037456073567,
 -0.0000950809153088, -0.0000043345119808,
 -0.0000879266013440, -0.0000048750593328,
 -0.0000804218998038, -0.0000053642971865,
 -0.0000726120094620, -0.0000057997441692,
 -0.0000645430211824, -0.0000061793970237,
 -0.0000562616603732, -0.0000065017339950,
 -0.0000478150301906, -0.0000067657144125,
 -0.0000392503568333, -0.0000069707745681,
 -0.0000306147382411, -0.0000071168200145,
 -0.0000219548974693, -0.0000072042144349,
 -0.0000133169419668, -0.0000072337652552,
 -0.0000047461299356, -0.0000072067061944,
  0.0000037133551089, -0.0000071246769624,
  0.0000120186205153, -0.0000069897003366,
  0.0000201282704189, -0.0000068041568596,
  0.0000280026004839, -0.0000065707574129,
  0.0000356037806168, -0.0000062925139334,
  0.0000428960248763, -0.0000059727085446,
  0.0000498457478869, -0.0000056148613818,
  0.0000564217071448, -0.0000052226973923,
  0.0000625951306897, -0.0000048001123926,
  0.0000683398297013, -0.0000043511386650,
  0.0000736322956650, -0.0000038799103683,
  0.0000784517818408, -0.0000033906290376,
  0.0000827803688535, -0.0000028875294343,
  0.0000866030143124, -0.0000023748460037,
  0.0000899075864500, -0.0000018567801822,
  0.0000926848818596, -0.0000013374687855,
  0.0000949286274883, -0.0000008209536956,
  0.0000966354671278, -0.0000003111530462,
  0.0000978049327188,  0.0000001881659077,
  0.0000984394008638,  0.0000006734120687,
  0.0000985440350131,  0.0000011411937781,
  0.0000981267138560,  0.0000015883399669,
  0.0000971979465162,  0.0000020119190695,
  0.0000957707752088,  0.0000024092556099,
  0.0000938606660712,  0.0000027779443904,
  0.0000914853889345,  0.0000031158622353,
  0.0000886648868443,  0.0000034211772592,
  0.0000854211361845,  0.0000036923556518,
  0.0000817779982903,  0.0000039281659895,
  0.0000777610634712,  0.0000041276811025,
  0.0000733974883872,  0.0000042902775451,
  0.0000687158277425,  0.0000044156327345,
  0.0000637458612767,  0.0000045037198376,
  0.0000585184170404,  0.0000045548005037,
  0.0000530651919489,  0.0000045694155528,
  0.0000474185706029,  0.0000045483737433,
  0.0000416114433631,  0.0000044927387550,
  0.0000356770246474,  0.0000044038145311,
  0.0000296486724104,  0.0000042831291370,
  0.0000235597097366,  0.0000041324172948,
  0.0000174432494568,  0.0000039536017638,
  0.0000113320226656,  0.0000037487737400,
  0.0000052582119832,  0.0000035201724492,
 -0.0000007467096340,  0.0000032701641136,
 -0.0000066521337706,  0.0000030012204687,
 -0.0000124284644007,  0.0000027158970083,
 -0.0000180472580379,  0.0000024168111334,
 -0.0000234813555711,  0.0000021066203738,
 -0.0000287050052197,  0.0000017880008515,
 -0.0000336939761032,  0.0000014636261442,
 -0.0000384256619727,  0.0000011361467029,
 -0.0000428791747146,  0.0000008081699681,
 -0.0000470354272948,  0.0000004822413207,
 -0.0000508772058736,  0.0000001608259939,
 -0.0000543892308832, -0.0000001537079392,
 -0.0000575582069209, -0.0000004591053974,
 -0.0000603728613720, -0.0000007532388506,
 -0.0000628239717386, -0.0000010341215264,
 -0.0000649043817091, -0.0000012999191950,
 -0.0000666090060635, -0.0000015489604791,
 -0.0000679348245649, -0.0000017797456452,
 -0.0000688808650463, -0.0000019909538475,
 -0.0000694481759532, -0.0000021814488063,
 -0.0000696397886537, -0.0000023502829193,
 -0.0000694606698805, -0.0000024966998100,
 -0.0000689176647103, -0.0000026201353363,
 -0.0000680194305337, -0.0000027202170888,
 -0.0000667763625072, -0.0000027967624203,
 -0.0000652005110162, -0.0000028497750608,
 -0.0000633054917129, -0.0000028794403783,
 -0.0000611063887203, -0.0000028861193561,
 -0.0000586196516247, -0.0000028703413672,
 -0.0000558629868966, -0.0000028327958300,
 -0.0000528552444044, -0.0000027743228394,
 -0.0000496162996966, -0.0000026959028710,
 -0.0000461669327419, -0.0000025986456612,
 -0.0000425287038238, -0.0000024837783708,
 -0.0000387238272905, -0.0000023526331397,
 -0.0000347750438596, -0.0000022066341470,
 -0.0000307054921768, -0.0000020472842859,
 -0.0000265385803164, -0.0000018761515683,
 -0.0000222978579052, -0.0000016948553704,
 -0.0000180068895325, -0.0000015050526283,
 -0.0000136891300971, -0.0000013084240931,
 -0.0000093678027157, -0.0000011066607495,
 -0.0000050657797983, -0.0000009014504985,
 -0.0000008054678684, -0.0000006944652002,
  0.0000033913033258, -0.0000004873481683,
  0.0000075033868886, -0.0000002817022013,
  0.0000115104195618, -0.0000000790782283,
  0.0000153929167688,  0.0000001190353567,
  0.0000191323615055,  0.0000003112226087,
  0.0000227112867100,  0.0000004961491353,
  0.0000261133507769,  0.0000006725703405,
  0.0000293234059281,  0.0000008393387665,
  0.0000323275591927,  0.0000009954105003,
  0.0000351132257910,  0.0000011398506178,
  0.0000376691747627,  0.0000012718376497,
  0.0000399855667205,  0.0000013906670577,
  0.0000420539836564,  0.0000014957537201,
  0.0000438674507682,  0.0000015866334324,
  0.0000454204503200,  0.0000016629634359,
  0.0000467089275885,  0.0000017245219952,
  0.0000477302889902,  0.0000017712070524,
  0.0000484833925244,  0.0000018030339898,
  0.0000489685307037,  0.0000018201325436,
  0.0000491874061829,  0.0000018227429113,
  0.0000491431003296,  0.0000018112111054,
  0.0000488400350165,  0.0000017859836069,
  0.0000482839279437,  0.0000017476013779,
  0.0000474817418300,  0.0000016966932962,
  0.0000464416278399,  0.0000016339690770,
  0.0000451728636356,  0.0000015602117487,
  0.0000436857864678,  0.0000014762697535,
  0.0000419917217354,  0.0000013830487413,
  0.0000401029074670,  0.0000012815031308,
  0.0000380324151832,  0.0000011726275057,
  0.0000357940676195,  0.0000010574479192,
  0.0000334023537913,  0.0000009370131748,
  0.0000308723418926,  0.0000008123861520,
  0.0000282195905231,  0.0000006846352423,
  0.0000254600587385,  0.0000005548259591,
  0.0000226100154184,  0.0000004240127825,
  0.0000196859484392,  0.0000002932312941,
  0.0000167044741378,  0.0000001634906580,
  0.0000136822475367,  0.0000000357664948,
  0.0000106358737935, -0.0000000890058048,
  0.0000075818213228, -0.0000002099372869,
  0.0000045363370231, -0.0000003261911255,
  0.0000015153640213, -0.0000004369877677,
 -0.0000014655376693, -0.0000005416095063,
 -0.0000043912672060, -0.0000006394044593,
 -0.0000072472553391, -0.0000007297899400,
 -0.0000100195328751, -0.0000008122552086,
 -0.0000126947948823, -0.0000008863635977,
 -0.0000152604603679, -0.0000009517540123,
 -0.0000177047271822, -0.0000010081418087,
 -0.0000200166219385, -0.0000010553190601,
 -0.0000221860447618, -0.0000010931542237,
 -0.0000242038087137, -0.0000011215912260,
 -0.0000260616737706, -0.0000011406479880,
 -0.0000277523752604, -0.0000011504144173,
 -0.0000292696466983, -0.0000011510498941,
 -0.0000306082369881, -0.0000011427802846,
 -0.0000317639219895, -0.0000011258945161,
 -0.0000327335104786, -0.0000011007407526,
 -0.0000335148445606, -0.0000010677222084,
 -0.0000341067946193, -0.0000010272926430,
 -0.0000345092489191, -0.0000009799515799,
 -0.0000347230979971, -0.0000009262392916,
 -0.0000347502140126, -0.0000008667315984,
 -0.0000345934252420, -0.0000008020345223,
 -0.0000342564859320, -0.0000007327788441,
 -0.0000337440417427, -0.0000006596146065,
 -0.0000330615910353, -0.0000005832056071,
 -0.0000322154422726, -0.0000005042239245,
 -0.0000312126678211, -0.0000004233445192,
 -0.0000300610544547, -0.0000003412399481,
 -0.0000287690508738, -0.0000002585752311,
 -0.0000273457125652, -0.0000001760029068,
 -0.0000258006443354, -0.0000000941583078,
 -0.0000241439408582, -0.0000000136550897,
 -0.0000223861255821,  0.0000000649189602,
 -0.0000205380883457,  0.0000001410058082,
 -0.0000186110220514,  0.0000002140807318,
 -0.0000166163587472,  0.0000002836555299,
 -0.0000145657054621,  0.0000003492813699,
 -0.0000124707801397,  0.0000004105512589,
 -0.0000103433480046,  0.0000004671021292,
 -0.0000081951586927,  0.0000005186165320,
 -0.0000060378844638,  0.0000005648239361,
 -0.0000038830598057,  0.0000006055016309,
 -0.0000017420227272,  0.0000006404752380,
  0.0000003741419775,  0.0000006696188363,
  0.0000024546572245,  0.0000006928547095,
  0.0000044891056446,  0.0000007101527284,
  0.0000064674788603,  0.0000007215293802,
  0.0000083802238197,  0.0000007270464638,
  0.0000102182859891,  0.0000007268094665,
  0.0000119731492256,  0.0000007209656460,
  0.0000136368721738,  0.0000007097018369,
  0.0000152021210474,  0.0000006932420081,
  0.0000166621986820,  0.0000006718445942,
  0.0000180110697640,  0.0000006457996288,
  0.0000192433821642,  0.0000006154257065,
  0.0000203544843241,  0.0000005810668000,
  0.0000213404386672,  0.0000005430889628,
  0.0000221980310272,  0.0000005018769443,
  0.0000229247761062,  0.0000004578307457,
  0.0000235189189987,  0.0000004113621459,
  0.0000239794328341,  0.0000003628912235,
  0.0000243060126136,  0.0000003128429034,
  0.0000244990653333,  0.0000002616435523,
  0.0000245596965056,  0.0000002097176501,
  0.0000244896932073,  0.0000001574845590,
  0.0000242915037980,  0.0000001053554149,
  0.0000239682144710,  0.0000000537301600,
  0.0000235235228091,  0.0000000029947370,
  0.0000229617085333, -0.0000000464815374,
  0.0000222876016429, -0.0000000943484042,
  0.0000215065481587, -0.0000001402768856,
  0.0000206243736850, -0.0000001839612874,
  0.0000196473450205, -0.0000002251209716,
  0.0000185821300506, -0.0000002635018903,
  0.0000174357561599, -0.0000002988778751,
  0.0000162155674083, -0.0000003310516798,
  0.0000149291807173, -0.0000003598557721,
  0.0000135844413121, -0.0000003851528768,
  0.0000121893776678, -0.0000004068362708,
  0.0000107521562045, -0.0000004248298354,
  0.0000092810359759, -0.0000004390878705,
  0.0000077843235887, -0.0000004495946790,
  0.0000062703285895, -0.0000004563639291,
  0.0000047473195448, -0.0000004594378074,
  0.0000032234810377, -0.0000004588859716,
  0.0000017068717909, -0.0000004548043189,
  0.0000002053841216, -0.0000004473135818,
 -0.0000012732950802, -0.0000004365577681,
 -0.0000027217216680, -0.0000004227024609,
 -0.0000041327296793, -0.0000004059329942,
 -0.0000054994647436, -0.0000003864525226,
 -0.0000068154153139, -0.0000003644800021,
 -0.0000080744415905, -0.0000003402480997,
 -0.0000092708020227, -0.0000003140010505,
 -0.0000103991772850, -0.0000002859924785,
 -0.0000114546916439, -0.0000002564832013,
 -0.0000124329316414, -0.0000002257390339,
 -0.0000133299620412, -0.0000001940286096,
 -0.0000141423389957, -0.0000001616212342,
 -0.0000148671204098, -0.0000001287847896,
 -0.0000155018734901, -0.0000000957837005,
 -0.0000160446794848, -0.0000000628769804,
 -0.0000164941356348, -0.0000000303163674,
 -0.0000168493543689,  0.0000000016554352,
 -0.0000171099597920,  0.0000000328064056,
 -0.0000172760815273,  0.0000000629167246,
 -0.0000173483459881,  0.0000000917801656,
 -0.0000173278651650,  0.0000001192053427,
 -0.0000172162230277,  0.0000001450168143,
 -0.0000170154596518,  0.0000001690560350,
 -0.0000167280531899,  0.0000001911821523,
 -0.0000163568998158,  0.0000002112726478,
 -0.0000159052917823,  0.0000002292238199,
 -0.0000153768937357,  0.0000002449511086,
 -0.0000147757174413,  0.0000002583892654,
 -0.0000141060950791,  0.0000002694923685,
 -0.0000133726512715,  0.0000002782336895,
 -0.0000125802740135,  0.0000002846054144,
 -0.0000117340846736,  0.0000002886182258,
 -0.0000108394072407,  0.0000002903007534,
 -0.0000099017369906,  0.0000002896988989,
 -0.0000089267087461,  0.0000002868750449,
 -0.0000079200649062,  0.0000002819071573,
 -0.0000068876234157,  0.0000002748877885,
 -0.0000058352458452,  0.0000002659229944,
 -0.0000047688057495,  0.0000002551311744,
 -0.0000036941574659,  0.0000002426418444,
 -0.0000026171055100,  0.0000002285943563,
 -0.0000015433747225,  0.0000002131365729,
 -0.0000004785813109,  0.0000001964235109,
  0.0000005717950743,  0.0000001786159632,
  0.0000016024380977,  0.0000001598791110,
  0.0000026082202092,  0.0000001403811375,
  0.0000035842267123,  0.0000001202918528,
  0.0000045257783256,  0.0000000997813419,
  0.0000054284521422,  0.0000000790186438,
  0.0000062881009017,  0.0000000581704731,
  0.0000071008705010,  0.0000000373999908,
  0.0000078632156779,  0.0000000168656341,
  0.0000085719138146, -0.0000000032799874,
  0.0000092240768186, -0.0000000228911232,
  0.0000098171610476, -0.0000000418298340,
  0.0000103489752584, -0.0000000599668597,
  0.0000108176865685, -0.0000000771823979,
  0.0000112218244307, -0.0000000933667906,
  0.0000115602826314, -0.0000001084211141,
  0.0000118323193342, -0.0000001222576720,
  0.0000120375551973, -0.0000001348003884,
  0.0000121759696092, -0.0000001459851021,
  0.0000122478950882, -0.0000001557597604,
  0.0000122540099081, -0.0000001640845157,
  0.0000121953290149, -0.0000001709317243,
  0.0000120731933105, -0.0000001762858515,
  0.0000118892573868, -0.0000001801432856,
  0.0000116454757975, -0.0000001825120646,
  0.0000113440879655, -0.0000001834115195,
  0.0000109876018265, -0.0000001828718395,
  0.0000105787763142, -0.0000001809335646,
  0.0000101206028004, -0.0000001776470112,
  0.0000096162856020, -0.0000001730716357,
  0.0000090692216746, -0.0000001672753451,
  0.0000084829796119, -0.0000001603337585,
  0.0000078612780730, -0.0000001523294287,
  0.0000072079637609, -0.0000001433510289,
  0.0000065269890749, -0.0000001334925134,
  0.0000058223895616, -0.0000001228522590,
  0.0000050982612843, -0.0000001115321928,
  0.0000043587382339, -0.0000000996369159,
  0.0000036079698991, -0.0000000872728278,
  0.0000028500991114, -0.0000000745472592,
  0.0000020892402772, -0.0000000615676198,
  0.0000013294581080, -0.0000000484405667,
  0.0000005747469494, -0.0000000352711996,
 -0.0000001709891876, -0.0000000221622890,
 -0.0000009039558021, -0.0000000092135410,
 -0.0000016204861941,  0.0000000034790952,
 -0.0000023170587909,  0.0000000158240731,
 -0.0000029903134303,  0.0000000277348449,
 -0.0000036370665331,  0.0000000391304032,
 -0.0000042543251022,  0.0000000499357666,
 -0.0000048392994915,  0.0000000600824070,
 -0.0000053894148994,  0.0000000695086148,
 -0.0000059023215440,  0.0000000781598040,
 -0.0000063759034889,  0.0000000859887529,
 -0.0000068082860937,  0.0000000929557835,
 -0.0000071978420719,  0.0000000990288764,
 -0.0000075431961466,  0.0000001041837251,
 -0.0000078432283016,  0.0000001084037287,
 -0.0000080970756327,  0.0000001116799250,
 -0.0000083041328123,  0.0000001140108671,
 -0.0000084640511868,  0.0000001154024444,
 -0.0000085767365329,  0.0000001158676516,
 -0.0000086423455063,  0.0000001154263091,
 -0.0000086612808226,  0.0000001141047369,
 -0.0000086341852155,  0.0000001119353879,
 -0.0000085619342237,  0.0000001089564413,
 -0.0000084456278642,  0.0000001052113637,
 -0.0000082865812519,  0.0000001007484397,
 -0.0000080863142334,  0.0000000956202771,
 -0.0000078465401048,  0.0000000898832914,
 -0.0000075691534876,  0.0000000835971740,
 -0.0000072562174401,  0.0000000768243481,
 -0.0000069099498844,  0.0000000696294183,
 -0.0000065327094322,  0.0000000620786157,
 -0.0000061269806931,  0.0000000542392460,
 -0.0000056953591513,  0.0000000461791422,
 -0.0000052405356978,  0.0000000379661275,
 -0.0000047652809049,  0.0000000296674918,
 -0.0000042724291302,  0.0000000213494857,
 -0.0000037648625370,  0.0000000130768348,
 -0.0000032454951162,  0.0000000049122786,
 -0.0000027172567947, -0.0000000030838636,
 -0.0000021830777124, -0.0000000108540979,
 -0.0000016458727484, -0.0000000183441279,
 -0.0000011085263742, -0.0000000255031933,
 -0.0000005738779076, -0.0000000322843728,
 -0.0000000447072406, -0.0000000386448490,
  0.0000004762788918, -0.0000000445461357,
  0.0000009864600391, -0.0000000499542655,
  0.0000014833144973, -0.0000000548399377,
  0.0000019644310516, -0.0000000591786271,
  0.0000024275199490, -0.0000000629506522,
  0.0000028704230547, -0.0000000661412054,
  0.0000032911231523, -0.0000000687403432,
  0.0000036877523518, -0.0000000707429413,
  0.0000040585995756, -0.0000000721486111,
  0.0000044021170968, -0.0000000729615840,
  0.0000047169261121, -0.0000000731905615,
  0.0000050018213332, -0.0000000728485350,
  0.0000052557745892, -0.0000000719525773,
  0.0000054779374370, -0.0000000705236074,
  0.0000056676427809, -0.0000000685861318,
  0.0000058244055086, -0.0000000661679646,
  0.0000059479221569, -0.0000000632999290,
  0.0000060380696237, -0.0000000600155434,
  0.0000060949029470, -0.0000000563506945,
  0.0000061186521806, -0.0000000523432997,
  0.0000061097183939, -0.0000000480329639,
  0.0000060686688330, -0.0000000434606302,
  0.0000059962312819, -0.0000000386682303,
  0.0000058932876646, -0.0000000336983355,
  0.0000057608669369, -0.0000000285938122,
  0.0000056001373132, -0.0000000233974826,
  0.0000054123978829, -0.0000000181517959,
  0.0000051990696692, -0.0000000128985097,
  0.0000049616861858, -0.0000000076783846,
  0.0000047018835502, -0.0000000025308951,
  0.0000044213902129,  0.0000000025060428,
  0.0000041220163621,  0.0000000073963252,
  0.0000038056430658,  0.0000000121058934,
  0.0000034742112122,  0.0000000166029448,
  0.0000031297103104,  0.0000000208581218,
  0.0000027741672123,  0.0000000248446769,
  0.0000024096348174,  0.0000000285386128,
  0.0000020381808193,  0.0000000319187984,
  0.0000016618765534,  0.0000000349670599,
  0.0000012827860027,  0.0000000376682459,
  0.0000009029550171,  0.0000000400102683,
  0.0000005244008013,  0.0000000419841182,
  0.0000001491017189,  0.0000000435838575,
 -0.0000002210125335,  0.0000000448065874,
 -0.0000005840703414,  0.0000000456523938,
 -0.0000009382671290,  0.0000000461242712,
 -0.0000012818738206,  0.0000000462280260,
 -0.0000016132447684,  0.0000000459721610,
 -0.0000019308251131,  0.0000000453677409,
 -0.0000022331575491,  0.0000000444282427,
 -0.0000025188884659,  0.0000000431693904,
 -0.0000027867734451,  0.0000000416089768,
 -0.0000030356820930,  0.0000000397666740,
 -0.0000032646021943,  0.0000000376638334,
 -0.0000034726431759,  0.0000000353232793,
 -0.0000036590388733,  0.0000000327690944,
 -0.0000038231495960,  0.0000000300264029,
 -0.0000039644634923,  0.0000000271211495,
 -0.0000040825972176,  0.0000000240798788,
 -0.0000041772959137,  0.0000000209295147,
 -0.0000042484325094,  0.0000000176971432,
 -0.0000042960063580,  0.0000000144097991,
 -0.0000043201412293,  0.0000000110942584,
 -0.0000043210826759,  0.0000000077768381,
 -0.0000042991947993,  0.0000000044832047,
 -0.0000042549564406,  0.0000000012381920,
 -0.0000041889568267, -0.0000000019343689,
 -0.0000041018907029, -0.0000000050118090,
 -0.0000039945529854, -0.0000000079727667,
 -0.0000038678329709, -0.0000000107973198,
 -0.0000037227081385, -0.0000000134671031,
 -0.0000035602375868, -0.0000000159654107,
 -0.0000033815551421, -0.0000000182772831,
 -0.0000031878621840, -0.0000000203895788,
 -0.0000029804202265, -0.0000000222910296,
 -0.0000027605433014, -0.0000000239722802,
 -0.0000025295901841, -0.0000000254259124,
 -0.0000022889565081, -0.0000000266464534,
 -0.0000020400668097, -0.0000000276303684,
 -0.0000017843665465, -0.0000000283760396,
 -0.0000015233141335, -0.0000000288837299,
 -0.0000012583730360, -0.0000000291555332,
 -0.0000009910039631, -0.0000000291953124,
 -0.0000007226571991, -0.0000000290086243,
 -0.0000004547651122, -0.0000000286026344,
 -0.0000001887348770, -0.0000000279860204,
  0.0000000740585540, -0.0000000271688676,
  0.0000003322791974, -0.0000000261625546,
  0.0000005846364722, -0.0000000249796337,
  0.0000008298912914, -0.0000000236337036,
  0.0000010668617846, -0.0000000221392780,
  0.0000012944286279, -0.0000000205116508,
  0.0000015115399577, -0.0000000187667579,
  0.0000017172158517, -0.0000000169210380,
  0.0000019105523570, -0.0000000149912931,
  0.0000020907250546, -0.0000000129945494,
  0.0000022569921460, -0.0000000109479200,
  0.0000024086970554, -0.0000000088684709,
  0.0000025452705400, -0.0000000067730902,
  0.0000026662323056, -0.0000000046783623,
  0.0000027711921273, -0.0000000026004473,
  0.0000028598504765, -0.0000000005549669,
  0.0000029319986587,  0.0000000014431022,
  0.0000029875184707,  0.0000000033795281,
  0.0000030263813840,  0.0000000052409147,
  0.0000030486472688,  0.0000000070147839,
  0.0000030544626712,  0.0000000086896488,
  0.0000030440586601,  0.0000000102550774,
  0.0000030177482624,  0.0000000117017465,
  0.0000029759235061,  0.0000000130214856,
  0.0000029190520929,  0.0000000142073111,
  0.0000028476737254,  0.0000000152534498,
  0.0000027623961112,  0.0000000161553532,
  0.0000026638906727,  0.0000000169097019,
  0.0000025528879879,  0.0000000175143995,
  0.0000024301729919,  0.0000000179685585,
  0.0000022965799677,  0.0000000182724763,
  0.0000021529873560,  0.0000000184276032,
  0.0000020003124148,  0.0000000184365015,
  0.0000018395057585,  0.0000000183027984,
  0.0000016715458081,  0.0000000180311304,
  0.0000014974331832,  0.0000000176270824,
  0.0000013181850654,  0.0000000170971204,
  0.0000011348295643,  0.0000000164485195,
  0.0000009484001154,  0.0000000156892868,
  0.0000007599299395,  0.0000000148280817,
  0.0000005704465900,  0.0000000138741321,
  0.0000003809666188,  0.0000000128371489,
  0.0000001924903836,  0.0000000117272388,
  0.0000000059970243,  0.0000000105548163,
 -0.0000001775603694,  0.0000000093305154,
 -0.0000003572593751,  0.0000000080651019,
 -0.0000005322126204,  0.0000000067693872,
 -0.0000007015719098,  0.0000000054541432,
 -0.0000008645320799,  0.0000000041300206,
 -0.0000010203345655,  0.0000000028074693,
 -0.0000011682706633,  0.0000000014966631,
 -0.0000013076844802,  0.0000000002074279,
 -0.0000014379755559, -0.0000000010508254,
 -0.0000015586011512, -0.0000000022691628,
 -0.0000016690781947, -0.0000000034391845,
 -0.0000017689848843, -0.0000000045530762,
 -0.0000018579619390, -0.0000000056036542,
 -0.0000019357135009, -0.0000000065844058,
 -0.0000020020076882, -0.0000000074895218,
 -0.0000020566768011, -0.0000000083139240,
 -0.0000020996171865, -0.0000000090532858,
 -0.0000021307887654, -0.0000000097040468,
 -0.0000021502142335, -0.0000000102634208,
 -0.0000021579779420, -0.0000000107293976,
 -0.0000021542244713, -0.0000000111007393,
 -0.0000021391569093, -0.0000000113769699,
 -0.0000021130348480, -0.0000000115583600,
 -0.0000020761721138, -0.0000000116459059,
 -0.0000020289342478, -0.0000000116413032,
 -0.0000019717357523, -0.0000000115469164,
 -0.0000019050371240, -0.0000000113657437,
 -0.0000018293416901, -0.0000000111013775,
 -0.0000017451922696, -0.0000000107579620,
 -0.0000016531676790, -0.0000000103401472,
 -0.0000015538791033, -0.0000000098530400,
 -0.0000014479663540, -0.0000000093021533,
 -0.0000013360940355, -0.0000000086933534,
 -0.0000012189476418, -0.0000000080328054,
 -0.0000010972296047, -0.0000000073269183,
 -0.0000009716553156, -0.0000000065822893,
 -0.0000008429491420, -0.0000000058056479,
 -0.0000007118404606, -0.0000000050038008,
 -0.0000005790597262, -0.0000000041835773,
 -0.0000004453345983, -0.0000000033517762,
 -0.0000003113861431, -0.0000000025151136,
 -0.0000001779251322, -0.0000000016801736,
 -0.0000000456484530, -0.0000000008533605,
  0.0000000847643495, -0.0000000000408539,
  0.0000002126543845,  0.0000000007514330,
  0.0000003373865659,  0.0000000015178929,
  0.0000004583525859,  0.0000000022532595,
  0.0000005749737014,  0.0000000029526397,
  0.0000006867033188,  0.0000000036115421,
  0.0000007930293682,  0.0000000042259012,
  0.0000008934764579,  0.0000000047920985,
  0.0000009876078005,  0.0000000053069787,
  0.0000010750269048,  0.0000000057678626,
  0.0000011553790281,  0.0000000061725557,
  0.0000012283523846,  0.0000000065193528,
  0.0000012936791082,  0.0000000068070392,
  0.0000013511359678,  0.0000000070348870,
  0.0000014005448355,  0.0000000072026491,
  0.0000014417729096,  0.0000000073105484,
  0.0000014747326944,  0.0000000073592648,
  0.0000014993817411,  0.0000000073499177,
  0.0000015157221553,  0.0000000072840468,
  0.0000015237998769,  0.0000000071635894,
  0.0000015237037396,  0.0000000069908554,
  0.0000015155643199,  0.0000000067684998,
  0.0000014995525832,  0.0000000064994941,
  0.0000014758783382,  0.0000000061870945,
  0.0000014447885116,  0.0000000058348104,
  0.0000014065652531,  0.0000000054463703,
  0.0000013615238856,  0.0000000050256877,
  0.0000013100107126,  0.0000000045768263,
  0.0000012524006964,  0.0000000041039646,
  0.0000011890950227,  0.0000000036113610,
  0.0000011205185649,  0.0000000031033183,
  0.0000010471172641,  0.0000000025841504,
  0.0000009693554393,  0.0000000020581476,
  0.0000008877130435,  0.0000000015295447,
  0.0000008026828808,  0.0000000010024897,
  0.0000007147678001,  0.0000000004810136,
  0.0000006244778803, -0.0000000000309975,
  0.0000005323276221, -0.0000000005298288,
  0.0000004388331612, -0.0000000010119611,
  0.0000003445095174, -0.0000000014740931,
  0.0000002498678928, -0.0000000019131617,
  0.0000001554130339, -0.0000000023263588,
  0.0000000616406689, -0.0000000027111475,
 -0.0000000309649655, -0.0000000030652742,
 -0.0000001219334983, -0.0000000033867791,
 -0.0000002108106872, -0.0000000036740038,
 -0.0000002971605596, -0.0000000039255967,
 -0.0000003805674244, -0.0000000041405152,
 -0.0000004606377435, -0.0000000043180267,
 -0.0000005370018575, -0.0000000044577057,
 -0.0000006093155571, -0.0000000045594296,
 -0.0000006772614957, -0.0000000046233723,
 -0.0000007405504372, -0.0000000046499947,
 -0.0000007989223361, -0.0000000046400345,
 -0.0000008521472457, -0.0000000045944932,
 -0.0000009000260536, -0.0000000045146218,
 -0.0000009423910416, -0.0000000044019047,
 -0.0000009791062726, -0.0000000042580425,
 -0.0000010100678016, -0.0000000040849333,
 -0.0000010352037163, -0.0000000038846532,
 -0.0000010544740063, -0.0000000036594356,
 -0.0000010678702674, -0.0000000034116499,
 -0.0000010754152425, -0.0000000031437802,
 -0.0000010771622059, -0.0000000028584025,
 -0.0000010731941968, -0.0000000025581633,
 -0.0000010636231063, -0.0000000022457568,
 -0.0000010485886284, -0.0000000019239030,
 -0.0000010282570793, -0.0000000015953263,
 -0.0000010028200963, -0.0000000012627339,
 -0.0000009724932225, -0.0000000009287960,
 -0.0000009375143887, -0.0000000005961252,
 -0.0000008981423010, -0.0000000002672587,
 -0.0000008546547440,  0.0000000000553600,
 -0.0000008073468107,  0.0000000003693975,
 -0.0000007565290693,  0.0000000006726453,
 -0.0000007025256767,  0.0000000009630343,
 -0.0000006456724513,  0.0000000012386471,
 -0.0000005863149140,  0.0000000014977286,
 -0.0000005248063099,  0.0000000017386959,
 -0.0000004615056199,  0.0000000019601459,
 -0.0000003967755745,  0.0000000021608617,
 -0.0000003309806788,  0.0000000023398173,
 -0.0000002644852597,  0.0000000024961807,
 -0.0000001976515454,  0.0000000026293154,
 -0.0000001308377859,  0.0000000027387802,
 -0.0000000643964253,  0.0000000028243282,
  0.0000000013276668,  0.0000000028859030,
  0.0000000659988958,  0.0000000029236352,
  0.0000001292925663,  0.0000000029378358,
  0.0000001908964226,  0.0000000029289899,
  0.0000002505121000,  0.0000000028977484,
  0.0000003078564785,  0.0000000028449186,
  0.0000003626629356,  0.0000000027714539,
  0.0000004146824907,  0.0000000026784433,
  0.0000004636848399,  0.0000000025670991,
