f,amplitude_1,amplitude_2
0,0.000682843149798575,0.000492126432001149
0.10521324384585,0.00135053852566544,0.00333705730422953
0.2104264876917,0.00122369078589298,0.00402141508883856
0.31563973153755,0.00088827983123489,0.00234727112002973
0.4208529753834,0.000440922686369603,0.000418211841350015
0.526066219229251,0.000109040891379685,0.000500753641013053
0.631279463075101,6.71589843292987e-06,0.000197258896578641
0.736492706920951,1.63060657631695e-06,6.58969625514578e-05
0.841705950766801,2.68259244799184e-05,7.50673685968439e-06
0.946919194612651,1.42162859648711e-05,3.75473173134537e-05
1.0521324384585,1.54893204868221e-05,0.000441877072028891
1.15734568230435,4.63371439156697e-06,0.000272165356919356
1.2625589261502,1.29359898451751e-05,0.000214512606188119
1.36777216999605,1.85819814089856e-05,1.42162154984967e-05
1.4729854138419,2.14219717561442e-05,0.0001541923481495
1.57819865768775,3.09256077462358e-05,7.01954830450741e-05
1.6834119015336,2.16304874453777e-05,3.714632345606e-05
1.78862514537945,6.64372566640076e-05,2.45771008106028e-05
1.8938383892253,5.92056507202276e-05,2.251142275985e-05
1.99905163307115,1.79442512745121e-05,1.98549851539069e-05
2.104264876917,7.06817015849725e-06,1.72113533836786e-05
2.20947812076285,6.02375671804666e-06,1.31581916280295e-05
2.3146913646087,3.77653727670163e-06,1.44986891314475e-05
2.41990460845455,5.81141980020428e-06,7.44304294090165e-06
2.5251178523004,1.54961627699136e-06,1.3598795761171e-05
2.63033109614625,1.07977378551283e-05,2.58137484741014e-05
2.7355443399921,1.71056236082832e-05,1.4372654950949e-05
2.84075758383795,7.07373991771385e-06,6.27446250816437e-06
2.9459708276838,1.21457520554715e-05,1.31544804690344e-05
3.05118407152965,3.81863955313946e-06,9.77495608133277e-06
3.1563973153755,8.71326899709669e-06,1.70563553277227e-05
3.26161055922135,2.27443058226411e-06,6.21159849671306e-06
3.3668238030672,3.96471242373384e-06,1.01097524754577e-05
3.47203704691305,3.0768044729766e-06,6.47099733342532e-06
3.5772502907589,6.27646711569923e-06,1.6465822469663e-05
3.68246353460475,3.13771808691562e-06,9.78676786286546e-07
3.7876767784506,1.81065648308138e-06,5.77093001332096e-06
3.89289002229645,8.63015853222757e-07,7.36824519494754e-06
3.9981032661423,9.65355420938107e-07,6.03483409527845e-06
4.10331650998815,1.04254766155557e-06,7.2193256062566e-06
4.208529753834,4.48103280136901e-07,3.6417097965045e-06
4.31374299767985,6.60198804250507e-07,4.9050442657818e-06
4.4189562415257,1.81832398034361e-06,7.05151848463529e-06
4.52416948537156,1.46222263076592e-06,6.3153898236283e-06
4.62938272921741,3.23882606925895e-06,5.36970797768371e-06
4.73459597306325,1.25345970423907e-06,4.70498434842127e-06
4.8398092169091,2.49189317899946e-06,3.09656638508531e-06
4.94502246075495,1.58729060286327e-06,5.67379086157613e-06
5.05023570460081,2.09145760044764e-06,3.96887103435439e-06
5.15544894844666,2.53283899339371e-06,5.58935414998242e-06
5.26066219229251,1.98827823415734e-06,4.49627652360179e-06
5.36587543613836,1.40285357208944e-06,5.29973803540914e-06
5.4710886799842,1.96306143665687e-07,4.43851849406846e-06
5.57630192383006,4.8878192163319e-07,4.7515577163152e-06
5.68151516767591,3.95650022487749e-07,3.9921251246124e-06
5.78672841152176,4.14590738931607e-07,4.43571979032738e-06
5.89194165536761,5.20191865970059e-07,3.66615135357104e-06
5.99715489921346,5.79004099580207e-07,3.47561531876196e-06
6.10236814305931,7.72217905304985e-07,3.4672491956163e-06
6.20758138690516,1.45819072287672e-06,2.96214564874523e-06
6.31279463075101,2.227375122116e-06,4.86258834098788e-06
6.41800787459686,1.45757911606365e-06,3.60852975656152e-06
6.52322111844271,3.68816145776342e-06,5.44949796767236e-06
6.62843436228856,7.45339620068118e-07,3.65767807605479e-06
6.73364760613441,3.51871385042719e-06,3.92082065168769e-06
6.83886084998026,1.3442010193759e-06,2.99048577651006e-06
6.94407409382611,1.29872770487448e-06,3.34491232409859e-06
7.04928733767196,4.57098042353396e-07,3.33362298076439e-06
7.15450058151781,1.33493612542733e-06,2.84216352185109e-06
7.25971382536366,1.03727010793402e-06,3.43854586671085e-06
7.36492706920951,6.56587277534587e-07,2.8462110838223e-06
7.47014031305536,4.43675941808268e-07,3.3817654325533e-06
7.57535355690121,3.3335931060998e-07,2.8060061910481e-06
7.68056680074706,2.36220868873806e-07,2.80008869125405e-06
7.78578004459291,2.31703047830748e-07,2.75198718351505e-06
7.89099328843876,3.24316883214619e-07,2.50076477623681e-06
7.99620653228461,1.1267052588783e-07,3.09057018836318e-06
8.10141977613046,4.52274702299549e-07,2.46255930740769e-06
8.20663301997631,1.21116172200371e-07,3.92809672009373e-06
8.31184626382216,5.15622173852734e-07,2.39372486066763e-06
8.41705950766801,1.20675438785542e-07,4.03851241731647e-06
8.52227275151386,4.41567593725105e-07,2.18617041145471e-06
8.62748599535971,1.57504607868457e-07,2.93666332708328e-06
8.73269923920556,6.65422518866869e-07,3.09313880486074e-06
8.83791248305141,2.28765927071495e-07,2.17322160812685e-06
8.94312572689726,5.86376712341323e-07,2.19489318478476e-06
9.04833897074311,2.81336918081815e-07,2.22985268157407e-06
9.15355221458896,3.87934316018303e-07,2.44647565146128e-06
9.25876545843481,2.01290980261354e-07,2.32147953197589e-06
9.36397870228066,2.32543315690598e-07,2.41210245591455e-06
9.46919194612651,1.97859586061272e-07,2.37800939048053e-06
9.57440518997236,6.79686810163313e-08,2.19831577076834e-06
9.67961843381821,4.68355485600351e-07,2.5125381584949e-06
9.78483167766406,3.32240888126105e-07,2.01663865353182e-06
9.89004492150991,9.96542133750201e-07,2.71190381532968e-06
9.99525816535576,4.77634982820462e-07,1.92101992650523e-06
10.1004714092016,1.49841164983589e-06,3.03740976946473e-06
10.2056846530475,4.72645621232594e-07,1.72600752922403e-06
10.3108978968933,5.07835107306656e-07,2.44715849497185e-06
10.4161111407392,5.26194168241569e-07,2.23285648190749e-06
10.521324384585,5.57265661084935e-07,2.18881845255946e-06
10.6265376284309,2.84949780790452e-07,2.06059007945697e-06
10.7317508722767,2.41658521762313e-07,1.99894783543993e-06
10.8369641161226,2.65371406458971e-07,2.02762040585253e-06
10.9421773599684,1.40096641011742e-07,2.01336196593676e-06
11.0473906038143,2.98824487122346e-07,2.05481790865481e-06
11.1526038476601,3.24373111375921e-07,2.07124202523179e-06
11.257817091506,3.14050170187049e-07,2.06647342726404e-06
11.3630303353518,4.42605268286419e-07,2.0785377824017e-06
11.4682435791977,3.19958599100358e-07,2.06050015195353e-06
11.5734568230435,4.66099233031394e-07,2.0041244752772e-06
11.6786700668894,1.96829275219351e-07,2.14158500034082e-06
11.7838833107352,6.90854053586003e-07,2.00582369729466e-06
11.8890965545811,5.31021435553207e-07,1.7022274091754e-06
11.9943097984269,3.49116593204254e-07,1.83563270277715e-06
12.0995230422728,1.9230479773805e-07,1.82744017764377e-06
12.2047362861186,4.0182983808975e-07,1.84108504851763e-06
12.3099495299645,1.68969330644141e-07,1.71691416488507e-06
12.4151627738103,2.1699550122718e-07,1.84183711659812e-06
12.5203760176562,2.40858152978433e-07,1.72165690313737e-06
12.625589261502,2.42251898010276e-07,1.75662498490282e-06
12.7308025053479,1.62482646872324e-07,1.74085143737627e-06
12.8360157491937,1.46111905517023e-07,1.73059356380395e-06
12.9412289930396,1.8873223020186e-07,1.74785101118721e-06
13.0464422368854,8.00691642082572e-08,1.74438488850997e-06
13.1516554807313,2.09558459775203e-07,1.6085913083439e-06
13.2568687245771,2.74828154145468e-07,1.63053781814504e-06
13.362081968423,2.12477272421861e-07,1.55077841314968e-06
13.4672952122688,5.66069807834676e-07,1.6026103470599e-06
13.5725084561147,4.75615601352215e-08,1.53420817510015e-06
13.6777216999605,2.97122015447836e-07,1.40219846667721e-06
13.7829349438064,2.53576873911979e-07,1.42707449346656e-06
13.8881481876522,4.9835621586118e-07,1.30195187147488e-06
13.9933614314981,1.96157339241958e-07,1.56055593235735e-06
14.0985746753439,3.78539829900385e-07,1.43225512486805e-06
14.2037879191898,1.41902480943685e-07,1.58949635278864e-06
14.3090011630356,2.36455862501277e-07,1.46571315423287e-06
14.4142144068815,1.37326311893716e-07,1.5149807529488e-06
14.5194276507273,1.31029114635939e-07,1.49791292337472e-06
14.6246408945732,1.67867700201883e-07,1.4316010705499e-06
14.729854138419,2.13898145495453e-07,1.5060988790798e-06
14.8350673822649,3.81563422461932e-07,1.45393562386062e-06
14.9402806261107,1.62316177680258e-07,1.56103182609563e-06
15.0454938699566,2.82555657294736e-07,1.39359101511816e-06
15.1507071138024,2.69033162617313e-07,1.39049675634071e-06
15.2559203576483,4.19667895750286e-07,1.19438395769337e-06
15.3611336014941,2.25185868533882e-07,1.28243534485332e-06
15.46634684534,1.61078594340607e-07,1.42139640185771e-06
15.5715600891858,3.7431796103684e-07,1.48677126510592e-06
15.6767733330317,3.67009600725642e-07,1.45024728362514e-06
15.7819865768775,1.48744271427969e-07,1.33391514793007e-06
15.8871998207234,5.83352340430731e-08,1.25540907911858e-06
15.9924130645692,2.92184987430669e-07,1.28796753284116e-06
16.0976263084151,2.02258245590027e-07,1.36674974991462e-06
16.2028395522609,1.66822696570453e-07,1.37673271933545e-06
16.3080527961068,2.00734297929779e-07,1.34467933807702e-06
16.4132660399526,1.473195560126e-07,1.34796334895085e-06
16.5184792837985,2.34215836081715e-07,1.38351736768449e-06
16.6236925276443,1.68209645675423e-07,1.35714828399794e-06
16.7289057714902,1.88929515012097e-07,1.23149038720473e-06
16.834119015336,2.33256046808557e-08,1.10495157925353e-06
16.9393322591819,3.12087400998878e-07,1.03250786218653e-06
17.0445455030277,1.58137656950671e-07,1.13321597053946e-06
17.1497587468736,2.25864783122365e-07,1.08001859353183e-06
17.2549719907194,4.26921385246982e-08,1.20549553806385e-06
17.3601852345653,1.80435206137669e-07,1.17509183424932e-06
17.4653984784111,7.90085567641614e-08,1.35228958323697e-06
17.570611722257,1.33306172772078e-07,1.37448605931643e-06
17.6758249661028,1.26217709001027e-07,1.33612056039378e-06
17.7810382099487,1.63768698343201e-07,1.31962974414067e-06
17.8862514537945,1.02894784521821e-07,1.31839778887202e-06
17.9914646976404,1.13021413336533e-07,1.27665971302239e-06
18.0966779414862,1.14719431203977e-07,1.16855549494754e-06
18.2018911853321,8.23539905535478e-08,1.06818507701716e-06
18.3071044291779,1.74074311389358e-07,1.05773881312037e-06
18.4123176730238,1.28941381971398e-07,1.28399683397943e-06
18.5175309168696,5.48211466239351e-08,1.44005275690072e-06
18.6227441607155,1.90989795618509e-07,1.57513631242279e-06
18.7279574045613,2.42102258353185e-07,1.50503510419368e-06
18.8331706484072,1.16691366364043e-07,1.4939130301103e-06
18.938383892253,3.13337716192173e-08,1.47964697924092e-06
19.0435971360989,2.00457940869919e-07,1.6102227563367e-06
19.1488103799447,1.81312628385701e-07,1.6269869161875e-06
19.2540236237906,5.44483189977748e-08,1.61240726529308e-06
19.3592368676364,8.54601642899344e-08,1.44233851966662e-06
19.4644501114823,1.90905785027153e-07,1.28912146962644e-06
19.5696633553281,1.14431961306063e-07,1.22140349933166e-06
19.674876599174,1.40392895054858e-07,1.25052614831957e-06
19.7800898430198,1.41533626680718e-07,1.25244551859074e-06
19.8853030868657,9.56012066148147e-08,1.30432520068195e-06
19.9905163307115,1.71511906647319e-07,1.43082217401126e-06
20.0957295745574,9.63754954514776e-08,1.48281651421188e-06
20.2009428184032,1.92444842512507e-07,1.5559852385551e-06
20.3061560622491,9.29543099797332e-08,1.52324364677685e-06
20.4113693060949,1.67016932804736e-07,1.45198393679086e-06
20.5165825499408,1.86097331133004e-07,1.30650668543012e-06
20.6217957937866,2.16317511132153e-07,1.26944641976069e-06
20.7270090376325,1.42111538086426e-07,1.13512385846265e-06
20.8322222814783,1.5994293113392e-07,1.0220581195865e-06
20.9374355253242,1.48750514864176e-07,9.62364006565739e-07
21.04264876917,1.2090116562646e-07,9.76092317499083e-07
21.1478620130159,1.44286389423316e-07,1.052435020026e-06
21.2530752568617,1.20924923214161e-07,1.08224567839596e-06
21.3582885007076,1.23443526130025e-07,1.11021958260101e-06
21.4635017445534,1.30272912464273e-07,1.13775502204907e-06
21.5687149883993,9.36565891372467e-08,1.1458231989532e-06
21.6739282322451,1.41043156522834e-07,1.15207288899232e-06
21.779141476091,1.47744245037043e-07,1.03014447005532e-06
21.8843547199368,1.51111723310026e-07,9.54339043241038e-07
21.9895679637827,2.1500635077432e-08,8.77421532895075e-07
22.0947812076285,1.65274501428462e-07,9.96368381466902e-07
22.1999944514744,1.40026215869163e-07,1.06023229452361e-06
22.3052076953202,8.87008593543991e-08,1.04632283934682e-06
22.4104209391661,9.94375237159485e-08,9.21836334733498e-07
22.5156341830119,1.49697787010947e-07,8.89258938553673e-07
22.6208474268578,1.00976115621752e-07,9.79571916917533e-07
22.7260606707036,1.04415091721856e-07,1.01605750241381e-06
22.8312739145495,1.13201486088581e-07,1.04569080397193e-06
22.9364871583953,1.11408083199486e-07,1.04069154119782e-06
23.0417004022412,1.12082178129224e-07,1.04567318007069e-06
23.146913646087,1.09926231583242e-07,1.0378727230525e-06
23.2521268899329,1.09386442524358e-07,1.02117761599996e-06
23.3573401337787,1.15606181241163e-07,1.01183316002153e-06
23.4625533776246,8.54767168048007e-08,9.72961383914077e-07
23.5677666214704,1.24837169356451e-07,9.73909707530787e-07
23.6729798653163,1.34128366769913e-07,9.73951917298974e-07
23.7781931091621,1.17411742691339e-07,9.80991204937192e-07
23.883406353008,8.32065903131961e-08,9.74408737102357e-07
23.9886195968538,1.27476751435238e-07,9.75866870620117e-07
24.0938328406997,1.18354863342554e-07,1.00776084934035e-06
24.1990460845455,1.13824346155429e-07,1.03363094343315e-06
24.3042593283914,1.06769651019971e-07,1.05670671448696e-06
24.4094725722372,1.14360937883434e-07,1.04774109448277e-06
24.5146858160831,1.05964703539241e-07,1.03707922635509e-06
24.6198990599289,1.11710915571818e-07,1.02687992466009e-06
24.7251123037748,1.10112092254492e-07,1.0207359648795e-06
24.8303255476206,1.10672706727245e-07,1.00703237545669e-06
24.9355387914665,1.12216124601657e-07,9.90205845797952e-07
25.0407520353123,1.04890941383833e-07,9.86873084546072e-07
25.1459652791582,1.10908490656264e-07,9.987878235572e-07
25.251178523004,1.14111736741948e-07,1.00915069166546e-06
25.3563917668499,1.07253906244489e-07,1.0065852273842e-06
25.4616050106957,1.0007251939136e-07,9.97088342556161e-07
25.5668182545416,1.09874709800512e-07,1.00114556239467e-06
25.6720314983874,1.09664941623751e-07,1.01082985013267e-06
25.7772447422333,1.09556369201973e-07,1.01853968077611e-06
25.8824579860791,1.05905063350175e-07,1.01827348464579e-06
25.987671229925,1.02943521990187e-07,1.01978780564688e-06
26.0928844737708,1.06033604198941e-07,1.01070705555288e-06
26.1980977176167,1.13749902605632e-07,9.89852185500024e-07
26.3033109614625,1.03515818386677e-07,9.71291073710975e-07
26.4085242053084,9.82813908241865e-08,9.69478666605689e-07
26.5137374491542,1.06014142608035e-07,9.68562355181928e-07
26.6189506930001,9.88251716237915e-08,9.669230018724e-07
26.7241639368459,1.11514566189092e-07,9.69581807687469e-07
26.8293771806918,1.14951958184876e-07,9.71315865382269e-07
26.9345904245376,8.03354597530254e-08,9.67353249276014e-07
27.0398036683835,1.00747630228718e-07,9.62224471105047e-07
27.1450169122293,1.23494049323084e-07,9.65659230998495e-07
27.2502301560752,1.10518853601904e-07,9.76437741598267e-07
27.355443399921,8.34244019885113e-08,9.82334936263524e-07
27.4606566437669,1.00773949621556e-07,9.73777892384927e-07
27.5658698876127,1.06955218221983e-07,9.54755668578853e-07
27.6710831314586,1.00742916882048e-07,9.37560678929147e-07
27.7762963753044,9.92796617250967e-08,9.2926602405317e-07
27.8815096191503,1.01649461569409e-07,9.28376474125771e-07
27.9867228629961,1.01152566160606e-07,9.2851644420382e-07
28.091936106842,1.00647686804425e-07,9.28465970456712e-07
28.1971493506878,1.01020079410594e-07,9.29650332253144e-07
28.3023625945337,1.00902866224266e-07,9.31923687609106e-07
28.4075758383795,1.00230992109125e-07,9.32772732609936e-07
28.5127890822254,1.00666059887709e-07,9.31077505512498e-07
28.6180023260712,9.9090415711369e-08,9.26698656101819e-07
28.7232155699171,9.92252939848631e-08,9.19138138557259e-07
28.8284288137629,9.95113278216538e-08,9.12036963608049e-07
28.9336420576088,1.03149692391507e-07,9.10063060671618e-07
29.0388553014546,9.65967880658378e-08,9.1194660114468e-07
29.1440685453005,9.36999003521649e-08,9.10061000698642e-07
29.2492817891463,1.07563211883592e-07,9.02414079114665e-07
29.3544950329922,1.0185784395593e-07,8.99745255860117e-07
29.459708276838,8.7346392820313e-08,9.05017396276871e-07
29.5649215206839,1.02181101121921e-07,9.10337171123958e-07
29.6701347645297,1.04531948278344e-07,9.10710715295982e-07
29.7753480083756,9.33128291421906e-08,9.08679292616209e-07
29.8805612522214,9.70033457854073e-08,9.06516293588812e-07
29.9857744960673,9.76048799647978e-08,9.0377232872654e-07
30.0909877399131,9.55926554694697e-08,9.00692809835294e-07
30.196200983759,1.0190936959817e-07,8.98841484118257e-07
30.3014142276048,9.87798174168038e-08,8.98535666160373e-07
30.4066274714507,9.00821047362268e-08,8.9813046977396e-07
30.5118407152965,9.57561513275193e-08,8.9581550063279e-07
30.6170539591424,1.03479151515463e-07,8.92168150855535e-07
30.7222672029882,9.74368136716084e-08,8.89561337826107e-07
30.8274804468341,9.09756514869498e-08,8.89661088078919e-07
30.9326936906799,9.50436661246109e-08,8.91802994621235e-07
31.0379069345258,9.90462211996864e-08,8.93732801194214e-07
31.1431201783716,9.69707007007815e-08,8.93732212463063e-07
31.2483334222175,9.39331761329021e-08,8.91328371182969e-07
31.3535466660633,9.50911336105904e-08,8.87517475816782e-07
31.4587599099092,9.65136286437709e-08,8.8404621786284e-07
31.563973153755,9.51921253055602e-08,8.82620499681856e-07
31.6691863976009,9.50212485467329e-08,8.82809007769045e-07
31.7743996414467,9.56538865946833e-08,8.81753027917014e-07
31.8796128852926,9.33503582847385e-08,8.79231457723181e-07
31.9848261291384,9.57719709512231e-08,8.78696909923492e-07
32.0900393729843,9.67251644921429e-08,8.80079671256206e-07
32.1952526168301,9.14123127036223e-08,8.79701316944776e-07
32.300465860676,9.44349046769778e-08,8.76831443570048e-07
32.4056791045218,9.79292581574269e-08,8.74052301615498e-07
32.5108923483677,9.24089927533448e-08,8.72863353606607e-07
32.6161055922135,9.18044814679435e-08,8.72469320477952e-07
32.7213188360594,9.64723385446532e-08,8.71753426316132e-07
32.8265320799052,9.48529821335577e-08,8.70607636719503e-07
32.9317453237511,9.18626410231378e-08,8.69490676448145e-07
33.0369585675969,9.36427728252155e-08,8.68618649049049e-07
33.1421718114428,9.45617730639807e-08,8.67822483775545e-07
33.2473850552886,9.32549830537463e-08,8.6692852292874e-07
33.3525982991345,9.33921593088853e-08,8.66003849126474e-07
33.4578115429803,9.35773967502657e-08,8.65204741338857e-07
33.5630247868262,9.23288703951804e-08,8.64475865379979e-07
33.668238030672,9.28969226010896e-08,8.63508756462957e-07
33.7734512745179,9.47583496100529e-08,8.62115360343415e-07
33.8786645183637,9.30234759449843e-08,8.60698880423029e-07
33.9838777622096,9.03218770321788e-08,8.6013381044472e-07
34.0890910060554,9.3177587431206e-08,8.60727196882419e-07
34.1943042499013,9.56859383512134e-08,8.61314505658322e-07
34.2995174937471,9.15414337575163e-08,8.60225631969547e-07
34.404730737593,8.98178607825672e-08,8.57563323501128e-07
34.5099439814388,9.41998208867294e-08,8.55467132802478e-07
34.6151572252847,9.39923473324955e-08,8.55331726724301e-07
34.7203704691305,9.07289418616183e-08,8.5604984593245e-07
34.8255837129764,9.18130525196509e-08,8.5590859428652e-07
34.9307969568222,9.28148858849501e-08,8.5482063308205e-07
35.0360102006681,9.19402985505618e-08,8.53822330796372e-07
35.1412234445139,9.23779367261935e-08,8.53379335660536e-07
35.2464366883598,9.19962592887374e-08,8.53021443893055e-07
35.3516499322056,9.08485599613877e-08,8.522705897871e-07
35.4568631760515,9.22231834829802e-08,8.51290657971082e-07
35.5620764198973,9.30342950329743e-08,8.50565031520764e-07
35.6672896637432,9.08621751688865e-08,8.50250272229182e-07
35.772502907589,9.05283126653079e-08,8.50046746597324e-07
35.8777161514349,9.27622222531614e-08,8.49628619091291e-07
35.9829293952807,9.23093075385585e-08,8.49010265890859e-07
36.0881426391266,9.02784994417351e-08,8.48425590542353e-07
36.1933558829724,9.11268115447621e-08,8.47977700279325e-07
36.2985691268183,9.23789066211237e-08,8.47560394981679e-07
36.4037823706641,9.13317969400281e-08,8.47089287661702e-07
36.50899561451,9.07450189680152e-08,8.46633729407919e-07
36.6142088583558,9.13870707290578e-08,8.46265945430728e-07
36.7194221022017,9.13040394169413e-08,8.45924864758499e-07
36.8246353460475,9.11772959015205e-08,8.45531967983727e-07
36.9298485898934,9.13798246774462e-08,8.45140227219859e-07
37.0350618337392,9.08453087505594e-08,8.4484889859196e-07
37.1402750775851,9.0715452973491e-08,8.44628887942265e-07
37.2454883214309,9.15133990587629e-08,8.44348551728028e-07
37.3507015652768,9.12914343474841e-08,8.43958186825049e-07
37.4559148091226,9.04009481938706e-08,8.43558234403316e-07
37.5611280529685,9.07899372993448e-08,8.43270577966039e-07
37.6663412968143,9.14420072874615e-08,8.43101935366004e-07
37.7715545406602,9.09316824822625e-08,8.42960403137338e-07
37.876767784506,9.04738352876549e-08,8.42769956438854e-07
37.9819810283519,9.08696347963657e-08,8.42535092607516e-07
38.0871942721977,9.10633941993692e-08,8.42307175177369e-07
38.1924075160436,9.07722393080514e-08,8.42120842825878e-07
38.2976207598894,9.06929368404808e-08,8.41972186338995e-07
38.4028340037353,9.0795140762252e-08,8.41840838836587e-07
38.5080472475811,9.07526270512972e-08,8.41715902558418e-07
38.613260491427,9.07492462669857e-08,8.41600576019066e-07
38.7184737352728,9.08187765638853e-08,8.41501864529438e-07
38.8236869791187,9.07173322787023e-08,8.41422046485692e-07
38.9289002229645,9.05985722701838e-08,8.41358585268497e-07
39.0341134668104,9.07303828923045e-08,8.41308375991335e-07
39.1393267106562,9.08599589885098e-08,8.41270629831838e-07
39.2445399545021,9.07049781239029e-08,8.41246722649132e-07
39.3497531983479,4.52776064923716e-08,4.20619244784471e-07
