timestep:         0.0063532800000000
yAxisLabel:velocity [m/s]       
title:bogies velocity   
vv1,    vv2,    
  0.0000000000000000,  0.0000000000000000,
  0.0000000000000000,  0.0000000000000000,
 -0.0000060333897918,  0.0000000000000000,
 -0.0000149760315537,  0.0000000000000000,
 -0.0000260520126589,  0.0000000000000000,
 -0.0000384220218973,  0.0000000000000000,
 -0.0000520919370754,  0.0000000000000000,
 -0.0000695515454260,  0.0000000000000000,
 -0.0000919395620979,  0.0000000000000000,
 -0.0001204114548177,  0.0000000000000000,
 -0.0001559862042870,  0.0000000000000000,
 -0.0001993019935730,  0.0000000000000000,
 -0.0002505372927093,  0.0000000000000000,
 -0.0003097709975532,  0.0000000000000000,
 -0.0003771013343407,  0.0000000000000000,
 -0.0004526926879876,  0.0000000000000000,
 -0.0005367046397280,  0.0000000000000000,
 -0.0006292000752766,  0.0000000000000000,
 -0.0007300533766351,  0.0000000000000000,
 -0.0008389535658018,  0.0000000000000000,
 -0.0009554982128493,  0.0000000000000000,
 -0.0010793001524195,  0.0000000000000000,
 -0.0012100265835955,  0.0000000000000000,
 -0.0013473663369760,  0.0000000000000000,
 -0.0014909758124212,  0.0000000000000000,
 -0.0016404524569490,  0.0000000000000000,
 -0.0017953493082067,  0.0000000000000000,
 -0.0019552140957687,  0.0000000000000000,
 -0.0021196256728604,  0.0000000000000000,
 -0.0022882074055845,  0.0000000000000000,
 -0.0024606145378923,  0.0000000000000000,
 -0.0026365097940478,  0.0000000000000000,
 -0.0028155471723930,  0.0000000000000000,
 -0.0029973751635570,  0.0000000000000000,
 -0.0031816561212010,  0.0000000000000000,
 -0.0033680899111605,  0.0000000000000000,
 -0.0035564317315406,  0.0000000000000000,
 -0.0037465016292175,  0.0000000000000000,
 -0.0039381893996243,  0.0000000000000000,
 -0.0041314594536117,  0.0000000000000000,
 -0.0043263571216987,  0.0000000000000000,
 -0.0045230143936362,  0.0000000000000000,
 -0.0047216519478371,  0.0000000000000000,
 -0.0049225756772188,  0.0000000000000000,
 -0.0051261680639107,  0.0000000000000000,
 -0.0053328759070465,  0.0000000000000000,
 -0.0055431955806279,  0.0000000000000000,
 -0.0057576560844159,  0.0000000000000000,
 -0.0059767998771004,  0.0000000000000000,
 -0.0062011622860283,  0.0000000000000000,
 -0.0064312515362491,  0.0000000000000000,
 -0.0066673920944365,  0.0000000000000000,
 -0.0069094982378054,  0.0000000000000000,
 -0.0071573522989028,  0.0000000000000000,
 -0.0074104530654783,  0.0000000000000000,
 -0.0076682308572182,  0.0000000000000000,
 -0.0079300406066566,  0.0000000000000000,
 -0.0081952225145010,  0.0000000000000000,
 -0.0084631129847918,  0.0000000000000000,
 -0.0087330770959797,  0.0000000000000000,
 -0.0090045221631550,  0.0000000000000000,
 -0.0092769073021787,  0.0000000000000000,
 -0.0095497422122035,  0.0000000000000000,
 -0.0098225808361468,  0.0000000000000000,
 -0.0100950077632339,  0.0000000000000000,
 -0.0103666167316329,  0.0000000000000000,
 -0.0106369801976350,  0.0000000000000000,
 -0.0109056116462914,  0.0000000000000000,
 -0.0111719254916486,  0.0000000000000000,
 -0.0114352023623832,  0.0000000000000000,
 -0.0116945670601380,  0.0000000000000000,
 -0.0119489826858845,  0.0000000000000000,
 -0.0121972600880711,  0.0000000000000000,
 -0.0124380795374852,  0.0000000000000000,
 -0.0126700214910961,  0.0000000000000000,
 -0.0128916039146200,  0.0000000000000000,
 -0.0131013235812761,  0.0000000000000000,
 -0.0132976980049528,  0.0000000000000000,
 -0.0134793040337053,  0.0000000000000000,
 -0.0136448094521792,  0.0000000000000000,
 -0.0137929954129596,  0.0000000000000000,
 -0.0139227696313947,  0.0000000000000000,
 -0.0140331721921335,  0.0000000000000000,
 -0.0141233768563513,  0.0000000000000000,
 -0.0141926907451471,  0.0000000000000000,
 -0.0142405544923597,  0.0000000000000000,
 -0.0142665438999270,  0.0000000000000000,
 -0.0142703731899433,  0.0000000000000000,
 -0.0142518993190718,  0.0000000000000000,
 -0.0142111265089551,  0.0000000000000000,
 -0.0141482100790147,  0.0000000000000000,
 -0.0140634587716147,  0.0000000000000000,
 -0.0139573349708521,  0.0000000000000000,
 -0.0138304524803278, -0.0002862339837897,
 -0.0136835400569534, -0.0004082463876605,
 -0.0135176834964639, -0.0006430788369862,
 -0.0133356339118606, -0.0008272877458380,
 -0.0131425628797588, -0.0010450094030987,
 -0.0129438175297983, -0.0012523861492301,
 -0.0127422731185952, -0.0014746122972244,
 -0.0125386377842207, -0.0017009896496516,
 -0.0123329924390111, -0.0019378116154319,
 -0.0121256045752885, -0.0021829876074800,
 -0.0119173863918678, -0.0024379911961320,
 -0.0117093008327869, -0.0027019469978684,
 -0.0115021106278087, -0.0029748075780205,
 -0.0112962666627601, -0.0032561733481377,
 -0.0110922227735374, -0.0035459312994410,
 -0.0108905907403630, -0.0038438841041604,
 -0.0106920756642686, -0.0041497728600760,
 -0.0104972794588038, -0.0044631157199546,
 -0.0103065803020919, -0.0047832370287806,
 -0.0101201510622339, -0.0051093592382428,
 -0.0099380680926634, -0.0054407297225146,
 -0.0097604094889181, -0.0057766641181194,
 -0.0095872895362910, -0.0061165104439931,
 -0.0094188379280632, -0.0064595863765895,
 -0.0092551655849277, -0.0068051487810664,
 -0.0090963525195119, -0.0071524105697450,
 -0.0089424653237216, -0.0075005873864975,
 -0.0087935851317218, -0.0078489438500132,
 -0.0086498196129217, -0.0081968162491713,
 -0.0085112870005043, -0.0085436066903193,
 -0.0083780825126896, -0.0088887624913681,
 -0.0082502495577339, -0.0092317615367745,
 -0.0081277725696976, -0.0095721158751639,
 -0.0080105926876637, -0.0099093907696376,
 -0.0078986348907668, -0.0102432270980106,
 -0.0077918331026611, -0.0105733563940685,
 -0.0076901462971453, -0.0108996054944594,
 -0.0075935667006737, -0.0112218942657972,
 -0.0075021249633359, -0.0115402313614145,
 -0.0074158955822951, -0.0118547105172551,
 -0.0073350019494575, -0.0121655069168878,
 -0.0072596181167834, -0.0124728720384441,
 -0.0071899655493891, -0.0127771262469196,
 -0.0071263065560767, -0.0130786497571514,
 -0.0070689389024727, -0.0133778730544640,
 -0.0070181961955061, -0.0136752671990785,
 -0.0069744559603007, -0.0139713335536983,
 -0.0069381536898571, -0.0142665923904035,
 -0.0069097986431365, -0.0145615707642652,
 -0.0068899868494258, -0.0148567912496386,
 -0.0068794082442641, -0.0151526030186668,
 -0.0068788465754020, -0.0154489658266189,
 -0.0068891727961241, -0.0157457362007955,
 -0.0069113384270388, -0.0160425040009392,
 -0.0069463718195632, -0.0163388410161198,
 -0.0069953603790140, -0.0166342917309163,
 -0.0070594011727133, -0.0169284380740608,
 -0.0071395305761259, -0.0172209057155430,
 -0.0072364096741901, -0.0175113933843483,
 -0.0073502714174756, -0.0177996795000895,
 -0.0074812025210334, -0.0180856266312056,
 -0.0076287902593493, -0.0183691786965804,
 -0.0077923088732338, -0.0186503537241522,
 -0.0079706488303479, -0.0189292259135447,
 -0.0081624244755229, -0.0192058942704556,
 -0.0083660076751782, -0.0194804304245377,
 -0.0085796051611323, -0.0197528099501753,
 -0.0088013067086887, -0.0200228455542421,
 -0.0090291346867072, -0.0202901357411764,
 -0.0092610807215037, -0.0205540338513064,
 -0.0094951380474009, -0.0208136378656300,
 -0.0097293257965616, -0.0210677976159357,
 -0.0099617048237794, -0.0213151363360198,
 -0.0101903820783434, -0.0215540851679593,
 -0.0104135037449971, -0.0217829283540998,
 -0.0106292404816661, -0.0219998544942047,
 -0.0108357713234678, -0.0222030079345409,
 -0.0110312734214702, -0.0223905350346441,
 -0.0112139227581511, -0.0225606219460972,
 -0.0113819071980708, -0.0227115226790864,
 -0.0115334495521467, -0.0228415781249618,
 -0.0116668361082521, -0.0229492282002845,
 -0.0117804456986433, -0.0230330202119849,
 -0.0118727753480073, -0.0230916166211913,
 -0.0119424601660135, -0.0231238045525765,
 -0.0119882867446335, -0.0231285079981385,
 -0.0120092005586680, -0.0231048023340752,
 -0.0120043085827666, -0.0230519299227236,
 -0.0119728785813885, -0.0229693152982559,
 -0.0119143364251542, -0.0228565785610124,
 -0.0118282624673470, -0.0227135458910938,
 -0.0117143876523039, -0.0225402564232774,
 -0.0115725896847680, -0.0223369650154728,
 -0.0114028893619994, -0.0221041407092143,
 -0.0112054470351972, -0.0218424608915120,
 -0.0109805591228473, -0.0215528013377081,
 -0.0107286546200032, -0.0212362224555688,
 -0.0104502915807206, -0.0208939521493652,
 -0.0101461536044744, -0.0205273658115700,
 -0.0098170463609756, -0.0201379639867640,
 -0.0094638941628434, -0.0197271164777902,
 -0.0090877361995279, -0.0192959253520935,
 -0.0086897223077177, -0.0188455678238034,
 -0.0082711133757596, -0.0183769650551568,
 -0.0078332911225697, -0.0178910013675142,
 -0.0073777656513437, -0.0173884725881979,
 -0.0069061633334350, -0.0168701777358517,
 -0.0064201972500164, -0.0163369172103973,
 -0.0059213460123032, -0.0157895071983024,
 -0.0054109068271726, -0.0152287545940189,
 -0.0048903181898327, -0.0146554398383634,
 -0.0043607917558100, -0.0140703082350861,
 -0.0038235355743700, -0.0134740768302737,
 -0.0032796604254087, -0.0128674504876670,
 -0.0027302753833792, -0.0122511447997221,
 -0.0021764739010047, -0.0116259004374354,
 -0.0016193552678459, -0.0109924805537111,
 -0.0010600016296792, -0.0103516597186488,
 -0.0004994538262907, -0.0097042133860377,
  0.0000613209573238, -0.0090509134613444,
  0.0006214497938700, -0.0083925348995296,
  0.0011801607061514, -0.0077298717116286,
  0.0017367742773379, -0.0070637535221062,
  0.0022906867738363, -0.0063950523363286,
  0.0028413509154920, -0.0057246743335156,
  0.0033882583625783, -0.0050535399398281,
  0.0039309238817880, -0.0043825612887711,
  0.0044688688689216, -0.0037126262569911,
  0.0050016021158025, -0.0030445938094164,
  0.0055285980561089, -0.0023792997588577,
  0.0060492751792220, -0.0017175684226386,
  0.0065629783324664, -0.0010602253371727,
  0.0070689677400660, -0.0004081083926075,
  0.0075664154886197,  0.0002379225836665,
  0.0080544082325678,  0.0008769764387929,
  0.0085319538719589,  0.0015081205514208,
  0.0089979901916209,  0.0021303703541673,
  0.0094513944086054,  0.0027426800368974,
  0.0098909935870263,  0.0033439361005742,
  0.0103155764269913,  0.0039329546967451,
  0.0107239069068387,  0.0045084826473217,
  0.0111147398777217,  0.0050692013304643,
  0.0114868382347748,  0.0056137324756157,
  0.0118389909872081,  0.0061406452646882,
  0.0121700314559442,  0.0066484646056835,
  0.0124788549341707,  0.0071356807753168,
  0.0127644353282338,  0.0076007606943788,
  0.0130258404496819,  0.0080421609846389,
  0.0132622457214000,  0.0084583428358864,
  0.0134729460520569,  0.0088477886409612,
  0.0136573656042247,  0.0092092198640000,
  0.0138150654502339,  0.0095417582057449,
  0.0139457488598891,  0.0098445746398197,
  0.0140492591402499,  0.0101171879845189,
  0.0141255651517024,  0.0103592924586619,
  0.0141747440253419,  0.0105708059380936,
  0.0141969754967106,  0.0107517906474926,
  0.0141925463931819,  0.0109024543017706,
  0.0141620938089762,  0.0110231311605977,
  0.0141065989245352,  0.0111142926732553,
  0.0140270558255936,  0.0111765522216561,
  0.0139247639742854,  0.0112106674808491,
  0.0138011268791615,  0.0112175342014908,
  0.0136577044533562,  0.0111981725977024,
  0.0134960995529306,  0.0111537032860320,
  0.0133179301597205,  0.0110853266350764,
  0.0131247708519721,  0.0109943167541012,
  0.0129181332541591,  0.0108820241896885,
  0.0126994545536004,  0.0107498797713797,
  0.0124701031273086,  0.0105993951216487,
  0.0122313862047464,  0.0104321539674230,
  0.0119845553477002,  0.0102497917892676,
  0.0117308041909785,  0.0100539668509310,
  0.0114712608289092,  0.0098463292276852,
  0.0112069801337679,  0.0096284952953890,
  0.0109389416297099,  0.0094020325603510,
  0.0106680549855472,  0.0091684549187725,
  0.0103951713701800,  0.0089292242908460,
  0.0101210965131983,  0.0086857533800148,
  0.0098466011586495,  0.0084394059207251,
  0.0095724261061762,  0.0081914934109413,
  0.0092992812428916,  0.0079432693295374,
  0.0090278399163841,  0.0076959226449222,
  0.0087587310973202,  0.0074505722174587,
  0.0084925318246176,  0.0072082628492139,
  0.0082297616659599,  0.0069699627091421,
  0.0079708797861087,  0.0067365610468445,
  0.0077162842055190,  0.0065088648688672,
  0.0074663122779827,  0.0062875936682646,
  0.0072212414128959,  0.0060733721560722,
  0.0069812894932324,  0.0058667218514719,
  0.0067466149916002,  0.0056680529358083,
  0.0065173172107246,  0.0054776578404407,
  0.0062934371834817,  0.0052957076620689,
  0.0060749595894481,  0.0051222519285943,
  0.0058618157049287,  0.0049572216916223,
  0.0056538870793551,  0.0048004355595279,
  0.0054510094701293,  0.0046516081844460,
  0.0052529765897357,  0.0045103607981307,
  0.0050595434086096,  0.0043762335712665,
  0.0048704290024284,  0.0042488838075643,
  0.0046853194640835,  0.0041282502789819,
  0.0045038713420813,  0.0040141977951866,
  0.0043257115846766,  0.0039067931053081,
  0.0041504298503159,  0.0038061546291472,
  0.0039775717095775,  0.0037124994707714,
  0.0038066454432001,  0.0036260624253931,
  0.0036371408343507,  0.0035470853895127,
  0.0034687753105207,  0.0034757874989877,
  0.0033015180824328,  0.0034123678268280,
  0.0031352841977350,  0.0033570107297990,
  0.0029702289561407,  0.0033098953947518,
  0.0028065760428100,  0.0032712009197568,
  0.0026446824606604,  0.0032411047429081,
  0.0024849424583547,  0.0032197687138542,
  0.0023277695786722,  0.0032073255979961,
  0.0021735468575987,  0.0032038782121483,
  0.0020226110457728,  0.0032095064385644,
  0.0018752432228433,  0.0032242753357010,
  0.0017316754213203,  0.0032482407366107,
  0.0015921001183799,  0.0032814470560378,
  0.0014566788979197,  0.0033239147141062,
  0.0013255436593324,  0.0033756196367779,
  0.0011987900512442,  0.0034364703867771,
  0.0010764661911142,  0.0035062892461033,
  0.0009585620623965,  0.0035848019804732,
  0.0008450036211105,  0.0036716375509506,
  0.0007356531754814,  0.0037663350979732,
  0.0006303154479074,  0.0038683531108877,
  0.0005287477043419,  0.0039770759968697,
  0.0004306720742733,  0.0040918156904795,
  0.0003357883447838,  0.0042118087594325,
  0.0002437859599416,  0.0043362113691374,
  0.0001543546053264,  0.0044640951153861,
  0.0000671933786791,  0.0045944463447805,
 -0.0000179810780876,  0.0047261705931916,
 -0.0001014271395017,  0.0048581025369450,
 -0.0001833714623389,  0.0049890207205516,
 -0.0002640034308763,  0.0051176655582070,
 -0.0003434715638908,  0.0052427588234776,
 -0.0004218826174163,  0.0053630230564574,
 -0.0004993037380585,  0.0054771998190531,
 -0.0005757674500122,  0.0055840662909888,
 -0.0006512787446790,  0.0056824500828268,
 -0.0007258232415144,  0.0057712423014226,
 -0.0007993753889898,  0.0058494088579154,
 -0.0008719059018099,  0.0059159998898834,
 -0.0009433879469974,  0.0059701570882392,
 -0.0010138018762073,  0.0060111187236577,
 -0.0010831384584663,  0.0060382223093294,
 -0.0011514006351092,  0.0060509998084698,
 -0.0012186035534560,  0.0060494557850768,
 -0.0012847728932284,  0.0060337022745080,
 -0.0013499461057156,  0.0060041179989942,
 -0.0014141814507465,  0.0059612475173710,
 -0.0014775674079057,  0.0059057994506365,
 -0.0015402208160665,  0.0058385713007977,
 -0.0016022752239923,  0.0057604150739359,
 -0.0016637196051010,  0.0056721994670975,
 -0.0017242583065013,  0.0055747966379461,
 -0.0017836231630280,  0.0054690771836003,
 -0.0018413629049930,  0.0053559112141694,
 -0.0018969644163980,  0.0052361707553625,
 -0.0019498189461451,  0.0051107274169207,
 -0.0019993008462333,  0.0049804353074114,
 -0.0020447941562745,  0.0048461093797912,
 -0.0020857372707121,  0.0047085138435922,
 -0.0021216399206320,  0.0045683603875342,
 -0.0021520900804424,  0.0044263135378610,
 -0.0021767465843819,  0.0042830015287727,
 -0.0021953284187184,  0.0041390263732283,
 -0.0022076050167416,  0.0039949667639611,
 -0.0022133930243242,  0.0038513713789929,
 -0.0022125600438218,  0.0037087440570529,
 -0.0022050327385247,  0.0035675253566644,
 -0.0021908046473642,  0.0034280764094530,
 -0.0021699401112774,  0.0032906700946657,
 -0.0021425729879090,  0.0031554916174596,
 -0.0021089009244455,  0.0030226469200822,
 -0.0020691769795260,  0.0028921748810751,
 -0.0020237005614358,  0.0027640588957542,
 -0.0019728092987677,  0.0026382347536779,
 -0.0019168727576290,  0.0025145937972381,
 -0.0018562881082686,  0.0023929822956999,
 -0.0017914772126093,  0.0022731992426420,
 -0.0017228844065786,  0.0021549950502155,
 -0.0016509744512009,  0.0020380729499282,
 -0.0015762305224587,  0.0019220936849176,
 -0.0014991524157121,  0.0018066828391612,
 -0.0014202551984504,  0.0016914393386992,
 -0.0013400683835182,  0.0015759434774217,
 -0.0012591354122291,  0.0014597632510280,
 -0.0011780130131271,  0.0013424585648455,
 -0.0010972699496057,  0.0012235837042794,
 -0.0010174848443170,  0.0011026890441219,
 -0.0009392431487316,  0.0009793231685296,
 -0.0008631337483163,  0.0008530364201377,
 -0.0007897459966030,  0.0007233864950797,
 -0.0007196679744281,  0.0005899462268543,
 -0.0006534864596503,  0.0004523132507654,
 -0.0005917885449896,  0.0003101854798828,
 -0.0005351639873851,  0.0001636993564948,
 -0.0004842071709674,  0.0000130750694939,
 -0.0004395218523313, -0.0001412450331038,
 -0.0004017322383417, -0.0002986638618254,
 -0.0003714924010198, -0.0004584339803714,
 -0.0003494826131458, -0.0006197228137920,
 -0.0003363942785095, -0.0007816520361276,
 -0.0003327799647680, -0.0009433386571351,
 -0.0003388817895775, -0.0011039164741213,
 -0.0003549341353162, -0.0012625480145169,
 -0.0003809617482619, -0.0014184295861509,
 -0.0004168833804707, -0.0015707915027458,
 -0.0004624787767618, -0.0017188986015062,
 -0.0005174578852205, -0.0018620617101940,
 -0.0005814838025667, -0.0019996533430638,
 -0.0006542108901403, -0.0021311164192878,
 -0.0007352959973396, -0.0022559673825564,
 -0.0008243982328365, -0.0023737951481385,
 -0.0009211645699252, -0.0024842553749201,
 -0.0010252126809853, -0.0025870642422574,
 -0.0011361167016441, -0.0026819963958186,
 -0.0012534019019346, -0.0027688887557270,
 -0.0013765485755263, -0.0028476490598113,
 -0.0015050017840038, -0.0029182656557889,
 -0.0016381818362165, -0.0029808139365321,
 -0.0017754919409379, -0.0030354557670277,
 -0.0019163220238623, -0.0030824310669613,
 -0.0020600496838337, -0.0031220438094956,
 -0.0022060401653392, -0.0031546464228302,
 -0.0023536474084637, -0.0031806264794059,
 -0.0025022178406699, -0.0032003982379748,
 -0.0026510976121201, -0.0032143998055670,
 -0.0027996426556730, -0.0032230949007954,
 -0.0029472298482523, -0.0032269769387793,
 -0.0030932671225071, -0.0032265727975117,
 -0.0032372007723836, -0.0032224442436776,
 -0.0033785191364182, -0.0032151861972690,
 -0.0035167529504701, -0.0032054222467426,
 -0.0036514735602173, -0.0031937985836763,
 -0.0037822906355394, -0.0031809775960275,
 -0.0039088509576376, -0.0031676318778234,
 -0.0040308392817568, -0.0031544387009616,
 -0.0041479814421383, -0.0031420744677999,
 -0.0042600490407999, -0.0031312085559104,
 -0.0043668645285072, -0.0031224962824736,
 -0.0044683054182459, -0.0031165712603905,
 -0.0045643067048350, -0.0031140378628004,
 -0.0046548611418211, -0.0031154646540954,
 -0.0047400175774604, -0.0031213793974519,
 -0.0048198779088782, -0.0031322653409330,
 -0.0048945929678287, -0.0031481335910816,
 -0.0049643576459531, -0.0031688826642643,
 -0.0050294096346955, -0.0031942343840355,
 -0.0050900359521874, -0.0032237603522413,
 -0.0051465792475272, -0.0032569118858946,
 -0.0051994321581231, -0.0032930677069119,
 -0.0052490211157445, -0.0033315754302819,
 -0.0052957036771335, -0.0033717823558156,
 -0.0053395168290968, -0.0034130521690796,
 -0.0053804786214194, -0.0034547699488227,
 -0.0054184326497076, -0.0034963430835852,
 -0.0054531221271885, -0.0035371986904765,
 -0.0054841801442988, -0.0035767825246669,
 -0.0055111911465898, -0.0036145678335518,
 -0.0055337223249619, -0.0036500675348734,
 -0.0055513604893902, -0.0036828397507703,
 -0.0055637238470353, -0.0037124887347336,
 -0.0055704583277142, -0.0037386626090773,
 -0.0055712199163380, -0.0037610477767925,
 -0.0055656550124400, -0.0037793642991146,
 -0.0055533871692304, -0.0037933664437937,
 -0.0055340158830195, -0.0038028492286995,
 -0.0055071259793810, -0.0038076584176038,
 -0.0054723021739591, -0.0038076989368133,
 -0.0054291432342839, -0.0038029368868868,
 -0.0053772729928497, -0.0037933935306621,
 -0.0053163479654350, -0.0037791336247082,
 -0.0052460622476939, -0.0037602526741300,
 -0.0051661500996161, -0.0037368673785834,
 -0.0050763862728412, -0.0037091117568692,
 -0.0049765841899670, -0.0036771393247137,
 -0.0048665925433581, -0.0036411298005077,
 -0.0047462915134569, -0.0036012974685124,
 -0.0046155902512668, -0.0035578978840617,
 -0.0044744272498853, -0.0035112303032187,
 -0.0043227745901699, -0.0034616348048312,
 -0.0041606459407801, -0.0034094848966063,
 -0.0039881070616017, -0.0033551777687787,
 -0.0038052868371695, -0.0032991248212653,
 -0.0036123868675298, -0.0032417446597982,
 -0.0034096882805692, -0.0031834597011241,
 -0.0031975554032328, -0.0031246963013833,
 -0.0029764367808700, -0.0030658872885668,
 -0.0027468644877862, -0.0030074752425898,
 -0.0025094526223625, -0.0029499148973757,
 -0.0022648954566802, -0.0028936735298835,
 -0.0020139651929567, -0.0028392289277473,
 -0.0017575088836242, -0.0027870651802078,
 -0.0014964439777994, -0.0027376669458105,
 -0.0012317521369733, -0.0026915247717048,
 -0.0009644709876802, -0.0026486717527103,
 -0.0006956839947175, -0.0026090489377762,
 -0.0004265132189069, -0.0025724471724046,
 -0.0001581197152150, -0.0025385240556003,
  0.0001082961545428, -0.0025068384319453,
  0.0003715060621714, -0.0024768956147130,
  0.0006302748992177, -0.0024481910008426,
  0.0008834772978597, -0.0024202404029124,
  0.0011303443445214, -0.0023925961679718,
  0.0013701615191518, -0.0023648497527951,
  0.0016024406257931, -0.0023366298505059,
  0.0018268342606619, -0.0023075971435371,
  0.0020431457433025, -0.0022774405459084,
  0.0022512642885033, -0.0022458818492777,
  0.0024511352494273, -0.0022126821819994,
  0.0026427264136261, -0.0021776416399867,
  0.0028260233240491, -0.0021405945806803,
  0.0030010385804546, -0.0021014022960674,
  0.0031678295745813, -0.0020599442822303,
  0.0033265098040535, -0.0020161134226970,
  0.0034772480822589, -0.0019698185284307,
  0.0036202563441409, -0.0019209926394547,
  0.0037557737614046, -0.0018696023470616,
  0.0038840556868154, -0.0018156538258326,
  0.0040053725715107, -0.0017591945285392,
  0.0041200182732669, -0.0017003123280780,
  0.0042283224356947, -0.0016391343378055,
  0.0043306598471421, -0.0015758262826568,
  0.0044274514334562, -0.0015105917396174,
  0.0045191555567367, -0.0014436698670980,
  0.0046062522572941, -0.0013753307217350,
  0.0046892250875158, -0.0013058685461516,
  0.0047685447958915, -0.0012355947044581,
  0.0048446571817611, -0.0011648324534035,
  0.0049179753091488, -0.0010939151176666,
  0.0049888748639308, -0.0010231878908419,
  0.0050576910737601, -0.0009530121321956,
  0.0051247160301864, -0.0008837702794524,
  0.0051901959464283, -0.0008158695558616,
  0.0052543284695478, -0.0007497432747586,
  0.0053172604203811, -0.0006858493891291,
  0.0053790863183714, -0.0006246666197485,
  0.0054398478598478, -0.0005666888810967,
  0.0054995343200054, -0.0005124187824089,
  0.0055580836872864, -0.0004623608610341,
  0.0056153842666481, -0.0004170150005310,
  0.0056712765177325, -0.0003768702546884,
  0.0057255549954469, -0.0003423990865714,
  0.0057779704376775, -0.0003140518265452,
  0.0058282322177252, -0.0002922587977582,
  0.0058760118004537, -0.0002769749880395,
  0.0059209476358446, -0.0002680429080051,
  0.0059626473175359, -0.0002651276475455,
  0.0060006828911898, -0.0002677390563193,
  0.0060345879435718, -0.0002752668414877,
  0.0060638685506599, -0.0002870269403323,
  0.0060880253413440, -0.0003023043725868,
  0.0061066843350590, -0.0003203827159379,
  0.0061198243487118, -0.0003405573331995,
  0.0061274795934133, -0.0003621343998706,
  0.0061299244605623, -0.0003844261621804,
  0.0061275615015045, -0.0004067458689365,
  0.0061209218807352, -0.0004284061727497,
  0.0061105869273031, -0.0004487242028277,
  0.0060971545595246, -0.0004670264843523,
  0.0060812073208592, -0.0004826482679255,
  0.0060633150190247, -0.0004949315105838,
  0.0060440507799279, -0.0005032236514391,
  0.0060240150101027, -0.0005068782119598,
  0.0060038533132919, -0.0005052601991754,
  0.0059842638586954, -0.0004977566108492,
  0.0059659930046592, -0.0004837891933355,
  0.0059498218836126, -0.0004628251628677,
  0.0059365473512165, -0.0004343814165556,
  0.0059269615254603, -0.0003980197983743,
  0.0059218337190989, -0.0003533349733386,
  0.0059218968364462, -0.0002999402828909,
  0.0059278380291461, -0.0002374583271429,
  0.0059402920716056, -0.0001655211067232,
  0.0059598359120420, -0.0000837804810826,
  0.0059869836385369,  0.0000080742689545,
  0.0060221818964797,  0.0001102970055975,
  0.0060658061107258,  0.0002230682409548,
  0.0061181577227061,  0.0003464843923141,
  0.0061794622912314,  0.0004805531539699,
  0.0062498680286413,  0.0006251934743950,
  0.0063294442762809,  0.0007802377718922,
  0.0064181795829002,  0.0009454342648784,
  0.0065159793424278,  0.0011204483098236,
  0.0066226632296932,  0.0013048628353207,
  0.0067379628694552,  0.0014981788075813,
  0.0068615202225677,  0.0016998168347518,
  0.0069928871057617,  0.0019091206165714,
  0.0071315261260090,  0.0021253623162653,
  0.0072768131381584,  0.0023477494139260,
  0.0074280411892777,  0.0025754324226137,
  0.0075844258025054,  0.0028075129505624,
  0.0077451114212367,  0.0030430518589847,
  0.0079091788580134,  0.0032810775036050,
  0.0080756536641199,  0.0035206166198856,
  0.0082435156579993,  0.0037611222089277,
  0.0084117094853419,  0.0040021018299436,
  0.0085791514338949,  0.0042432208144681,
  0.0087447286141404,  0.0044842530839321,
  0.0089073006604755,  0.0047250540557340,
  0.0090657164086036,  0.0049655076235800,
  0.0092188398503788,  0.0052054894861134,
  0.0093657273222399,  0.0054448432679779,
  0.0095057909703025,  0.0056833805934332,
  0.0096384923777184,  0.0059208948243554,
  0.0097635673518015,  0.0061571731661775,
  0.0098808545931328,  0.0063919991000329,
  0.0099903114253028,  0.0066251479301291,
  0.0100919372637534,  0.0068563797510940,
  0.0101857742441578,  0.0070854345373412,
  0.0102719139035988,  0.0073120324588786,
  0.0103505329624449,  0.0075358821218309,
  0.0104219046440954,  0.0077566987632354,
  0.0104863794031359,  0.0079742250707067,
  0.0105443434128045,  0.0081882438197671,
  0.0105961811738955,  0.0083985800876060,
  0.0106422581210767,  0.0086050965894174,
  0.0106829253476817,  0.0088076848535296,
  0.0107185353920986,  0.0090062537799322,
  0.0107494552208794,  0.0092007174773029,
  0.0107760683165841,  0.0093909843538740,
  0.0107987662910983,  0.0095769486743918,
  0.0108179355952063,  0.0097584849711339,
  0.0108339452461394,  0.0099354451009310,
  0.0108471387213273,  0.0101076574193768,
  0.0108578299356922,  0.0102749274382678,
  0.0108663013309604,  0.0104370391961371,
  0.0108728019761610,  0.0105937563962616,
  0.0108775445415136,  0.0107448224156854,
  0.0108807011448634,  0.0108899588056937,
  0.0108823987611559,  0.0110288627149730,
  0.0108827149856621,  0.0111612042823623,
  0.0108816746728755,  0.0112866251021519,
  0.0108792476355571,  0.0114047383262526,
  0.0108753473849398,  0.0115151301918692,
  0.0108698308610514,  0.0116173622465917,
  0.0108624991437266,  0.0117109735373134,
  0.0108530991591372,  0.0117954824813529,
  0.0108413263632570,  0.0118703887201922,
  0.0108268283191637,  0.0119351756297342,
  0.0108092090349150,  0.0119893141589200,
  0.0107880339235028,  0.0120322683734289,
  0.0107628352673527,  0.0120635026727368,
  0.0107331181150570,  0.0120824903823537,
  0.0106983665785963,  0.0120887940780499,
  0.0106580507214145,  0.0120824226918419,
  0.0106116337675493,  0.0120634680874885,
  0.0105585752319311,  0.0120322592768481,
  0.0104983273801342,  0.0119892648244422,
  0.0104303358911144,  0.0119350742209218,
  0.0103540564240936,  0.0118703295665987,
  0.0102689824586220,  0.0117956935381936,
  0.0101748742179537,  0.0117118251421800,
  0.0100718076310528,  0.0116193816176247,
  0.0099599679023980,  0.0115190253213921,
  0.0098398625756878,  0.0114114228093516,
  0.0097120582565020,  0.0112972327695908,
  0.0095771816882471,  0.0111771033302648,
  0.0094358307231373,  0.0110516917180293,
  0.0092886023946897,  0.0109216945110166,
  0.0091360930939722,  0.0107878668646222,
  0.0089788964571933,  0.0106510187864283,
  0.0088175868790617,  0.0105119905427960,
  0.0086527155206254,  0.0103716184646853,
  0.0084848112910625,  0.0102307042591778,
  0.0083143818883974,  0.0100899953736048,
  0.0081419091849635,  0.0099501769659074,
  0.0079678408264207,  0.0098118732482374,
  0.0077925812682681,  0.0096756547246619,
  0.0076164849742220,  0.0095420462513392,
  0.0074398526318008,  0.0094115312124034,
  0.0072629297179856,  0.0092845500138645,
  0.0070859058242557,  0.0091614942152498,
  0.0069089135694311,  0.0090426989992807,
  0.0067320270969306,  0.0089284362681067,
  0.0065552609968461,  0.0088189094277529,
  0.0063785704534433,  0.0087142497669489,
  0.0062018528377123,  0.0086145137187151,
  0.0060249505007912,  0.0085196803158091,
  0.0058476544960224,  0.0084296486022371,
  0.0056697091853549,  0.0083442353110196,
  0.0054908178610244,  0.0082631734247835,
  0.0053106495120926,  0.0081861122023211,
  0.0051288467598712,  0.0081126189769731,
  0.0049450348859984,  0.0080421827071323,
  0.0047588318337109,  0.0079742190394891,
  0.0045698590739552,  0.0079080765851690,
  0.0043777532699479,  0.0078430441685549,
  0.0041821787183347,  0.0077783589122302,
  0.0039828405759509,  0.0077132150833020,
  0.0037794988871459,  0.0076467736397193,
  0.0035719834226249,  0.0075781723857842,
  0.0033602093357900,  0.0075065366304021,
  0.0031441936414849,  0.0074309902646378,
  0.0029240725193281,  0.0073507917402858,
  0.0027001194522360,  0.0072656360826603,
  0.0024727640485819,  0.0071752802321030,
  0.0022426118440444,  0.0070797491898315,
  0.0020104651695001,  0.0069791684431545,
  0.0017786724446553,  0.0068737523279492,
  0.0015495757630277,  0.0067637049616444,
  0.0013220996889437,  0.0066490948884031,
  0.0010973604052548,  0.0065297194569104,
  0.0008751656197149,  0.0064055860177489,
  0.0006560239502338,  0.0062776708252529,
  0.0004400650344252,  0.0061475244542075,
  0.0002275956787650,  0.0060162880460804,
  0.0000188211406167,  0.0058845324316397,
 -0.0001860184519816,  0.0057525684789480,
 -0.0003867141359424,  0.0056206894779228,
 -0.0005830568314714,  0.0054893172057536,
 -0.0007748522559100,  0.0053590033666674,
 -0.0009619140827354,  0.0052303423784725,
 -0.0011440672297307,  0.0051038837441070,
 -0.0013211464283118,  0.0049800853914444,
 -0.0014929969447036,  0.0048593213033067,
 -0.0016594742921343,  0.0047419192622296,
 -0.0018204443813570,  0.0046281911140747,
 -0.0019757834500299,  0.0045184353184943,
 -0.0021253780711867,  0.0044129188563175,
 -0.0022691251051118,  0.0043118581650681,
 -0.0024069316563834,  0.0042154115476394,
 -0.0025387150087408,  0.0041236818231185,
 -0.0026644025506221,  0.0040367210950859,
 -0.0027839316857890,  0.0039545317321868,
 -0.0028972497327938,  0.0038770631381231,
 -0.0030043138114130,  0.0038042071106289,
 -0.0031050907177328,  0.0037357943869062,
 -0.0031995567877935,  0.0036715932013908,
 -0.0032876977503213,  0.0036113094017919,
 -0.0033695085689255,  0.0035545875886912,
 -0.0034449932742045,  0.0035010133154575,
 -0.0035141647862282,  0.0034501167418276,
 -0.0035770447275557,  0.0034013779249908,
 -0.0036336632279105,  0.0033542334630737,
 -0.0036840587200794,  0.0033080839530971,
 -0.0037282777280968,  0.0032623018380390,
 -0.0037663746479546,  0.0032162394707274,
 -0.0037984115213069,  0.0031692373706976,
 -0.0038244578026279,  0.0031206326746937,
 -0.0038445901202764,  0.0030697678156254,
 -0.0038588920319223,  0.0030159995651354,
 -0.0038674537748160,  0.0029587086450033,
 -0.0038703720111854,  0.0028973100372073,
 -0.0038677495696212,  0.0028314077869066,
 -0.0038596951823712,  0.0027610505669387,
 -0.0038463232193584,  0.0026864107028987,
 -0.0038277534192365,  0.0026079619667361,
 -0.0038041106179313,  0.0025262427605233,
 -0.0037755244751030,  0.0024418383120193,
 -0.0037421291989566,  0.0023553069937394,
 -0.0037040632698317,  0.0022672068032026,
 -0.0036614691629243,  0.0021781006436432,
 -0.0036144930707045,  0.0020885480352276,
 -0.0035632846252301,  0.0019990843361738,
 -0.0035079966208910,  0.0019102151523425,
 -0.0034487847379223,  0.0018224201941686,
 -0.0033858072670655,  0.0017361580576263,
 -0.0033192248357500,  0.0016518644620096,
 -0.0032492001361511,  0.0015699452453767,
 -0.0031758976554723,  0.0014907680901630,
 -0.0030994834088197,  0.0014146561347086,
 -0.0030201246749261,  0.0013418842907487,
 -0.0029379897351385,  0.0012726772127651,
 -0.0028532476159117,  0.0012072070093602,
 -0.0027660678351294,  0.0011455895626302,
 -0.0026766201525362,  0.0010878798767161,
 -0.0025850743245589,  0.0010340678462256,
 -0.0024915998637776,  0.0009840756523233,
 -0.0023963658033027,  0.0009377571971797,
 -0.0022995404662776,  0.0008948994039020,
 -0.0022012912408494,  0.0008552251567985,
 -0.0021017843605507,  0.0008183978610290,
 -0.0020011846906483,  0.0007840276959725,
 -0.0018996555204083,  0.0007516795379010,
 -0.0017973583615387,  0.0007208823753363,
 -0.0016944527529753,  0.0006911399633808,
 -0.0015910960721623,  0.0006619424789196,
 -0.0014874433529739,  0.0006327790016658,
 -0.0013836471103806,  0.0006031507180072,
 -0.0012798571721435,  0.0005725848088316,
 -0.0011762205172468,  0.0005406490296745,
 -0.0010728811216751,  0.0005069670173362,
 -0.0009699798112624,  0.0004712343624306,
 -0.0008676541218074,  0.0004332354823064,
 -0.0007660381665054,  0.0003928613187078,
 -0.0006652625107446,  0.0003501278707187,
 -0.0005654540543027,  0.0003051955565552,
 -0.0004667359209401,  0.0002583893832292,
 -0.0003692273555927,  0.0002102198997939,
 -0.0002730436287105,  0.0001614049223525,
 -0.0001782959483248,  0.0001130704540499,
 -0.0000850913794152,  0.0000657604421008,
  0.0000064672293077,  0.0000191856238928,
  0.0000962813112537, -0.0000263907653833,
  0.0001842566404876, -0.0000710448670971,
  0.0002703033830018, -0.0001146680758874,
  0.0003543361408247, -0.0001572525093691,
  0.0004362739888502, -0.0001987426147558,
  0.0005160405049310, -0.0002391099502058,
  0.0005935637927359, -0.0002783163555222,
  0.0006687764978844, -0.0003163317908046,
  0.0007416158173229, -0.0003531258099170,
  0.0008120235020703, -0.0003886715849020,
  0.0008799458534566, -0.0004229440084374,
  0.0009453337129838, -0.0004559205605481,
  0.0010081424459447, -0.0004875808873907,
  0.0010683319189685, -0.0005179069701638,
  0.0011258664714746, -0.0005468830187606,
  0.0011807148815949, -0.0005744954872853,
  0.0012328503262003, -0.0006007330300682,
  0.0012822503355601, -0.0006255864808750,
  0.0013288967426786, -0.0006490488179767,
  0.0013727756274906, -0.0006711151320676,
  0.0014138772560952, -0.0006917825895175,
  0.0014521960152091, -0.0007110503944788,
  0.0014877303420437, -0.0007289197484233,
  0.0015204826496624, -0.0007453938078282,
  0.0015504592483276, -0.0007604776399706,
  0.0015776702626175, -0.0007741781768565,
  0.0016021295447944, -0.0007865041674735,
  0.0016238545845217, -0.0007974661284462,
  0.0016428664151349, -0.0008070762931883,
  0.0016591895166662, -0.0008153485596613,
  0.0016728517158226, -0.0008222984368383,
  0.0016838840831317, -0.0008279429899853,
  0.0016923208273661, -0.0008323007848147,
  0.0016981991876621, -0.0008353918307240,
  0.0017015593232564, -0.0008372375230776,
  0.0017024442012313, -0.0008378605847299,
  0.0017008994824015, -0.0008372850068573,
  0.0016969734055448, -0.0008355359891960,
  0.0016907166701731, -0.0008326398797863,
  0.0016821823180376, -0.0008286241143165,
  0.0016714256135607, -0.0008235171551618,
  0.0016585039233899, -0.0008173484302134,
  0.0016434765952248, -0.0008101482715679,
  0.0016264048361923, -0.0008019478542181,
  0.0016073515908353, -0.0007927791347662,
  0.0015863814189772, -0.0007826747902912,
  0.0015635603736081, -0.0007716681574383,
  0.0015389558789690, -0.0007597931718145,
  0.0015126366090034, -0.0007470843077681,
  0.0014846723663412, -0.0007335765186315,
  0.0014551339619763, -0.0007193051775013,
  0.0014240930957990, -0.0007043060186296,
  0.0013916222381260, -0.0006886150794956,
  0.0013577945123898, -0.0006722686436272,
  0.0013226835791248, -0.0006553031842370,
  0.0012863635213894, -0.0006377553087372,
  0.0012489087317621, -0.0006196617041924,
  0.0012103938010408, -0.0006010590837698,
  0.0011708934087701, -0.0005819841342425,
  0.0011304822157114, -0.0005624734645939,
  0.0010892347584109, -0.0005425635557933,
  0.0010472253458775, -0.0005222907117460,
  0.0010045279586022, -0.0005016910115187,
  0.0009612161499302, -0.0004808002628426,
  0.0009173629499114, -0.0004596539569492,
  0.0008730407717151, -0.0004382872247719,
  0.0008283213206932, -0.0004167347945492,
  0.0007832755061696, -0.0003950309508610,
  0.0007379733560300, -0.0003732094951249,
  0.0006924839341688, -0.0003513037075762,
  0.0006468752609221, -0.0003293463107837,
  0.0006012142363797, -0.0003073694346482,
  0.0005555665668408, -0.0002854045829982,
  0.0005099966943105, -0.0002634826017312,
  0.0004645677291291, -0.0002416336485369,
  0.0004193413857681, -0.0002198871642102,
  0.0003743779218203, -0.0001982718455639,
  0.0003297360802115, -0.0001768156199442,
  0.0002854730346406, -0.0001555456213487,
  0.0002416443383446, -0.0001344881681830,
  0.0001983038760022, -0.0001136687425655,
  0.0001555038190347, -0.0000931119712922,
  0.0001132945841305, -0.0000728416083760,
  0.0000717247950474, -0.0000528805191785,
  0.0000308412476819, -0.0000332506661233,
 -0.0000093111216084, -0.0000139730959787,
 -0.0000486892644475,  0.0000049320713058,
 -0.0000872520456820,  0.0000234456522299,
 -0.0001249602653635,  0.0000415494078191,
 -0.0001617766777050,  0.0000592260502632,
 -0.0001976660067833,  0.0000764592480138,
 -0.0002325949592059,  0.0000932336294509,
 -0.0002665322337228,  0.0001095347851129,
 -0.0002994485278303,  0.0001253492685184,
 -0.0003313165414175,  0.0001406645956087,
 -0.0003621109775057,  0.0001554692428392,
 -0.0003918085401340,  0.0001697526439496,
 -0.0004203879294630,  0.0001835051854519,
 -0.0004478298340787,  0.0001967182008302,
 -0.0004741169207454,  0.0002093839635777,
 -0.0004992338214359,  0.0002214956789888,
 -0.0005231671178711,  0.0002330474748237,
 -0.0005459053235840,  0.0002440343908550,
 -0.0005674388635850,  0.0002544523673342,
 -0.0005877600517026,  0.0002642982324194,
 -0.0006068630656769,  0.0002735696886009,
 -0.0006247439200942,  0.0002822652981715,
 -0.0006414004371801,  0.0002903844677497,
 -0.0006568322156826,  0.0002979274319712,
 -0.0006710405977347,  0.0003048952362944,
 -0.0006840286339146,  0.0003112897190282,
 -0.0006958010465425,  0.0003171134926011,
 -0.0007063641913020,  0.0003223699241145,
 -0.0007157260172744,  0.0003270631152235,
 -0.0007238960254727,  0.0003311978813880,
 -0.0007308852259677,  0.0003347797305382,
 -0.0007367060936545,  0.0003378148411765,
 -0.0007413725228483,  0.0003403100400105,
 -0.0007448997806652,  0.0003422727790909,
 -0.0007473044593696,  0.0003437111125431,
 -0.0007486044277422,  0.0003446336729188,
 -0.0007488187815612,  0.0003450496472098,
 -0.0007479677932824,  0.0003449687525643,
 -0.0007460728610051,  0.0003444012117470,
 -0.0007431564568142,  0.0003433577283855,
 -0.0007392420745604,  0.0003418494620284,
 -0.0007343541772186,  0.0003398880030860,
 -0.0007285181438355,  0.0003374853476519,
 -0.0007217602162002,  0.0003346538722711,
 -0.0007141074453012,  0.0003314063086817,
 -0.0007055876376498,  0.0003277557185674,
 -0.0006962293015519,  0.0003237154683567,
 -0.0006860615934015,  0.0003192992041038,
 -0.0006751142640754,  0.0003145208264841,
 -0.0006634176055003,  0.0003093944659385,
 -0.0006510023974656,  0.0003039344579969,
 -0.0006378998547541,  0.0002981553188161,
 -0.0006241415746573,  0.0002920717209568,
 -0.0006097594849436,  0.0002856984694337,
 -0.0005947857923438,  0.0002790504780644,
 -0.0005792529316189,  0.0002721427461464,
 -0.0005631935152686,  0.0002649903354869,
 -0.0005466402839419,  0.0002576083478115,
 -0.0005296260576038,  0.0002500119025754,
 -0.0005121836875261,  0.0002422161152050,
 -0.0004943460091219,  0.0002342360757795,
 -0.0004761457957169,  0.0002260868281901,
 -0.0004576157132768,  0.0002177833497849,
 -0.0004387882761450,  0.0002093405315228,
 -0.0004196958038349,  0.0002007731586531,
 -0.0004003703789169,  0.0001920958919381,
 -0.0003808438060398,  0.0001833232494341,
 -0.0003611475721180,  0.0001744695888424,
 -0.0003413128077458,  0.0001655490904562,
 -0.0003213702498052,  0.0001565757406880,
 -0.0003013502053809,  0.0001475633162222,
 -0.0002812825169504,  0.0001385253687808,
 -0.0002611965288950,  0.0001294752105173,
 -0.0002411210553508,  0.0001204259000481,
 -0.0002210843494221,  0.0001113902291262,
 -0.0002011140737721,  0.0001023807099638,
 -0.0001812372726085,  0.0000934095632085,
 -0.0001614803450707,  0.0000844887065751,
 -0.0001418690200640,  0.0000756297441483,
 -0.0001224283324656,  0.0000668439563244,
 -0.0001031826008174,  0.0000581422904378,
 -0.0000841554064335,  0.0000495353520395,
 -0.0000653695739520,  0.0000410333968384,
 -0.0000468471533273,  0.0000326463233021,
 -0.0000286094032632,  0.0000243836659132,
 -0.0000106767760799,  0.0000162545890785,
  0.0000069310959946,  0.0000082678816833,
  0.0000241954130809,  0.0000004319523015,
  0.0000410982185513, -0.0000072451749854,
  0.0000576224084759, -0.0000147558641142,
  0.0000737517397051, -0.0000220928699565,
  0.0000894708365770, -0.0000292493406213,
  0.0001047651962659, -0.0000362188191536,
  0.0001196211927946, -0.0000429952446391,
  0.0001340260797255, -0.0000495729527266,
  0.0001479679915623, -0.0000559466755806,
  0.0001614359438461, -0.0000621115412607,
  0.0001744198320573, -0.0000680630725783,
  0.0001869104292395, -0.0000737971853945,
  0.0001988993824459, -0.0000793101864060,
  0.0002103792080136, -0.0000845987704223,
  0.0002213432856938, -0.0000896600171484,
  0.0002317858516692, -0.0000944913874879,
  0.0002417019904912, -0.0000990907193819,
  0.0002510876259663, -0.0001034562231991,
  0.0002599395110315, -0.0001075864766946,
  0.0002682552166222, -0.0001114804195399,
  0.0002760331196378, -0.0001151373474738,
  0.0002832723899502, -0.0001185569060479,
  0.0002899729765533, -0.0001217390840125,
  0.0002961355928688, -0.0001246842063518,
  0.0003017617012460, -0.0001273929269824,
  0.0003068534966951, -0.0001298662211368,
  0.0003114138898893, -0.0001321053774459,
  0.0003154464894788, -0.0001341119897406,
  0.0003189555837336, -0.0001358879485808,
  0.0003219461216044, -0.0001374354325518,
  0.0003244236931740, -0.0001387568993154,
  0.0003263945095857, -0.0001398550764546,
  0.0003278653824688, -0.0001407329521218,
  0.0003288437029037, -0.0001413937655082,
  0.0003293374199640, -0.0001418409971517,
  0.0003293550188745, -0.0001420783591001,
  0.0003289054988255, -0.0001421097849484,
  0.0003279983504691, -0.0001419394197598,
  0.0003266435331645, -0.0001415716099017,
  0.0003248514519729, -0.0001410108927953,
  0.0003226329344636, -0.0001402619866063,
  0.0003199992073613, -0.0001393297798903,
  0.0003169618730687, -0.0001382193212060,
  0.0003135328861027, -0.0001369358087145,
  0.0003097245294778, -0.0001354845797781,
  0.0003055493910713, -0.0001338711005730,
  0.0003010203400051, -0.0001321009557324,
  0.0002961505030750, -0.0001301798380302,
  0.0002909532412640, -0.0001281135381250,
  0.0002854421263669, -0.0001259079343711,
  0.0002796309177594, -0.0001235689827140,
  0.0002735335393426, -0.0001211027066813,
  0.0002671640566903, -0.0001185151874822,
  0.0002605366544293, -0.0001158125542259,
  0.0002536656138793, -0.0001130009742714,
  0.0002465652909788, -0.0001100866437200,
  0.0002392500945283, -0.0001070757780606,
  0.0002317344647620, -0.0001039746029764,
  0.0002240328522893, -0.0001007893453260,
  0.0002161596974173, -0.0000975262243052,
  0.0002081294098799, -0.0000941914428004,
  0.0001999563489953, -0.0000907911789397,
  0.0001916548042698, -0.0000873315778521,
  0.0001832389764694, -0.0000838187436405,
  0.0001747229591735, -0.0000802587315756,
  0.0001661207208388, -0.0000766575405205,
  0.0001574460873642, -0.0000730211055838,
  0.0001487127252032, -0.0000693552910179,
  0.0001399341250161, -0.0000656658833590,
  0.0001311235858821, -0.0000619585848179,
  0.0001222942000813, -0.0000582390069241,
  0.0001134588384599, -0.0000545126644273,
  0.0001046301363848, -0.0000507849694610,
  0.0000958204802971, -0.0000470612259680,
  0.0000870419948847, -0.0000433466243977,
  0.0000783065308456, -0.0000396462366627,
  0.0000696256532937, -0.0000359650113746,
  0.0000610106307794, -0.0000323077693470,
  0.0000524724249393, -0.0000286791993718,
  0.0000440216807782, -0.0000250838542683,
  0.0000356687175833, -0.0000215261472046,
  0.0000274235204725, -0.0000180103482925,
  0.0000192957325763, -0.0000145405814533,
  0.0000112946478504, -0.0000111208215537,
  0.0000034292045320, -0.0000077548918159,
 -0.0000042920208009, -0.0000044464614850,
 -0.0000118608185212, -0.0000011990437718,
 -0.0000192693506344,  0.0000019840059469,
 -0.0000265101548436,  0.0000050994916666,
 -0.0000335761480049,  0.0000081443780364,
 -0.0000404606289799,  0.0000111157913877,
 -0.0000471572808924,  0.0000140110205119,
 -0.0000536601728009,  0.0000168275171946,
 -0.0000599637607793,  0.0000195628965020,
 -0.0000660628884532,  0.0000222149368411,
 -0.0000719527869539,  0.0000247815797776,
 -0.0000776290743339,  0.0000272609296308,
 -0.0000830877544438,  0.0000296512528463,
 -0.0000883252152844,  0.0000319509771511,
 -0.0000933382268441,  0.0000341586904983,
 -0.0000981239384371,  0.0000362731398057,
 -0.0001026798755563,  0.0000382932294973,
 -0.0001070039362413,  0.0000402180198451,
 -0.0001110943870093,  0.0000420467251349,
 -0.0001149498583204,  0.0000437787116413,
 -0.0001185693396215,  0.0000454134954336,
 -0.0001219521739750,  0.0000469507400135,
 -0.0001250980522875,  0.0000483902537917,
 -0.0001280070071551,  0.0000497319874114,
 -0.0001306794063408,  0.0000509760309246,
 -0.0001331159459007,  0.0000521226108283,
 -0.0001353176429770,  0.0000531720869689,
 -0.0001372858282640,  0.0000541249493173,
 -0.0001390221381888,  0.0000549818146319,
 -0.0001405285067914,  0.0000557434230040,
 -0.0001418071573439,  0.0000564106343017,
 -0.0001428605937180,  0.0000569844245157,
 -0.0001436915915173,  0.0000574658820159,
 -0.0001443031889940,  0.0000578562037241,
 -0.0001446986777641,  0.0000581566912122,
 -0.0001448815933418,  0.0000583687467304,
 -0.0001448557055014,  0.0000584938691731,
 -0.0001446250085005,  0.0000585336499934,
 -0.0001441937111608,  0.0000584897690659,
 -0.0001435662268367,  0.0000583639905103,
 -0.0001427471632841,  0.0000581581584808,
 -0.0001417413124455,  0.0000578741929272,
 -0.0001405536401670,  0.0000575140853353,
 -0.0001391892758648,  0.0000570798944530,
 -0.0001376535021551,  0.0000565737420078,
 -0.0001359517444625,  0.0000559978084215,
 -0.0001340895606259,  0.0000553543285312,
 -0.0001320726305103,  0.0000546455873180,
 -0.0001299067456445,  0.0000538739156526,
 -0.0001275977988969,  0.0000530416860629,
 -0.0001251517742021,  0.0000521513085278,
 -0.0001225747363548,  0.0000512052263044,
 -0.0001198728208814,  0.0000502059117926,
 -0.0001170522240038,  0.0000491558624423,
 -0.0001141191927069,  0.0000480575967092,
 -0.0001110800149238,  0.0000469136500625,
 -0.0001079410098468,  0.0000457265710495,
 -0.0001047085183793,  0.0000444989174229,
 -0.0001013888937379,  0.0000432332523324,
 -0.0000979884922143,  0.0000419321405873,
 -0.0000945136641089,  0.0000405981449923,
 -0.0000909707448437,  0.0000392338227604,
 -0.0000873660462659,  0.0000378417220074,
 -0.0000837058481478,  0.0000364243783296,
 -0.0000799963898979,  0.0000349843114708,
 -0.0000762438624786,  0.0000335240220764,
 -0.0000724544005530,  0.0000320459885435,
 -0.0000686340748565,  0.0000305526639650,
 -0.0000647888848051,  0.0000290464731725,
 -0.0000609247513440,  0.0000275298098784,
 -0.0000570475100433,  0.0000260050339213,
 -0.0000531629044459,  0.0000244744686148,
 -0.0000492765796700,  0.0000229403982010,
 -0.0000453940762786,  0.0000214050654144,
 -0.0000415208244026,  0.0000198706691492,
 -0.0000376621381411,  0.0000183393622402,
 -0.0000338232102293,  0.0000168132493520,
 -0.0000300091069782,  0.0000152943849805,
 -0.0000262247634914,  0.0000137847715647,
 -0.0000224749791567,  0.0000122863577120,
 -0.0000187644134169,  0.0000108010365348,
 -0.0000150975818184,  0.0000093306440997,
 -0.0000114788523378,  0.0000078769579893,
 -0.0000079124419925,  0.0000064416959769,
 -0.0000044024137188,  0.0000050265148100,
 -0.0000009526735382,  0.0000036330091075,
  0.0000024330320052,  0.0000022627103671,
  0.0000057511181323,  0.0000009170860807,
  0.0000089981638432, -0.0000004024610400,
  0.0000121709136616, -0.0000016945937312,
  0.0000152662791116, -0.0000029580407387,
  0.0000182813399306, -0.0000041915972746,
  0.0000212133450156, -0.0000053941253688,
  0.0000240597131221, -0.0000065645541230,
  0.0000268180332996, -0.0000077018798601,
  0.0000294860650814, -0.0000088051661784,
  0.0000320617384286, -0.0000098735439075,
  0.0000345431534339, -0.0000109062109716,
  0.0000369285797897, -0.0000119024321593,
  0.0000392164560258, -0.0000128615388044,
  0.0000414053885233, -0.0000137829283787,
  0.0000434941503046, -0.0000146660639979,
  0.0000454816796195, -0.0000155104738483,
  0.0000473670783149, -0.0000163157505296,
  0.0000491496100075, -0.0000170815503213,
  0.0000508286980617, -0.0000178075923735,
  0.0000524039233786, -0.0000184936578261,
  0.0000538750220047, -0.0000191395888565,
  0.0000552418825649, -0.0000197452876623,
  0.0000565045435296, -0.0000203107153781,
  0.0000576631903168, -0.0000208358909309,
  0.0000587181522485, -0.0000213208898389,
  0.0000596698993541, -0.0000217658429526,
  0.0000605190390373, -0.0000221709351440,
  0.0000612663126123, -0.0000225364039457,
  0.0000619125917143, -0.0000228625381438,
  0.0000624588745947, -0.0000231496763261,
  0.0000629062823061, -0.0000233982053896,
  0.0000632560547862, -0.0000236085590104,
  0.0000635095468477, -0.0000237812160784,
  0.0000636682240785, -0.0000239166990982,
  0.0000637336586683, -0.0000240155725641,
  0.0000637075251580, -0.0000240784413058,
  0.0000635915961267, -0.0000241059488118,
  0.0000633877378214, -0.0000240987755323,
  0.0000630979057369, -0.0000240576371639,
  0.0000627241401524, -0.0000239832829195,
  0.0000622685616333, -0.0000238764937862,
  0.0000617333665037, -0.0000237380807735,
  0.0000611208222978, -0.0000235688831536,
  0.0000604332631967, -0.0000233697667000,
  0.0000596730854570, -0.0000231416219217,
  0.0000588427428381, -0.0000228853623000,
  0.0000579447420344, -0.0000226019225280,
  0.0000569816381196, -0.0000222922567561,
  0.0000559560300086, -0.0000219573368457,
  0.0000548705559428, -0.0000215981506328,
  0.0000537278890058, -0.0000212157002055,
  0.0000525307326750, -0.0000208110001950,
  0.0000512818164132, -0.0000203850760845,
  0.0000499838913080, -0.0000199389625368,
  0.0000486397257631, -0.0000194737017433,
  0.0000472521012464, -0.0000189903417953,
  0.0000458238081001, -0.0000184899350805,
  0.0000443576414181, -0.0000179735367062,
  0.0000428563969942, -0.0000174422029502,
  0.0000413228673470, -0.0000168969897422,
  0.0000397598378233, -0.0000163389511757,
  0.0000381700827880, -0.0000157691380543,
  0.0000365563618983, -0.0000151885964699,
  0.0000349214164725, -0.0000145983664192,
  0.0000332679659522, -0.0000139994804546,
  0.0000315987044625, -0.0000133929623747,
  0.0000299162974737, -0.0000127798259529,
  0.0000282233785670, -0.0000121610737065,
  0.0000265225463057, -0.0000115376957069,
  0.0000248163612163, -0.0000109106684309,
  0.0000231073428818, -0.0000102809536556,
  0.0000213979671444, -0.0000096494973959,
  0.0000196906634273, -0.0000090172288856,
  0.0000179878121708, -0.0000083850596045,
  0.0000162917423871, -0.0000077538823486,
  0.0000146047293341, -0.0000071245703468,
  0.0000129289923097, -0.0000064979764228,
  0.0000112666925669, -0.0000058749322033,
  0.0000096199313507, -0.0000052562473718,
  0.0000079907480592, -0.0000046427089696,
  0.0000063811185223, -0.0000040350807414,
  0.0000047929534086, -0.0000034341025286,
  0.0000032280967517, -0.0000028404897089,
  0.0000016883246000, -0.0000022549326805,
  0.0000001753437877, -0.0000016780963939,
 -0.0000013092091720, -0.0000011106199275,
 -0.0000027637690738, -0.0000005531161103,
 -0.0000041868428866, -0.0000000061711878,
 -0.0000055770105028,  0.0000005296554672,
 -0.0000069329253660,  0.0000010538315983,
 -0.0000082533149889,  0.0000015658522690,
 -0.0000095369813508,  0.0000020652400207,
 -0.0000107828011845,  0.0000025515449896,
 -0.0000119897261517,  0.0000030243449821,
 -0.0000131567829082,  0.0000034832455095,
 -0.0000142830730622,  0.0000039278797829,
 -0.0000153677730271,  0.0000043579086687,
 -0.0000164101337710,  0.0000047730206061,
 -0.0000174094804640,  0.0000051729314867,
 -0.0000183652120300,  0.0000055573844992,
 -0.0000192768006000,  0.0000059261499365,
 -0.0000201437908722,  0.0000062790249701,
 -0.0000209657993826,  0.0000066158333901,
 -0.0000217425136861,  0.0000069364253132,
 -0.0000224736914543,  0.0000072406768593,
 -0.0000231591594890,  0.0000075284897975,
 -0.0000237988126582,  0.0000077997911640,
 -0.0000243926127538,  0.0000080545328504,
 -0.0000249405872789,  0.0000082926911673,
 -0.0000254428281623,  0.0000085142663801,
 -0.0000258994904075,  0.0000087192822217,
 -0.0000263107906774,  0.0000089077853814,
 -0.0000266770058186,  0.0000090798449720,
 -0.0000269984713282,  0.0000092355519754,
 -0.0000272755797669,  0.0000093750186690,
 -0.0000275087791211,  0.0000094983780341,
 -0.0000276985711173,  0.0000096057831458,
 -0.0000278455094921,  0.0000096974065474,
 -0.0000279501982225,  0.0000097734396110,
 -0.0000280132897171,  0.0000098340918829,
 -0.0000280354829735,  0.0000098795904174,
 -0.0000280175217048,  0.0000099101790992,
 -0.0000279601924379,  0.0000099261179559,
 -0.0000278643225876,  0.0000099276824614,
 -0.0000277307785080,  0.0000099151628317,
 -0.0000275604635282,  0.0000098888633146,
 -0.0000273543159697,  0.0000098491014729,
 -0.0000271133071544,  0.0000097962074649,
 -0.0000268384394017,  0.0000097305233198,
 -0.0000265307440210,  0.0000096524022129,
 -0.0000261912793003,  0.0000095622077387,
 -0.0000258211284950,  0.0000094603131840,
 -0.0000254213978196,  0.0000093471008027,
 -0.0000249932144446,  0.0000092229610920,
 -0.0000245377245015,  0.0000090882920725,
 -0.0000240560910999,  0.0000089434985710,
 -0.0000235494923562,  0.0000087889915095,
 -0.0000230191194402,  0.0000086251871997,
 -0.0000224661746393,  0.0000084525066436,
 -0.0000218918694435,  0.0000082713748424,
 -0.0000212974226548,  0.0000080822201136,
 -0.0000206840585199,  0.0000078854734174,
 -0.0000200530048934,  0.0000076815676925,
 -0.0000194054914278,  0.0000074709372035,
 -0.0000187427477982,  0.0000072540168989,
 -0.0000180660019575,  0.0000070312417818,
 -0.0000173764784300,  0.0000068030462928,
 -0.0000166753966398,  0.0000065698637066,
 -0.0000159639692803,  0.0000063321255427,
 -0.0000152434007226,  0.0000060902609899,
 -0.0000145148854656,  0.0000058446963464,
 -0.0000137796066316,  0.0000055958544752,
 -0.0000130387345034,  0.0000053441542754,
 -0.0000122934251113,  0.0000050900101699,
 -0.0000115448188621,  0.0000048338316099,
 -0.0000107940392217,  0.0000045760225967,
 -0.0000100421914412,  0.0000043169812199,
 -0.0000092903613384,  0.0000040570992153,
 -0.0000085396141258,  0.0000037967615390,
 -0.0000077909932905,  0.0000035363459605,
 -0.0000070455195295,  0.0000032762226744,
 -0.0000063041897324,  0.0000030167539300,
 -0.0000055679760226,  0.0000027582936811,
 -0.0000048378248457,  0.0000025011872527,
 -0.0000041146561183,  0.0000022457710285,
 -0.0000033993624236,  0.0000019923721563,
 -0.0000026928082677,  0.0000017413082733,
 -0.0000019958293835,  0.0000014928872488,
 -0.0000013092320939,  0.0000012474069488,
 -0.0000006337927261,  0.0000010051550168,
  0.0000000297429225,  0.0000007664086744,
  0.0000006806600586,  0.0000005314345422,
  0.0000013182753226,  0.0000003004884764,
  0.0000019419371578,  0.0000000738154271,
  0.0000025510261338, -0.0000001483506876,
  0.0000031449552132, -0.0000003657870873,
  0.0000037231699720, -0.0000005782822192,
  0.0000042851487649, -0.0000007856358281,
  0.0000048304028442, -0.0000009876590102,
  0.0000053584764307, -0.0000011841742507,
  0.0000058689467314, -0.0000013750154413,
  0.0000063614239170, -0.0000015600278855,
  0.0000068355510465, -0.0000017390682835,
  0.0000072910039526, -0.0000019120047046,
  0.0000077274910772, -0.0000020787165415,
  0.0000081447532693, -0.0000022390944518,
  0.0000085425635356, -0.0000023930402827,
  0.0000089207267538, -0.0000025404669825,
  0.0000092790793461, -0.0000026812984985,
  0.0000096174889108, -0.0000028154696599,
  0.0000099358538215, -0.0000029429260498,
  0.0000102341027857, -0.0000030636238625,
  0.0000105121943730, -0.0000031775297504,
  0.0000107701165054, -0.0000032846206575,
  0.0000110078859207, -0.0000033848836439,
  0.0000112255476006, -0.0000034783156972,
  0.0000114231741720, -0.0000035649235352,
  0.0000116008652817, -0.0000036447233989,
  0.0000117587469403, -0.0000037177408348,
  0.0000118969708468, -0.0000037840104706,
  0.0000120157136841, -0.0000038435757803,
  0.0000121151763974, -0.0000038964888436,
  0.0000121955834475, -0.0000039428100964,
  0.0000122571820486, -0.0000039826080759,
  0.0000123002413857, -0.0000040159591582,
  0.0000123250518166, -0.0000040429472911,
  0.0000123319240603, -0.0000040636637212,
  0.0000123211883689, -0.0000040782067159,
  0.0000122931936912, -0.0000040866812822,
  0.0000122483068219, -0.0000040891988800,
  0.0000121869115452, -0.0000040858771341,
  0.0000121094077677, -0.0000040768395411,
  0.0000120162106468, -0.0000040622151764,
  0.0000119077497126, -0.0000040421383970,
  0.0000117844679870, -0.0000040167485445,
  0.0000116468211006, -0.0000039861896460,
  0.0000114952764070, -0.0000039506101154,
  0.0000113303120990, -0.0000039101624536,
  0.0000111524163252, -0.0000038650029498,
  0.0000109620863094, -0.0000038152913832,
  0.0000107598274739, -0.0000037611907255,
  0.0000105461525678, -0.0000037028668459,
  0.0000103215808016, -0.0000036404882166,
  0.0000100866369886, -0.0000035742256222,
  0.0000098418506949, -0.0000035042518702,
  0.0000095877553993, -0.0000034307415057,
  0.0000093248876623, -0.0000033538705285,
  0.0000090537863077, -0.0000032738161153,
  0.0000087749916160, -0.0000031907563438,
  0.0000084890445310, -0.0000031048699232,
  0.0000081964858804, -0.0000030163359280,
  0.0000078978556121, -0.0000029253335373,
  0.0000075936920446, -0.0000028320417787,
  0.0000072845311360, -0.0000027366392783,
  0.0000069709057688, -0.0000026393040160,
  0.0000066533450521, -0.0000025402130867,
  0.0000063323736448, -0.0000024395424673,
  0.0000060085110950, -0.0000023374667910,
  0.0000056822712012, -0.0000022341591268,
  0.0000053541613929, -0.0000021297907667,
  0.0000050246821324, -0.0000020245310196,
  0.0000046943263370, -0.0000019185470112,
  0.0000043635788238, -0.0000018120034930,
  0.0000040329157766, -0.0000017050626562,
  0.0000037028042334, -0.0000015978839552,
  0.0000033737015989, -0.0000014906239370,
  0.0000030460551783, -0.0000013834360788,
  0.0000027203017353, -0.0000012764706335,
  0.0000023968670719, -0.0000011698744825,
  0.0000020761656339, -0.0000010637909962,
  0.0000017586001377, -0.0000009583599026,
  0.0000014445612225, -0.0000008537171638,
  0.0000011344271257, -0.0000007499948599,
  0.0000008285633809, -0.0000006473210811,
  0.0000005273225420, -0.0000005458198277,
  0.0000002310439280, -0.0000004456109175,
 -0.0000000599466052, -0.0000003468099017,
 -0.0000003453368734, -0.0000002495279877,
 -0.0000006248285459, -0.0000001538719705,
 -0.0000008981373067, -0.0000000599441707,
 -0.0000011649929912,  0.0000000321576186,
 -0.0000014251397010,  0.0000001223401784,
 -0.0000016783358970,  0.0000002105149032,
 -0.0000019243544680,  0.0000002965978316,
 -0.0000021629827809,  0.0000003805096716,
 -0.0000023940227059,  0.0000004621758169,
 -0.0000026172906239,  0.0000005415263583,
 -0.0000028326174107,  0.0000006184960860,
 -0.0000030398484028,  0.0000006930244871,
 -0.0000032388433415,  0.0000007650557352,
 -0.0000034294762993,  0.0000008345386742,
 -0.0000036116355872,  0.0000009014267961,
 -0.0000037852236419,  0.0000009656782115,
 -0.0000039501568976,  0.0000010272556158,
 -0.0000041063656382,  0.0000010861262479,
 -0.0000042537938343,  0.0000011422618449,
 -0.0000043923989624,  0.0000011956385898,
 -0.0000045221518102,  0.0000012462370557,
 -0.0000046430362648,  0.0000012940421431,
 -0.0000047550490874,  0.0000013390430137,
 -0.0000048581996749,  0.0000013812330191,
 -0.0000049525098053,  0.0000014206096246,
 -0.0000050380133740,  0.0000014571743297,
 -0.0000051147561146,  0.0000014909325832,
 -0.0000051827953110,  0.0000015218936957,
 -0.0000052421994959,  0.0000015500707475,
 -0.0000052930481419,  0.0000015754804937,
 -0.0000053354313403,  0.0000015981432654,
 -0.0000053694494732,  0.0000016180828685,
 -0.0000053952128752,  0.0000016353264790,
 -0.0000054128414890,  0.0000016499045363,
 -0.0000054224645133,  0.0000016618506333,
 -0.0000054242200441,  0.0000016712014051,
 -0.0000054182547102,  0.0000016779964152,
 -0.0000054047233039,  0.0000016822780396,
 -0.0000053837884070,  0.0000016840913499,
 -0.0000053556200121,  0.0000016834839946,
 -0.0000053203951422,  0.0000016805060793,
 -0.0000052782974656,  0.0000016752100456,
 -0.0000052295169104,  0.0000016676505494,
 -0.0000051742492760,  0.0000016578843386,
 -0.0000051126958449,  0.0000016459701303,
 -0.0000050450629932,  0.0000016319684872,
 -0.0000049715618016,  0.0000016159416949,
 -0.0000048924076671,  0.0000015979536382,
 -0.0000048078199160,  0.0000015780696784,
 -0.0000047180214184,  0.0000015563565308,
 -0.0000046232382052,  0.0000015328821423,
 -0.0000045236990882,  0.0000015077155707,
 -0.0000044196352824,  0.0000014809268643,
 -0.0000043112800335,  0.0000014525869419,
 -0.0000041988682483,  0.0000014227674758,
 -0.0000040826361306,  0.0000013915407740,
 -0.0000039628208216,  0.0000013589796657,
 -0.0000038396600466,  0.0000013251573870,
 -0.0000037133917659,  0.0000012901474695,
 -0.0000035842538345,  0.0000012540236296,
 -0.0000034524836658,  0.0000012168596612,
 -0.0000033183179042,  0.0000011787293289,
 -0.0000031819921039,  0.0000011397062644,
 -0.0000030437404159,  0.0000010998638654,
 -0.0000029037952830,  0.0000010592751959,
 -0.0000027623871419,  0.0000010180128898,
 -0.0000026197441357,  0.0000009761490572,
 -0.0000024760918332,  0.0000009337551921,
 -0.0000023316529585,  0.0000008909020847,
 -0.0000021866471290,  0.0000008476597350,
 -0.0000020412906031,  0.0000008040972697,
 -0.0000018957960374,  0.0000007602828625,
 -0.0000017503722534,  0.0000007162836567,
 -0.0000016052240146,  0.0000006721656913,
 -0.0000014605518127,  0.0000006279938298,
 -0.0000013165516651,  0.0000005838316926,
 -0.0000011734149211,  0.0000005397415917,
 -0.0000010313280797,  0.0000004957844699,
 -0.0000008904726172,  0.0000004520198416,
 -0.0000007510248249,  0.0000004085057382,
 -0.0000006131556580,  0.0000003652986558,
 -0.0000004770305937,  0.0000003224535065,
 -0.0000003428095013,  0.0000002800235732,
 -0.0000002106465214,  0.0000002380604668,
 -0.0000000806899565,  0.0000001966140878,
  0.0000000469178295,  0.0000001557325897,
  0.0000001720404991,  0.0000001154623472,
  0.0000002945478216,  0.0000000758479260,
  0.0000004143157409,  0.0000000369320572,
  0.0000005312264346, -0.0000000012443865,
  0.0000006451683635, -0.0000000386424103,
  0.0000007560363093, -0.0000000752249147,
  0.0000008637314051, -0.0000001109567093,
  0.0000009681611545, -0.0000001458045235,
  0.0000010692394421, -0.0000001797370152,
  0.0000011668865347, -0.0000002127247752,
  0.0000012610290732, -0.0000002447403301,
  0.0000013516000558, -0.0000002757581412,
  0.0000014385388126, -0.0000003057546019,
  0.0000015217909714, -0.0000003347080316,
