Var1,P1
0,0.00394383343289444
0.0750591381942736,0.00629706338504914
0.150118276388547,0.00268735259012963
0.225177414582821,0.000337912337983438
0.300236552777094,0.00111386659149702
0.375295690971368,0.000429063889312415
0.450354829165642,0.000143916055385727
0.525413967359915,0.000153691745518294
0.600473105554189,3.63115599434684e-05
0.675532243748462,3.58820278608168e-06
0.750591381942736,1.09691210965275e-05
0.82565052013701,2.23688146272499e-06
0.900709658331283,4.96332484107973e-06
0.975768796525557,1.34609362782223e-05
1.05082793471983,1.15990965530931e-05
1.1258870729141,3.23456049549298e-06
1.20094621110838,5.03661388654708e-05
1.27600534930265,0.000125612894512605
1.35106448749692,0.000137087142162831
1.4261236256912,9.75598019372518e-05
1.50118276388547,1.77490665110132e-05
1.57624190207975,2.74441200191058e-05
1.65130104027402,1.99592598424934e-05
1.72636017846829,1.44692875796309e-05
1.80141931666257,3.88441786696143e-05
1.87647845485684,2.58313203123262e-05
1.95153759305111,3.9169976019408e-05
2.02659673124539,2.73918334410467e-05
2.10165586943966,9.89610826736415e-06
2.17671500763393,4.04490831731762e-06
2.25177414582821,1.09791635129875e-06
2.32683328402248,2.67520334629848e-06
2.40189242221676,1.10297211879078e-06
2.47695156041103,2.40560315586289e-07
2.5520106986053,2.28845866520356e-06
2.62706983679958,1.19642667884964e-06
2.70212897499385,5.67906724665905e-07
2.77718811318812,1.87551368800664e-06
2.8522472513824,1.41539104191355e-06
2.92730638957667,7.39486608588789e-07
3.00236552777094,4.62141289618972e-06
3.07742466596522,6.46076655212544e-06
3.15248380415949,6.17212180670173e-05
3.22754294235377,8.75490574617477e-06
3.30260208054804,2.08933026431401e-06
3.37766121874231,5.77030515599585e-06
3.45272035693659,3.46929852116251e-06
3.52777949513086,1.41125451629e-06
3.60283863332513,1.96121622405118e-06
3.67789777151941,9.8654926325911e-07
3.75295690971368,2.10979694549564e-06
3.82801604790795,4.85430961083e-06
3.90307518610223,6.53741407821092e-06
3.9781343242965,4.40227959319935e-06
4.05319346249077,2.37163702606224e-06
4.12825260068505,8.30996620212147e-07
4.20331173887932,7.67613615848701e-07
4.2783708770736,7.08038084166714e-07
4.35343001526787,6.6563779457879e-07
4.42848915346214,6.60180913219007e-07
4.50354829165642,4.36539507306327e-07
4.57860742985069,7.38681599640579e-07
4.65366656804496,1.12503504208087e-06
4.72872570623924,6.10988726209306e-07
4.80378484443351,6.86159674290284e-07
4.87884398262779,2.0871071808598e-06
4.95390312082206,2.44463919515455e-06
5.02896225901633,1.59942670623855e-06
5.10402139721061,7.52678136421119e-06
5.17908053540488,2.14469185679733e-06
5.25413967359915,1.36973696065973e-06
5.32919881179343,1.80126315952421e-06
5.4042579499877,2.22502834457694e-07
5.47931708818197,2.21994926795144e-07
5.55437622637625,3.77141718325492e-07
5.62943536457052,2.38208863083405e-07
5.70449450276479,1.40033329435948e-07
5.77955364095907,2.86565898876926e-07
5.85461277915334,4.51380713641052e-07
5.92967191734761,3.39169131143729e-07
6.00473105554189,2.04658204857273e-07
6.07979019373616,2.33581035252478e-07
6.15484933193044,3.06119191205624e-07
6.22990847012471,4.90277159056967e-07
6.30496760831898,7.93639422336607e-07
6.38002674651326,5.89698386657439e-07
6.45508588470753,3.35368749592518e-07
6.5301450229018,6.20918268991411e-07
6.60520416109608,9.76346046141869e-07
6.68026329929035,3.73933012563094e-07
6.75532243748463,7.44580492720435e-08
6.8303815756789,5.84347788968042e-07
6.90544071387317,3.25357724185231e-07
6.98049985206745,1.63575655095446e-07
7.05555899026172,6.72378262133257e-07
7.13061812845599,4.315431748554e-07
7.20567726665027,3.50517732830112e-07
7.28073640484454,1.47148772827092e-06
7.35579554303881,1.27315231987777e-06
7.43085468123309,2.34208837366053e-06
7.50591381942736,1.27468822841236e-06
7.58097295762163,5.73964400004336e-07
7.65603209581591,4.19733841141398e-07
7.73109123401018,5.24876924068398e-07
7.80615037220446,8.79659579585878e-08
7.88120951039873,3.60984062872802e-07
7.956268648593,3.94770860605645e-07
8.03132778678728,1.12121975053237e-07
8.10638692498155,3.26973588453721e-07
8.18144606317582,3.11772878872451e-07
8.2565052013701,5.7105709539636e-08
8.33156433956437,2.87087316759242e-07
8.40662347775864,3.12653337293705e-07
8.48168261595292,1.46817702062515e-07
8.55674175414719,3.23247952692533e-07
8.63180089234146,3.28143035051977e-07
8.70686003053574,3.84807665938959e-08
8.78191916873001,2.76761707756826e-07
8.85697830692429,3.42954711606807e-07
8.93203744511856,7.62393801245677e-08
9.00709658331283,5.61883036030179e-07
9.08215572150711,8.43164463680683e-07
9.15721485970138,7.2234328423039e-07
9.23227399789565,4.03984665852194e-07
9.30733313608993,1.104534965354e-07
9.3823922742842,4.73412310207276e-08
9.45745141247848,3.43676131169414e-08
9.53251055067275,1.82975173516653e-08
9.60756968886702,1.67763943248623e-07
9.6826288270613,4.49456327786111e-07
9.75768796525557,6.44983102142846e-07
9.83274710344984,6.22709978361763e-07
9.90780624164412,3.07192945082691e-07
9.98286537983839,8.80462462947334e-08
10.0579245180327,9.76939954652876e-08
10.1329836562269,4.23604042346819e-08
10.2080427944212,9.979146092284e-08
10.2831019326155,9.09465305019313e-08
10.3581610708098,4.10089287252865e-08
10.433220209004,3.38115650917546e-07
10.5082793471983,2.11608283857468e-07
10.5833384853926,7.58341962884512e-08
10.6583976235869,5.60023074835185e-08
10.7334567617811,7.38713126661066e-08
10.8085158999754,2.58037046204765e-08
10.8835750381697,6.0806608396205e-08
10.9586341763639,6.09448271253911e-08
11.0336933145582,3.94200839130207e-08
11.1087524527525,9.3867237617404e-08
11.1838115909468,9.18707631876955e-08
11.258870729141,1.48214936942284e-07
11.3339298673353,7.93776071981439e-08
11.4089890055296,1.17703061533946e-07
11.4840481437239,9.78137939226602e-08
11.5591072819181,1.42297390417121e-07
11.6341664201124,8.32846299061423e-07
11.7092255583067,1.80565332559011e-06
11.784284696501,3.12309818385847e-06
11.8593438346952,3.14132620680884e-06
11.9344029728895,1.10661107699335e-06
12.0094621110838,4.25894138127017e-07
12.0845212492781,1.48606850339655e-07
12.1595803874723,1.17277826853526e-07
12.2346395256666,1.78863370254058e-07
12.3096986638609,3.40446436558856e-08
12.3847578020551,9.05413907313145e-08
12.4598169402494,1.023496163913e-07
12.5348760784437,5.02388828723654e-09
12.609935216638,7.90837073697549e-08
12.6849943548322,7.18984604079629e-08
12.7600534930265,3.23574750727349e-08
12.8351126312208,7.33772978782946e-08
12.9101717694151,5.50329678219863e-08
12.9852309076093,5.67673323821353e-08
13.0602900458036,9.47234789947735e-08
13.1353491839979,4.76717958374582e-08
13.2104083221922,6.32301129780911e-08
13.2854674603864,1.22707867667341e-07
13.3605265985807,8.55395901564107e-08
13.435585736775,7.10863429415198e-08
13.5106448749693,2.1240741500299e-07
13.5857040131635,7.01279108392639e-08
13.6607631513578,6.96496265314298e-08
13.7358222895521,4.81624872232913e-08
13.8108814277463,4.06908165684784e-08
13.8859405659406,4.19306256083213e-08
13.9609997041349,4.41771791785818e-08
14.0360588423292,3.70660670780816e-08
14.1111179805234,6.09633430527251e-08
14.1861771187177,5.2142838377703e-08
14.261236256912,4.61411575709826e-08
14.3362953951063,8.25592179071444e-08
14.4113545333005,6.8935835800334e-08
14.4864136714948,6.99551592324933e-08
14.5614728096891,5.0760761263227e-08
14.6365319478834,5.3920958600886e-08
14.7115910860776,5.62088518298798e-08
14.7866502242719,4.7013552729992e-08
14.8617093624662,7.14682147964887e-08
14.9367685006604,1.05375826520725e-07
15.0118276388547,1.58632030986269e-07
15.086886777049,2.45533454835531e-07
15.1619459152433,2.65026432663106e-07
15.2370050534375,1.8317556491452e-07
15.3120641916318,2.12213287395143e-07
15.3871233298261,2.86602420868804e-07
15.4621824680204,5.4356133791012e-08
15.5372416062146,3.73677363132225e-07
15.6123007444089,6.31439991165249e-07
15.6873598826032,5.61285249063593e-07
15.7624190207975,3.86320336851872e-07
15.8374781589917,1.73592051071949e-07
15.912537297186,1.37413985827999e-07
15.9875964353803,8.65099639009117e-08
16.0626555735746,3.8581149420928e-08
16.1377147117688,3.27531816485417e-08
16.2127738499631,4.13158841733427e-08
16.2878329881574,3.34850898832223e-08
16.3628921263516,4.52645692360301e-08
16.4379512645459,3.92723014148216e-08
16.5130104027402,3.6949016106184e-08
16.5880695409345,2.06179874236375e-08
16.6631286791287,3.13850696542747e-08
16.738187817323,3.7704740284706e-08
16.8132469555173,1.38868395447548e-07
16.8883060937116,5.14150617779565e-07
16.9633652319058,4.3563111339681e-07
17.0384243701001,2.93766349188302e-07
17.1134835082944,4.016734733575e-08
17.1885426464887,2.66014611802628e-08
17.2636017846829,3.24777250364813e-08
17.3386609228772,2.14768043073139e-08
17.4137200610715,3.36028162126944e-08
17.4887791992658,3.33110156670745e-08
17.56383833746,2.59266245297405e-08
17.6388974756543,3.08956921238606e-08
17.7139566138486,3.22606976014547e-08
17.7890157520428,2.36187806828644e-08
17.8640748902371,3.51437277012707e-08
17.9391340284314,4.60949409700897e-08
18.0141931666257,3.27779176478851e-08
18.0892523048199,1.58536128605424e-08
18.1643114430142,5.70871048559048e-08
18.2393705812085,7.76975208839927e-08
18.3144297194028,6.51602911215304e-08
18.389488857597,6.67266965903996e-08
18.4645479957913,1.05399719256018e-07
18.5396071339856,1.52777567933787e-07
18.6146662721799,6.65505357105129e-08
18.6897254103741,5.95769920034315e-08
18.7647845485684,7.98689585798201e-08
18.8398436867627,3.4110372244732e-08
18.914902824957,2.46666531555551e-08
18.9899619631512,4.02672620583524e-08
19.0650211013455,9.6931233637441e-09
19.1400802395398,3.63085619480535e-08
19.215139377734,4.84989780111756e-08
19.2901985159283,9.67910190484102e-09
19.3652576541226,3.23791212328464e-08
19.4403167923169,5.45853040784668e-08
19.5153759305111,6.40882983622006e-08
19.5904350687054,7.87279007181203e-08
19.6654942068997,6.10582887069086e-08
19.740553345094,4.72205342297065e-08
19.8156124832882,3.38359502781164e-08
19.8906716214825,2.49568272637478e-08
19.9657307596768,2.5611519057032e-08
20.0407898978711,3.34186553133539e-08
20.1158490360653,2.98621771046883e-08
20.1909081742596,3.11919603152269e-08
20.2659673124539,3.22597947603398e-08
20.3410264506482,1.97322817526002e-08
20.4160855888424,1.08115092627598e-08
20.4911447270367,4.0213680195403e-08
20.566203865231,3.01299615024677e-08
20.6412630034252,3.60819857354712e-08
20.7163221416195,2.8050627141968e-08
20.7913812798138,3.6751537732815e-08
20.8664404180081,1.53988909838941e-08
20.9414995562023,2.96250609515481e-08
21.0165586943966,3.45135749179772e-08
21.0916178325909,2.27236269043232e-08
21.1666769707852,2.37470768363369e-08
21.2417361089794,2.89902542462154e-08
21.3167952471737,2.35823803593605e-08
21.391854385368,2.86648149531148e-08
21.4669135235623,3.47599295618112e-08
21.5419726617565,2.72068720725419e-08
21.6170317999508,1.85813790972367e-08
21.6920909381451,1.40084577434002e-08
21.7671500763393,2.38082952601324e-08
21.8422092145336,3.13377585953326e-08
21.9172683527279,2.44006995361925e-08
21.9923274909222,2.42202546515597e-09
22.0673866291164,6.1237861654699e-08
22.1424457673107,1.25610926145522e-07
22.217504905505,1.21276508667998e-07
22.2925640436993,8.06092499897364e-08
22.3676231818935,3.01190577120235e-08
22.4426823200878,3.18959075521515e-08
22.5177414582821,3.2941414719494e-08
22.5928005964764,2.04280545006181e-08
22.6678597346706,2.63476324528811e-08
22.7429188728649,2.37091313129055e-08
22.8179780110592,1.63966343591624e-08
22.8930371492534,2.52964560755355e-08
22.9680962874477,2.30670268354967e-08
23.043155425642,2.19768618811319e-08
23.1182145638363,2.09456927357056e-08
23.1932737020305,2.05975625143244e-08
23.2683328402248,1.57583887519505e-08
23.3433919784191,1.09957241549364e-08
23.4184511166134,3.11947103102327e-09
23.4935102548076,2.63543102527488e-08
23.5685693930019,3.86997102282043e-08
23.6436285311962,2.57047688237937e-08
23.7186876693905,2.48088315383396e-08
23.7937468075847,3.04641635801929e-08
23.868805945779,2.13050444667199e-08
23.9438650839733,2.35199056391886e-08
24.0189242221676,3.1278019193273e-08
24.0939833603618,2.55748072730489e-08
24.1690424985561,2.80023490663041e-08
24.2441016367504,3.42971623379205e-08
24.3191607749446,2.14056446928782e-08
24.3942199131389,2.57641615317132e-08
24.4692790513332,3.27599110252753e-08
24.5443381895275,2.1117004993059e-08
24.6193973277217,4.59941587111243e-08
24.694456465916,5.89122026352153e-08
24.7695156041103,6.73769419278665e-08
24.8445747423046,1.32434016396234e-08
24.9196338804988,3.1727262727522e-08
24.9946930186931,3.13501449524841e-08
25.0697521568874,1.51451912631662e-08
25.1448112950817,2.05470663884393e-08
25.2198704332759,2.00688520575969e-08
25.2949295714702,1.54066130923857e-08
25.3699887096645,2.42584813691276e-08
25.4450478478588,1.87580856980019e-08
25.520106986053,1.81352541792236e-08
25.5951661242473,2.00230013857276e-08
25.6702252624416,1.9826987269504e-08
25.7452844006359,1.2878218049204e-08
25.8203435388301,1.60443760614814e-08
25.8954026770244,8.135268039576e-09
25.9704618152187,4.11198231447394e-08
26.0455209534129,1.21327873630386e-07
26.1205800916072,1.14333575810685e-07
26.1956392298015,1.23614504630699e-07
26.2706983679958,3.42990159719775e-08
26.34575750619,3.29708507826015e-09
26.4208166443843,3.632930236028e-09
26.4958757825786,3.32625100239057e-08
26.5709349207729,2.75834461292015e-08
26.6459940589671,4.99459178773969e-08
26.7210531971614,5.05906583523239e-08
26.7961123353557,3.31928890687554e-08
26.87117147355,1.55979927320474e-08
26.9462306117442,1.46765259602386e-08
27.0212897499385,1.83129248062487e-08
27.0963488881328,1.79196790398852e-08
27.1714080263271,2.28922300539511e-08
27.2464671645213,1.99830942162635e-08
27.3215263027156,5.24607013478546e-08
27.3965854409099,9.62745864381656e-08
27.4716445791041,1.52358804178481e-08
27.5467037172984,1.63262597224458e-08
27.6217628554927,1.49242277210718e-08
27.696821993687,1.53009452807059e-08
27.7718811318812,1.8829519508566e-08
27.8469402700755,1.57915543016833e-08
27.9219994082698,1.67229117258515e-08
27.9970585464641,1.88742352581843e-08
28.0721176846583,1.94740106888354e-08
28.1471768228526,1.52505288823121e-08
28.2222359610469,1.75391486585e-08
28.2972950992412,1.60403948006753e-08
28.3723542374354,1.56079216906893e-08
28.4474133756297,1.74771041251003e-08
28.522472513824,1.54737496929858e-08
28.5975316520182,1.64254386390231e-08
28.6725907902125,1.8239632933562e-08
28.7476499284068,1.25578332686742e-08
28.8227090666011,1.47549550585796e-08
28.8977682047953,1.64507182072137e-08
28.9728273429896,1.38713015457157e-08
29.0478864811839,1.52623534348924e-08
29.1229456193782,1.72574905830732e-08
29.1980047575724,1.30105781536404e-08
29.2730638957667,1.36913883113744e-08
29.348123033961,1.54957904916916e-08
29.4231821721553,1.26415609234289e-08
29.4982413103495,1.53585283211013e-08
29.5733004485438,1.64006318716604e-08
29.6483595867381,1.16119566240044e-08
29.7234187249323,1.56535474479745e-08
29.7984778631266,1.46543861527705e-08
29.8735370013209,1.22933695331457e-08
29.9485961395152,1.93806101831203e-08
30.0236552777094,1.25681642087046e-08
30.0987144159037,1.99900849504908e-08
30.173773554098,1.84613364125116e-08
30.2488326922923,1.56505666461457e-08
30.3238918304865,1.34779905073536e-08
30.3989509686808,1.52538790471254e-08
30.4740101068751,1.66168327904299e-08
30.5490692450694,1.40942607152496e-08
30.6241283832636,1.34627151775559e-08
30.6991875214579,1.00150592061052e-08
30.7742466596522,9.67432691031724e-09
30.8493057978465,1.4041809603381e-08
30.9243649360407,1.0568496879356e-08
30.999424074235,1.12601739202765e-08
31.0744832124293,1.6557564006697e-08
31.1495423506235,1.81883432107979e-08
31.2246014888178,1.48804066854923e-08
31.2996606270121,2.53253152100174e-08
31.3747197652064,2.23811091501478e-08
31.4497789034006,1.58395179874282e-08
31.5248380415949,1.26305672435546e-08
31.5998971797892,1.43373015159995e-08
31.6749563179835,1.47183802227456e-08
31.7500154561777,1.46505769637983e-08
31.825074594372,1.42065478099466e-08
31.9001337325663,1.32632759931783e-08
31.9751928707606,1.24604024238822e-08
32.0502520089548,1.50519571785455e-08
32.1253111471491,1.38376201924293e-08
32.2003702853434,1.39762015134649e-08
32.2754294235377,1.43979559686242e-08
32.3504885617319,1.23726060738498e-08
32.4255476999262,1.43370560739361e-08
32.5006068381205,1.43454492574682e-08
32.5756659763148,6.97233185020374e-09
32.650725114509,2.01933928705223e-08
32.7257842527033,1.51302091951588e-08
32.8008433908976,1.7049019757064e-08
32.8759025290918,1.62190941233894e-08
32.9509616672861,1.44362746774285e-08
33.0260208054804,1.14935365576494e-08
33.1010799436747,1.74244579276055e-08
33.1761390818689,1.43120943665339e-08
33.2511982200632,9.8916653859413e-09
33.3262573582575,1.74729746558991e-08
33.4013164964518,1.45723687565061e-08
33.476375634646,1.55264314332011e-08
33.5514347728403,1.62702864110914e-08
33.6264939110346,1.34983168440415e-08
33.7015530492288,1.55510869082419e-08
33.7766121874231,1.42217835851684e-08
33.8516713256174,1.28922041808105e-08
33.9267304638117,1.7413999382722e-08
34.001789602006,1.47135094363919e-08
34.0768487402002,1.41765120023804e-08
34.1519078783945,1.53733109785254e-08
34.2269670165888,1.46323527330843e-08
34.302026154783,1.37742857366161e-08
34.3770852929773,1.53834510956627e-08
34.4521444311716,1.51743075278825e-08
34.5272035693659,1.43643731221383e-08
34.6022627075601,1.65259560737712e-08
34.6773218457544,1.57239661531304e-08
34.7523809839487,1.25111908768298e-08
34.827440122143,1.5450313763435e-08
34.9024992603372,1.6927893533276e-08
34.9775583985315,1.31970612393833e-08
35.0526175367258,1.78001300422608e-08
35.1276766749201,1.67668831553109e-08
35.2027358131143,1.17658957693127e-08
35.2777949513086,8.48741529179572e-09
35.3528540895029,1.35187852059611e-08
35.4279132276971,1.4104665061361e-08
35.5029723658914,1.59055799796784e-08
35.5780315040857,1.45062746527176e-08
35.65309064228,1.46238759887709e-08
35.7281497804742,2.00617650442035e-08
35.8032089186685,2.19677203576798e-08
35.8782680568628,2.21731061186576e-08
35.9533271950571,2.21534224819379e-08
36.0283863332513,8.55737333115046e-09
36.1034454714456,1.44198310718038e-08
36.1785046096399,1.79253569329138e-08
36.2535637478342,9.50066514585664e-09
36.3286228860284,1.32837730134975e-08
36.4036820242227,1.56066245089362e-08
36.478741162417,7.69496796625704e-09
36.5538003006113,1.00210537573436e-08
36.6288594388055,1.28573984133428e-08
36.7039185769998,1.70617355727314e-08
36.7789777151941,1.29019374191954e-08
36.8540368533883,1.46557057506225e-08
36.9290959915826,1.50327721043095e-08
37.0041551297769,1.68386622615382e-08
37.0792142679712,1.89221952775831e-08
37.1542734061654,1.51007084655125e-08
37.2293325443597,1.25964162364316e-08
37.304391682554,7.43803110415355e-09
37.3794508207483,9.83749620257449e-09
37.4545099589425,1.26833260945041e-08
37.5295690971368,1.12756382055668e-08
37.6046282353311,9.23710159836413e-09
37.6796873735253,1.23961081685113e-08
37.7547465117196,1.05979568048553e-08
37.8298056499139,4.80844018956363e-09
37.9048647881082,1.13954869895091e-08
37.9799239263024,1.65108221810877e-08
38.0549830644967,1.31275909531828e-08
38.130042202691,1.25892665520322e-08
38.2051013408853,1.34536952599323e-08
38.2801604790795,1.09207445781074e-08
38.3552196172738,1.20399232085972e-08
38.4302787554681,1.28352562894812e-08
38.5053378936624,8.48904582754545e-09
38.5803970318566,1.02110880955833e-08
38.6554561700509,1.15358275427289e-08
38.7305153082452,1.18826990587115e-08
38.8055744464395,1.24703394137285e-08
38.8806335846337,1.15166227573393e-08
38.955692722828,1.24219445782389e-08
39.0307518610223,1.23224601985393e-08
39.1058109992166,1.15787783766581e-08
39.1808701374108,1.1968510168803e-08
39.2559292756051,1.22723298502076e-08
39.3309884137994,1.1472246546604e-08
39.4060475519936,1.16439653018504e-08
39.4811066901879,1.22415494055645e-08
39.5561658283822,1.14653128186836e-08
39.6312249665765,1.13207584620869e-08
39.7062841047707,1.1666326966784e-08
39.781343242965,1.12056942450507e-08
39.8564023811593,1.15541903968754e-08
39.9314615193536,1.18535338583105e-08
40.0065206575478,1.18847945689122e-08
40.0815797957421,1.07091246773472e-08
40.1566389339364,1.09419132648817e-08
40.2316980721307,1.17117491570367e-08
40.3067572103249,9.14954625555834e-09
40.3818163485192,1.03073011945325e-08
40.4568754867135,1.54822980254625e-08
40.5319346249077,1.51833164416291e-08
40.606993763102,1.41585428496925e-08
40.6820529012963,1.01389520226431e-08
40.7571120394906,7.91340744113937e-09
40.8321711776848,8.69567711660733e-09
40.9072303158791,4.95771144518472e-09
40.9822894540734,3.81042123284316e-09
41.0573485922677,7.2035495114677e-09
41.1324077304619,1.57393635353341e-08
41.2074668686562,2.22809068724928e-08
41.2825260068505,2.03195251131202e-08
41.3575851450448,8.84504591584794e-09
41.432644283239,1.89201022541465e-08
41.5077034214333,1.88184623822047e-08
41.5827625596276,1.10854287427071e-08
41.6578216978219,2.52276759066023e-08
41.7328808360161,3.14090765192724e-08
41.8079399742104,2.26182096215308e-08
41.8829991124047,3.32462136458577e-09
41.9580582505989,8.27927659549846e-09
42.0331173887932,1.13682310600663e-08
42.1081765269875,1.45169493432533e-08
42.1832356651818,1.46712285937104e-08
42.258294803376,1.80204651851523e-08
42.3333539415703,2.2072208682021e-08
42.4084130797646,1.75141762725495e-08
42.4834722179589,1.14971170158595e-08
42.5585313561531,9.49680709876018e-09
42.6335904943474,1.10940777031657e-08
42.7086496325417,1.14864948652901e-08
42.783708770736,1.16239439456774e-08
42.8587679089302,1.1513415123815e-08
42.9338270471245,1.09663697095691e-08
43.0088861853188,1.18685247814638e-08
43.0839453235131,1.18816978093171e-08
43.1590044617073,1.05525936255323e-08
43.2340635999016,1.04596406827406e-08
43.3091227380959,1.12639783664622e-08
43.3841818762901,1.05953773818858e-08
43.4592410144844,1.14837919364048e-08
43.5343001526787,1.20205083126031e-08
43.609359290873,1.0800445839794e-08
43.6844184290672,1.19607924785148e-08
43.7594775672615,1.22374220212743e-08
43.8345367054558,1.15295710091304e-08
43.9095958436501,1.19483052953247e-08
43.9846549818443,1.15423742486276e-08
44.0597141200386,1.21417133974334e-08
44.1347732582329,1.22921740390007e-08
44.2098323964272,1.07497600974967e-08
44.2848915346214,1.14145228158977e-08
44.3599506728157,1.10698471475968e-08
44.43500981101,1.03059576709197e-08
44.5100689492043,1.08172040385859e-08
44.5851280873985,1.13929496549047e-08
44.6601872255928,1.0747911265713e-08
44.7352463637871,1.10843372279353e-08
44.8103055019813,1.2042425686688e-08
44.8853646401756,1.14285826139528e-08
44.9604237783699,1.15693805226749e-08
45.0354829165642,1.22484450781808e-08
45.1105420547584,1.0216043322346e-08
45.1856011929527,1.02931804315349e-08
45.260660331147,1.31438263301909e-08
45.3357194693413,9.80493419648223e-09
45.4107786075355,1.00448753529999e-08
45.4858377457298,1.07313001514997e-08
45.5608968839241,8.96823776419251e-09
45.6359560221184,8.53487021199565e-09
45.7110151603126,1.4470731441092e-08
45.7860742985069,1.34486581347168e-08
45.8611334367012,1.16280478716925e-08
45.9361925748955,9.27186603363389e-09
46.0112517130897,1.00107333731723e-08
46.086310851284,1.04073894124035e-08
46.1613699894783,9.38879631383617e-09
46.2364291276725,9.36171046943561e-09
46.3114882658668,9.22791573855986e-09
46.3865474040611,8.90757809342271e-09
46.4616065422554,9.69492788096613e-09
46.5366656804496,1.1470689105829e-08
46.6117248186439,9.92979406967876e-09
46.6867839568382,8.62069811704852e-09
46.7618430950325,1.09648054345013e-08
46.8369022332267,9.24818522426419e-09
46.911961371421,7.97778492696842e-09
46.9870205096153,1.11612433088327e-08
47.0620796478096,1.37918617631243e-08
47.1371387860038,1.17036056859411e-08
47.2121979241981,1.05020299123171e-08
47.2872570623924,1.0124692112882e-08
47.3623162005866,9.91285086979157e-09
47.4373753387809,1.06681299685014e-08
47.5124344769752,1.00760456791544e-08
47.5874936151695,8.21650373892179e-09
47.6625527533637,6.51706958689009e-09
47.737611891558,8.41785575466302e-09
47.8126710297523,1.1242065944583e-08
47.8877301679466,9.29503068939821e-09
47.9627893061408,8.98059581661981e-09
48.0378484443351,1.09728979987414e-08
48.1129075825294,9.51213919701159e-09
48.1879667207237,8.39848593973055e-09
48.2630258589179,1.34293424088948e-08
48.3380849971122,1.36949831592453e-08
48.4131441353065,1.02698504187322e-08
48.4882032735008,1.00876843994064e-08
48.563262411695,1.01808195541112e-08
48.6383215498893,9.44947197251052e-09
48.7133806880836,1.00139353681222e-08
48.7884398262779,1.00831017800718e-08
48.8634989644721,8.63843942304821e-09
48.9385581026664,1.0059443217417e-08
49.0136172408607,1.01886408243084e-08
49.0886763790549,1.04702214850282e-08
49.1637355172492,1.02731014579202e-08
49.2387946554435,9.74354172186003e-09
49.3138537936378,9.94996721505407e-09
49.388912931832,1.03811671837852e-08
49.4639720700263,9.85813183685088e-09
49.5390312082206,1.05681550863775e-08
49.6140903464149,1.11056940458242e-08
49.6891494846091,1.08474737780099e-08
49.7642086228034,9.94350976600679e-09
49.8392677609977,1.05801764870637e-08
49.9143268991919,1.02598953456414e-08
49.9893860373862,1.04999007283626e-08
50.0644451755805,1.13647782274827e-08
50.1395043137748,1.0218334951913e-08
50.214563451969,1.02333913473521e-08
50.2896225901633,1.03980041917531e-08
50.3646817283576,1.02305161074534e-08
50.4397408665519,9.71318455521789e-09
50.5148000047461,1.03797942190278e-08
50.5898591429404,1.0186613301841e-08
50.6649182811347,9.72588169877083e-09
50.739977419329,1.06338712024868e-08
50.8150365575232,1.0371960386972e-08
50.8900956957175,8.95965054485385e-09
50.9651548339118,9.46390317223876e-09
51.0402139721061,9.96284497940693e-09
51.1152731103003,1.07426714795866e-08
51.1903322484946,1.03704843511942e-08
51.2653913866889,1.03206771738306e-08
51.3404505248831,1.0608175058033e-08
51.4155096630774,1.05892941171508e-08
51.4905688012717,1.10757099256042e-08
51.565627939466,1.10127318367762e-08
51.6406870776602,1.02192680820009e-08
51.7157462158545,8.4194184642639e-09
51.7908053540488,1.1074577126678e-08
51.8658644922431,1.08731334285403e-08
51.9409236304373,8.55472872195691e-09
52.0159827686316,1.06145438366331e-08
52.0910419068259,9.82713055072878e-09
52.1661010450202,3.8393339157503e-09
52.2411601832144,1.0946796222919e-08
52.3162193214087,1.2771118587647e-08
52.391278459603,1.2169383411428e-08
52.4663375977972,1.0111408908372e-08
52.5413967359915,9.4965256992631e-09
52.6164558741858,9.43489213679021e-09
52.6915150123801,9.4145040665918e-09
52.7665741505744,8.70432866279842e-09
52.8416332887686,7.43484664334149e-09
52.9166924269629,7.53076966433081e-09
52.9917515651572,9.86237863867905e-09
53.0668107033514,1.01615626801354e-08
53.1418698415457,8.69182435352877e-09
53.21692897974,9.35702861128847e-09
53.2919881179343,9.85536120864943e-09
53.3670472561285,8.93051562010867e-09
53.4421063943228,9.39614214328827e-09
53.5171655325171,1.03822753624371e-08
53.5922246707114,1.02038570593156e-08
53.6672838089056,9.3048935643961e-09
53.7423429470999,9.64457871953152e-09
53.8174020852942,9.40761819714829e-09
53.8924612234884,9.43900752662573e-09
53.9675203616827,9.41104805051356e-09
54.042579499877,9.34046896709497e-09
54.1176386380713,9.2911130079395e-09
54.1926977762655,8.9609090069124e-09
54.2677569144598,9.13061320484489e-09
54.3428160526541,9.23284856887482e-09
54.4178751908484,9.25958951412077e-09
54.4929343290426,8.91390516076344e-09
54.5679934672369,9.17610247424173e-09
54.6430526054312,9.39206416692616e-09
54.7181117436255,9.10815027352504e-09
54.7931708818197,1.01147418621753e-08
54.868230020014,1.05460615675577e-08
54.9432891582083,9.59030886372496e-09
55.0183482964026,9.88277678667728e-09
55.0934074345968,9.93973449582713e-09
55.1684665727911,9.47070014203729e-09
55.2435257109854,1.03342521036903e-08
55.3185848491797,9.76143784546375e-09
55.3936439873739,9.41127129013232e-09
55.4687031255682,9.32017520331049e-09
55.5437622637625,8.93115866567063e-09
55.6188214019567,9.49289076748656e-09
55.693880540151,9.38467079609372e-09
55.7689396783453,9.21917442623162e-09
55.8439988165396,9.28183285320768e-09
55.9190579547338,9.21887151826152e-09
55.9941170929281,9.35468495236354e-09
56.0691762311224,9.24710820246655e-09
56.1442353693167,9.3121494311429e-09
56.2192945075109,9.2889681450482e-09
56.2943536457052,9.53076985750039e-09
56.3694127838995,9.40588466976784e-09
56.4444719220938,9.47176300537036e-09
56.519531060288,9.59829695932146e-09
56.5945901984823,9.5257089569475e-09
56.6696493366766,9.31313908894715e-09
56.7447084748709,8.85632211892971e-09
56.8197676130651,8.47629427281355e-09
56.8948267512594,8.96687740280248e-09
56.9698858894537,9.52050894150869e-09
57.0449450276479,8.76083595974879e-09
57.1200041658422,9.14058715966027e-09
57.1950633040365,9.22104979209667e-09
57.2701224422308,9.01959327814199e-09
57.345181580425,9.45178459585078e-09
57.4202407186193,9.06126091728672e-09
57.4952998568136,9.02570951327658e-09
57.5703589950079,9.17152979368046e-09
57.6454181332021,9.42301437568689e-09
57.7204772713964,9.23763134384216e-09
57.7955364095907,9.18318371901338e-09
57.870595547785,9.03122379332813e-09
57.9456546859792,8.96839736719088e-09
58.0207138241735,9.34686529476422e-09
58.0957729623678,9.20058880727417e-09
58.1708321005621,8.80732964268304e-09
58.2458912387563,8.43221006991235e-09
58.3209503769506,9.27318821036107e-09
58.3960095151449,8.73155587246181e-09
58.4710686533391,8.52199879149467e-09
58.5461277915334,9.2114546504778e-09
58.6211869297277,8.36546550719101e-09
58.696246067922,7.94966927903579e-09
58.7713052061162,1.04115526566076e-08
58.8463643443105,9.92568592383983e-09
58.9214234825048,9.16297632125326e-09
58.9964826206991,8.54918526417176e-09
59.0715417588933,8.2574616873934e-09
59.1466008970876,8.83291813797694e-09
59.2216600352819,8.82672609304085e-09
59.2967191734762,8.31081672070982e-09
59.3717783116704,9.07826964042017e-09
59.4468374498647,9.80953827173979e-09
59.521896588059,9.376530622833e-09
59.5969557262532,9.08762560467757e-09
59.6720148644475,9.07288650615062e-09
59.7470740026418,9.41177566181144e-09
59.8221331408361,9.21460833728533e-09
59.8971922790303,9.2050698736959e-09
59.9722514172246,9.42060146904863e-09
60.0473105554189,8.86988606994702e-09
60.1223696936132,8.94453693385503e-09
60.1974288318074,9.08772140498588e-09
60.2724879700017,8.87651124065738e-09
60.347547108196,8.84503293202534e-09
60.4226062463903,8.84100081371886e-09
60.4976653845845,9.09682235679976e-09
60.5727245227788,8.94505533346652e-09
60.6477836609731,9.06426362427969e-09
60.7228427991674,8.98751592290034e-09
60.7979019373616,8.73610846029148e-09
60.8729610755559,9.10240173453889e-09
60.9480202137502,9.00353772907446e-09
61.0230793519444,8.98487025013323e-09
61.0981384901387,8.87848632196023e-09
61.173197628333,9.30707270498988e-09
61.2482567665273,8.44822309123828e-09
61.3233159047215,8.74385972958167e-09
61.3983750429158,9.48448123071511e-09
61.4734341811101,9.3201240466041e-09
61.5484933193044,8.56244463331362e-09
61.6235524574986,8.35566477934563e-09
61.6986115956929,8.52445465910068e-09
61.7736707338872,8.45259038544745e-09
61.8487298720815,8.32793023901517e-09
61.9237890102757,8.31487956727402e-09
61.99884814847,8.41755122820639e-09
62.0739072866643,8.66349829344958e-09
62.1489664248586,9.45717680484129e-09
62.2240255630528,8.57797027612414e-09
62.2990847012471,8.39577296344912e-09
62.3741438394414,9.07296209220818e-09
62.4492029776356,8.4532523849278e-09
62.5242621158299,8.43382643005745e-09
62.5993212540242,9.9003201849857e-09
62.6743803922185,9.4968800574029e-09
62.7494395304127,8.20584399597078e-09
62.824498668607,7.25632681885986e-09
62.8995578068013,7.86802667365852e-09
62.9746169449956,8.61829687333736e-09
63.0496760831898,9.01742010903552e-09
63.1247352213841,9.22242914911978e-09
63.1997943595784,9.80592758001783e-09
63.2748534977727,1.03916826927399e-08
63.3499126359669,9.82965962219743e-09
63.4249717741612,8.22521780689006e-09
63.5000309123555,8.19392366385396e-09
63.5750900505498,9.21816500606913e-09
63.650149188744,8.73001471485194e-09
63.7252083269383,8.42012023584509e-09
63.8002674651326,9.09374470379565e-09
63.8753266033268,8.71743960816816e-09
63.9503857415211,7.74792423132708e-09
64.0254448797154,8.4637727059097e-09
64.1005040179097,9.02270017481317e-09
64.1755631561039,9.10374705321041e-09
64.2506222942982,9.07080699305926e-09
64.3256814324925,8.71173502526378e-09
64.4007405706868,8.46441198628303e-09
64.475799708881,8.57406585771767e-09
64.5508588470753,8.15573269957701e-09
64.6259179852696,8.02128878854322e-09
64.7009771234639,8.50675342069497e-09
64.7760362616581,8.69922211816517e-09
64.8510953998524,8.65569598772471e-09
64.9261545380467,8.49909717500092e-09
65.001213676241,8.58630025066129e-09
65.0762728144352,8.61865218904451e-09
65.1513319526295,8.4253260743509e-09
65.2263910908238,8.59327469458244e-09
65.301450229018,8.9451523944387e-09
65.3765093672123,8.64756762241896e-09
65.4515685054066,8.65178298844941e-09
65.5266276436009,8.76332944272863e-09
65.6016867817951,8.5932456792321e-09
65.6767459199894,8.82254874255527e-09
65.7518050581837,8.75353133135819e-09
65.826864196378,8.60946860440725e-09
65.9019233345722,8.75380705525994e-09
65.9769824727665,8.34230802685314e-09
66.0520416109608,8.69274341138703e-09
66.127100749155,8.78858945508594e-09
66.2021598873493,8.49911078203798e-09
66.2772190255436,8.64784951926645e-09
66.3522781637379,8.63287130424244e-09
66.4273373019321,8.31820627891063e-09
66.5023964401264,8.58574705130638e-09
66.5774555783207,8.59557179500379e-09
66.652514716515,8.45068852746301e-09
66.7275738547092,8.20059376151182e-09
66.8026329929035,8.38300453392315e-09
66.8776921310978,8.55372679228047e-09
66.9527512692921,8.52511405443084e-09
67.0278104074863,8.52018076640244e-09
67.1028695456806,8.55901459356016e-09
67.1779286838749,8.62844217260496e-09
67.2529878220692,8.67179506523705e-09
67.3280469602634,8.69384600006859e-09
67.4031060984577,8.36735453571842e-09
67.478165236652,8.46944910066837e-09
67.5532243748463,8.60547225523738e-09
67.6282835130405,8.49506616022705e-09
67.7033426512348,8.5481141467649e-09
67.7784017894291,8.58361114281622e-09
67.8534609276233,8.36601732846978e-09
67.9285200658176,8.41857800921964e-09
68.0035792040119,8.69255783392404e-09
68.0786383422062,8.61853144980667e-09
68.1536974804004,8.50304822319846e-09
68.2287566185947,8.44758082977871e-09
68.303815756789,8.41355771711798e-09
68.3788748949833,8.43166357732451e-09
68.4539340331775,8.37124915014942e-09
68.5289931713718,8.40454723907738e-09
68.6040523095661,8.35619529408056e-09
68.6791114477604,8.58545101970768e-09
68.7541705859546,8.48273781878856e-09
68.8292297241489,8.36505080161682e-09
68.9042888623432,8.60133591821025e-09
68.9793480005374,8.40345761140633e-09
69.0544071387317,8.51949258189281e-09
69.129466276926,8.68966664245014e-09
69.2045254151203,8.24860755267784e-09
69.2795845533146,8.35371386524649e-09
69.3546436915088,8.50584845245114e-09
69.4297028297031,8.51397334020104e-09
69.5047619678974,8.52152083513846e-09
69.5798211060916,8.4697296904714e-09
69.6548802442859,8.45071232213828e-09
69.7299393824802,8.45661952253579e-09
69.8049985206745,8.26178061356207e-09
69.8800576588687,8.27676424659415e-09
69.955116797063,8.40413188768918e-09
70.0301759352573,8.48080182763307e-09
70.1052350734516,8.39965347397473e-09
70.1802942116458,8.45711648354621e-09
70.2553533498401,8.48176075412396e-09
70.3304124880344,8.42366460119915e-09
70.4054716262286,8.50709068264223e-09
70.4805307644229,8.42274625988651e-09
70.5555899026172,8.35183714804479e-09
70.6306490408115,8.41517619358247e-09
70.7057081790057,8.36881880839444e-09
70.7807673172,8.41637739372929e-09
70.8558264553943,8.35938114113606e-09
70.9308855935886,8.35437516321132e-09
71.0059447317828,8.4058319573948e-09
71.0810038699771,8.37958754152844e-09
71.1560630081714,8.44288200312985e-09
71.2311221463656,8.34607369492034e-09
71.3061812845599,8.39535703197839e-09
71.3812404227542,8.45553196829405e-09
71.4562995609485,8.36755685596152e-09
71.5313586991428,8.4094390206001e-09
71.606417837337,8.33780506146471e-09
71.6814769755313,8.36860703058667e-09
71.7565361137256,8.39025891513147e-09
71.8315952519198,8.33539356039307e-09
71.9066543901141,8.30266248807541e-09
71.9817135283084,8.42175746611384e-09
72.0567726665027,8.42396403084788e-09
72.1318318046969,8.37607180883128e-09
72.2068909428912,8.36608819020405e-09
72.2819500810855,8.34468706618976e-09
72.3570092192798,8.33225181598247e-09
72.432068357474,8.34645007865316e-09
72.5071274956683,8.38203132023087e-09
72.5821866338626,8.35880105950277e-09
72.6572457720569,8.3317546205463e-09
72.7323049102511,8.38210849782171e-09
72.8073640484454,8.33951765873633e-09
72.8824231866397,8.36196854785139e-09
72.9574823248339,8.33113993134769e-09
73.0325414630282,8.35393823601707e-09
73.1076006012225,8.35269562696234e-09
73.1826597394168,8.31412519595716e-09
73.2577188776111,8.34678964329716e-09
73.3327780158053,8.35895864800514e-09
73.4078371539996,8.34822549727935e-09
73.4828962921939,8.33315572413022e-09
73.5579554303881,8.31782026992754e-09
73.6330145685824,8.31753775047317e-09
73.7080737067767,8.37027689445255e-09
73.783132844971,8.33874279932195e-09
73.8581919831652,8.29875860458581e-09
73.9332511213595,8.34820974736579e-09
74.0083102595538,8.31777865854229e-09
74.083369397748,8.33506209083393e-09
74.1584285359423,8.32253305200256e-09
74.2334876741366,8.33312122514326e-09
74.3085468123309,8.31108992240679e-09
74.3836059505252,8.32355176029972e-09
74.4586650887194,8.33227560052957e-09
74.5337242269137,8.31123365005542e-09
74.608783365108,8.31578452382521e-09
74.6838425033022,8.324201799007e-09
74.7589016414965,8.31903485173688e-09
74.8339607796908,8.31644424053068e-09
74.9090199178851,8.30870516287018e-09
74.9840790560793,8.30633149668466e-09
75.0591381942736,8.32505674604997e-09
75.1341973324679,8.31476000282395e-09
75.2092564706622,8.30536828712799e-09
75.2843156088564,8.31139344434889e-09
75.3593747470507,8.30325204737469e-09
75.434433885245,8.31140401428015e-09
75.5094930234392,8.30777145498503e-09
75.5845521616335,8.31377202578858e-09
75.6596112998278,8.29860519253688e-09
75.7346704380221,8.30589204719125e-09
75.8097295762163,8.30324570435569e-09
75.8847887144106,8.30278786081379e-09
75.9598478526049,8.30271290707207e-09
76.0349069907992,8.30754371311846e-09
76.1099661289934,8.29952708915958e-09
76.1850252671877,8.29841837531778e-09
76.260084405382,8.29752085717188e-09
76.3351435435763,8.30196037753966e-09
76.4102026817705,8.29693475641445e-09
76.4852618199648,8.30177321079821e-09
76.5603209581591,8.29957647659208e-09
76.6353800963534,8.29335243483561e-09
76.7104392345476,8.29452112450845e-09
76.7854983727419,8.29481660630932e-09
76.8605575109362,8.29949683693195e-09
76.9356166491305,8.29250821272906e-09
77.0106757873247,8.30213282693982e-09
77.085734925519,8.29210460531877e-09
77.1607940637133,8.28139864433281e-09
77.2358532019075,8.29813005512716e-09
77.3109123401018,8.29759973886077e-09
77.3859714782961,8.29813140870795e-09
77.4610306164904,8.28795399078734e-09
77.5360897546846,8.28365858113411e-09
77.6111488928789,8.2922771300827e-09
77.6862080310732,8.30536411095068e-09
77.7612671692675,8.27643496676443e-09
77.8363263074617,8.2978855237088e-09
77.911385445656,8.29206270980545e-09
77.9864445838503,8.28787893585813e-09
78.0615037220446,8.28791568040286e-09
78.1365628602388,8.29143407194604e-09
78.2116219984331,8.29233067634469e-09
78.2866811366274,8.28213458467986e-09
78.3617402748217,8.30556512246312e-09
78.4367994130159,8.28086661817266e-09
78.5118585512102,8.28358352322071e-09
78.5869176894045,8.29202508249716e-09
78.6619768275987,4.1461240179248e-09
