Var1,P1
0,1.50883316791394e-10
0.0750591381942736,0.00131382108795604
0.150118276388547,0.00208419753065944
0.225177414582821,0.00225436433092154
0.300236552777094,0.00236996084464032
0.375295690971368,0.00268711228081619
0.450354829165642,0.00265347407434009
0.525413967359915,0.00190367537482583
0.600473105554189,0.000677060800092995
0.675532243748462,0.000489634035474546
0.750591381942736,0.00103330393076795
0.82565052013701,0.000955048826897148
0.900709658331283,0.000700549016480817
0.975768796525557,0.0011938523331568
1.05082793471983,0.00196175746561647
1.1258870729141,0.00220858948596591
1.20094621110838,0.00180371991897202
1.27600534930265,0.00106422127474608
1.35106448749692,0.000542834319515238
1.4261236256912,0.000681618036901934
1.50118276388547,0.000873182981124865
1.57624190207975,0.000902728702880632
1.65130104027402,0.000803274215536737
1.72636017846829,0.000620755803766712
1.80141931666257,0.000411114496494186
1.87647845485684,0.000236013715595828
1.95153759305111,0.000134683465243914
2.02659673124539,9.35913188039886e-05
2.10165586943966,6.89909303878009e-05
2.17671500763393,4.66006513081211e-05
2.25177414582821,2.87147767892471e-05
2.32683328402248,1.4490797667514e-05
2.40189242221676,5.1014556448607e-06
2.47695156041103,9.68021719270034e-06
2.5520106986053,1.05950432056954e-05
2.62706983679958,1.27548761779379e-05
2.70212897499385,2.96775935691031e-05
2.77718811318812,4.76647408173115e-05
2.8522472513824,5.15796614379274e-05
2.92730638957667,3.3988880486689e-05
3.00236552777094,3.19780881457586e-05
3.07742466596522,7.2806229177889e-05
3.15248380415949,9.73895922377701e-05
3.22754294235377,8.46011277808243e-05
3.30260208054804,3.83674138612484e-05
3.37766121874231,2.00117132194535e-05
3.45272035693659,5.95546590339265e-05
3.52777949513086,6.72701878088055e-05
3.60283863332513,4.69667398569418e-05
3.67789777151941,1.67100562004916e-05
3.75295690971368,5.52142230613404e-06
3.82801604790795,1.11403422784937e-05
3.90307518610223,5.09805153483359e-06
3.9781343242965,3.04546956749338e-06
4.05319346249077,6.39285921924314e-06
4.12825260068505,5.28166261434536e-06
4.20331173887932,4.69165747823018e-06
4.2783708770736,5.20495973200332e-06
4.35343001526787,6.35465310893975e-06
4.42848915346214,1.08494133659432e-05
4.50354829165642,1.71954628303386e-05
4.57860742985069,2.28654638229381e-05
4.65366656804496,2.58707393752238e-05
4.72872570623924,2.51875055413183e-05
4.80378484443351,2.09935306036376e-05
4.87884398262779,1.43839546936599e-05
4.95390312082206,7.33869690433165e-06
5.02896225901633,3.43840896618492e-06
5.10402139721061,4.65336728369098e-06
5.17908053540488,5.98593303432262e-06
5.25413967359915,6.01633770855748e-06
5.32919881179343,3.86747361134479e-06
5.4042579499877,8.30183942987247e-06
5.47931708818197,1.81798492078303e-05
5.55437622637625,2.58497596875624e-05
5.62943536457052,2.72373120837322e-05
5.70449450276479,2.17443841094145e-05
5.77955364095907,1.22552248344934e-05
5.85461277915334,3.46518911444969e-06
5.92967191734761,3.36802139378224e-06
6.00473105554189,4.23529936289202e-06
6.07979019373616,2.36694232147724e-06
6.15484933193044,1.87498579100905e-06
6.22990847012471,3.62924737281647e-06
6.30496760831898,4.17866587302908e-06
6.38002674651326,3.48931131129196e-06
6.45508588470753,2.28603846165667e-06
6.5301450229018,1.58779549328248e-06
6.60520416109608,1.79081202127863e-06
6.68026329929035,2.06341109695104e-06
6.75532243748463,2.14458798830393e-06
6.8303815756789,2.01676805275647e-06
6.90544071387317,1.70484971104786e-06
6.98049985206745,1.7645981196541e-06
7.05555899026172,2.22720252716719e-06
7.13061812845599,2.17511306127898e-06
7.20567726665027,1.28965023204215e-06
7.28073640484454,3.08089110285362e-07
7.35579554303881,9.22000863698835e-07
7.43085468123309,8.43883874404494e-07
7.50591381942736,9.94175905626635e-08
7.58097295762163,6.70231568294925e-07
7.65603209581591,7.46675461277734e-07
7.73109123401018,1.70239661205611e-07
7.80615037220446,8.6454815519244e-07
7.88120951039873,1.47840764281097e-06
7.956268648593,1.71636832467498e-06
8.03132778678728,1.83323987245977e-06
8.10638692498155,1.72462170514737e-06
8.18144606317582,1.13166522799364e-06
8.2565052013701,4.56639720104334e-07
8.33156433956437,8.9370446468296e-07
8.40662347775864,1.16245915144408e-06
8.48168261595292,1.06011186664088e-06
8.55674175414719,9.5191466619737e-07
8.63180089234146,7.92722216676856e-07
8.70686003053574,3.90505947009797e-07
8.78191916873001,1.06762826154849e-07
8.85697830692429,5.48742870289626e-07
8.93203744511856,1.21159337457733e-06
9.00709658331283,2.04935444461262e-06
9.08215572150711,2.56359523795457e-06
9.15721485970138,2.34652241393466e-06
9.23227399789565,1.43410167576756e-06
9.30733313608993,4.5531999932567e-07
9.3823922742842,7.65823757193489e-07
9.45745141247848,7.82957381295046e-07
9.53251055067275,2.55859438052392e-07
9.60756968886702,1.13055632039752e-06
9.6826288270613,2.04561296304765e-06
9.75768796525557,2.38257823323612e-06
9.83274710344984,2.05075290898397e-06
9.90780624164412,1.29245750057653e-06
9.98286537983839,5.11007513573721e-07
10.0579245180327,1.60741165610415e-07
10.1329836562269,2.82522211299306e-07
10.2080427944212,3.76716547917587e-07
10.2831019326155,6.48963071774309e-07
10.3581610708098,1.16816147289922e-06
10.433220209004,1.78580420579326e-06
10.5082793471983,2.13657980960686e-06
10.5833384853926,1.84255816458308e-06
10.6583976235869,7.82455785980683e-07
10.7334567617811,8.06898684726256e-07
10.8085158999754,2.32109347668678e-06
10.8835750381697,3.20341645680152e-06
10.9586341763639,3.14035575993975e-06
11.0336933145582,2.25238381748415e-06
11.1087524527525,1.05722878979525e-06
11.1838115909468,6.20559775143792e-07
11.258870729141,9.33757533709832e-07
11.3339298673353,7.75352167893532e-07
11.4089890055296,2.23594269603441e-07
11.4840481437239,3.6490940116401e-07
11.5591072819181,6.75963649912535e-07
11.6341664201124,5.94204358999551e-07
11.7092255583067,2.41567759040446e-07
11.784284696501,2.74713284044286e-07
11.8593438346952,5.23743791604928e-07
11.9344029728895,5.10701646755591e-07
12.0094621110838,2.8218508270101e-07
12.0845212492781,9.40865320420826e-08
12.1595803874723,1.75759044184021e-07
12.2346395256666,2.17418441606442e-07
12.3096986638609,5.86502472498721e-07
12.3847578020551,1.13640862689612e-06
12.4598169402494,1.65999076986445e-06
12.5348760784437,2.03205586911444e-06
12.609935216638,2.16673563340885e-06
12.6849943548322,1.99863209710363e-06
12.7600534930265,1.53378898554028e-06
12.8351126312208,9.09351027054373e-07
12.9101717694151,3.85010511924953e-07
12.9852309076093,2.62186036313238e-07
13.0602900458036,2.34044405651561e-07
13.1353491839979,1.27600656155494e-07
13.2104083221922,2.91396445799866e-07
13.2854674603864,4.62142919334588e-07
13.3605265985807,5.0226116080606e-07
13.435585736775,4.08996713427645e-07
13.5106448749693,2.33801874991953e-07
13.5857040131635,6.15712051763189e-08
13.6607631513578,7.92617967893998e-08
13.7358222895521,8.78033269785064e-08
13.8108814277463,4.0164445231045e-08
13.8859405659406,1.4390674436649e-07
13.9609997041349,2.21851966155895e-07
14.0360588423292,1.78861400542649e-07
14.1111179805234,6.3329424662525e-08
14.1861771187177,2.55181529020049e-07
14.261236256912,4.19511441439073e-07
14.3362953951063,4.50148583505687e-07
14.4113545333005,4.13034855267503e-07
14.4864136714948,4.35407466449988e-07
14.5614728096891,4.54100367166791e-07
14.6365319478834,3.58733683849031e-07
14.7115910860776,2.06655738855126e-07
14.7866502242719,2.42194664798206e-07
14.8617093624662,3.37560608969953e-07
14.9367685006604,3.03060192891729e-07
15.0118276388547,1.34496720841093e-07
15.086886777049,1.46927589608616e-07
15.1619459152433,3.49066083743853e-07
15.2370050534375,4.2376754042029e-07
15.3120641916318,3.48394117000508e-07
15.3871233298261,2.14679284726814e-07
15.4621824680204,2.10497355428398e-07
15.5372416062146,4.05041779691843e-07
15.6123007444089,7.2963583472837e-07
15.6873598826032,1.05727254067831e-06
15.7624190207975,1.20987108897306e-06
15.8374781589917,1.07849834819755e-06
15.912537297186,7.03589517298899e-07
15.9875964353803,2.98058824676593e-07
16.0626555735746,3.19417553077157e-07
16.1377147117688,4.45884028380539e-07
16.2127738499631,4.08705354549969e-07
16.2878329881574,3.30731239736613e-07
16.3628921263516,3.58885774401465e-07
16.4379512645459,4.12296280502138e-07
16.5130104027402,4.10041684732955e-07
16.5880695409345,4.12156106083053e-07
16.6631286791287,5.04526933392229e-07
16.738187817323,6.29424151747384e-07
16.8132469555173,6.87409525486893e-07
16.8883060937116,6.36055125148649e-07
16.9633652319058,4.89043326308888e-07
17.0384243701001,3.28743123160111e-07
17.1134835082944,3.22699444541426e-07
17.1885426464887,4.06903655941112e-07
17.2636017846829,3.91628577583263e-07
17.3386609228772,2.49968831184193e-07
17.4137200610715,7.3748394208797e-08
17.4887791992658,7.66493525231213e-08
17.56383833746,6.66272802233456e-08
17.6388974756543,4.01672982669748e-08
17.7139566138486,1.27108756557834e-07
17.7890157520428,1.22225507025662e-07
17.8640748902371,3.71008720445997e-08
17.9391340284314,1.97769084507864e-07
18.0141931666257,3.66418905957096e-07
18.0892523048199,4.58067239999906e-07
18.1643114430142,4.5470862453361e-07
18.2393705812085,3.74042646490132e-07
18.3144297194028,2.54020602234607e-07
18.389488857597,1.43717002733549e-07
18.4645479957913,9.06827704657971e-08
18.5396071339856,8.9195195698254e-08
18.6146662721799,9.36860407323642e-08
18.6897254103741,8.43588975581875e-08
18.7647845485684,5.08408679208052e-08
18.8398436867627,3.85768314599179e-08
18.914902824957,7.55585905735765e-08
18.9899619631512,7.09718753437637e-08
19.0650211013455,5.57756905436052e-09
19.1400802395398,1.18018989134683e-07
19.215139377734,2.40715470619751e-07
19.2901985159283,3.23681261021767e-07
19.3652576541226,3.44507497885105e-07
19.4403167923169,3.09959682839694e-07
19.5153759305111,2.52234358997709e-07
19.5904350687054,2.20150421661435e-07
19.6654942068997,2.3306061644367e-07
19.740553345094,2.48584588576725e-07
19.8156124832882,2.32360384758204e-07
19.8906716214825,2.0077122229979e-07
19.9657307596768,2.1089483452915e-07
20.0407898978711,2.52713444062948e-07
20.1158490360653,2.48090647782426e-07
20.1909081742596,1.56987723992287e-07
20.2659673124539,1.95308227263682e-08
20.3410264506482,1.69427835673896e-07
20.4160855888424,2.8246514001242e-07
20.4911447270367,3.28667437171428e-07
20.566203865231,3.4064327619165e-07
20.6412630034252,3.55178982596996e-07
20.7163221416195,3.70741668053319e-07
20.7913812798138,3.59810675208917e-07
20.8664404180081,2.94967642918453e-07
20.9414995562023,1.7170309517838e-07
21.0165586943966,2.98697288061044e-08
21.0916178325909,1.00413236631164e-07
21.1666769707852,1.56975911162728e-07
21.2417361089794,1.78312021247192e-07
21.3167952471737,2.06580507210104e-07
21.391854385368,2.19610625910337e-07
21.4669135235623,1.81441831821957e-07
21.5419726617565,9.89193499070895e-08
21.6170317999508,2.74251387366527e-08
21.6920909381451,7.34630352831884e-08
21.7671500763393,9.52749262030842e-08
21.8422092145336,8.71850951798177e-08
21.9172683527279,1.00822938333602e-07
21.9923274909222,1.27912158970234e-07
22.0673866291164,1.08361934022717e-07
22.1424457673107,5.72711047744488e-08
22.217504905505,1.52522529111267e-07
22.2925640436993,2.64369268924069e-07
22.3676231818935,3.0469904611586e-07
22.4426823200878,2.63098305385793e-07
22.5177414582821,1.86214447488382e-07
22.5928005964764,1.26268524445711e-07
22.6678597346706,8.00067783184421e-08
22.7429188728649,1.10869109300154e-07
22.8179780110592,1.83695461354257e-07
22.8930371492534,1.79987951856594e-07
22.9680962874477,1.0882196227238e-07
23.043155425642,1.90285770137674e-07
23.1182145638363,2.94622764108608e-07
23.1932737020305,2.63190171523532e-07
23.2683328402248,1.05929709786026e-07
23.3433919784191,1.47862689691867e-07
23.4184511166134,2.61040269393875e-07
23.4935102548076,2.31871005134472e-07
23.5685693930019,1.83398125813254e-07
23.6436285311962,3.02438118294186e-07
23.7186876693905,3.86190548694364e-07
23.7937468075847,3.35386875539157e-07
23.868805945779,1.92570544725862e-07
23.9438650839733,7.58472824702265e-08
24.0189242221676,7.66859491936286e-08
24.0939833603618,5.43587893663774e-08
24.1690424985561,3.3743714279762e-08
24.2441016367504,6.42098833975111e-08
24.3191607749446,6.2176798824297e-08
24.3942199131389,7.34912038719064e-08
24.4692790513332,1.27063447223201e-07
24.5443381895275,1.62054135080589e-07
24.6193973277217,1.50832703994391e-07
24.694456465916,9.90038852199189e-08
24.7695156041103,4.92901773135118e-08
24.8445747423046,7.14203277688477e-08
24.9196338804988,8.69417747755856e-08
24.9946930186931,6.14083953140897e-08
25.0697521568874,3.12881464475594e-08
25.1448112950817,5.72575696712552e-08
25.2198704332759,6.29485120082332e-08
25.2949295714702,3.29904814818189e-08
25.3699887096645,2.09471835863025e-08
25.4450478478588,3.89604264166905e-08
25.520106986053,3.84940545388721e-08
25.5951661242473,6.84763746895514e-08
25.6702252624416,1.00299485744059e-07
25.7452844006359,9.08800593530834e-08
25.8203435388301,4.75205890278519e-08
25.8954026770244,5.50406804589856e-08
25.9704618152187,7.94484770677004e-08
26.0455209534129,6.59026130072439e-08
26.1205800916072,7.34711616697094e-08
26.1956392298015,1.19797371109844e-07
26.2706983679958,1.37992235157285e-07
26.34575750619,1.18122010699156e-07
26.4208166443843,9.4364391398595e-08
26.4958757825786,8.95446422194538e-08
26.5709349207729,7.63849057284046e-08
26.6459940589671,4.2272520808183e-08
26.7210531971614,3.91474195853186e-09
26.7961123353557,2.50007117115533e-08
26.87117147355,3.08528091026088e-08
26.9462306117442,1.94390153953642e-08
27.0212897499385,4.80127953548475e-09
27.0963488881328,1.63157570581053e-08
27.1714080263271,1.94517073895331e-08
27.2464671645213,1.27730931992499e-08
27.3215263027156,1.04327056254566e-08
27.3965854409099,1.06549683336699e-08
27.4716445791041,1.34226116408248e-08
27.5467037172984,3.851716502535e-08
27.6217628554927,7.29916903605948e-08
27.696821993687,1.06728690720896e-07
27.7718811318812,1.27937843390665e-07
27.8469402700755,1.26793634717227e-07
27.9219994082698,1.06005455929891e-07
27.9970585464641,8.28449116012121e-08
28.0721176846583,6.66381339898038e-08
28.1471768228526,4.21802509886554e-08
28.2222359610469,3.21343753027192e-09
28.2972950992412,4.56701510274572e-08
28.3723542374354,7.59193119458603e-08
28.4474133756297,7.58779842754631e-08
28.522472513824,4.58110501047353e-08
28.5975316520182,1.74006753356262e-08
28.6725907902125,4.71298999205446e-08
28.7476499284068,5.60568671107221e-08
28.8227090666011,3.24280243455325e-08
28.8977682047953,6.78135077136806e-09
28.9728273429896,3.41576369206028e-08
29.0478864811839,3.59749653382323e-08
29.1229456193782,4.19652897679817e-08
29.1980047575724,7.16831490835586e-08
29.2730638957667,8.59939992141504e-08
29.348123033961,6.98641873185251e-08
29.4231821721553,3.64329495697857e-08
29.4982413103495,1.98629438230948e-08
29.5733004485438,2.4902429349897e-08
29.6483595867381,2.18442893278445e-08
29.7234187249323,1.98466717522965e-08
29.7984778631266,1.84066091744832e-08
29.8735370013209,9.51789324929756e-09
29.9485961395152,3.60957196422407e-09
30.0236552777094,1.18900897621035e-08
30.0987144159037,1.26797772743009e-08
30.173773554098,7.81394914359661e-09
30.2488326922923,4.95429492529084e-09
30.3238918304865,8.61316587385351e-09
30.3989509686808,8.55619226498575e-09
30.4740101068751,5.47250482958891e-09
30.5490692450694,1.01601562672528e-08
30.6241283832636,1.41396328546862e-08
30.6991875214579,1.13666051187117e-08
30.7742466596522,4.71504349256124e-09
30.8493057978465,5.28911279971646e-09
30.9243649360407,6.74425493544508e-09
30.999424074235,5.72404390971561e-09
31.0744832124293,7.5970864698478e-09
31.1495423506235,9.56883667002274e-09
31.2246014888178,8.80656236330624e-09
31.2996606270121,5.98588856517343e-09
31.3747197652064,2.82503402747672e-09
31.4497789034006,4.55183846328403e-09
31.5248380415949,9.99891263888114e-09
31.5998971797892,1.54963050406916e-08
31.6749563179835,1.99767438642892e-08
31.7500154561777,2.42384612714491e-08
31.825074594372,2.73508033902548e-08
31.9001337325663,2.50374576655099e-08
31.9751928707606,1.64751686507964e-08
32.0502520089548,1.315905933694e-08
32.1253111471491,1.88775978013529e-08
32.2003702853434,1.90986909686398e-08
32.2754294235377,1.56160274483413e-08
32.3504885617319,1.54519279140739e-08
32.4255476999262,1.66277134248949e-08
32.5006068381205,2.26498680668053e-08
32.5756659763148,3.02757966262796e-08
32.650725114509,2.854824775063e-08
32.7257842527033,1.71425468196522e-08
32.8008433908976,1.43740868789218e-08
32.8759025290918,1.93628212814658e-08
32.9509616672861,1.39452997538491e-08
33.0260208054804,2.53782649525432e-09
33.1010799436747,8.66791951668154e-09
33.1761390818689,1.3057375786722e-08
33.2511982200632,2.07081555881365e-08
33.3262573582575,2.74252599746948e-08
33.4013164964518,2.39051920701049e-08
33.476375634646,1.0426758081307e-08
33.5514347728403,1.01079099461698e-08
33.6264939110346,2.2727701632946e-08
33.7015530492288,2.83426374802438e-08
33.7766121874231,2.66279634478543e-08
33.8516713256174,2.13856648421943e-08
33.9267304638117,2.00111003962959e-08
34.001789602006,1.92565276583496e-08
34.0768487402002,1.02229580635672e-08
34.1519078783945,9.21490776738235e-09
34.2269670165888,2.34426619729689e-08
34.302026154783,2.92874450177751e-08
34.3770852929773,3.17854407223406e-08
34.4521444311716,3.89893865603292e-08
34.5272035693659,4.09897294265094e-08
34.6022627075601,2.85819559697685e-08
34.6773218457544,9.16999189932638e-09
34.7523809839487,2.00993778703665e-08
34.827440122143,2.81282793664831e-08
34.9024992603372,2.19611434817771e-08
34.9775583985315,1.14885951217667e-08
35.0526175367258,1.01833625884087e-08
35.1276766749201,6.21067574538958e-09
35.2027358131143,6.26972958793224e-09
35.2777949513086,1.72929660104469e-08
35.3528540895029,1.92287406859768e-08
35.4279132276971,1.22300332217321e-08
35.5029723658914,1.43888413638209e-08
35.5780315040857,2.20068172808476e-08
35.65309064228,1.97785543106448e-08
35.7281497804742,9.06529530926691e-09
35.8032089186685,4.84694435151115e-09
35.8782680568628,8.30175223168159e-09
35.9533271950571,4.95676045553966e-09
36.0283863332513,1.0414166073676e-09
36.1034454714456,3.07665437035958e-09
36.1785046096399,1.1826096663005e-08
36.2535637478342,2.16266774705039e-08
36.3286228860284,2.38131228079516e-08
36.4036820242227,1.64729498835127e-08
36.478741162417,1.2751343265229e-08
36.5538003006113,1.80322828657356e-08
36.6288594388055,1.53251002728276e-08
36.7039185769998,1.06337619458893e-08
36.7789777151941,1.9504530999603e-08
36.8540368533883,2.33544626977681e-08
36.9290959915826,1.89195277799018e-08
37.0041551297769,2.02629600722983e-08
37.0792142679712,2.66340229321434e-08
37.1542734061654,2.57467067973416e-08
37.2293325443597,1.83443015997682e-08
37.304391682554,9.39271687501085e-09
37.3794508207483,2.56470480444787e-09
37.4545099589425,1.81620625290758e-08
37.5295690971368,3.04159606079698e-08
37.6046282353311,3.08834128850004e-08
37.6796873735253,2.0214661676738e-08
37.7547465117196,1.9763523935964e-08
37.8298056499139,3.30913026466462e-08
37.9048647881082,3.89832505871526e-08
37.9799239263024,3.50002220457493e-08
38.0549830644967,2.56435872254959e-08
38.130042202691,1.47609968748281e-08
38.2051013408853,8.19228688418743e-09
38.2801604790795,1.37674198983234e-08
38.3552196172738,1.77219842277341e-08
38.4302787554681,1.8355240140158e-08
38.5053378936624,2.42427527109718e-08
38.5803970318566,3.41149331789117e-08
38.6554561700509,3.82046399804359e-08
38.7305153082452,3.15240663898091e-08
38.8055744464395,1.65370140834668e-08
38.8806335846337,6.2270053054635e-09
38.955692722828,1.17183378847322e-08
39.0307518610223,9.35284908439854e-09
39.1058109992166,8.02867830916576e-09
39.1808701374108,1.82411760996943e-08
39.2559292756051,2.30641137773554e-08
39.3309884137994,1.87601234250533e-08
39.4060475519936,9.4245894035331e-09
39.4811066901879,5.32749325008217e-09
39.5561658283822,5.91474207890223e-09
39.6312249665765,2.08913663809457e-09
39.7062841047707,6.55737161713145e-09
39.781343242965,9.58406584049753e-09
39.8564023811593,7.20305832011548e-09
39.9314615193536,1.38384726643038e-08
40.0065206575478,2.50087089953019e-08
40.0815797957421,2.84416679246374e-08
40.1566389339364,2.10740560605108e-08
40.2316980721307,7.88424999604611e-09
40.3067572103249,2.39936970061839e-09
40.3818163485192,3.77743915800553e-09
40.4568754867135,4.07571400975592e-09
40.5319346249077,9.89939572562633e-09
40.606993763102,1.03663188031776e-08
40.6820529012963,1.16985509362765e-08
40.7571120394906,2.0716839616897e-08
40.8321711776848,2.55017322188017e-08
40.9072303158791,2.06424395617927e-08
40.9822894540734,1.17316170324167e-08
41.0573485922677,1.36095333817939e-08
41.1324077304619,1.69835893108771e-08
41.2074668686562,1.25337766267122e-08
41.2825260068505,2.69116670506231e-09
41.3575851450448,7.74939562945968e-09
41.432644283239,1.27211338567892e-08
41.5077034214333,1.10755124844955e-08
41.5827625596276,5.79474093174656e-09
41.6578216978219,6.25511901858364e-09
41.7328808360161,9.13818117598444e-09
41.8079399742104,9.30270952320123e-09
41.8829991124047,9.44605569887044e-09
41.9580582505989,9.94644659598937e-09
42.0331173887932,8.46377717789561e-09
42.1081765269875,5.86420744810863e-09
42.1832356651818,4.19527663328875e-09
42.258294803376,2.02991946569617e-09
42.3333539415703,3.84234248447498e-09
42.4084130797646,7.5460326197288e-09
42.4834722179589,7.66267967409945e-09
42.5585313561531,3.41399431097315e-09
42.6335904943474,3.37510704013195e-09
42.7086496325417,7.73790714853487e-09
42.783708770736,7.41294113185936e-09
42.8587679089302,3.92344332778966e-09
42.9338270471245,6.28388739980976e-09
43.0088861853188,8.30433641990781e-09
43.0839453235131,4.67330150124432e-09
43.1590044617073,4.20637006015499e-09
43.2340635999016,1.07260623411288e-08
43.3091227380959,1.1689286694362e-08
43.3841818762901,9.64502992778335e-09
43.4592410144844,1.6872335501766e-08
43.5343001526787,2.61306097383668e-08
43.609359290873,2.82949757795876e-08
43.6844184290672,2.12357028105228e-08
43.7594775672615,8.44023082353184e-09
43.8345367054558,5.53272913464399e-09
43.9095958436501,1.05757750808956e-08
43.9846549818443,6.07314495040021e-09
44.0597141200386,8.12296200217982e-09
44.1347732582329,2.317321560801e-08
44.2098323964272,3.38010070347319e-08
44.2848915346214,3.57547472187297e-08
44.3599506728157,2.95965404711e-08
44.43500981101,1.94757164520889e-08
44.5100689492043,1.05752608405402e-08
44.5851280873985,6.79961381546117e-09
44.6601872255928,8.07664326491636e-09
44.7352463637871,1.28945861483795e-08
44.8103055019813,1.85535279875818e-08
44.8853646401756,2.08126843057267e-08
44.9604237783699,1.72253742738421e-08
45.0354829165642,9.22315400452513e-09
45.1105420547584,3.82531379659689e-09
45.1856011929527,5.81178181422606e-09
45.260660331147,3.18488670070273e-09
45.3357194693413,4.32248669314992e-09
45.4107786075355,1.16752227713786e-08
45.4858377457298,1.48060250326392e-08
45.5608968839241,1.22467433319107e-08
45.6359560221184,6.32396084761013e-09
45.7110151603126,2.67517351475365e-09
45.7860742985069,3.42631864962336e-09
45.8611334367012,2.2367633250222e-09
45.9361925748955,2.64659600726148e-09
46.0112517130897,3.81497358491808e-09
46.086310851284,2.39353167497325e-09
46.1613699894783,1.60493297144558e-09
46.2364291276725,4.98251069849582e-09
46.3114882658668,6.4901325384506e-09
46.3865474040611,5.28481183571206e-09
46.4616065422554,2.40618626266147e-09
46.5366656804496,2.35084609155072e-09
46.6117248186439,3.70471705029469e-09
46.6867839568382,2.8515513232724e-09
46.7618430950325,8.20870707572036e-10
46.8369022332267,1.44884584786073e-09
46.911961371421,1.07883149501786e-09
46.9870205096153,1.27590534445869e-09
47.0620796478096,3.05772222799971e-09
47.1371387860038,2.73617160894996e-09
47.2121979241981,2.00919250900074e-10
47.2872570623924,2.81861822289843e-09
47.3623162005866,3.89323805899131e-09
47.4373753387809,2.34164883858634e-09
47.5124344769752,7.20443372238317e-10
47.5874936151695,2.17945236345312e-09
47.6625527533637,1.23844411095354e-09
47.737611891558,1.83441601973224e-09
47.8126710297523,4.78342444423487e-09
47.8877301679466,6.2716950250014e-09
47.9627893061408,6.11185757115356e-09
48.0378484443351,4.86678943462732e-09
48.1129075825294,2.94357960786754e-09
48.1879667207237,2.12116101760585e-09
48.2630258589179,3.56640751268226e-09
48.3380849971122,3.96675457130001e-09
48.4131441353065,3.04906269297477e-09
48.4882032735008,3.08329396692967e-09
48.563262411695,3.7666938859471e-09
48.6383215498893,2.83714036454095e-09
48.7133806880836,4.88558713816915e-10
48.7884398262779,1.78362911312597e-09
48.8634989644721,2.44143478706085e-09
48.9385581026664,4.18031866255211e-09
49.0136172408607,8.33366966846145e-09
49.0886763790549,1.15855081737565e-08
49.1637355172492,1.16125470540196e-08
49.2387946554435,8.19380204375001e-09
49.3138537936378,3.33011839866527e-09
49.388912931832,3.29313186649878e-09
49.4639720700263,5.4724356075767e-09
49.5390312082206,5.45071773775805e-09
49.6140903464149,5.032136072491e-09
49.6891494846091,6.11561139298584e-09
49.7642086228034,6.55356657436925e-09
49.8392677609977,5.5523210513639e-09
49.9143268991919,5.67736949328227e-09
49.9893860373862,6.26856374406098e-09
50.0644451755805,4.09108063621736e-09
50.1395043137748,2.02180744399382e-09
50.214563451969,6.26677332339769e-09
50.2896225901633,7.5539006512947e-09
50.3646817283576,5.01209687205657e-09
50.4397408665519,3.86127386290177e-09
50.5148000047461,6.33537712851888e-09
50.5898591429404,6.07346385437425e-09
50.6649182811347,2.9022110437553e-09
50.739977419329,9.82618762498961e-10
50.8150365575232,2.5129593814071e-09
50.8900956957175,1.74358323034291e-09
50.9651548339118,1.90288091869422e-10
51.0402139721061,1.7028829998395e-09
51.1152731103003,2.19557895181417e-09
51.1903322484946,1.72947058348407e-09
51.2653913866889,5.73400661479593e-10
51.3404505248831,1.29881530772981e-09
51.4155096630774,2.36455545781029e-09
51.4905688012717,2.45760319218262e-09
51.565627939466,2.03130514128312e-09
51.6406870776602,1.62157716207347e-09
51.7157462158545,1.11884536769997e-09
51.7908053540488,1.74747534062047e-09
51.8658644922431,2.88309054128341e-09
51.9409236304373,3.45083470690512e-09
52.0159827686316,3.55947939171805e-09
52.0910419068259,3.21362540791558e-09
52.1661010450202,2.06268121385509e-09
52.2411601832144,4.24082056392828e-10
52.3162193214087,1.28500946182255e-09
52.391278459603,2.24421873568464e-09
52.4663375977972,3.03768459815806e-09
52.5413967359915,3.66009662246958e-09
52.6164558741858,3.59337604640615e-09
52.6915150123801,2.81063153272486e-09
52.7665741505744,1.79904613363477e-09
52.8416332887686,1.01180664080706e-09
52.9166924269629,1.15724118896494e-09
52.9917515651572,2.54132029995781e-09
53.0668107033514,4.3435773954153e-09
53.1418698415457,5.53795263547877e-09
53.21692897974,5.1841991019063e-09
53.2919881179343,3.28681632052866e-09
53.3670472561285,1.03806894357786e-09
53.4421063943228,6.12932202525239e-10
53.5171655325171,1.21574286337651e-09
53.5922246707114,2.37624476723567e-09
53.6672838089056,2.85822863394072e-09
53.7423429470999,1.81470108004705e-09
53.8174020852942,2.29911008188332e-09
53.8924612234884,4.89544305841955e-09
53.9675203616827,6.43827718665164e-09
54.042579499877,6.21651108977605e-09
54.1176386380713,4.38350284780471e-09
54.1926977762655,1.65930989329669e-09
54.2677569144598,1.41081978391376e-09
54.3428160526541,2.54016454451221e-09
54.4178751908484,2.19236123393543e-09
54.4929343290426,2.22813917899902e-09
54.5679934672369,2.63876426376141e-09
54.6430526054312,1.44809089024474e-09
54.7181117436255,1.8982351821605e-09
54.7931708818197,4.1499497305343e-09
54.868230020014,4.31466802112938e-09
54.9432891582083,2.89529517837325e-09
55.0183482964026,3.68964317694002e-09
55.0934074345968,4.94930996663224e-09
55.1684665727911,4.27837164157595e-09
55.2435257109854,3.55233783093241e-09
55.3185848491797,4.99592811873919e-09
55.3936439873739,6.32324422413301e-09
55.4687031255682,6.71855429358428e-09
55.5437622637625,6.37507091510748e-09
55.6188214019567,5.23948303958921e-09
55.693880540151,4.03216504216484e-09
55.7689396783453,3.76782433335171e-09
55.8439988165396,3.56458283542832e-09
55.9190579547338,4.02164526466961e-09
55.9941170929281,5.87421622682929e-09
56.0691762311224,6.69637374287674e-09
56.1442353693167,5.13883603802247e-09
56.2192945075109,2.14394775217442e-09
56.2943536457052,1.83596613552559e-09
56.3694127838995,2.70071856667875e-09
56.4444719220938,1.72293261770264e-09
56.519531060288,4.90768554709209e-10
56.5945901984823,2.42266382719697e-09
56.6696493366766,3.86080081672835e-09
56.7447084748709,4.35592649963447e-09
56.8197676130651,3.65592141918678e-09
56.8948267512594,2.11652134513701e-09
56.9698858894537,7.38296704860822e-10
57.0449450276479,3.13560505163095e-10
57.1200041658422,6.35642006432134e-10
57.1950633040365,9.87829631769711e-10
57.2701224422308,6.22815586184134e-10
57.345181580425,8.02351095534741e-10
57.4202407186193,1.38056303131419e-09
57.4952998568136,1.20117367641277e-09
57.5703589950079,2.20528136543391e-09
57.6454181332021,3.47160249655314e-09
57.7204772713964,3.10246150549224e-09
57.7955364095907,1.53262558732888e-09
57.870595547785,2.56311364097378e-09
57.9456546859792,3.50243583037936e-09
58.0207138241735,2.5643788606138e-09
58.0957729623678,1.28147131374069e-09
58.1708321005621,1.66713247341558e-09
58.2458912387563,1.249422401016e-09
58.3209503769506,1.22165056915921e-09
58.3960095151449,2.41701844000615e-09
58.4710686533391,2.59493355892908e-09
58.5461277915334,1.81691497774498e-09
58.6211869297277,9.35322002734221e-10
58.696246067922,6.82279245915684e-10
58.7713052061162,1.29410314030214e-09
58.8463643443105,2.00959855574284e-09
58.9214234825048,3.04300475714229e-09
58.9964826206991,4.05078949404242e-09
59.0715417588933,3.77588335540431e-09
59.1466008970876,1.78514376412158e-09
59.2216600352819,1.37209668509542e-09
59.2967191734762,2.96290230694781e-09
59.3717783116704,2.45461155262979e-09
59.4468374498647,5.55057204084009e-10
59.521896588059,1.87664456120716e-09
59.5969557262532,2.32496701036635e-09
59.6720148644475,1.22717806095986e-09
59.7470740026418,9.29936095788787e-10
59.8221331408361,1.62407225946999e-09
59.8971922790303,1.50827990174077e-09
59.9722514172246,1.51941357896962e-09
60.0473105554189,2.0143282388778e-09
60.1223696936132,2.36460120511388e-09
60.1974288318074,2.01805426238971e-09
60.2724879700017,6.5822867266165e-10
60.347547108196,1.43069522849061e-09
60.4226062463903,2.75158198644363e-09
60.4976653845845,2.54793424487879e-09
60.5727245227788,1.240429873593e-09
60.6477836609731,1.13316418409931e-09
60.7228427991674,1.44629081176063e-09
60.7979019373616,1.26309627079357e-09
60.8729610755559,1.63972640662856e-09
60.9480202137502,1.4876471212449e-09
61.0230793519444,4.37904102485134e-10
61.0981384901387,8.64354060303878e-10
61.173197628333,7.47209828676796e-10
61.2482567665273,8.74100002535386e-10
61.3233159047215,3.04526584140223e-09
61.3983750429158,4.49542440032121e-09
61.4734341811101,4.71375081310206e-09
61.5484933193044,4.30030157670398e-09
61.6235524574986,3.93538572029184e-09
61.6986115956929,3.47722160800831e-09
61.7736707338872,2.77278783103835e-09
61.8487298720815,2.11015111291163e-09
61.9237890102757,1.9417385069235e-09
61.99884814847,2.21699502609095e-09
62.0739072866643,2.27719758679589e-09
62.1489664248586,2.01215994633181e-09
62.2240255630528,1.85243937943447e-09
62.2990847012471,1.82090060985915e-09
62.3741438394414,1.82631622482067e-09
62.4492029776356,1.88355656227994e-09
62.5242621158299,1.54408363258212e-09
62.5993212540242,7.17505792304649e-10
62.6743803922185,6.11147768199439e-10
62.7494395304127,1.03632516175474e-09
62.824498668607,1.51836402691997e-09
62.8995578068013,2.32260288130588e-09
62.9746169449956,2.73718440462297e-09
63.0496760831898,2.4581625885687e-09
63.1247352213841,1.98811345381416e-09
63.1997943595784,1.87693152378205e-09
63.2748534977727,1.95619708217249e-09
63.3499126359669,1.91295170613246e-09
63.4249717741612,1.54320087809289e-09
63.5000309123555,1.0626035947999e-09
63.5750900505498,1.07018038562364e-09
63.650149188744,1.07502989683567e-09
63.7252083269383,8.43658874867459e-10
63.8002674651326,7.76283937255339e-10
63.8753266033268,4.83053852725204e-10
63.9503857415211,6.15533089595272e-10
64.0254448797154,1.30845438097625e-09
64.1005040179097,1.31149388585365e-09
64.1755631561039,9.91254993818311e-10
64.2506222942982,1.52044193505937e-09
64.3256814324925,1.70659603194686e-09
64.4007405706868,1.05467083952284e-09
64.475799708881,9.98329281005631e-10
64.5508588470753,1.50984038484426e-09
64.6259179852696,1.20527498495746e-09
64.7009771234639,5.0628356221202e-10
64.7760362616581,6.31581962970252e-10
64.8510953998524,7.46775316656271e-10
64.9261545380467,1.05947140223062e-09
65.001213676241,1.254233706313e-09
65.0762728144352,7.17114707884642e-10
65.1513319526295,9.52484361016791e-10
65.2263910908238,2.00139277370424e-09
65.301450229018,2.1972295036895e-09
65.3765093672123,1.41840262449611e-09
65.4515685054066,3.06040095681768e-10
65.5266276436009,4.75605161706388e-10
65.6016867817951,8.29535078264828e-10
65.6767459199894,1.45543919932709e-09
65.7518050581837,1.97797905873431e-09
65.826864196378,1.9312470976539e-09
65.9019233345722,1.76141832441664e-09
65.9769824727665,1.96326651801241e-09
66.0520416109608,1.83402348217892e-09
66.127100749155,1.33766827932508e-09
66.2021598873493,1.73148741225219e-09
66.2772190255436,2.23736035284225e-09
66.3522781637379,1.99904809341749e-09
66.4273373019321,1.6453135153884e-09
66.5023964401264,1.73249766185487e-09
66.5774555783207,1.67944676353794e-09
66.652514716515,1.69859714223017e-09
66.7275738547092,1.70093175283739e-09
66.8026329929035,9.64496282085646e-10
66.8776921310978,1.31335615726166e-09
66.9527512692921,2.7746593428431e-09
67.0278104074863,3.19211094223359e-09
67.1028695456806,2.34059323513862e-09
67.1779286838749,1.06174216091597e-09
67.2529878220692,7.63709885251981e-10
67.3280469602634,7.55539442440727e-10
67.4031060984577,1.67452207655345e-10
67.478165236652,8.8499171777684e-10
67.5532243748463,2.0078487125805e-09
67.6282835130405,2.60597100870613e-09
67.7033426512348,2.16112165361986e-09
67.7784017894291,8.41587494267149e-10
67.8534609276233,4.90578624660837e-10
67.9285200658176,9.53123127791171e-10
68.0035792040119,5.50446837797914e-10
68.0786383422062,6.7967867813706e-10
68.1536974804004,7.58439712860013e-10
68.2287566185947,4.93904342292588e-10
68.303815756789,1.29895949977398e-09
68.3788748949833,1.54536638606884e-09
68.4539340331775,7.32709633496794e-10
68.5289931713718,5.94616043748541e-10
68.6040523095661,1.32163462457352e-09
68.6791114477604,1.04082628584906e-09
68.7541705859546,5.12507476072135e-10
68.8292297241489,8.52258154933433e-10
68.9042888623432,6.39834497995661e-10
68.9793480005374,5.13857345789536e-10
69.0544071387317,1.1319062992787e-09
69.129466276926,1.27651274672278e-09
69.2045254151203,1.16397579529402e-09
69.2795845533146,1.05123090566391e-09
69.3546436915088,6.36208256074456e-10
69.4297028297031,4.77753117740765e-10
69.5047619678974,8.36222222529234e-10
69.5798211060916,6.8226854086734e-10
69.6548802442859,4.51354349820062e-10
69.7299393824802,7.37082394968192e-10
69.8049985206745,8.22633682147276e-10
69.8800576588687,9.10873908279996e-10
69.955116797063,9.27581758549972e-10
70.0301759352573,5.3157090731877e-10
70.1052350734516,4.95092861728099e-10
70.1802942116458,8.11973474023862e-10
70.2553533498401,6.12832828471118e-10
70.3304124880344,5.72419192505828e-10
70.4054716262286,8.36243825664328e-10
70.4805307644229,6.69808892276045e-10
70.5555899026172,6.56758909641106e-10
70.6306490408115,8.6137826992834e-10
70.7057081790057,5.63928087378507e-10
70.7807673172,5.18865475598545e-10
70.8558264553943,9.10591890910612e-10
70.9308855935886,7.16131162643944e-10
71.0059447317828,5.02822493548495e-10
71.0810038699771,8.69777915496363e-10
71.1560630081714,7.61133079053768e-10
71.2311221463656,4.62164290295027e-10
71.3061812845599,7.43074646466822e-10
71.3812404227542,7.37442557447011e-10
71.4562995609485,5.9401185940727e-10
71.5313586991428,7.29482690115288e-10
71.606417837337,6.52494918660882e-10
71.6814769755313,7.73138719360786e-10
71.7565361137256,1.08623398007913e-09
71.8315952519198,8.88281589923448e-10
71.9066543901141,4.06600903221462e-10
71.9817135283084,6.24282938674908e-10
72.0567726665027,5.57271190775292e-10
72.1318318046969,1.85227770148109e-10
72.2068909428912,6.47194125395567e-10
72.2819500810855,6.9149686598188e-10
72.3570092192798,3.57530164610491e-10
72.432068357474,4.36990911835897e-10
72.5071274956683,3.765315335487e-10
72.5821866338626,1.56380398300826e-10
72.6572457720569,5.24206623894964e-10
72.7323049102511,4.46163122561854e-10
72.8073640484454,1.96776138743952e-10
72.8824231866397,5.83056685664267e-10
72.9574823248339,5.61464774545599e-10
73.0325414630282,3.70364187145315e-10
73.1076006012225,6.1602977902009e-10
73.1826597394168,5.62293000990252e-10
73.2577188776111,4.75957250865889e-10
73.3327780158053,7.99796442857641e-10
73.4078371539996,7.15355042605045e-10
73.4828962921939,3.37590115327732e-10
73.5579554303881,6.6886339140357e-10
73.6330145685824,7.18508036008557e-10
73.7080737067767,4.69499328003859e-10
73.783132844971,8.25785871932473e-10
73.8581919831652,9.94603762886975e-10
73.9332511213595,6.72824842127675e-10
74.0083102595538,4.38731722066839e-10
74.083369397748,5.27825075328423e-10
74.1584285359423,5.13784077877054e-10
74.2334876741366,6.40586369590126e-10
74.3085468123309,6.25345420139444e-10
74.3836059505252,4.61913379150704e-10
74.4586650887194,6.56537037568161e-10
74.5337242269137,6.90234204595457e-10
74.608783365108,3.69871527107568e-10
74.6838425033022,4.03071489205134e-10
74.7589016414965,5.06084488466846e-10
74.8339607796908,3.05416391473934e-10
74.9090199178851,4.30845459945896e-10
74.9840790560793,5.25624131036558e-10
75.0591381942736,3.85883649689729e-10
75.1341973324679,5.04731842658271e-10
75.2092564706622,5.40636462707835e-10
75.2843156088564,3.2214759239022e-10
75.3593747470507,4.23310386080037e-10
75.434433885245,4.67943716052872e-10
75.5094930234392,2.43947904573304e-10
75.5845521616335,4.00097738655289e-10
75.6596112998278,4.63814676747051e-10
75.7346704380221,3.36943912533682e-10
75.8097295762163,5.45623872887586e-10
75.8847887144106,5.81945899679421e-10
75.9598478526049,3.65343954639934e-10
76.0349069907992,5.37941038884649e-10
76.1099661289934,6.05368182500123e-10
76.1850252671877,3.33008458631013e-10
76.260084405382,4.28013066348452e-10
76.3351435435763,5.21950008084559e-10
76.4102026817705,2.79946030729123e-10
76.4852618199648,4.45870866942647e-10
76.5603209581591,5.62976091594367e-10
76.6353800963534,3.22188236515404e-10
76.7104392345476,4.42305546248332e-10
76.7854983727419,5.72032936971315e-10
76.8605575109362,3.46842989127312e-10
76.9356166491305,4.57230689500729e-10
77.0106757873247,6.00642259537199e-10
77.085734925519,3.71957376614739e-10
77.1607940637133,4.3783076045995e-10
77.2358532019075,6.04489628376437e-10
77.3109123401018,3.94658983556282e-10
77.3859714782961,4.10914848955404e-10
77.4610306164904,5.77185461082143e-10
77.5360897546846,3.94751437725791e-10
77.6111488928789,4.51541292303728e-10
77.6862080310732,6.18029246347994e-10
77.7612671692675,4.09019674458296e-10
77.8363263074617,4.57507466687366e-10
77.911385445656,6.65651639496528e-10
77.9864445838503,4.55067724486341e-10
78.0615037220446,4.9313854621001e-10
78.1365628602388,7.62232040636496e-10
78.2116219984331,5.54361280718015e-10
78.2866811366274,6.24471692658752e-10
78.3617402748217,1.04619037867074e-09
78.4367994130159,8.45198202912621e-10
78.5118585512102,1.01637655765955e-09
78.5869176894045,1.82609412408558e-09
78.6619768275987,8.151976671946e-10
