f,amplitude_1,amplitude_2
0,0.00396417464281451,0.00339183909330408
0.0720567726665027,0.00632762614004593,0.00759322866659629
0.144113545333005,0.00269617198965566,0.00456394517635339
0.216170317999508,0.000339317794850943,0.000647197970919164
0.288227090666011,0.00111065345707964,0.00213005572944932
0.360283863332513,0.000421494465805425,0.000713825900295025
0.432340635999016,0.000149272436050714,0.000136082922111076
0.504397408665519,0.000154244111683661,0.000262749416192259
0.576454181332021,3.71065033279319e-05,0.000180513831626354
0.648510953998524,1.60858117126347e-06,1.43601100957103e-05
0.720567726665027,9.83460941959667e-06,1.7933929279108e-05
0.792624499331529,3.90200541071226e-06,1.39887535333263e-05
0.864681271998032,5.22563479343845e-06,3.57099721768322e-06
0.936738044664535,1.34970561419774e-05,1.33383274064465e-05
1.00879481733104,1.1376487415167e-05,2.93788491256047e-05
1.08085158999754,3.54011405768091e-06,2.3906289804498e-05
1.15290836266404,4.66744516274583e-05,8.03937771902414e-05
1.22496513533055,0.000115090940135625,0.000342408059520855
1.29702190799705,0.000131378169416612,0.000384203654349653
1.36907868066355,7.39835138626618e-05,0.000546236759916472
1.44113545333005,8.89661477126109e-06,0.000139694401325308
1.51319222599656,2.90891399874546e-05,0.000197410528068236
1.58524899866306,1.41444272658169e-05,0.000209580378291921
1.65730577132956,1.75378024412154e-05,7.06618326059188e-05
1.72936254399606,2.85756399491802e-05,4.35477267210859e-05
1.80141931666257,1.53126564921698e-05,5.43004457303108e-05
1.87347608932907,3.36609125680688e-05,3.68433196045929e-05
1.94553286199557,3.17505629931354e-05,3.44226310874974e-05
2.01758963466207,2.42546503214982e-05,1.84268822918741e-05
2.08964640732858,1.56009152688802e-05,7.98772639275678e-06
2.16170317999508,5.25882173158042e-06,1.37332294874891e-05
2.23375995266158,1.30873717783287e-06,7.08020734561521e-06
2.30581672532809,7.79054696166441e-07,9.63470531341479e-06
2.37787349799459,1.34501981621408e-06,6.10756908951534e-06
2.44993027066109,1.09027151529904e-06,8.76923874761544e-06
2.52198704332759,8.6758612850626e-07,6.71884454338222e-06
2.5940438159941,2.08277691627155e-06,8.74998443015897e-06
2.6661005886606,1.19676188956136e-06,8.26904435330992e-06
2.7381573613271,1.83098043456011e-06,6.7967639314731e-06
2.8102141339936,2.5569598626471e-06,9.32813516955506e-06
2.88227090666011,9.09864956965492e-07,6.01904631282441e-06
2.95432767932661,4.84675827168855e-06,1.01861163024298e-05
3.02638445199311,1.12436252822595e-05,1.26863972194162e-05
3.09844122465961,1.15215837576464e-05,5.68875908128207e-06
3.17049799732612,2.05887418398855e-05,1.35189750553121e-05
3.24255476999262,2.14422979639216e-05,1.66307573989549e-05
3.31461154265912,7.19412461938629e-06,1.14173072837016e-05
3.38666831532563,2.22029093971399e-06,1.40165837189374e-06
3.45872508799213,4.37839044209759e-06,6.78607171475244e-06
3.53078186065863,1.99847030373787e-06,7.05688663659975e-06
3.60283863332513,3.03417825306715e-06,3.35638880691303e-06
3.67489540599164,6.90207510792126e-06,1.02395813003569e-05
3.74695217865814,8.34855636066363e-06,1.18292196485366e-05
3.81900895132464,4.79136010307415e-06,7.47806905320252e-06
3.89106572399114,2.13364028507024e-06,4.64990106789763e-06
3.96312249665765,4.15680961854766e-07,3.91581351301143e-06
4.03517926932415,3.78840888147747e-07,4.23852483515617e-06
4.10723604199065,3.31118375996114e-07,3.88750855509919e-06
4.17929281465715,2.87268271509951e-07,3.62346182809087e-06
4.25134958732366,3.54400886961513e-07,3.06718048610859e-06
4.32340635999016,2.62905001943802e-07,3.14816846034491e-06
4.39546313265666,2.77061472898767e-07,3.02818785106318e-06
4.46751990532317,7.97285469081887e-07,2.82084175349015e-06
4.53957667798967,7.25468381690983e-07,3.802408268867e-06
4.61163345065617,2.86588905677442e-07,3.2009130059095e-06
4.68369022332267,1.12053226181544e-06,2.08862049421007e-06
4.75574699598918,9.57771273172603e-07,3.56453099302076e-06
4.82780376865568,7.12277122502014e-07,2.24538402335627e-06
4.89986054132218,4.94715371717099e-06,5.19177831743744e-06
4.97191731398868,9.17853550335592e-06,1.59324419731182e-05
5.04397408665519,9.51584316635202e-06,1.32242178664974e-05
5.11603085932169,4.72626313546094e-06,4.55623217792959e-06
5.18808763198819,6.03250391929435e-07,2.52301891917573e-06
5.2601444046547,2.56561188426478e-07,2.98739079606249e-06
5.3322011773212,1.83448124987664e-07,2.62351435689248e-06
5.4042579499877,5.51542623867132e-08,2.843653108212e-06
5.4763147226542,1.32769430287813e-07,2.8866200148187e-06
5.5483714953207,9.2668170308837e-08,2.73217923451879e-06
5.62042826798721,9.37405700232676e-08,2.70044735467331e-06
5.69248504065371,1.71137953216168e-08,2.6488021696915e-06
5.76454181332021,3.5019529506186e-08,2.60441899175723e-06
5.83659858598672,3.44220372981562e-08,2.61304503431165e-06
5.90865535865322,5.01732462172197e-08,2.47137975938614e-06
5.98071213131972,7.22843732376679e-08,2.26608717473728e-06
6.05276890398622,1.52556226309262e-08,2.46108935790625e-06
6.12482567665273,4.87530453649728e-07,2.24620310977696e-06
6.19688244931923,1.20889274372161e-06,1.8355114609501e-06
6.26893922198573,1.35734028186177e-06,1.63082546045899e-06
6.34099599465223,1.28257987063261e-06,3.48942639752752e-06
6.41305276731874,4.29393659198064e-07,2.98974767936797e-06
6.48510953998524,6.46761524215202e-08,2.23430422772074e-06
6.55716631265174,4.12671228747575e-07,2.90530976311721e-06
6.62922308531825,1.49380196807757e-07,2.36578945089515e-06
6.70127985798475,9.10253735404805e-08,2.12877493463153e-06
6.77333663065125,4.0896260429873e-07,2.64273979555152e-06
6.84539340331775,1.86885094806604e-07,2.34862639958891e-06
6.91745017598426,1.34764761962968e-07,2.08621363999518e-06
6.98950694865076,4.54562527402582e-07,2.56798317592945e-06
7.06156372131726,1.80374632661913e-07,2.18362122799643e-06
7.13362049398376,2.62160766374593e-07,1.95863814581322e-06
7.20567726665027,5.70625794403488e-07,2.51267285406123e-06
7.27773403931677,1.07790552509786e-07,2.10352368504766e-06
7.34979081198327,6.59806600064818e-07,2.33113296926325e-06
7.42184758464978,7.01697481779412e-07,2.52153623681164e-06
7.49390435731628,4.18079831245459e-07,2.21969582642797e-06
7.56596112998278,8.60131913434263e-07,2.58140968182328e-06
7.63801790264928,5.92908745665273e-07,2.11891733343165e-06
7.71007467531579,2.85172208305529e-07,2.05712318462799e-06
7.78213144798229,5.43853905024904e-07,2.17401212146615e-06
7.85418822064879,3.08738425346448e-07,1.87886184796781e-06
7.92624499331529,2.25632205381092e-07,1.94046195891344e-06
7.9983017659818,4.42954175287512e-07,2.07238382142919e-06
8.0703585386483,3.39872883324173e-07,1.87383604518422e-06
8.1424153113148,1.74207070188926e-07,1.85241594287427e-06
8.2144720839813,3.47890729705435e-07,1.90188299546114e-06
8.28652885664781,2.59493701543959e-07,1.71358191666398e-06
8.35858562931431,1.00153832874426e-07,1.76702484070531e-06
8.43064240198081,3.10935579885938e-07,1.75033837297162e-06
8.50269917464732,2.69677318618798e-07,1.79411560730962e-06
8.57475594731382,1.62688694646107e-07,1.68210830145427e-06
8.64681271998032,5.52375738836461e-07,1.82660014438632e-06
8.71886949264682,7.04464537430807e-07,1.98798464561718e-06
8.79092626531332,5.32662985661262e-07,1.87867728501974e-06
8.86298303797983,3.31737482050954e-07,1.47737947953468e-06
8.93503981064633,2.02978568307128e-07,1.60272993559491e-06
9.00709658331283,1.03858295269116e-07,1.61942206993841e-06
9.07915335597934,9.77896654530145e-08,1.604878223214e-06
9.15121012864584,1.02813184258754e-07,1.59093342941501e-06
9.22326690131234,1.5229495506349e-07,1.50987773069617e-06
9.29532367397884,1.78567183854469e-07,1.53709657858399e-06
9.36738044664535,1.65500719889762e-07,1.53362453369487e-06
9.43943721931185,2.37594895164557e-07,1.53632185724989e-06
9.51149399197835,2.35393117171287e-07,1.84644634581408e-06
9.58355076464485,5.87568066812408e-08,1.61040090008052e-06
9.65560753731136,2.91452541734363e-07,1.616804638046e-06
9.72766430997786,2.92567569331072e-07,2.39383300836442e-06
9.79972108264436,9.79045251188631e-08,1.6972864106812e-06
9.87177785531087,2.91130110403054e-07,2.2298444036208e-06
9.94383462797737,4.12463552607141e-07,3.10949867017184e-06
10.0158914006439,2.78995044079499e-07,1.76382921999435e-06
10.0879481733104,3.46207107751423e-07,5.05340826955401e-07
10.1600049459769,1.30553535985908e-07,1.29327677002375e-06
10.2320617186434,5.6769090818403e-08,1.45231980066568e-06
10.3041184913099,3.7454998677308e-08,1.34650401054209e-06
10.3761752639764,4.98305726339689e-08,1.4528739574089e-06
10.4482320366429,4.96603602635316e-08,1.43235140019958e-06
10.5202888093094,4.11964643765909e-08,1.38133466513426e-06
10.5923455819759,5.49659270984566e-08,1.45168401858512e-06
10.6644023546424,7.58474388072585e-08,1.43818286774511e-06
10.7364591273089,5.63221911602469e-08,1.41443362383599e-06
10.8085158999754,4.53302420945986e-08,1.38583803921156e-06
10.8805726726419,5.65060108242629e-08,1.36347127558192e-06
10.9526294453084,8.90410026992265e-08,1.3990315732239e-06
11.0246862179749,6.2988611009033e-08,1.37312301885375e-06
11.0967429906414,8.02721605412919e-08,1.32810598980124e-06
11.1687997633079,2.16551007884488e-07,1.4359343543834e-06
11.2408565359744,2.85851021732624e-07,1.35223606574572e-06
11.3129133086409,4.75880826159748e-07,1.41885721468663e-06
11.3849700813074,3.06661280526071e-07,1.25416507048716e-06
11.4570268539739,5.22448677434931e-08,1.27283446759341e-06
11.5290836266404,9.78592660498848e-08,1.33317223028178e-06
11.6011403993069,9.65327430956772e-08,1.21107514184603e-06
11.6731971719734,9.02044433947884e-08,1.30235009124811e-06
11.7452539446399,1.51054204171303e-07,1.34234841815281e-06
11.8173107173064,1.01078408944547e-07,1.18323958476134e-06
11.8893674899729,5.54763409823693e-08,1.29284005484548e-06
11.9614242626394,1.01692234543626e-07,1.28511462654993e-06
12.0334810353059,6.05361474332379e-08,1.19058278622782e-06
12.1055378079724,2.57152754582346e-08,1.26830729331898e-06
12.177594580639,6.71786316098419e-08,1.23517166726871e-06
12.2496513533055,3.62557792072358e-08,1.19300251849854e-06
12.321708125972,1.73424389148202e-08,1.2336727270809e-06
12.3937648986385,4.46624918244832e-08,1.19138466927402e-06
12.465821671305,4.89461452930001e-09,1.19928927095457e-06
12.5378784439715,5.23186490601815e-08,1.22822460071467e-06
12.609935216638,7.92245213287668e-08,1.15580917790069e-06
12.6819919893045,3.11259925678791e-08,1.15995892885296e-06
12.754048761971,4.8172714148794e-08,1.18907994563907e-06
12.8261055346375,7.70884232598796e-08,1.11926772707124e-06
12.898162307304,1.83757531472437e-08,1.14748574823164e-06
12.9702190799705,5.56991021165179e-08,1.17408878181038e-06
13.042275852637,8.27073755831618e-08,1.10356709585348e-06
13.1143326253035,5.17047521653046e-08,1.10566445987303e-06
13.18638939797,6.43667313724333e-08,1.12427617345092e-06
13.2584461706365,8.8529933652989e-08,1.05152488088397e-06
13.330502943303,4.12202057347957e-08,1.08957464712552e-06
13.4025597159695,5.63475677958392e-08,1.13760459479739e-06
13.474616488636,8.70460703433318e-08,1.0401281810621e-06
13.5466732613025,5.05595082914727e-08,1.06291734548313e-06
13.618730033969,6.72147303640546e-08,1.1060254316176e-06
13.6907868066355,1.39442336849437e-07,9.34601549659142e-07
13.762843579302,1.4693382946498e-07,9.14263753202394e-07
13.8349003519685,4.90026248996666e-08,1.08520245250299e-06
13.906957124635,1.478385578472e-08,1.14789284395668e-06
13.9790138973015,2.92514344270543e-08,1.09576747617679e-06
14.051070669968,2.48785679827364e-08,1.07343575082427e-06
14.1231274426345,2.20213863587512e-08,1.06362733062498e-06
14.195184215301,2.84311429551416e-08,1.06963259522691e-06
14.2672409879675,3.76253326653532e-08,1.06720529093301e-06
14.339297760634,3.50622783393905e-08,1.03712116161061e-06
14.4113545333005,4.67939206972598e-08,1.02369513895482e-06
14.483411305967,6.43286613868221e-08,9.78156535964705e-07
14.5554680786335,5.72271006021827e-08,9.57247741056421e-07
14.6275248513,2.63267613899799e-08,1.02722804718936e-06
14.6995816239665,6.67601176933657e-08,9.98057996859155e-07
14.771638396633,8.22839429821089e-08,9.27737289506377e-07
14.8436951692996,4.97931355893341e-08,1.01209948518221e-06
14.9157519419661,1.51909111999651e-07,9.50913558688644e-07
14.9878087146326,2.33927056412331e-07,6.72898524188352e-07
15.0598654872991,1.96738430619988e-07,8.50131069292043e-07
15.1319222599656,9.19933973226402e-08,1.08978205310588e-06
15.2039790326321,4.61453350479958e-08,1.04565031295239e-06
15.2760358052986,1.83623827347081e-08,9.67856103019793e-07
15.3480925779651,2.59115872768947e-08,9.90573486966604e-07
15.4201493506316,4.02324037371516e-08,9.56861077066684e-07
15.4922061232981,3.28221248038676e-08,9.50352198195909e-07
15.5642628959646,4.67703159045114e-08,9.69396346854353e-07
15.6363196686311,6.07741652732534e-08,9.45372324763825e-07
15.7083764412976,5.11757301614293e-08,9.1609459921434e-07
15.7804332139641,4.26235686777057e-08,9.04789149618096e-07
15.8524899866306,3.46971681513949e-08,9.14250318153471e-07
15.9245467592971,4.72533196132931e-08,9.26377668398825e-07
15.9966035319636,5.55331936283511e-08,8.7891672923361e-07
16.0686603046301,3.39263607608915e-08,8.89206702297775e-07
16.1407170772966,5.444964360583e-08,9.22071131613863e-07
16.2127738499631,6.27584452323116e-08,7.83067960035348e-07
16.2848306226296,6.6873729366557e-08,7.24526398025915e-07
16.3568873952961,3.35224042810384e-08,8.80994574127987e-07
16.4289441679626,2.50092175876971e-08,9.59121327668019e-07
16.5010009406291,2.58133656205087e-08,8.74729146566463e-07
16.5730577132956,1.21559799416082e-08,8.8827353707188e-07
16.6451144859621,2.66820130170092e-08,8.98346570497463e-07
16.7171712586286,2.46408974487337e-08,8.52193204003089e-07
16.7892280312951,1.40901854957746e-08,8.74326614290008e-07
16.8612848039616,2.92560300935723e-08,8.82535105926301e-07
16.9333415766281,2.62544980648268e-08,8.40709920403686e-07
17.0053983492946,1.37217515494235e-08,8.51097952245951e-07
17.0774551219611,2.40172961956175e-08,8.56981760435029e-07
17.1495118946276,2.34668086911025e-08,8.31480143185911e-07
17.2215686672941,1.7549689298235e-08,8.43741370470806e-07
17.2936254399606,2.35151601803333e-08,8.3755786415888e-07
17.3656822126271,1.92367281831334e-08,8.25965418751281e-07
17.4377389852936,1.71724548097695e-08,8.37908477654152e-07
17.5097957579601,1.89788074364299e-08,8.19563525279175e-07
17.5818525306266,1.40920151073174e-08,8.07834126653904e-07
17.6539093032932,1.74433462319326e-08,8.31996761217092e-07
17.7259660759597,1.89758294936466e-08,8.19370259658155e-07
17.7980228486262,9.31348078396797e-09,8.059995245843e-07
17.8700796212927,1.81229985214093e-08,8.25787889553225e-07
17.9421363939592,1.63795244450586e-08,8.01894560541711e-07
18.0141931666257,6.88341663435429e-09,7.79170669124599e-07
18.0862499392922,1.43846347000694e-08,8.09359160171794e-07
18.1583067119587,1.12995058400228e-08,7.90872913826508e-07
18.2303634846252,1.09560520909769e-08,7.94704318574318e-07
18.3024202572917,2.89036045643072e-08,8.26829952898131e-07
18.3744770299582,1.27031029804423e-08,7.82924858362807e-07
18.4465338026247,1.15826273168761e-08,7.72035236239004e-07
18.5185905752912,2.61871743967681e-08,8.13284628541371e-07
18.5906473479577,1.28990535345602e-08,7.74772847873055e-07
18.6627041206242,2.380615199038e-08,7.6810252866305e-07
18.7347608932907,5.93887129645186e-08,8.74416993328048e-07
18.8068176659572,4.95635746171494e-08,8.51178500302107e-07
18.8788744386237,2.68012471825207e-08,7.61119758949263e-07
18.9509312112902,3.91845895808809e-09,7.3707598831561e-07
19.0229879839567,1.13327094768365e-08,7.53491591134407e-07
19.0950447566232,1.23407416921806e-08,7.56444774588671e-07
19.1671015292897,1.29394349744991e-08,7.57541069832403e-07
19.2391583019562,1.25856639263002e-08,7.43401674232933e-07
19.3112150746227,1.91117319567819e-08,7.44170887696151e-07
19.3832718472892,2.34971924030863e-08,7.54658942720532e-07
19.4553286199557,2.39783874777159e-08,7.53533841815573e-07
19.5273853926222,2.72973647620885e-08,7.75037847860002e-07
19.5994421652887,2.13897129177197e-08,7.61812773510611e-07
19.6714989379552,1.80311564378364e-08,7.29129564860639e-07
19.7435557106217,2.89761211790842e-08,7.60369801101138e-07
19.8156124832882,2.50211595800423e-08,7.60329978441205e-07
19.8876692559547,2.07414906057752e-08,7.16943115518611e-07
19.9597260286212,4.05173737376167e-08,7.9547756192934e-07
20.0317828012877,5.83643782564151e-08,8.53984089866774e-07
20.1038395739542,3.03816189267724e-08,7.76046785181934e-07
20.1758963466207,6.4651254056695e-09,6.91153759672679e-07
20.2479531192872,1.61544542103296e-08,7.17682804701001e-07
20.3200098919538,1.68587762692578e-08,7.2064498454286e-07
20.3920666646203,1.61475964459333e-08,7.1165526528531e-07
20.4641234372868,1.84510120183108e-08,7.19910862231232e-07
20.5361802099533,1.63133835527738e-08,7.08239797081894e-07
20.6082369826198,1.85280837070627e-08,7.0652472403776e-07
20.6802937552863,2.5444906954223e-08,7.21126488697955e-07
20.7523505279528,2.29633345215372e-08,7.26681961914549e-07
20.8244073006193,2.17472739941067e-08,7.25590459279565e-07
20.8964640732858,1.90540679279641e-08,7.11021601966773e-07
20.9685208459523,2.32659299600914e-08,7.10209459622891e-07
21.0405776186188,2.57236622620934e-08,7.2577476731634e-07
21.1126343912853,1.9990249156403e-08,7.05679950673773e-07
21.1846911639518,2.90478119702667e-08,7.12622810796369e-07
21.2567479366183,3.63694982754834e-08,7.7046776452621e-07
21.3288047092848,3.6112955616334e-08,7.51544676904441e-07
21.4008614819513,1.10983647743413e-08,6.81796095634226e-07
21.4729182546178,1.61817364343736e-08,6.84265704532774e-07
21.5449750272843,1.98802778103642e-08,6.97770033719273e-07
21.6170317999508,1.65971173148597e-08,6.83019428726019e-07
21.6890885726173,2.02883631706054e-08,6.93563231861835e-07
21.7611453452838,2.00105479659847e-08,6.92984580076512e-07
21.8332021179503,1.66341877851541e-08,6.78385155592487e-07
21.9052588906168,2.1603219613542e-08,6.88137540171376e-07
21.9773156632833,2.19453866480164e-08,6.88771951278815e-07
22.0493724359498,1.86442458553947e-08,6.79285300309152e-07
22.1214292086163,2.03722611615945e-08,6.82382897162147e-07
22.1934859812828,1.98564586659159e-08,6.79418971918202e-07
22.2655427539493,1.93815510052973e-08,6.74398177808514e-07
22.3375995266158,2.09524102069596e-08,6.7700392608498e-07
22.4096562992823,1.93131988165946e-08,6.71314620927327e-07
22.4817130719488,2.07356815879075e-08,6.7004495941563e-07
22.5537698446153,2.10650601713486e-08,6.74693219015028e-07
22.6258266172818,1.76162658139889e-08,6.65867118038699e-07
22.6978833899483,1.81988126821248e-08,6.61294339213896e-07
22.7699401626148,1.96207902210537e-08,6.64600370219971e-07
22.8419969352813,1.68689173752405e-08,6.57651399246302e-07
22.9140537079478,1.8451135109012e-08,6.5547531706022e-07
22.9861104806144,1.89202698146905e-08,6.59372551951149e-07
23.0581672532809,1.62869133981544e-08,6.5312160739027e-07
23.1302240259474,1.68436090887598e-08,6.49134440106456e-07
23.2022807986139,1.75530295255587e-08,6.50574179130629e-07
23.2743375712804,1.35045970939218e-08,6.43226546205291e-07
23.3463943439469,1.79697628281916e-08,6.40924185344084e-07
23.4184511166134,1.73299112062483e-08,6.46678491330526e-07
23.4905078892799,1.42880842723516e-08,6.39993546904168e-07
23.5625646619464,1.69682242101684e-08,6.35580150894565e-07
23.6346214346129,1.78988194735165e-08,6.4144893820621e-07
23.7066782072794,9.38521299560571e-09,6.30974836435334e-07
23.7787349799459,1.7396192882863e-08,6.19679936638043e-07
23.8507917526124,2.05447902716655e-08,6.28598890477935e-07
23.9228485252789,2.16606045759744e-08,6.31949209461947e-07
23.9949052979454,1.72071919632125e-08,6.31344882225456e-07
24.0669620706119,1.72762906509011e-08,6.28206398617192e-07
24.1390188432784,1.6936128490432e-08,6.2491163761143e-07
24.2110756159449,1.64368182625135e-08,6.2457313145045e-07
24.2831323886114,1.58823340932599e-08,6.24829544295854e-07
24.3551891612779,1.41950043030044e-08,6.22101852100187e-07
24.4272459339444,1.36624780254923e-08,6.20212372399379e-07
24.4993027066109,1.46289065899093e-08,6.14949075152777e-07
24.5713594792774,1.36558553881039e-08,6.11121495425648e-07
24.6434162519439,1.61811285073987e-08,6.12977930903731e-07
24.7154730246104,1.47001544907018e-08,6.11773989613114e-07
24.7875297972769,1.26033937622608e-08,6.07321689607799e-07
24.8595865699434,1.52765818847906e-08,6.07584273001691e-07
24.9316433426099,1.5106092587792e-08,6.07068395745857e-07
25.0037001152764,6.72917901898033e-09,6.0270812164614e-07
25.0757568879429,2.16946893614929e-08,5.87768522905293e-07
25.1478136606094,1.92227875007509e-08,5.97754913766011e-07
25.2198704332759,1.77334325869916e-08,6.00956697309627e-07
25.2919272059424,1.49410248731336e-08,5.98862699025732e-07
25.3639839786089,1.62933936451944e-08,5.96662331934037e-07
25.4360407512754,1.53986164191029e-08,5.95550324177437e-07
25.5080975239419,1.49959668820512e-08,5.93664999613008e-07
25.5801542966084,1.57739498296817e-08,5.92493897368148e-07
25.6522110692749,1.18619256188225e-08,5.9267997907558e-07
25.7242678419415,1.34351939318336e-08,5.88420812725573e-07
25.796324614608,1.42047754873689e-08,5.86435613791168e-07
25.8683813872745,1.44521388282769e-08,5.84525506476094e-07
25.940438159941,1.36776989372409e-08,5.84733569701781e-07
26.0124949326075,1.38218112446431e-08,5.83199903977245e-07
26.084551705274,1.37264202374408e-08,5.80249472238695e-07
26.1566084779405,1.31057975359267e-08,5.81148131666183e-07
26.228665250607,1.26139298307971e-08,5.80337186094867e-07
26.3007220232735,1.4271575740445e-08,5.7142700471447e-07
26.37277879594,1.79998439442265e-08,5.69819428995887e-07
26.4448355686065,1.68477615685164e-08,5.71471269065071e-07
26.516892341273,1.39577404470929e-08,5.72482705931943e-07
26.5889491139395,1.49653160170835e-08,5.69871531930511e-07
26.661005886606,1.50879878113973e-08,5.69140733265106e-07
26.7330626592725,1.35282390274644e-08,5.68139921064435e-07
26.805119431939,1.45627480203799e-08,5.65957528269943e-07
26.8771762046055,1.4265478320362e-08,5.66005331613148e-07
26.949232977272,1.24360171042163e-08,5.65021724089505e-07
27.0212897499385,1.44519174433554e-08,5.61856657745001e-07
27.093346522605,1.41045836587469e-08,5.61266727262081e-07
27.1654032952715,1.35847602036345e-08,5.59595857811003e-07
27.237460067938,1.40909825655816e-08,5.58057686384146e-07
27.3095168406045,1.35892803965163e-08,5.5740549318215e-07
27.381573613271,1.38753003908919e-08,5.55179805884329e-07
27.4536303859375,1.39761216479795e-08,5.54470638836664e-07
27.525687158604,1.31921639101915e-08,5.54294403611475e-07
27.5977439312705,1.4764707450155e-08,5.49888675210139e-07
27.669800703937,1.43878090017046e-08,5.49327460842375e-07
27.7418574766035,1.36889358580929e-08,5.49277509021575e-07
27.81391424927,1.483537372454e-08,5.46485539587585e-07
27.8859710219365,1.42373133569834e-08,5.45977688676415e-07
27.958027794603,1.38340530288119e-08,5.45828591141786e-07
28.0300845672695,1.48253980906849e-08,5.4230663844846e-07
28.102141339936,1.42063689969319e-08,5.41977414270469e-07
28.1741981126025,1.36947927360571e-08,5.41399249056199e-07
28.246254885269,1.51565619230837e-08,5.38757716094181e-07
28.3183116579355,1.35805529048924e-08,5.38818739574753e-07
28.3903684306021,1.36496534265736e-08,5.38469332430049e-07
28.4624252032686,1.47865819410679e-08,5.35285227554832e-07
28.5344819759351,1.38090879927536e-08,5.34938096085926e-07
28.6065387486016,1.34425070705976e-08,5.34720648482208e-07
28.6785955212681,1.56574844017997e-08,5.30855875505764e-07
28.7506522939346,1.35631884057235e-08,5.30830635839222e-07
28.8227090666011,1.2467757102281e-08,5.32294768659411e-07
28.8947658392676,1.25159977434181e-08,5.31009773898995e-07
28.9668226119341,1.44057192547863e-08,5.2825049094581e-07
29.0388793846006,1.36798199875526e-08,5.26736038818731e-07
29.1109361572671,1.42294735458308e-08,5.24925246321641e-07
29.1829929299336,1.41302504378037e-08,5.24534980068634e-07
29.2550497026001,1.38658425558473e-08,5.23484724514061e-07
29.3271064752666,1.47752884340707e-08,5.21424896266348e-07
29.3991632479331,1.43012556042222e-08,5.2110253768568e-07
29.4712200205996,1.40224371864058e-08,5.19266624955768e-07
29.5432767932661,1.43306673695724e-08,5.18222887899782e-07
29.6153335659326,1.3076486675104e-08,5.17902736317916e-07
29.6873903385991,1.40011798384002e-08,5.16977867683787e-07
29.7594471112656,1.44951109927291e-08,5.14455797619814e-07
29.8315038839321,1.31096137292133e-08,5.14481372597174e-07
29.9035606565986,1.37595853907153e-08,5.12919876031385e-07
29.9756174292651,1.57151918603075e-08,5.10893859603709e-07
30.0476742019316,1.02683109373194e-08,5.11335841520458e-07
30.1197309745981,1.15218893220176e-08,5.12159786152139e-07
30.1917877472646,1.36578504004477e-08,5.09277898019725e-07
30.2638445199311,1.41608155399328e-08,5.0858784648275e-07
30.3359012925976,1.35117974648664e-08,5.07341709499238e-07
30.4079580652641,1.39045623845029e-08,5.06116124579196e-07
30.4800148379306,1.38321330109231e-08,5.05401523441787e-07
30.5520716105971,1.39004164063207e-08,5.04186912527174e-07
30.6241283832636,1.46193787415439e-08,5.02546718682736e-07
30.6961851559301,1.34736392166035e-08,5.01498080628026e-07
30.7682419285966,1.30233245688553e-08,5.00085874197413e-07
30.8402987012631,1.28878085662697e-08,4.99823438855548e-07
30.9123554739296,1.33178255890749e-08,4.99069495782142e-07
30.9844122465961,1.33930639224768e-08,4.97624475072995e-07
31.0564690192627,1.27602992667657e-08,4.96961948855912e-07
31.1285257919292,1.30689364716264e-08,4.96107416395396e-07
31.2005825645957,1.27328609541994e-08,4.94969880764958e-07
31.2726393372622,1.21154697311061e-08,4.93816060573843e-07
31.3446961099287,1.03774954081037e-08,4.91461625887411e-07
31.4167528825952,1.29313538376897e-08,4.92751598508826e-07
31.4888096552617,1.37612209592184e-08,4.91623157761383e-07
31.5608664279282,1.27808097254984e-08,4.90310544723211e-07
31.6329232005947,1.28627445307394e-08,4.89544013689016e-07
31.7049799732612,1.29426945103492e-08,4.88444501346868e-07
31.7770367459277,1.25165278023726e-08,4.87329692222864e-07
31.8490935185942,1.28845857996531e-08,4.8648914950582e-07
31.9211502912607,1.29874636048275e-08,4.85600864381532e-07
31.9932070639272,1.18410304443752e-08,4.84301255509715e-07
32.0652638365937,1.22739973377237e-08,4.83530965478942e-07
32.1373206092602,1.22738275467425e-08,4.82944609981803e-07
32.2093773819267,1.21420264745242e-08,4.81750665003032e-07
32.2814341545932,1.22228738626735e-08,4.80801549338404e-07
32.3534909272597,1.20937961378748e-08,4.80040563618471e-07
32.4255476999262,1.20657488146981e-08,4.78974523914455e-07
32.4976044725927,1.19780426246336e-08,4.77858566211404e-07
32.5696612452592,1.16588628669559e-08,4.76920432464397e-07
32.6417180179257,1.20158898066764e-08,4.76216506526391e-07
32.7137747905922,1.20619677839077e-08,4.75675059833581e-07
32.7858315632587,1.18448654097791e-08,4.74576161584261e-07
32.8578883359252,1.21153962092285e-08,4.73512943143574e-07
32.9299451085917,1.19001546630965e-08,4.72963720638657e-07
33.0020018812582,1.17579298037309e-08,4.71810692227304e-07
33.0740586539247,1.20724617306218e-08,4.70468093600426e-07
33.1461154265912,1.20835241041522e-08,4.70087973970698e-07
33.2181721992577,1.1765282726646e-08,4.68863493862005e-07
33.2902289719242,1.24436407188467e-08,4.68406488436944e-07
33.3622857445907,1.17627851834074e-08,4.68029043515358e-07
33.4343425172572,1.16056946119972e-08,4.66454866545546e-07
33.5063992899237,1.21479149084654e-08,4.655066882988e-07
33.5784560625902,1.18844629033061e-08,4.65287183133768e-07
33.6505128352567,1.14741325485674e-08,4.63891690766023e-07
33.7225696079232,1.25132079708845e-08,4.62885942129666e-07
33.7946263805897,1.23391596896031e-08,4.63416983102318e-07
33.8666831532563,1.17236136081579e-08,4.63450436865796e-07
33.9387399259228,1.08054038479629e-08,4.61080082533356e-07
34.0107966985893,1.1612711085054e-08,4.59591590439993e-07
34.0828534712558,1.13647624334884e-08,4.58534533867779e-07
34.1549102439223,1.14756585899848e-08,4.57993550450134e-07
34.2269670165888,1.1467879426543e-08,4.5712416472787e-07
34.2990237892553,1.12411247012993e-08,4.55716771216383e-07
34.3710805619218,1.17180159844153e-08,4.55150582520282e-07
34.4431373345883,1.18356651811966e-08,4.54654358691776e-07
34.5151941072548,1.17028117957691e-08,4.54045607600199e-07
34.5872508799213,1.20995144858111e-08,4.54450190190857e-07
34.6593076525878,1.13246383591728e-08,4.52991727109435e-07
34.7313644252543,1.13052716003286e-08,4.50978424061604e-07
34.8034211979208,1.20895673885746e-08,4.51624045838608e-07
34.8754779705873,1.1513797415989e-08,4.50616168210011e-07
34.9475347432538,1.11223528575428e-08,4.4813476551013e-07
35.0195915159203,1.33171497202455e-08,4.50524335009384e-07
35.0916482885868,1.18925883424825e-08,4.51349115387498e-07
35.1637050612533,1.06794592881774e-08,4.48275570848829e-07
35.2357618339198,1.05017100841531e-08,4.45363774741194e-07
35.3078186065863,1.13321934248367e-08,4.4527942252255e-07
35.3798753792528,1.10494223579198e-08,4.44528531785377e-07
35.4519321519193,1.11906024795699e-08,4.43964744473273e-07
35.5239889245858,1.12085426630837e-08,4.43320711608811e-07
35.5960456972523,1.09635518348937e-08,4.42084396766861e-07
35.6681024699188,1.16846789490006e-08,4.41543751981742e-07
35.7401592425853,1.16262516676252e-08,4.41279446034113e-07
35.8122160152518,1.15758897856686e-08,4.41279544539768e-07
35.8842727879183,1.1287607771731e-08,4.40514123290343e-07
35.9563295605848,1.11729119339503e-08,4.38877535604828e-07
36.0283863332513,1.14917429007659e-08,4.38444734374419e-07
36.1004431059178,1.14743970297313e-08,4.3849933627824e-07
36.1724998785843,1.13756541759358e-08,4.36741127984511e-07
36.2445566512508,1.16461528783863e-08,4.3668233125903e-07
36.3166134239173,1.23022127958734e-08,4.38239276000286e-07
36.3886701965838,1.10009275676448e-08,4.36551129392588e-07
36.4607269692504,1.0309690398767e-08,4.33892280743952e-07
36.5327837419169,1.11144656150795e-08,4.33500255755567e-07
36.6048405145834,1.10590699321841e-08,4.3303693077476e-07
36.6768972872499,1.09260782972653e-08,4.31928682596324e-07
36.7489540599164,1.12159935587053e-08,4.31764589326154e-07
36.8210108325829,1.09717174637019e-08,4.31010850003431e-07
36.8930676052494,1.09398965847434e-08,4.29780935590146e-07
36.9651243779159,1.15612358044032e-08,4.2983838371269e-07
37.0371811505824,1.11710864193193e-08,4.29434243631056e-07
37.1092379232489,1.10672180826989e-08,4.28519922253344e-07
37.1812946959154,1.11451182507458e-08,4.27921661425761e-07
37.2533514685819,1.10341956304675e-08,4.27178936137557e-07
37.3254082412484,1.11792963852869e-08,4.26645652874347e-07
37.3974650139149,1.11946160376038e-08,4.26064750436068e-07
37.4695217865814,1.11028724060642e-08,4.25210492286958e-07
37.5415785592479,1.12394129795544e-08,4.249266143007e-07
37.6136353319144,1.11044023767872e-08,4.24591254731339e-07
37.6856921045809,1.08669204647962e-08,4.23321838400978e-07
37.7577488772474,1.10565288379237e-08,4.22628670156841e-07
37.8298056499139,1.10190290365765e-08,4.2246308835044e-07
37.9018624225804,1.08763274194716e-08,4.21372236172562e-07
37.9739191952469,1.10832381537962e-08,4.20957884684399e-07
38.0459759679134,1.0985274210506e-08,4.2081252844539e-07
38.1180327405799,1.08085897590305e-08,4.1975135515157e-07
38.1900895132464,1.09677087815655e-08,4.19234727480114e-07
38.2621462859129,1.07058432610999e-08,4.18720257370846e-07
38.3342030585794,1.07084323679798e-08,4.17490918309232e-07
38.4062598312459,1.10574918398941e-08,4.17079141511639e-07
38.4783166039124,1.08328457161334e-08,4.17001188131665e-07
38.5503733765789,1.0678440274779e-08,4.15928262704276e-07
38.6224301492454,1.09369446823357e-08,4.15330354944754e-07
38.6944869219119,1.07307713728902e-08,4.15407327491952e-07
38.7665436945784,1.03675281572704e-08,4.14054612790879e-07
38.8386004672449,1.06154919473554e-08,4.12559186650071e-07
38.9106572399114,1.12115282276427e-08,4.12655758844954e-07
38.9827140125779,1.09665468846601e-08,4.12817362409852e-07
39.0547707852445,1.10808893776846e-08,4.12509980515656e-07
39.126827557911,1.07959712850177e-08,4.11673133835688e-07
39.1988843305774,1.07820134630659e-08,4.10904303586012e-07
39.2709411032439,1.08998144101681e-08,4.10640821708204e-07
39.3429978759105,1.05747152838885e-08,4.10150361956017e-07
39.415054648577,1.05404097451283e-08,4.0949177069317e-07
39.4871114212435,1.04741136696058e-08,4.08884814944857e-07
39.55916819391,1.01170868334323e-08,4.0770992599557e-07
39.6312249665765,1.06304340605575e-08,4.06731683794628e-07
39.703281739243,1.08013961262844e-08,4.07207457991217e-07
39.7753385119095,1.01950235043183e-08,4.06533144280852e-07
39.847395284576,1.04199058375104e-08,4.05248861618431e-07
39.9194520572425,1.07473623984379e-08,4.0559961553849e-07
39.991508829909,9.7361768654343e-09,4.048259211832e-07
40.0635656025755,9.96212324976247e-09,4.02728537098902e-07
40.135622375242,1.10592835770853e-08,4.02321036682833e-07
40.2076791479085,1.10669259485584e-08,4.02940767353748e-07
40.279735920575,1.05958257682104e-08,4.02848936479997e-07
40.3517926932415,1.06437363765149e-08,4.02172481966908e-07
40.423849465908,1.04732149249184e-08,4.01622477128295e-07
40.4959062385745,1.04126846566203e-08,4.01033949360187e-07
40.567963011241,1.04645764311994e-08,4.00689468388949e-07
40.6400197839075,1.00724967858698e-08,4.00340050218386e-07
40.712076556574,1.0050857363263e-08,3.9957545874711e-07
40.7841333292405,9.98420106421421e-09,3.98532840473259e-07
40.856190101907,1.014213446023e-08,3.97723478409491e-07
40.9282468745735,1.03497315863582e-08,3.97572443648413e-07
41.00030364724,1.01153236781952e-08,3.97348108612581e-07
41.0723604199065,9.94942224191937e-09,3.96424220514154e-07
41.144417192573,1.01811588913061e-08,3.95934158336642e-07
41.2164739652395,1.00268107780091e-08,3.95947639823855e-07
41.288530737906,9.61193587141706e-09,3.94752737817951e-07
41.3605875105725,1.02113280831539e-08,3.93159719660446e-07
41.432644283239,1.08147645377588e-08,3.93573852830901e-07
41.5047010559055,1.02004227739972e-08,3.93846434071077e-07
41.576757828572,1.00962490593001e-08,3.93102734943584e-07
41.6488146012385,1.01418439190462e-08,3.92730256980708e-07
41.720871373905,9.94545626812835e-09,3.92170292732253e-07
41.7929281465715,1.00344380661707e-08,3.91450354088858e-07
41.864984919238,1.00504018169422e-08,3.91202537814463e-07
41.9370416919046,9.72256920467047e-09,3.90672562381762e-07
42.0090984645711,9.8899810570202e-09,3.89880241575462e-07
42.0811552372376,9.94667123268967e-09,3.89393524808924e-07
42.1532120099041,9.90367028548244e-09,3.88962340131838e-07
42.2252687825706,9.92773281144369e-09,3.88500659887989e-07
42.2973255552371,9.84123445815235e-09,3.88089152048015e-07
42.3693823279036,9.81223619567328e-09,3.87497631676467e-07
42.4414391005701,9.87373876961554e-09,3.87056242001586e-07
42.5134958732366,9.8056905832813e-09,3.86654592459586e-07
42.5855526459031,9.83102916577901e-09,3.85815004245947e-07
42.6576094185696,9.92744209950278e-09,3.85376653207746e-07
42.7296661912361,9.83337234294888e-09,3.85224720540838e-07
42.8017229639026,9.77437637456409e-09,3.84577647562663e-07
42.8737797365691,9.86532227925749e-09,3.84097593573118e-07
42.9458365092356,9.76556700047425e-09,3.83797908314675e-07
43.0178932819021,9.76618210059568e-09,3.83140683263779e-07
43.0899500545686,9.83993981354034e-09,3.8261373456484e-07
43.1620068272351,9.77366949455479e-09,3.82330294389542e-07
43.2340635999016,9.80878910729247e-09,3.81719594996767e-07
43.3061203725681,9.81861162315027e-09,3.81357543838226e-07
43.3781771452346,9.64397148886417e-09,3.81226915316664e-07
43.4502339179011,9.70145391146244e-09,3.80428121613722e-07
43.5222906905676,9.77739439499896e-09,3.7989390161385e-07
43.5943474632341,9.6761846711063e-09,3.79730671784107e-07
43.6664042359006,9.65776356219543e-09,3.79000743945971e-07
43.7384610085671,9.82553037237783e-09,3.78522245109171e-07
43.8105177812336,9.65330383375485e-09,3.78482138013192e-07
43.8825745539001,9.46654565441696e-09,3.78161479095826e-07
43.9546313265666,9.55939830440889e-09,3.77480285253574e-07
44.0266880992331,9.5187059214484e-09,3.76858615809134e-07
44.0987448718996,9.67506009025732e-09,3.76288614247e-07
44.1708016445661,9.65779016570606e-09,3.75962692359022e-07
44.2428584172326,9.61545012310695e-09,3.75560600262952e-07
44.3149151898991,9.72337987198125e-09,3.74877491999683e-07
44.3869719625656,9.67032232570988e-09,3.74437611059804e-07
44.4590287352321,9.68041063275622e-09,3.74032238973108e-07
44.5310855078986,9.74153671899698e-09,3.73746060186786e-07
44.6031422805652,9.53187531006609e-09,3.7373269557531e-07
44.6751990532317,9.43768855057669e-09,3.73153959568212e-07
44.7472558258982,9.68916429439513e-09,3.72365784772787e-07
44.8193125985647,9.57064099751664e-09,3.7221761588758e-07
44.8913693712312,9.47023550927907e-09,3.71891167436701e-07
44.9634261438977,9.66709828857515e-09,3.71055998860782e-07
45.0354829165642,9.61900994007598e-09,3.70907826143154e-07
45.1075396892307,9.21668017373491e-09,3.71245510075954e-07
45.1795964618972,9.36532324473653e-09,3.70632427956251e-07
45.2516532345637,9.51035873883875e-09,3.69625352183676e-07
45.3237100072302,9.47015505335072e-09,3.6911400620194e-07
45.3957667798967,9.50314187491589e-09,3.68708713763037e-07
45.4678235525632,9.50676973319422e-09,3.68361496870279e-07
45.5398803252297,9.51185633586577e-09,3.67968945513626e-07
45.6119370978962,9.58788096865994e-09,3.67467918493537e-07
45.6839938705627,9.48477214277429e-09,3.67072008878658e-07
45.7560506432292,9.4949403912447e-09,3.66744080366196e-07
45.8281074158957,9.43670958819316e-09,3.66549611851695e-07
45.9001641885622,9.35461165857716e-09,3.66302067467205e-07
45.9722209612287,9.43671673060834e-09,3.65675763042739e-07
46.0442777338952,9.44539032057844e-09,3.65176043571085e-07
46.1163345065617,9.3701903123591e-09,3.65059436839266e-07
46.1883912792282,9.37330417592396e-09,3.64458550035888e-07
46.2604480518947,9.43504462127123e-09,3.63956186164825e-07
46.3325048245612,9.32774133402793e-09,3.64173832765715e-07
46.4045615972277,9.11647909307232e-09,3.63886892173872e-07
46.4766183698942,9.40384463910203e-09,3.63029664772402e-07
46.5486751425607,9.36609018823241e-09,3.62582752565467e-07
46.6207319152272,9.32352660728183e-09,3.62260688861885e-07
46.6927886878937,9.32949408884674e-09,3.61820978306837e-07
46.7648454605602,9.31335031787539e-09,3.61506961817353e-07
46.8369022332267,9.3011339643124e-09,3.61162451998392e-07
46.9089590058932,9.36886611154261e-09,3.60631977453862e-07
46.9810157785597,9.27093342263748e-09,3.60302603234747e-07
47.0530725512262,9.24783084540081e-09,3.60074088765823e-07
47.1251293238927,9.24486703333027e-09,3.59713096926314e-07
47.1971860965593,9.2376184006073e-09,3.59355490251578e-07
47.2692428692257,9.2514622939838e-09,3.58937701276668e-07
47.3412996418922,9.2384628140254e-09,3.586001274518e-07
47.4133564145588,9.20669628757417e-09,3.58302484967129e-07
47.4854131872253,9.20509481135752e-09,3.57869644523454e-07
47.5574699598918,9.16953836313335e-09,3.57544676461737e-07
47.6295267325583,9.17867993966867e-09,3.57331193585496e-07
47.7015835052248,9.16715118803518e-09,3.56911960330947e-07
47.7736402778913,9.18303590296318e-09,3.5646208547723e-07
47.8456970505578,9.14167338413412e-09,3.56212293203486e-07
47.9177538232243,9.15447746093103e-09,3.55795019342066e-07
47.9898105958908,9.11499768171009e-09,3.55408439594701e-07
48.0618673685573,9.12505677272102e-09,3.55221089381397e-07
48.1339241412238,9.11266296343977e-09,3.54810933801308e-07
48.2059809138903,9.10745075216368e-09,3.54454823169418e-07
48.2780376865568,9.09439441991314e-09,3.54178317551153e-07
48.3500944592233,9.11260261508205e-09,3.53710230493919e-07
48.4221512318898,9.05272368089858e-09,3.53380622644583e-07
48.4942080045563,9.07712029059995e-09,3.5316913199053e-07
48.5662647772228,9.06350807369632e-09,3.52778678302964e-07
48.6383215498893,9.06666206044296e-09,3.52392977987839e-07
48.7103783225558,9.02378226457316e-09,3.52183250530862e-07
48.7824350952223,9.05896918275903e-09,3.51835066693147e-07
48.8544918678888,9.00547146586699e-09,3.51274190649176e-07
48.9265486405553,9.01769792023388e-09,3.50926355539371e-07
48.9986054132218,9.03574823005318e-09,3.50763874878834e-07
49.0706621858883,8.98176545158709e-09,3.50574350193468e-07
49.1427189585548,8.97249774470949e-09,3.50258382463204e-07
49.2147757312213,8.96821019718363e-09,3.49873081452698e-07
49.2868325038878,8.95225376262837e-09,3.49607307406354e-07
49.3588892765543,8.98075232352672e-09,3.49326354812831e-07
49.4309460492208,8.95318073964777e-09,3.48984028700947e-07
49.5030028218873,8.93215130416697e-09,3.48682384785661e-07
49.5750595945538,8.95568916767693e-09,3.48306680613418e-07
49.6471163672203,8.9559038869853e-09,3.47831907629636e-07
49.7191731398868,8.89023529030243e-09,3.47620152943976e-07
49.7912299125533,8.92646195117263e-09,3.47448225674126e-07
49.8632866852198,8.90611446315123e-09,3.46950219900338e-07
49.9353434578863,8.90946366253663e-09,3.46753421174626e-07
50.0074002305528,8.86047043750094e-09,3.46577009548206e-07
50.0794570032194,8.96293176140895e-09,3.45931784453999e-07
50.1515137758859,8.81866838706528e-09,3.45560938341611e-07
50.2235705485524,8.84930564135888e-09,3.45500713151331e-07
50.2956273212189,8.88595560615764e-09,3.45281210617032e-07
50.3676840938854,8.86570547765212e-09,3.44972279200374e-07
50.4397408665519,8.83576813671909e-09,3.44665329067233e-07
50.5117976392184,8.81862014806994e-09,3.44345460657802e-07
50.5838544118849,8.81109637770425e-09,3.4407202981174e-07
50.6559111845514,8.84581872229201e-09,3.43855574961654e-07
50.7279679572179,8.82812415073309e-09,3.43587406839463e-07
50.8000247298844,8.78890379266585e-09,3.43219936879429e-07
50.8720815025509,8.81182202341431e-09,3.42778462396834e-07
50.9441382752174,8.78976189768289e-09,3.42532405112157e-07
51.0161950478839,8.77599135096684e-09,3.42381767014662e-07
51.0882518205504,8.78408612828889e-09,3.42003441849321e-07
51.1603085932169,8.76860076335448e-09,3.41700750907045e-07
51.2323653658834,8.77255946938492e-09,3.41504535392779e-07
51.3044221385499,8.72902911146312e-09,3.41170866175289e-07
51.3764789112164,8.79505208423628e-09,3.40743273405915e-07
51.4485356838829,8.70344730600903e-09,3.40461934829962e-07
51.5205924565494,8.73511687331686e-09,3.40319845117913e-07
51.5926492292159,8.73837051819569e-09,3.40054566494785e-07
51.6647060018824,8.73628326882509e-09,3.39804614297479e-07
51.7367627745489,8.70295317924407e-09,3.39544012366916e-07
51.8088195472154,8.6995854569939e-09,3.39225282817423e-07
51.8808763198819,8.68510421738632e-09,3.39005782888651e-07
51.9529330925484,8.70282823213964e-09,3.38737650024378e-07
52.0249898652149,8.6900540492508e-09,3.38407305152017e-07
52.0970466378814,8.67628381395052e-09,3.38123537675706e-07
52.1691034105479,8.66940084578817e-09,3.3784967767607e-07
52.2411601832144,8.65788689228475e-09,3.37589329293744e-07
52.3132169558809,8.64961124359822e-09,3.37341910662226e-07
52.3852737285474,8.65274444404764e-09,3.37062117893617e-07
52.4573305012139,8.64616845562636e-09,3.36794735957181e-07
52.5293872738804,8.64261867810983e-09,3.36579214970369e-07
52.6014440465469,8.61611306586454e-09,3.36262281495409e-07
52.6735008192135,8.63049021579088e-09,3.35965552176912e-07
52.74555759188,8.60387637853535e-09,3.35778185908765e-07
52.8176143645465,8.61236624966142e-09,3.35497625949724e-07
52.889671137213,8.60030937955621e-09,3.35236946776429e-07
52.9617279098795,8.60805747417827e-09,3.35004722384431e-07
53.033784682546,8.57812996059811e-09,3.34715348070253e-07
53.1058414552125,8.58698914679071e-09,3.34458901260472e-07
53.177898227879,8.56707812335356e-09,3.34222304192781e-07
53.2499550005455,8.56988188681321e-09,3.33960886215976e-07
53.322011773212,8.55616779183104e-09,3.33703667594476e-07
53.3940685458785,8.57714627528312e-09,3.33507157599352e-07
53.466125318545,8.53610591261702e-09,3.33241221595611e-07
53.5381820912115,8.54751210547342e-09,3.32958825883826e-07
53.610238863878,8.5200449141155e-09,3.32767312504526e-07
53.6822956365445,8.53850829643966e-09,3.32483695456946e-07
53.754352409211,8.51466635841888e-09,3.32223459570746e-07
53.8264091818775,8.53860499212598e-09,3.32049905054851e-07
53.898465954544,8.51152329390875e-09,3.31794215899642e-07
53.9705227272105,8.4756905495313e-09,3.31509714208594e-07
54.042579499877,8.49774293006046e-09,3.31256421324902e-07
54.1146362725435,8.50687882625316e-09,3.31018568713877e-07
54.18669304521,8.48929641710514e-09,3.30791380487736e-07
54.2587498178765,8.48305696799843e-09,3.30568961552564e-07
54.330806590543,8.46427393478123e-09,3.30314504278837e-07
54.4028633632095,8.47227484674993e-09,3.30062532070668e-07
54.474920135876,8.47302707454815e-09,3.29822394560072e-07
54.5469769085425,8.44915654207605e-09,3.29603651657246e-07
54.619033681209,8.44137062845188e-09,3.29468898342686e-07
54.6910904538755,8.46073253120833e-09,3.29199910700747e-07
54.763147226542,8.42900432361135e-09,3.288993521046e-07
54.8352039992085,8.44095182768926e-09,3.28729604186249e-07
54.907260771875,8.41041899113038e-09,3.28482753639495e-07
54.9793175445415,8.43731268444762e-09,3.28245208774402e-07
55.051374317208,8.38841359672368e-09,3.28035640426693e-07
55.1234310898745,8.43624873816351e-09,3.27821277996081e-07
55.195487862541,8.41221759741739e-09,3.27642105207924e-07
55.2675446352076,8.36701955296102e-09,3.27400684732508e-07
55.339601407874,8.39064297864271e-09,3.27144851838077e-07
55.4116581805405,8.40191870861375e-09,3.26909425741936e-07
55.483714953207,8.3908290648477e-09,3.26693475360349e-07
55.5557717258736,8.38149624326683e-09,3.26470847216908e-07
55.6278284985401,8.35512124603961e-09,3.26229715015528e-07
55.6998852712066,8.36115631455353e-09,3.26029586019466e-07
55.7719420438731,8.37814025192964e-09,3.25852409416111e-07
55.8439988165396,8.34075988210186e-09,3.25656295644487e-07
55.9160555892061,8.34422396936487e-09,3.25422718771894e-07
55.9881123618726,8.35786850385173e-09,3.25210493939815e-07
56.0601691345391,8.32666600576861e-09,3.2499845898093e-07
56.1322259072056,8.33839077090508e-09,3.2479671153392e-07
56.2042826798721,8.3152330425709e-09,3.24595921041342e-07
56.2763394525386,8.33864866651555e-09,3.24340548330447e-07
56.3483962252051,8.28156799136571e-09,3.242045390835e-07
56.4204529978716,8.34039734111818e-09,3.24043257234584e-07
56.4925097705381,8.31540167247256e-09,3.2374625193905e-07
56.5645665432046,8.28263680775792e-09,3.23527391744808e-07
56.6366233158711,8.28381279120375e-09,3.23331119027916e-07
56.7086800885376,8.30040091874892e-09,3.23138629696102e-07
56.7807368612041,8.29020864808249e-09,3.22954000442322e-07
56.8527936338706,8.29096350029721e-09,3.22752262975445e-07
56.9248504065371,8.26165817605522e-09,3.22562726199739e-07
56.9969071792036,8.26346350215934e-09,3.22359829564972e-07
57.0689639518701,8.26787560660792e-09,3.22164008387622e-07
57.1410207245366,8.25810960091659e-09,3.2197508692242e-07
57.2130774972031,8.25572310397462e-09,3.21783675860874e-07
57.2851342698696,8.2557161441956e-09,3.2157583698465e-07
57.3571910425361,8.2385015724659e-09,3.21383796615523e-07
57.4292478152026,8.2385660595093e-09,3.21202028769664e-07
57.5013045878691,8.22768193442488e-09,3.20995350240604e-07
57.5733613605356,8.23733782666472e-09,3.20826244846406e-07
57.6454181332021,8.2165717773894e-09,3.20640566964448e-07
57.7174749058686,8.22958299828347e-09,3.20437210134301e-07
57.7895316785351,8.21169482264579e-09,3.20260778554115e-07
57.8615884512016,8.20996396802795e-09,3.20074216585465e-07
57.9336452238681,8.19632707522884e-09,3.19893092830658e-07
58.0057019965346,8.20635907656568e-09,3.19702462033747e-07
58.0777587692011,8.19268067221221e-09,3.19525114871434e-07
58.1498155418677,8.19797880456569e-09,3.1934227912555e-07
58.2218723145342,8.18437936694082e-09,3.19154632869858e-07
58.2939290872007,8.18315844846909e-09,3.18981059938131e-07
58.3659858598672,8.16113858607185e-09,3.1877761492474e-07
58.4380426325337,8.18244229238555e-09,3.18615747306162e-07
58.5100994052002,8.16652415283539e-09,3.18451293002851e-07
58.5821561778667,8.17207095596759e-09,3.18260781602676e-07
58.6542129505332,8.15140460503469e-09,3.18101528394942e-07
58.7262697231997,8.15592796839723e-09,3.17919337712903e-07
58.7983264958662,8.13742224067643e-09,3.17748401014638e-07
58.8703832685327,8.14405153787746e-09,3.17583572625842e-07
58.9424400411992,8.1612400534407e-09,3.17394445837455e-07
59.0144968138657,8.13070647234661e-09,3.17216067946479e-07
59.0865535865322,8.11982398540256e-09,3.17058758864631e-07
59.1586103591987,8.1303782610899e-09,3.16896924979596e-07
59.2306671318652,8.1210075510926e-09,3.16719594157074e-07
59.3027239045317,8.12781965285276e-09,3.16565735145989e-07
59.3747806771982,8.10849875189869e-09,3.16399385617181e-07
59.4468374498647,8.10537189892164e-09,3.16223262201626e-07
59.5188942225312,8.1155623619771e-09,3.16045792745121e-07
59.5909509951977,8.10772235514464e-09,3.15880880489119e-07
59.6630077678642,8.07217252887132e-09,3.15753375706691e-07
59.7350645405307,8.1088979586701e-09,3.1557392296897e-07
59.8071213131972,8.08196067869515e-09,3.15407856007797e-07
59.8791780858637,8.09871692874524e-09,3.15254591212332e-07
59.9512348585302,8.06991787542326e-09,3.15078279930628e-07
60.0232916311967,8.09000354918505e-09,3.14946158341528e-07
60.0953484038632,8.04984994991368e-09,3.14754053678603e-07
60.1674051765297,8.06223949903593e-09,3.1457532684858e-07
60.2394619491962,8.09595145950218e-09,3.14473804728152e-07
60.3115187218627,8.05583411517317e-09,3.14334003619565e-07
60.3835754945292,8.04310805432017e-09,3.14168189771995e-07
60.4556322671957,8.04963014089805e-09,3.14002894916798e-07
60.5276890398622,8.0491476408549e-09,3.13849724776884e-07
60.5997458125287,8.05589465578355e-09,3.13691163488464e-07
60.6718025851952,8.04026223955139e-09,3.135295936958e-07
60.7438593578618,8.02343242940454e-09,3.13389590548758e-07
60.8159161305283,8.04341987765345e-09,3.1325853047216e-07
60.8879729031948,8.03385012763942e-09,3.13097007265417e-07
60.9600296758613,8.00888441036864e-09,3.12928552608653e-07
61.0320864485278,8.03233787575613e-09,3.12808117944539e-07
61.1041432211943,8.01125331881508e-09,3.12652160728267e-07
61.1761999938608,8.02506068199448e-09,3.1250759341441e-07
61.2482567665273,7.99904791053404e-09,3.12379540390105e-07
61.3203135391938,8.02407120635921e-09,3.12199195786466e-07
61.3923703118603,7.98068634209467e-09,3.12091838205459e-07
61.4644270845268,7.99621116629079e-09,3.11975305711462e-07
61.5364838571933,8.0144717075874e-09,3.11798586011408e-07
61.6085406298598,7.99490108138812e-09,3.1165144788792e-07
61.6805974025263,7.9781968430937e-09,3.11506562191358e-07
61.7526541751928,7.98097498815376e-09,3.11376563438353e-07
61.8247109478593,7.9777944057102e-09,3.11238452890028e-07
61.8967677205258,7.98763806054886e-09,3.11105603432551e-07
61.9688244931923,7.97641237007685e-09,3.10983308479947e-07
62.0408812658588,7.96466250431669e-09,3.1083781053815e-07
62.1129380385253,7.96967086132698e-09,3.10698430782023e-07
62.1849948111918,7.96259118187656e-09,3.10569542309596e-07
62.2570515838583,7.95471748874849e-09,3.10444723281262e-07
62.3291083565248,7.96246786381646e-09,3.10303601511262e-07
62.4011651291913,7.95280155257448e-09,3.10173276420067e-07
62.4732219018578,7.95514328729818e-09,3.10043770993774e-07
62.5452786745243,7.93981322135555e-09,3.09906622834192e-07
62.6173354471908,7.94955012796991e-09,3.09791378027366e-07
62.6893922198573,7.93070050506718e-09,3.09652017083339e-07
62.7614489925238,7.94007879002009e-09,3.09524148039513e-07
62.8335057651903,7.935381510581e-09,3.09404878483626e-07
62.9055625378568,7.93704892726817e-09,3.09277094245406e-07
62.9776193105233,7.92095130016663e-09,3.09162765991812e-07
63.0496760831898,7.92498720268631e-09,3.09029704217418e-07
63.1217328558563,7.91480622825431e-09,3.08912387124551e-07
63.1937896285228,7.91986336981303e-09,3.08790603993365e-07
63.2658464011893,7.91530292768109e-09,3.08666930365586e-07
63.3379031738558,7.92257406205414e-09,3.08548352374337e-07
63.4099599465223,7.89847545304089e-09,3.08409910029594e-07
63.4820167191888,7.90411205463918e-09,3.08302901648611e-07
63.5540734918553,7.89791184774969e-09,3.08184214161271e-07
63.6261302645219,7.90354722257346e-09,3.08063301813143e-07
63.6981870371884,7.8976255875471e-09,3.07957376146121e-07
63.7702438098549,7.89832225872141e-09,3.07831084028805e-07
63.8423005825214,7.88939731538683e-09,3.07728010589331e-07
63.9143573551879,7.87223938121263e-09,3.07622856329288e-07
63.9864141278544,7.8907407699294e-09,3.07495473212282e-07
64.0584709005209,7.88995712865614e-09,3.07371029100304e-07
64.1305276731874,7.87257724483069e-09,3.07265742470995e-07
64.2025844458539,7.87748619765785e-09,3.07159426722615e-07
64.2746412185204,7.86816115547106e-09,3.07043292398985e-07
64.3466979911869,7.87486564470253e-09,3.06942781206365e-07
64.4187547638534,7.86717447034934e-09,3.06832626345121e-07
64.4908115365199,7.85674231017064e-09,3.06719907370202e-07
64.5628683091864,7.85868968588435e-09,3.06596982665193e-07
64.6349250818529,7.88032883833655e-09,3.06498797002507e-07
64.7069818545194,7.84041111048863e-09,3.06420402935677e-07
64.7790386271859,7.85627723447003e-09,3.06293536861342e-07
64.8510953998524,7.84196489468939e-09,3.06196515865716e-07
64.9231521725189,7.8550736764755e-09,3.0609430540535e-07
64.9952089451854,7.84137725823851e-09,3.05978491608014e-07
65.0672657178519,7.85481446709477e-09,3.05899955425818e-07
65.1393224905184,7.84168571210908e-09,3.05771351983389e-07
65.2113792631849,7.8115748460368e-09,3.05652810149058e-07
65.2834360358514,7.84586553862524e-09,3.05580677945056e-07
65.3554928085179,7.84283079261185e-09,3.05492982249051e-07
65.4275495811844,7.82708891737159e-09,3.05391669905255e-07
65.4996063538509,7.82440568864312e-09,3.05289070359373e-07
65.5716631265174,7.81891330153048e-09,3.05194515489756e-07
65.6437198991839,7.82551590738636e-09,3.05090752378214e-07
65.7157766718504,7.82768692695821e-09,3.04987338943374e-07
65.7878334445169,7.80606106641702e-09,3.0490173796703e-07
65.8598902171834,7.81239191453867e-09,3.0482805007558e-07
65.9319469898499,7.82989863698146e-09,3.04720746028912e-07
66.0040037625164,7.79765364523675e-09,3.04609842212248e-07
66.0760605351829,7.81219851688223e-09,3.0453752503937e-07
66.1481173078494,7.79585130028812e-09,3.04434379214861e-07
66.2201740805159,7.81144497841864e-09,3.04350327586505e-07
66.2922308531824,7.79170050400586e-09,3.04266437802785e-07
66.3642876258489,7.81435323824714e-09,3.04153370047754e-07
66.4363443985155,7.79673921767185e-09,3.04097230152412e-07
66.508401171182,7.7740050703947e-09,3.04020590682253e-07
66.5804579438485,7.7953792800587e-09,3.03915766462313e-07
66.652514716515,7.79873102819971e-09,3.03824686907628e-07
66.7245714891815,7.78893395156328e-09,3.03733590790218e-07
66.796628261848,7.78420391495131e-09,3.03655608675158e-07
66.8686850345145,7.77637077817819e-09,3.03566103270603e-07
66.940741807181,7.77969767774085e-09,3.03489149113136e-07
67.0127985798475,7.78491405945916e-09,3.0341656494543e-07
67.084855352514,7.77223456295344e-09,3.03327588239877e-07
67.1569121251805,7.77514818638487e-09,3.03241687406731e-07
67.228968897847,7.77834641805035e-09,3.03166783893099e-07
67.3010256705135,7.76478497587287e-09,3.03094903755218e-07
67.37308244318,7.76902839618824e-09,3.03008928782209e-07
67.4451392158465,7.76188970287006e-09,3.02936413217778e-07
67.517195988513,7.76968661498237e-09,3.02855268083651e-07
67.5892527611795,7.7585258261552e-09,3.02776571475319e-07
67.661309533846,7.76785360361382e-09,3.02710950804527e-07
67.7333663065125,7.75578836296108e-09,3.02621704897636e-07
67.805423079179,7.75275930980838e-09,3.0254984668617e-07
67.8774798518455,7.75082054208123e-09,3.02476495021855e-07
67.949536624512,7.75792081480686e-09,3.02404728262536e-07
68.0215933971785,7.7514244375893e-09,3.02340204499897e-07
68.093650169845,7.75265807153297e-09,3.02261436153621e-07
68.1657069425115,7.74480097087316e-09,3.02199298342105e-07
68.237763715178,7.74276664571187e-09,3.02127411095628e-07
68.3098204878445,7.73699133897958e-09,3.02062566795632e-07
68.381877260511,7.75030267097608e-09,3.01992224930735e-07
68.4539340331775,7.74207260363327e-09,3.01910171451296e-07
68.525990805844,7.73851335293124e-09,3.01853898377801e-07
68.5980475785105,7.73404871499694e-09,3.01780754182774e-07
68.670104351177,7.73187734359621e-09,3.01716371594421e-07
68.7421611238435,7.73223814572175e-09,3.01655691000534e-07
68.81421789651,7.73266167092294e-09,3.01582753227247e-07
68.8862746691765,7.74051875979475e-09,3.01532244746009e-07
68.9583314418431,7.72106639761423e-09,3.01476759191577e-07
69.0303882145096,7.72105237397794e-09,3.01405914747657e-07
69.1024449871761,7.73207645077899e-09,3.01334684953503e-07
69.1745017598426,7.72053893202698e-09,3.01281310428935e-07
69.2465585325091,7.72376449565717e-09,3.01222287691078e-07
69.3186153051756,7.71740834405854e-09,3.01159905473258e-07
69.3906720778421,7.72155192977969e-09,3.01109233034678e-07
69.4627288505086,7.72308557579475e-09,3.01050069117362e-07
69.5347856231751,7.71482258653262e-09,3.00989122508007e-07
69.6068423958416,7.69598016114192e-09,3.00911518610168e-07
69.6788991685081,7.72986289977412e-09,3.00868890209726e-07
69.7509559411746,7.71123543219325e-09,3.00834449039059e-07
69.8230127138411,7.7132334383248e-09,3.00761026439259e-07
69.8950694865076,7.70429027296092e-09,3.00721328377753e-07
69.9671262591741,7.70601559799262e-09,3.00663074940274e-07
70.0391830318406,7.70157441823605e-09,3.00606781116262e-07
70.1112398045071,7.70424006734515e-09,3.00576154738184e-07
70.1832965771736,7.7252300962199e-09,3.00497473066733e-07
70.2553533498401,7.68730200748519e-09,3.0043385479303e-07
70.3274101225066,7.69340908579736e-09,3.00401885594169e-07
70.3994668951731,7.70609515824499e-09,3.00362432936597e-07
70.4715236678396,7.70058537038512e-09,3.00312425387404e-07
70.5435804405061,7.69859643272289e-09,3.0026282959126e-07
70.6156372131726,7.69256652544583e-09,3.00219158311741e-07
70.6876939858391,7.69113837128406e-09,3.00165418620804e-07
70.7597507585056,7.70425540492169e-09,3.00111578847019e-07
70.8318075311721,7.69214425745208e-09,3.00075651577816e-07
70.9038643038386,7.67348477506049e-09,3.00054512868921e-07
70.9759210765051,7.70479467580005e-09,2.99995253148795e-07
71.0479778491716,7.68673299797963e-09,2.99940084614896e-07
71.1200346218381,7.69418835620779e-09,2.99912852614041e-07
71.1920913945046,7.68049177311873e-09,2.99855974247877e-07
71.2641481671711,7.68864568606142e-09,2.99826314458159e-07
71.3362049398376,7.67557888542816e-09,2.99783262685297e-07
71.4082617125041,7.68466768222448e-09,2.99724007481049e-07
71.4803184851706,7.7020341708297e-09,2.99714857148101e-07
71.5523752578371,7.6723636977716e-09,2.99683896708878e-07
71.6244320305036,7.67356743748711e-09,2.99638710070041e-07
71.6964888031702,7.68084707628127e-09,2.99596492357641e-07
71.7685455758367,7.68219820721916e-09,2.99556742109286e-07
71.8406023485032,7.68123905873389e-09,2.99525563254234e-07
71.9126591211697,7.67747514971975e-09,2.99483140414529e-07
71.9847158938362,7.67084454010451e-09,2.99456227853623e-07
72.0567726665027,7.68140150736771e-09,2.99429869086999e-07
72.1288294391692,7.67315217632755e-09,2.99390974761509e-07
72.2008862118357,7.66738897590058e-09,2.99351685297925e-07
72.2729429845022,7.67932991012789e-09,2.99326606867095e-07
72.3449997571687,7.67214479579586e-09,2.99301696645384e-07
72.4170565298352,7.67491209960958e-09,2.99266357887576e-07
72.4891133025017,7.66635930806403e-09,2.992454316273e-07
72.5611700751682,7.67162930839835e-09,2.99210553207749e-07
72.6332268478347,7.66391446607765e-09,2.99185926565773e-07
72.7052836205012,7.67124013361494e-09,2.99166012936656e-07
72.7773403931677,7.67355539887393e-09,2.99126759127139e-07
72.8493971658342,7.66806115220713e-09,2.99104073608784e-07
72.9214539385007,7.66216607877716e-09,2.99074017547257e-07
72.9935107111672,7.66446813238231e-09,2.99053104685893e-07
73.0655674838337,7.6642586100166e-09,2.99032179784364e-07
73.1376242565002,7.66715666909939e-09,2.99003979932592e-07
73.2096810291667,7.66809220193112e-09,2.98989855997969e-07
73.2817378018332,7.66647797777886e-09,2.98965501671246e-07
73.3537945744997,7.65611652316912e-09,2.98954169356211e-07
73.4258513471662,7.66037195583288e-09,2.98929414058134e-07
73.4979081198327,7.66518425378118e-09,2.98901108626443e-07
73.5699648924992,7.66235701978434e-09,2.98890869697424e-07
73.6420216651657,7.66507046965551e-09,2.98863883129347e-07
73.7140784378322,7.65915577231855e-09,2.98850143331741e-07
73.7861352104987,7.65982643902212e-09,2.98831840667045e-07
73.8581919831652,7.65219915368297e-09,2.98808648122651e-07
73.9302487558317,7.66666493067438e-09,2.98803782278465e-07
74.0023055284982,7.66245181308904e-09,2.98795445256629e-07
74.0743623011647,7.65203586658147e-09,2.98775094494486e-07
74.1464190738313,7.66286568383612e-09,2.98753605203923e-07
74.2184758464978,7.65778070455636e-09,2.98748922531177e-07
74.2905326191643,7.65806891592334e-09,2.98735040407743e-07
74.3625893918307,7.65391588442866e-09,2.98724071564571e-07
74.4346461644973,7.65396649565223e-09,2.98719843644271e-07
74.5067029371638,7.66165341120549e-09,2.98711460501269e-07
74.5787597098303,7.67116470791735e-09,2.98697414019264e-07
74.6508164824968,7.63861200670801e-09,2.9866305624456e-07
74.7228732551633,7.65557285332456e-09,2.98671468860789e-07
74.7949300278298,7.65918543182496e-09,2.98676072312634e-07
74.8669868004963,7.65752260769237e-09,2.98654395745947e-07
74.9390435731628,7.66032526410615e-09,2.98664667805274e-07
75.0111003458293,7.65419787727342e-09,2.98649071013034e-07
75.0831571184958,7.65647353511555e-09,2.98649227067571e-07
75.1552138911623,7.63783134124388e-09,2.98663268361562e-07
75.2272706638288,7.67236958807277e-09,2.98634316628719e-07
75.2993274364953,7.65917006634465e-09,2.98621417374448e-07
75.3713842091618,7.64621695780756e-09,2.9863061223896e-07
75.4434409818283,7.65536929344791e-09,2.98637328270856e-07
75.5154977544948,3.8284713309494e-09,1.49317062365481e-07
