f,amplitude_1,amplitude_2,amplitude_3,amplitude_4,amplitude_5,amplitude_6
0,2.5337598026319e-06,1.21309244638088e-06,5.03217951042986e-06,1.537166169101e-05,1.72050109124039e-05,1.59172932762528e-05
0.120018309993373,0.00427292001592955,0.00484913865115719,0.00464681305717715,0.0045155933047618,0.00441856112837761,0.00258871819718653
0.240036619986745,0.0116813722800563,0.0129350816933426,0.0109618113405491,0.0113800366104036,0.0125417148396877,0.00764296729257206
0.360054929980118,0.0139491482990336,0.0133876867960694,0.0055924019495145,0.0106508571767504,0.0150223822959665,0.0121430838967019
0.48007323997349,0.0203884545219831,0.0167506836522343,0.0168958876314393,0.0179287766067211,0.0170431046785393,0.0204467046371481
0.600091549966863,0.0365847839290648,0.0344228891732648,0.0370879935011558,0.0341341290815051,0.0291127452299364,0.0337154253235509
0.720109859960235,0.0421839881314112,0.0421729478362461,0.0344294121700038,0.0313140606427419,0.0352192969425939,0.043421941779219
0.840128169953608,0.0237555887961038,0.0312625374645939,0.00903440215814532,0.00740937695349491,0.0269833109996314,0.0326750419672868
0.960146479946981,0.0126766135572858,0.0201169463871427,0.0397422624993097,0.0446070442648196,0.0237568250829022,0.00346463171596451
1.08016478994035,0.0256402868264899,0.0222929415065772,0.0441980166008257,0.0504763317422422,0.0229718493799631,0.0150860914114625
1.20018309993373,0.0160369277660266,0.0086598596867514,0.0140865065600537,0.0181236629928725,0.0102096326856794,0.0163102177465632
1.3202014099271,0.00490638678502634,0.0228620698577283,0.0252369097170315,0.0219218672931344,0.0213250922866168,0.0111007053667419
1.44021971992047,0.0168165109880055,0.0242782689753922,0.0350321029873761,0.0308131913977684,0.0221053262342999,0.00489594646416775
1.56023802991384,0.0148509160407174,0.00497904516099479,0.0145140772628217,0.0125702710190364,0.00617359474165296,0.00303295449906345
1.68025633990722,0.00646406715557104,0.0172602870155371,0.0195843098006498,0.0172198259123824,0.0146611078303866,0.005532417774296
1.80027464990059,0.00592272297538522,0.0213964910901468,0.0318117231339628,0.0263485320080519,0.0206678553177959,0.00363617121354334
1.92029295989396,0.00342993438953941,0.00321841589396985,0.0134652770612142,0.0113943866962123,0.00812723741608394,0.00686135290715848
2.04031126988733,0.0166219220230178,0.0220493860072088,0.0184493054182994,0.0139936915178544,0.0125130376090864,0.0139366088555545
2.16032957988071,0.0236143904040181,0.0298259530021453,0.0325884405589515,0.0234283488232753,0.0218440712753424,0.0156263317347748
2.28034788987408,0.0151608853873217,0.0125772050212613,0.0158890202570384,0.00967440424918252,0.0126787282124918,0.0102050382497173
2.40036619986745,0.00694653649332011,0.0168183815116163,0.0173023550149942,0.0151538931422781,0.00902339025129247,0.00673662990633486
2.52038450986082,0.0210070399902325,0.0316693706125155,0.0338039360835608,0.0264087783758554,0.0224433170029388,0.0122510649652606
2.6404028198542,0.0217206021889414,0.0219326922064106,0.0212734218017422,0.0183591800559926,0.0218659305010654,0.0138574008772017
2.76042112984757,0.0097495534453851,0.00492695581776702,0.0086543170259772,0.0136480813926446,0.0127816009610857,0.010259555192616
2.88043943984094,0.00716943562307822,0.0201857573700127,0.0225779220113651,0.0166345999113282,0.00905518122835632,0.00394806785117316
3.00045774983431,0.015037276485852,0.0179340895159694,0.0135246543404515,0.00666584480840402,0.0114670854465173,0.00391465575216446
3.12047605982769,0.0148308277151529,0.00326578231139086,0.0131581488944619,0.016906821664398,0.0152620708710867,0.00896282879357688
3.24049436982106,0.00888571524075514,0.00831812469158002,0.0194570384054135,0.0234215360806403,0.0153234273917682,0.0112368728803984
3.36051267981443,0.00211322785870172,0.00750248864060774,0.00535505100694986,0.0142327445399155,0.00901235338440648,0.00907397427080689
3.48053098980781,0.00360823229493093,0.00100557655068034,0.0161225680674308,0.00918470811243813,0.00159732636854834,0.00240767311160952
3.60054929980118,0.00457251144743638,0.0015472137310169,0.021053414468697,0.0104375616050809,0.00100846672936275,0.00501422341447799
3.72056760979455,0.00719409979678979,0.00439691427478259,0.00959933621544523,0.000640219484644585,0.00261639120738051,0.0069249543234974
3.84058591978792,0.00590949455168518,0.00902916500521141,0.0126021302861802,0.0103322622398881,0.00656141272907545,0.000627223820368096
3.9606042297813,0.00987261117471694,0.00363354323923691,0.0083727454913735,0.0070764751293776,0.00954222067778113,0.0112163692592557
4.08062253977467,0.0167970809141722,0.00830288492319633,0.00926856281506953,0.00807287221108468,0.0128618808318719,0.0152404989341179
4.20064084976804,0.00817354699261091,0.0113322171639828,0.017038971351357,0.0160452380313267,0.00910200647723853,0.00358303138722615
4.32065915976141,0.0171002529144419,0.00837286986628845,0.00755643206346469,0.00767180761067362,0.0145544235897597,0.0204997832279389
4.44067746975479,0.0393068398267332,0.0281781851476885,0.0356996649488298,0.0246610148404106,0.0314261139242565,0.0373474384607176
4.56069577974816,0.0316782314704141,0.0298896212903531,0.0424080769875656,0.0320126174859738,0.0274452889083636,0.026027216407984
4.68071408974153,0.0180712417057967,0.00842715416139049,0.00820540124796338,0.00559784103911123,0.0122671473609745,0.0207651670952831
4.8007323997349,0.0910883303630135,0.0701800546352262,0.0860846215271468,0.0649672401116427,0.0710645937036543,0.0866205909286565
4.92075070972828,0.151594782776823,0.125784631683092,0.160036552390699,0.124520601852137,0.121691624342089,0.140914246460144
5.04076901972165,0.167687190175917,0.140432485466653,0.180179520380423,0.142376104334046,0.135324962179845,0.157000155038592
5.16078732971502,0.133890728489173,0.107805929084961,0.13768306890984,0.109793692130854,0.106841777841818,0.128688359947927
5.28080563970839,0.0720516036282313,0.0518864925407686,0.0641598853932022,0.0519109181728447,0.0557796468602702,0.0728080435646998
5.40082394970177,0.0142758438901823,0.0103970073802966,0.0092859446832198,0.0110651353242016,0.0110617665789387,0.0163107109841565
5.52084225969514,0.0189668984234667,0.0173808046622236,0.023242697658724,0.0190404266921597,0.0172269616189235,0.0200915901318806
5.64086056968851,0.0238206194984988,0.0135984521560287,0.016816888778268,0.0143625164369925,0.019715544502201,0.0295406354389321
5.76087887968188,0.0125267150314626,0.00480066508771147,0.00247266144890963,0.00760408500759359,0.0100516408115932,0.0195016971964897
5.88089718967526,0.00142656157607531,0.00095194842293968,0.00602544840683635,0.0073372211328927,0.00352940500940673,0.00293726045329174
6.00091549966863,0.00859575138399275,0.00313775550279565,0.00912951489350688,0.00879987784976758,0.00954625338612221,0.00949159158434349
6.120933809662,0.00830291278018168,0.00303577710347228,0.00830127609297595,0.00705546579970878,0.00780199901177227,0.0119937892285356
6.24095211965537,0.00318136074815151,0.00237422784891222,0.00283284199877063,0.000228466353732123,0.00320363519159184,0.005657059293343
6.36097042964875,0.00304928771577516,0.00611275967823241,0.00398770446479876,0.00666858851963915,0.00748638765976466,0.004328699345191
6.48098873964212,0.00687360241419925,0.00409513856399026,0.00333584673102088,0.00544753033402653,0.00781317349689001,0.0102660701991407
6.60100704963549,0.00646504061285158,0.00269585814905455,0.00442935401869776,0.00436501316474438,0.00532757521084537,0.00831043685566933
6.72102535962886,0.00191347902668175,0.00700267161671169,0.00836655183269036,0.0099756086439753,0.00535257302889506,0.00138957926979006
6.84104366962224,0.00625811088366206,0.00428944529565528,0.00475824941258084,0.00712460437449319,0.00460380881027327,0.00846220060790669
6.96106197961561,0.00998514934080831,0.00616079831077916,0.00662278759640293,0.00453406906282864,0.00554786712118429,0.0095257943036373
7.08108028960898,0.0069689976799659,0.0107205966971221,0.0119505172835683,0.0111460962592785,0.00621498194006795,0.00328904725161272
7.20109859960236,0.000726261431997753,0.00724427415708322,0.00785279206553667,0.00870399657224357,0.00435161302045216,0.00875031853375361
7.32111690959573,0.00649683861131961,0.00399720087175227,0.00384128768359915,0.00292103613757812,0.00713681229371497,0.0128713687909979
7.4411352195891,0.0052268340393048,0.00827088587077728,0.00946476218822224,0.00882128906980733,0.00785315975983412,0.00774663362572892
7.56115352958247,0.00310711492975859,0.00474793735648747,0.00570329388345688,0.00661733735925819,0.00239662619069751,0.00249914471930218
7.68117183957585,0.0084301592573775,0.00429360396143457,0.00468712228827646,0.00323255502273424,0.00476623228384014,0.00894745244118209
7.80119014956922,0.00664915581163757,0.00852200544180883,0.00981349181046461,0.00786198152137207,0.00658225879614376,0.00646310355332123
7.92120845956259,0.00173301056598345,0.0041442457503814,0.00497632655830473,0.00367054680244061,0.0013156597660199,0.0025571577465702
8.04122676955596,0.00883259185989067,0.0052308186142559,0.00523466714080799,0.00588347842305756,0.00614370402267779,0.00870705850335391
8.16124507954934,0.0077324040308116,0.00899653154550126,0.0102065300777719,0.0106293047151836,0.00749416045957429,0.00654473512517662
8.28126338954271,0.00116951117875811,0.00334271058678876,0.00450795126676469,0.00497850251944944,0.00118363162530921,0.00221687775329721
8.40128169953608,0.00949509181218081,0.00654385283827553,0.00662879172636494,0.0062657240774939,0.00739122701961234,0.00930866096595968
8.52130000952945,0.00927541519170976,0.0106046564644389,0.0116124774376047,0.011887130864533,0.00909628098417859,0.00793256020604663
8.64131831952283,0.000316042305079261,0.00411763108297329,0.00495480405136713,0.00600429796409168,0.00207950017645677,0.00142768392239241
8.7613366295162,0.00966280793692125,0.00726817658034362,0.00749720741147602,0.00619911292037982,0.00807565809442072,0.00931396789668752
8.88135493950957,0.0109807111903082,0.0126057240203204,0.0137562098822511,0.012965756026321,0.0110560611622804,0.00946406382525132
9.00137324950294,0.00293957724667336,0.00676520222217848,0.00749515282528977,0.00763359603947216,0.00433522982388272,0.00157497376867051
9.12139155949632,0.00866129672381367,0.00697851652582179,0.00565468302293802,0.00483262532972052,0.00706649181392128,0.00730557393659809
9.24140986948969,0.0114252626005947,0.0132443122809734,0.0129700097517082,0.0124991324291825,0.0113670753258329,0.00882662395980748
9.36142817948306,0.00669570080899715,0.00840223624581155,0.00795487891017735,0.0083062449061827,0.00538730031997283,0.00228863791933433
9.48144648947643,0.0114743671330855,0.00673526388184726,0.00706990635680036,0.00510263247977335,0.00495159994605476,0.00572870392652102
9.60146479946981,0.0126909400143027,0.0116634947024235,0.0126200926444633,0.0106244048973236,0.00844611626875058,0.0060527350973168
9.72148310946318,0.00215452354783613,0.00383884381646121,0.00427249894301961,0.00340660950952248,0.00154472457960454,0.00368492221169909
9.84150141945655,0.019110596404604,0.0170254658734495,0.0175681923666563,0.0175051721004075,0.0187178596520128,0.0173256619777238
9.96151972944992,0.0331719124380952,0.0333644532858871,0.0342658571573823,0.0338833305162857,0.0326943091413595,0.025637352803936
10.0815380394433,0.0333599646416737,0.0354693493683814,0.0356360950496312,0.0359618155128577,0.0338547306611894,0.0236536900641832
10.2015563494367,0.0214291510406566,0.0229979246370772,0.0218987868509489,0.0234605230240672,0.0227445236481472,0.0142462490356475
10.32157465943,0.0070278168836934,0.00629995565945118,0.00506583007968149,0.00743559259590522,0.00820198269043665,0.00510599719275342
10.4415929694234,0.00272840170541519,0.00421302165787519,0.00607123545742699,0.00482265489237944,0.00165330009332658,0.00158066125010035
10.5616112794168,0.00411910283860516,0.00448657283250998,0.00488786872419992,0.00441644914097961,0.00390055224915344,0.000703461631761187
10.6816295894102,0.00446480008073769,0.0041239174664685,0.00453997942407533,0.00552266852599134,0.00476606230595911,0.0026869524298591
10.8016478994035,0.00353319149442204,0.00483986677966796,0.00535245835907637,0.00622216790335596,0.00404723826644677,0.00262609083396988
10.9216662093969,0.000161977537041955,0.00117105036935416,0.00105577857366171,0.00225178408769686,0.00051938552560131,0.00240275118643518
11.0416845193903,0.00281358326566134,0.00334742017415513,0.00462957498628229,0.00450470136373002,0.00273130777190599,0.00255101529104202
11.1617028293837,0.00212782334004238,0.00343112002206868,0.0045809505377028,0.00488336053792898,0.00241129976728593,0.00129476354855481
11.281721139377,0.00111228886005213,0.000973920038640063,0.000800918819871192,0.000368322395919379,0.000932864652356965,0.00288480150806516
11.4017394493704,0.00300441892215205,0.0050098424555195,0.00532399989817458,0.00378123686302545,0.00275689939354739,0.00268923395080635
11.5217577593638,0.00134631187702997,0.00426454100397985,0.00416054842166422,0.00281600700776361,0.00164679523371664,0.0015096199038342
11.6417760693571,0.00284869839338825,0.00209487699627418,0.00265072440698263,0.00376749687445192,0.0044783058503911,0.00584047370724779
11.7617943793505,0.00448207821148148,0.00575391183861755,0.00733919439916741,0.00805351374711654,0.00671389356137578,0.00695478565319969
11.8818126893439,0.00196426530698383,0.00494682055576622,0.00598623920879108,0.00672189011276895,0.00457246705883945,0.00354667550778582
12.0018309993373,0.00252616840845934,0.00215027307493288,0.00167858849109382,0.00271003183520657,0.00221015648553795,0.00153390205308644
12.1218493093306,0.00466830077169181,0.00533368962904925,0.00624256788130154,0.00549201758832221,0.00432911625888061,0.00389498006419875
12.241867619324,0.00262742432163389,0.00470489354652984,0.00546557185737546,0.0044143596389636,0.00265253709551171,0.00202493932757624
12.3618859293174,0.00266066370579334,0.000999665101545724,0.00146640908965823,0.00330195749970472,0.0016418416669593,0.00222485356246622
12.4819042393107,0.00421495256597867,0.00274463303523793,0.0049031285144291,0.00695791518845642,0.00371675230761909,0.00405755461939359
12.6019225493041,0.00149238935884767,0.000827432952146416,0.00329595773436133,0.00525895262173883,0.00145184929793475,0.00257022479189967
12.7219408592975,0.00362267638650267,0.00459432715557081,0.00306675410453567,0.00230880401387702,0.00376840747951719,0.00214514918616639
12.8419591692909,0.0059742981540851,0.0077883429849172,0.00738124047211371,0.00662183094281018,0.00615205623098056,0.0031459783268701
12.9619774792842,0.00359415183464943,0.00530350398278406,0.0055250169563441,0.00541034993962709,0.00361819063490106,0.00120952269305659
13.0819957892776,0.00124383722647386,0.00141368198139897,0.00134292458268259,0.000608970138506511,0.00171499569176551,0.0019561283486214
13.202014099271,0.00407095429441756,0.00600505865961909,0.00612935821951556,0.00566595600068743,0.00499499918024102,0.0030344568177634
13.3220324092644,0.00271984847014948,0.00519807780876382,0.00498054160513395,0.00523006456000867,0.0036672343105558,0.0010735137496389
13.4420507192577,0.00142233658932326,0.000510105058798148,0.00109504952071014,0.000376121458844184,0.00104124184402981,0.00180769515573314
13.5620690292511,0.0030643990652726,0.00389100132294994,0.00579789466975477,0.00384907148482304,0.0030505111126943,0.00248755294224734
13.6820873392445,0.00182002996352074,0.00352024695756288,0.00528090671116075,0.00391457521234125,0.00180275029773178,0.000337695374855139
13.8021056492378,0.00241001965956102,0.000901892559809835,0.00184485286534532,0.00374291805226975,0.00256910459521459,0.00229352843268599
13.9221239592312,0.00244449077810184,0.00194501062644414,0.00310225043190143,0.00470190109339232,0.00338953505484529,0.00239694462992046
14.0421422692246,0.00121941356100485,0.000913370141565622,0.00101442844494787,0.00199761199393879,0.000972699131222847,0.00163658523819342
14.162160579218,0.00515578342515129,0.00496230785837852,0.00439885016701595,0.00535840002240111,0.00433774779825974,0.00416636251071251
14.2821788892113,0.00519812297408121,0.00571581047762699,0.00667181234252891,0.00797599820866999,0.00506649294468435,0.00394126206268224
14.4021971992047,0.00156384797618847,0.00159247729155296,0.00370314630636471,0.00452905717606142,0.00159725068491459,0.00269025955381929
14.5222155091981,0.00679952909120204,0.00764936634354108,0.00699599235571852,0.00544084302620441,0.00625344781085541,0.00590086444101455
14.6422338191915,0.00849772585906411,0.0107656167840228,0.0105174020227696,0.0092363164490874,0.00811144864443353,0.00604885797798327
14.7622521291848,0.00302401560545809,0.00543082113913588,0.00575085124910105,0.00509652082624882,0.00294044661656642,0.00186196704999155
14.8822704391782,0.00647949443643781,0.00624769623059908,0.00548196547428689,0.00522948171146825,0.00732712169134604,0.00639762559462865
15.0022887491716,0.0136263740947856,0.0154287173608991,0.0150830813417045,0.0143548412683217,0.014692060361015,0.0106168253829922
15.1223070591649,0.0142086746479019,0.0167329693710373,0.0168895089524379,0.0161045587236306,0.0152869043329819,0.0100325186597787
15.2423253691583,0.00929044237716804,0.01045708132639,0.0110213732004811,0.0107380886225472,0.0103054943219135,0.00680475697160728
15.3623436791517,0.00353521292980035,0.00247750686924205,0.00400304862205076,0.00483846060094394,0.00543502560541242,0.00501523419555062
15.4823619891451,0.000614369836437017,0.00158448856723926,0.00304218498730005,0.0036586396279712,0.00355226022497301,0.0039635501745779
15.6023802991384,0.00209785234917043,0.00151013732849532,0.00158773030548649,0.00188740726444961,0.00110402870819697,0.00196111008426501
15.7223986091318,0.00308613766415373,0.00273739132384346,0.0011178738264967,0.00238353842297544,0.00109108418461695,0.000352667502030827
15.8424169191252,0.00157403217131641,0.00219889937845412,0.000527292498138132,0.0020385684415292,0.000731830970354137,0.000892873598185995
15.9624352291186,0.00203442173511317,0.00209773934100635,0.00288511245035217,0.00254847037349332,0.0020224653161115,0.00228023093643861
16.0824535391119,0.00407861201131943,0.00476958212646024,0.00533048849898157,0.00514887990173462,0.00359439773213439,0.00229805706592099
16.2024718491053,0.00322492349540905,0.00406440951587421,0.00390411533784006,0.00404236846105728,0.00208442006850985,0.000574652629553677
16.3224901590987,0.00195806209964945,0.00199304037903767,0.00149969137962511,0.000694648534024197,0.00144910977787241,0.00192165497154861
16.442508469092,0.00308345481314549,0.00401447477364412,0.00435663148150815,0.0039879441779438,0.003749692502269,0.00247255199184709
16.5625267790854,0.00217249372473036,0.0033066650764016,0.00350593045163407,0.00356445019177887,0.00287158365277312,0.00149414566265122
16.6825450890788,0.000504775402630267,0.00107878313921111,0.000931279377174667,0.000279226073207492,0.00181985080475756,0.00202795045159727
16.8025633990722,0.00209670832907989,0.00362811936844313,0.00349275349755573,0.00321451726155662,0.00335074493368591,0.00199044977492886
16.9225817090655,0.00141772656762022,0.00293438518725612,0.00232871867909648,0.00269738132215387,0.00242769956380107,0.00104882931097769
17.0426000190589,0.000632756579615273,0.000581069592082802,0.00173554886468267,0.000611390381319517,0.00128876802923158,0.00239594337909784
17.1626183290523,0.00130297172845853,0.00329877424755777,0.00445111257908585,0.00274898541157104,0.00255107919503112,0.00209208613096136
17.2826366390457,0.000959987543449424,0.00255978800392308,0.00317257300970023,0.00134401799558536,0.00138370953550712,0.000505871654279961
17.402654949039,0.00247825637771869,0.000753116962670349,0.00173744706856722,0.00286893559694321,0.00200804314594306,0.00285660177651368
17.5226732590324,0.00245641135052084,0.00306600797568293,0.00424318706162261,0.00539345660913378,0.00353434669368251,0.00303871545577177
17.6426915690258,0.000322992994041526,0.00201707305133025,0.00303842150324688,0.00394784525967438,0.00235280638111379,0.001161379539375
17.7627098790191,0.0028515111797136,0.00139073837661035,0.000957143341034548,0.000266104006018702,0.000459184954115406,0.00128793198656055
17.8827281890125,0.00337178228020609,0.00348903499140394,0.0034081022543507,0.00308002274496944,0.00138659425727153,0.00123026072289106
18.0027464990059,0.00110860584992987,0.00213675776439234,0.00210879479346958,0.00219558998219794,0.000833604445332266,0.00230982199946785
18.1227648089993,0.00206617351416114,0.00144580398728169,0.00152479160216607,0.00118036996406516,0.00302936133269918,0.00406926904508294
18.2427831189926,0.00282819924359215,0.00363440132792858,0.00357477968547968,0.003206914667071,0.00349045887975777,0.00300039906452168
18.362801428986,0.0011693728322879,0.0024030979512164,0.00194730280730852,0.0016348325485616,0.000812289710111406,0.000760015990556726
18.4828197389794,0.00236038341918356,0.0020362141021229,0.00281036761962603,0.00244962819214255,0.00306218258389656,0.00408520143863343
18.6028380489728,0.0026845435799999,0.00405520748279109,0.00492438022655513,0.00470645861528364,0.00492944507271938,0.00431500460133917
18.7228563589661,0.000883746733862754,0.0028525693478601,0.00326998594395009,0.00348103223516033,0.00361372059376148,0.00169930450306369
18.8428746689595,0.00295481797248537,0.00151712338676009,0.00230707943988582,0.00293242755720779,0.00206440683512889,0.00252434359809823
18.9628929789529,0.00335932200701826,0.00336675757626057,0.00422340531358169,0.00467293741700497,0.00262475543511606,0.00311738074511415
19.0829112889462,0.00136792983600524,0.00230333504940082,0.00266325333078226,0.00341134207902949,0.00136081335627223,0.00137297185685105
19.2029295989396,0.00262989925930817,0.000689099672805412,0.00109492808784199,0.00174599370863289,0.000952849113262509,0.00216479734404244
19.322947908933,0.00278924393421656,0.00225236118877597,0.00277199031422772,0.0029352639524538,0.00149851468834249,0.00210870870568002
19.4429662189264,0.000655888076957444,0.000973064943898422,0.000764246777144253,0.00126990045604016,0.00114358053300272,0.00192639601963524
19.5629845289197,0.00325140752647248,0.00218737453457374,0.00305254806748825,0.00203316027241481,0.00326319926811558,0.00425438136558638
19.6830028389131,0.00324566472653001,0.00290042193300499,0.00423829630155061,0.00318103493205634,0.00305570969524535,0.0037433735644636
19.8030211489065,0.000816602898107602,0.000717379643085376,0.00134424117335594,0.000268115478454492,0.00054895673966083,0.000390096751636386
19.9230394588998,0.00500483483563462,0.0044710809908817,0.00494691720695983,0.00461249665600945,0.00471726520547525,0.00482301753684023
20.0430577688932,0.00669171682743578,0.00661629070768096,0.00806680196639985,0.00725851733833292,0.00640132859494771,0.00665980683434638
20.1630760788866,0.00469065594595006,0.00481248813419908,0.00644593979464164,0.00542075560593545,0.0044978932032667,0.00488354216298987
20.28309438888,0.00202131735245982,0.00159091188948211,0.00227097396482798,0.00145564058141272,0.00175645291189659,0.00167224247996156
20.4031126988733,0.00185335533533593,0.00230658043331729,0.00211733122850712,0.00292501116498708,0.00166867048687573,0.000523152866850469
20.5231310088667,0.000313648034045445,0.00118948711549968,0.00141160959195791,0.0024338289002444,0.000225531876462646,0.000911902301484194
20.6431493188601,0.00190141514267237,0.00182080571615277,0.00168500229936126,0.000901324927608449,0.00210658147362723,0.00185885487684135
20.7631676288535,0.00208541354723922,0.00287315178401189,0.00290890803113818,0.00213071619230513,0.00233875339352111,0.0012618331956688
20.8831859388468,0.000439110512140399,0.000802637267747016,0.000914974013571989,0.000620764351993194,0.000804511115321389,0.00143786233807954
21.0032042488402,0.0027613560327201,0.00288128754442534,0.00275416204078932,0.0022376940319909,0.00342955580803786,0.00364457478342262
21.1232225588336,0.00252999648218605,0.00411412552406798,0.00397624476370411,0.00302207283589796,0.00373047416894801,0.00333825930196061
21.2432408688269,0.000795117638625439,0.00221340972786668,0.00189577485221649,0.00116083529598986,0.00102838688673448,0.00113496350127505
21.3632591788203,0.00372000508270151,0.00327296450108398,0.00327578740803073,0.00389155985224065,0.00310678005561467,0.0027986172517873
21.4832774888137,0.00356574968183344,0.00440262179806835,0.00433048602410285,0.0048301243171919,0.00381473949168991,0.00289040001045397
21.6032957988071,0.000614479431544409,0.00168700192780461,0.00127920966227395,0.00152932844209295,0.000939065098641846,0.000341808926956156
21.7233141088004,0.00397633065850896,0.00261656801083849,0.0033653695952246,0.00343255050882469,0.00314176724226166,0.00249900418286404
21.8433324187938,0.00441484529900455,0.00440327813958674,0.00501456162761856,0.00557527902059338,0.00426150335381151,0.00267247984511243
21.9633507287872,0.000942052850369999,0.00208521876266689,0.0019628681671924,0.00295929883629917,0.00178509631918562,0.00014387836236383
22.0833690387806,0.00336373512506064,0.00295531079103324,0.00314199999868673,0.00196321045537942,0.00307582098924881,0.00267828509693576
22.2033873487739,0.0044971399034456,0.00485396105297725,0.00537621367718995,0.0045968195666837,0.00443898671950258,0.00282953616486261
22.3234056587673,0.00156892623920477,0.0024169492713805,0.00268408896948425,0.00263226157038558,0.00209722958400887,0.000329926331098321
22.4434239687607,0.00257953487015803,0.0023878478034491,0.00242717931369663,0.00184118557604742,0.0024885442207301,0.00277433109680361
22.563442278754,0.00394832467215242,0.00488957449326883,0.00504895816459948,0.0043278393980533,0.00401649290413505,0.00302587643704032
22.6834605887474,0.00144347792973904,0.00297768665920822,0.00282099390858525,0.00249053379303786,0.00180525790441738,0.000413736723932083
22.8034788987408,0.00239702817325106,0.0014309272786213,0.00197573719806948,0.00181218733346609,0.00220606454715865,0.00274745885309279
22.9234972087342,0.0036343443373447,0.00406758565867191,0.00463076432945472,0.00411621998556376,0.0039098661766566,0.00326697064991386
23.0435155187275,0.0011479745468486,0.00256900608192687,0.00265178136345452,0.00216848758906081,0.00189591811495808,0.000946795090946638
23.1635338287209,0.00254666083006052,0.00133485721933051,0.00197116686362536,0.00218502393931595,0.00180759457927826,0.00220606580734357
23.2835521387143,0.00374023219896769,0.00359862357194147,0.00450593370613229,0.00459235004776515,0.00349901300520708,0.00271790496383486
23.4035704487077,0.00126836081691036,0.00192574900346603,0.00257699945635614,0.00266263962731991,0.00159444401011372,0.000493459480618669
23.523588758701,0.00259004996890549,0.00200995825014341,0.00186133558851097,0.00180174277718516,0.00194337660695343,0.00243841558233706
23.6436070686944,0.00384744112607391,0.00417574997911817,0.00432711409667206,0.00454266541376064,0.00353035844511806,0.00288193494615862
23.7636253786878,0.00136258540514043,0.00232557293070629,0.00237940383394958,0.00302127589273925,0.00163919614285636,0.000826628100843518
23.8836436886811,0.00246873108642071,0.00186237966260153,0.00204263457407211,0.0011950394042048,0.00211397250971421,0.0023672364249407
24.0036619986745,0.0039197024835999,0.00432073083336965,0.00450278500643922,0.00385917821888031,0.00366505252287784,0.0026397004775959
24.1236803086679,0.00163379016704971,0.00270519574570943,0.0025337797310196,0.00251066790429856,0.00167918019444481,0.00047395955214266
24.2436986186613,0.00220609698663372,0.00140472468675167,0.00194874212758832,0.00138563266411416,0.00208986233074928,0.00279062515926465
24.3637169286546,0.00375764454599343,0.00393963052255852,0.00451443331281398,0.00385667505693359,0.00390683969754433,0.00302784994474934
24.483735238648,0.00197590620710895,0.00247513383376119,0.0026548749380652,0.00248015470873184,0.00215392808214136,0.000526293938998211
24.6037535486414,0.00276479900875288,0.00149157645885224,0.00194108753259992,0.00170633687280859,0.00164830246747981,0.00293570117980062
24.7237718586348,0.00390302200541063,0.00389003311756957,0.00434353947386187,0.00378540703534572,0.00344128086549235,0.00322586230422991
24.8437901686281,0.0015908810883515,0.00212630325078725,0.00200345800245975,0.00178837723796071,0.00161042033022149,0.000534818282097477
24.9638084786215,0.0040304248994468,0.00300632114330551,0.00349681332670327,0.00318642181079334,0.00282686242827126,0.0044095459244815
25.0838267886149,0.00685880833748894,0.00677551319786748,0.00758026512411647,0.00680075422418724,0.00579057836639646,0.0062616753420183
25.2038450986082,0.00586863620717275,0.00660794375849778,0.00711048663282777,0.00630706748244941,0.00543516114818704,0.00444644475290884
25.3238634086016,0.00262538090013213,0.00329426283651751,0.00339254604455297,0.00280913648633102,0.00294967366016974,0.00122137168363955
25.443881718595,0.00180324637692602,0.00197417288678746,0.00249681093348458,0.00219541583433006,0.00203924151549429,0.00179201519739475
25.5639000285884,0.00157412145505752,0.00224809225894125,0.00261893035123308,0.00241218517124617,0.00179133140404213,0.00114114163517393
25.6839183385817,0.00139230577685982,0.00148864551379937,0.00205590550495101,0.00185813867182628,0.0018259347732238,0.0012960939796634
25.8039366485751,0.0023931362759925,0.00255084751048617,0.00337568726253392,0.00329062121925738,0.00257937965227414,0.00225711773042904
25.9239549585685,0.00153639680448529,0.00195044163296529,0.0025197636971322,0.00279677003970132,0.00162387038023956,0.001030753304434
26.0439732685619,0.00109693078881192,0.000775168899421171,0.00133825430872292,0.0015114502401007,0.000720222085013602,0.00122122622198043
26.1639915785552,0.00204488895997052,0.00252093629687062,0.00316879180854628,0.00276215626517488,0.00185148612668912,0.00213206243357469
26.2840098885486,0.00124886924015198,0.00202819667795952,0.00242918844958798,0.00228738275388044,0.0010794085106828,0.000934796926974644
26.404028198542,0.00133093074271298,0.000810471325561661,0.000922344480570278,0.00107809017616403,0.000869979186762531,0.00118967939184311
26.5240465085353,0.00178728899271881,0.00213582001256248,0.00258427148908526,0.00207550698443427,0.00159940847406245,0.00189311955327464
26.6440648185287,0.000832903481031993,0.00162348743033037,0.00190252181120006,0.00134422254761436,0.000802927498411449,0.000694614392507575
26.7640831285221,0.00185579102565597,0.00101947732115849,0.00119411652155098,0.00131423367847205,0.00154218230844024,0.00129171826633021
26.8841014385155,0.00202396122764986,0.00182881325809227,0.00236317872483404,0.00228284142780818,0.00179276091937802,0.00174650305552191
27.0041197485088,0.000694331581598632,0.00109068339592187,0.00128754106483102,0.00101647748654403,0.000570311562335501,0.000506834102067234
27.1241380585022,0.00240760982673766,0.00193279450651125,0.00155482096408445,0.0016775258191437,0.00201482799396863,0.00140761330785541
27.2441563684956,0.00270093233878117,0.00252634519696248,0.0025122828128397,0.00272840491084785,0.00220438974084968,0.00153419860325727
27.364174678489,0.000901990314918262,0.00102720671859424,0.000866424957403887,0.00123113757900678,0.000309516023594126,0.000226821757343874
27.4841929884823,0.0020676642881043,0.00218545417695811,0.00187854741964536,0.00139146029353792,0.00207744056255232,0.00187052403866895
27.6042112984757,0.00244458248686409,0.00308613681804697,0.00281781944194831,0.00235440362577407,0.0023130050979031,0.00174714101864038
27.7242296084691,0.000755491262526889,0.00157081151959802,0.00122377410013485,0.000879366266170494,0.000605226876005434,0.000663332149839775
27.8442479184624,0.00238782887467878,0.00235045349899367,0.00285239289926,0.00256643781522985,0.00285712429880734,0.00272179744674751
27.9642662284558,0.00276786889667471,0.00338609952851391,0.00388828175529151,0.00355130867077874,0.00342240664281083,0.00286402836280739
28.0842845384492,0.000755511812599113,0.00162237043602993,0.00182641871500191,0.00179217484304208,0.00128670027938788,0.00083756377003636
28.2043028484426,0.00209640690987375,0.00171282051111701,0.00214808857124142,0.00230752850520391,0.00181964873457009,0.00182186425246274
28.3243211584359,0.00250690883186334,0.00307495116463971,0.00351758919073018,0.00348688022040132,0.00275203166488243,0.00229285338975545
28.4443394684293,0.000419149967819329,0.00151157774470658,0.00161888196477137,0.0016904181913545,0.00101670858842545,0.000482220434475823
28.5643577784227,0.00233650163097624,0.00139840736940132,0.0020474384410389,0.001975042160381,0.00166693115673101,0.0017861779442631
28.684376088416,0.00269771119559346,0.00267104393111639,0.00347209742383829,0.00337191695603666,0.00238410519716873,0.00225636493740948
28.8043943984094,0.000393418923709898,0.00103784322158891,0.00153002989265975,0.00160594464897286,0.000668081104812531,0.000533343285039827
28.9244127084028,0.00244846607085659,0.00183303887543141,0.0019819205357532,0.00163146407478975,0.00214471285676854,0.00164684230872344
29.0444310183962,0.00289220491128647,0.00298425005913548,0.00350855301758692,0.00312449685455046,0.00269478677122173,0.00211079533023373
29.1644493283895,0.000551614569465451,0.00120843074960149,0.00162437060678791,0.00139895470026668,0.000827201098599258,0.000567677701363409
29.2844676383829,0.00243907932545375,0.00182360824759053,0.00184291760870755,0.00185859830737637,0.00233767717194982,0.00160041666873194
29.4044859483763,0.00289551193637721,0.00281568531695705,0.00331764627511034,0.0033414100443122,0.00286217896729891,0.00195132713449935
29.5245042583697,0.000423112273063682,0.000659203079170548,0.0013952829004913,0.00156929318070127,0.000725083418506833,0.000730732989717648
29.644522568363,0.00291135107155897,0.0027556194112228,0.00219652145254347,0.00180761846586145,0.00267075322141746,0.00181248678604646
29.7645408783564,0.00350239244936383,0.00382403317663876,0.0035120824630316,0.00330021276783452,0.00325950008205688,0.00183324349257557
29.8845591883498,0.000585352905965612,0.00100303811722817,0.00113178289152002,0.00135290703033871,0.000624648739926379,0.000624241010493815
30.0045774983431,0.00356702801691014,0.00380940409703056,0.00338953750431428,0.00277524398720108,0.00404207187650266,0.00258229685852441
30.1245958083365,0.00558130678227152,0.00679726865527169,0.00583261397108768,0.00515564126817582,0.00633742441578592,0.00296749698043643
30.2446141183299,0.00413474242340682,0.00572663507969495,0.00438958152398148,0.0040954173141006,0.0050239966466825,0.00149276444702887
30.3646324283233,0.00147594037323684,0.00198436912186628,0.00113204689500201,0.00134066201936361,0.00183941408946706,0.0017420228409145
30.4846507383166,0.00183824674898914,0.001961161050066,0.00260732454333269,0.00222680326767489,0.00181500462173989,0.00200190651717004
30.60466904831,0.00116273236351038,0.00221189136052153,0.00207580760537893,0.00174153019301221,0.0016456155465464,0.000372575499082256
30.7246873583034,0.00173942501688772,0.000824913597750575,0.00107723555987518,0.00147641223834015,0.00085775773225914,0.0016581828603412
30.8447056682968,0.00256767370483787,0.00200864319192836,0.0025597245499048,0.00287141552919895,0.00180627760181226,0.0019238862172069
30.9647239782901,0.00119680379188126,0.00150771545111661,0.00155222245273201,0.00189415839624351,0.00101704682677965,0.000204482206519931
31.0847422882835,0.00160181816976157,0.000739013182269504,0.00168222317594566,0.00121889253176159,0.000939373735015758,0.00181855029547243
31.2047605982769,0.00258612588640611,0.00208140790092423,0.00304092369746887,0.00269516004648252,0.0018837171144004,0.0020747533411077
31.3247789082702,0.00124403800450145,0.0012168267856693,0.00167113621638243,0.00172523873295556,0.000868064789299827,0.000319953899084783
31.4447972182636,0.00128625804212449,0.00120136118949295,0.00147280540276191,0.000960998751539157,0.00110312851275269,0.00173137920804608
31.564815528257,0.00229691914199005,0.00253781384986034,0.00303142765440709,0.00249627621869306,0.00193941420057526,0.0020502310031435
31.6848338382504,0.00115532398871539,0.00156227558940223,0.00177521610244441,0.00164640450681132,0.000820566846054943,0.000389319973382087
31.8048521482437,0.00109845930286746,0.000893563517216806,0.00123654692903118,0.000957877662767222,0.00109557676379481,0.00161491484011911
31.9248704582371,0.00178198132413529,0.0022545934259815,0.0027606655303722,0.00219859335383932,0.00183155345387742,0.00192217152649849
32.0448887682305,0.00056282887130509,0.00137733116621015,0.00161843269710964,0.00133004886878877,0.000681144654975327,0.000411153367185199
32.1649070782239,0.00143525408177951,0.000928934905068826,0.0012003462227445,0.00132783069338407,0.00120963711368517,0.00161509445650539
32.2849253882172,0.00179564692160016,0.00204556452994743,0.0024773584652069,0.00225483672765338,0.00177369741826395,0.0018213582190408
32.4049436982106,0.000266519319560327,0.00109787425574001,0.001244970390474,0.00104157729897521,0.000582792334606871,0.000407123563657505
32.524962008204,0.00176018579960995,0.00139464939877528,0.00145838620691692,0.0014484212498465,0.00140747225666452,0.00170399476789058
32.6449803181973,0.00196450244827039,0.00230136186490901,0.0025288500898097,0.00241814025716875,0.00177647824976552,0.00178077109471675
32.7649986281907,0.000349503519563832,0.00121902501264146,0.0011233620053169,0.00109217084605569,0.000476275551967506,0.0003751652913739
32.8850169381841,0.00210255143987316,0.00169846042543365,0.00174688641420554,0.00151432381285761,0.0016968487344498,0.00188253870323097
33.0050352481775,0.00230811303970203,0.00253753848513243,0.00271695778839725,0.00249574592922098,0.00197335543464287,0.00190212021355274
33.1250535581708,0.00067702267819208,0.00121312370754258,0.0010796576266191,0.00114468615213528,0.00046246991740359,0.000258200440270139
33.2450718681642,0.00226203518372152,0.00151273848436307,0.00173139617872307,0.00156040185197588,0.00181565526663934,0.00188272174184728
33.3650901781576,0.00253965365722525,0.00242473512410482,0.00273564649063305,0.0025211850775777,0.00210388660687589,0.00191186217341709
33.4851084881509,0.000950734987110152,0.00103045516342503,0.00108051011290349,0.00113926000721321,0.000468048921524747,0.000283732307203631
33.6051267981443,0.00241268297472175,0.00157614812426403,0.00193348839870519,0.0015422797993874,0.00194177046128347,0.00194272161940046
33.7251451081377,0.00275191987641706,0.00248823984692917,0.00290092161426471,0.00244111876056638,0.00229391373661167,0.00192041289422939
33.8451634181311,0.0010662753175831,0.00109268144340095,0.00114285233746266,0.00102361026159794,0.000641697825606123,0.000169777486263661
33.9651817281244,0.00241500983572983,0.00193984619710673,0.00191458282811051,0.00174570103542001,0.00200005235904991,0.00209917013101723
34.0852000381178,0.00285010178420757,0.00289247258502319,0.00285588075423699,0.00253923383942111,0.00242034179388945,0.00206372332453459
34.2052183481112,0.00108522801736641,0.0015088426269082,0.00109781074613852,0.000921073131533368,0.00075111095990273,0.000137007546766198
34.3252366581046,0.00235338334977693,0.00201984079472848,0.002371945248533,0.00190259847492724,0.00202375585984916,0.00226537726478183
34.4452549680979,0.00285577811662882,0.00299601830119757,0.00330970371560633,0.00268993225920502,0.00248666649169067,0.00228587618947587
34.5652732780913,0.000999136392323463,0.00155530090908006,0.00149590361074168,0.0011223163966634,0.000993345423552552,0.00047664641427881
34.6852915880847,0.00242704580813084,0.00202244348807176,0.00270473949152866,0.00259428214533919,0.00247101815105578,0.00267795772591356
34.8053098980781,0.00299918521973101,0.00304596045254983,0.00374380517348869,0.00348395340196444,0.00298870098455532,0.00296803830778453
34.9253282080714,0.000772907236914158,0.00131369411621379,0.00158128678775258,0.00154516594296305,0.000904445826367598,0.000652314001003754
35.0453465180648,0.00291166327067209,0.00242177530755363,0.00312041005725386,0.00293282572902408,0.00250981746877181,0.00262282418809827
35.1653648280582,0.00440420908590026,0.00431933755772715,0.00521140420004328,0.00484459334687916,0.00399684188202184,0.00389060828372122
35.2853831380515,0.00290319716517923,0.00324356451533609,0.00375686672231605,0.00357508010837432,0.00275348917571481,0.00249656800181708
35.4054014480449,0.000368861124972963,0.000583371939433624,0.000863145413010408,0.000961438654132053,0.000386612676506475,0.000630460215752309
35.5254197580383,0.00165161119044874,0.00188303491921027,0.00248579571640622,0.00225245920049533,0.00140227317776731,0.00162508764730166
35.6454380680317,0.000882005406310012,0.00143169440186168,0.0018284022752131,0.00178786426966998,0.000694211079248844,0.000852107578819097
35.765456378025,0.00137675423378895,0.000792510073976102,0.0012126388932864,0.00103686990035904,0.00110081072543179,0.000975265577377368
35.8854746880184,0.00203939005546634,0.00199311819421603,0.00269341122344794,0.00224105986460544,0.00179548787244636,0.0016683604021559
36.0054929980118,0.000746061576064313,0.00107789108859459,0.00169441203189229,0.00140528838683444,0.000615130225449464,0.000640822601704426
36.1255113080052,0.00175612230962343,0.00110143838390434,0.00121431291707874,0.00112609604507074,0.00133478048914617,0.000999549888731228
36.2455296179985,0.00234184533837564,0.00214882181656951,0.00257516078121649,0.00228096565313862,0.00190068425235632,0.00151266064295611
36.3655479279919,0.000897957744691092,0.00103257066283601,0.00144645765605129,0.00127952752721309,0.000610774992319183,0.000465919510948479
36.4855662379853,0.00202541098989264,0.00163120522669075,0.00107955813665574,0.00110544690240053,0.00162565739033494,0.00115410501980604
36.6055845479786,0.00270506613081508,0.00268617826330181,0.00229857163251554,0.00216462371040658,0.0021169068205233,0.00138034513265268
36.725602857972,0.00115752809430706,0.0015203124204529,0.00096463020028297,0.000968268335257513,0.000631965749865791,3.97080280778559e-05
36.8456211679654,0.00197941610500891,0.00183899886522845,0.0017691824317063,0.00134414975437716,0.00192138717261696,0.00162239120592971
36.9656394779588,0.00287805276678467,0.00301263637778314,0.00294423719333976,0.0024122628743568,0.00264676348885901,0.00183209494668721
37.0856577879521,0.00142483774208744,0.00182378309018455,0.00149352571846623,0.0011963313071943,0.0013036120686004,0.000704192747611608
37.2056760979455,0.00169262435195386,0.00151338088618718,0.00186592551486069,0.00174790745090969,0.00186712694141791,0.00184998703519471
37.3256944079389,0.00273986809068477,0.00290217847917976,0.00322365227598145,0.00293271275016469,0.00278963668586379,0.00216307363394326
37.4457127179322,0.00150090521824021,0.00190484013968136,0.00184501657607447,0.00179779159109019,0.00152675174676598,0.000792305003533502
37.5657310279256,0.00146045239752429,0.00108216215518122,0.00157739379111157,0.00160332499725843,0.00115142307762192,0.00147752215505988
37.685749337919,0.00249602408500203,0.00258877662999276,0.00311418405993868,0.00285004966174111,0.00223517004839793,0.00195982572044615
37.8057676479124,0.00137624720223401,0.00182183954866174,0.00197257235378332,0.00189246169259881,0.00124200609418494,0.000766166846028758
37.9257859579057,0.0012722658655137,0.000846021523073635,0.00141340028534384,0.00140534885570284,0.00091469322660911,0.00147450759680435
38.0458042678991,0.00226213124108122,0.00228537631019544,0.00295639108379409,0.00263639531172295,0.00194967284577323,0.00200185947302012
38.1658225778925,0.00118013439343867,0.0016275687212545,0.00199130196556459,0.00176476452535225,0.00106387645001272,0.000863106466900795
38.2858408878859,0.00116963382288377,0.000749168965594195,0.00129548659374454,0.00108510621269546,0.000911684836396295,0.00124347925840387
38.4058591978792,0.00211581385525397,0.00203781100879483,0.00277439975447353,0.00236250251522615,0.00177205393005159,0.00181081695781102
38.5258775078726,0.00105135837567232,0.00133498803668661,0.00192130726659652,0.00159678490347956,0.00085772208476083,0.000766927474438478
38.645895817866,0.00116288257032833,0.000799997602134183,0.00103741048424574,0.000990892984293647,0.000988853726182895,0.000964792409144729
38.7659141278593,0.00203785351908602,0.00198456422169394,0.00241824972243042,0.00225158611199966,0.00172391814891474,0.00147970565767129
38.8859324378527,0.00100323646132544,0.00117024035658589,0.00158673419245595,0.00157080231841871,0.000763087153058276,0.000501149129700076
39.0059507478461,0.00127305963548739,0.00111407727575407,0.000841607869333035,0.00075614867589379,0.00110601856966153,0.000881292252895986
39.1259690578395,0.00205547652636047,0.00226269329516868,0.00215540518569034,0.00181446865136154,0.00172592686567726,0.0011629271842725
39.2459873678328,0.00106476332748361,0.00143323821357479,0.00125886600884669,0.00106869515495137,0.000734746419829994,4.98573573629675e-05
39.3660056778262,0.00145802809009533,0.00131663139370141,0.00121232340060607,0.00100434762206632,0.00145364069564269,0.00131353050256594
39.4860239878196,0.00213563341531032,0.00243554633789497,0.00236896081895528,0.00195309677110504,0.00210321009729911,0.00141200358264989
39.606042297813,0.00114307645710331,0.00161406822230402,0.00133351665111506,0.00106903761100361,0.00112392056228955,0.000300734796545607
39.7260606078063,0.0017575793061566,0.00135589389234953,0.00150239709965595,0.0014544370125171,0.0015085721265808,0.00158689195189093
39.8460789177997,0.00239810136093772,0.00244762892770124,0.00260229425325673,0.00235341998080363,0.00217078862429953,0.00168565911963307
39.9660972277931,0.001096813051683,0.00145508450793192,0.00128030903113093,0.00120079791386669,0.00100959914895713,0.000282640666467518
40.0861155377864,0.00214242831463261,0.00154613687335379,0.00201302523570493,0.00192884469911995,0.00166204900772974,0.00209181011187395
40.2061338477798,0.0036741022214164,0.0034341280555691,0.00397332290759014,0.00364515012684489,0.00308290120131822,0.00290327434655045
40.3261521577732,0.00314391131050307,0.00319065761874899,0.00345389058625475,0.00322990896695464,0.0027401099648779,0.00201078663300681
40.4461704677666,0.00166307442612328,0.00143158769597023,0.00154282661655817,0.0016101365337484,0.0015326246745395,0.000957148591205114
40.5661887777599,0.00153434310812235,0.00140609348047445,0.00177517787685968,0.00160714325028713,0.00125053548058011,0.0010914604944429
40.6862070877533,0.0013304199231775,0.00149116419730763,0.00167190066565899,0.00149272237230366,0.000997020004615901,0.000602378596543817
40.8062253977467,0.00130170971755689,0.00101117809484289,0.00130379355030189,0.00116758472176779,0.00106595159839177,0.00109456433175894
40.9262437077401,0.00165342302024276,0.0015958977370227,0.00201212499187446,0.00171948146502437,0.00133823106477305,0.00131431403900518
41.0462620177334,0.00107027137418828,0.00128471287293225,0.00151045611627735,0.00132425734314476,0.000793791058637441,0.000523193292822489
41.1662803277268,0.0011072979988985,0.000898973787706131,0.00130900810780222,0.0011786100030483,0.000999925101610367,0.00113396206468509
41.2862986377202,0.00151737144021929,0.00157675140382526,0.00208791077379497,0.00176598329375887,0.00130627387900458,0.00136853461169529
41.4063169477135,0.000863394849492139,0.00114199075602846,0.00143741834638592,0.0012359006955382,0.000678584974365228,0.000459913464216368
41.5263352577069,0.00109073743227247,0.00088537492542596,0.00114613148985951,0.00113223695949315,0.00103101838991849,0.00102100873552315
41.6463535677003,0.00144975143302391,0.00158380292663277,0.0019518353931077,0.00172920420607298,0.00130064753718391,0.00126402886628936
41.7663718776937,0.000722211398664666,0.00110800089864937,0.00127771039539412,0.00114252776265315,0.000608139947672469,0.000352442018884255
41.886390187687,0.00118283153905103,0.00104573252106586,0.00113108512842076,0.00110352465272243,0.00108334047136972,0.00100215275636347
42.0064084976804,0.00148657845051487,0.0017017202830893,0.00191938189478722,0.00168098216117361,0.00130654339484065,0.00120052680303114
42.1264268076738,0.000708386457471058,0.0011666052422513,0.00120416363175971,0.00103237157773069,0.000565694858211447,0.000269495810423229
42.2464451176672,0.00134686045945384,0.00110181850839518,0.00116374980250458,0.00110197163952982,0.00118553973486689,0.00103011755620953
42.3664634276605,0.00163071939985076,0.00170187687037657,0.00189841057918663,0.00168271884985849,0.00138685521103112,0.00119028551170253
42.4864817376539,0.000798722756665517,0.00108634355588744,0.00109724625885668,0.000990508722594885,0.000585731727231064,0.000260061251406141
42.6065000476473,0.00145845775898664,0.00105219107227024,0.00117223415440843,0.00111842501753283,0.00124291785030196,0.00103652043303905
42.7265183576406,0.00176708385610389,0.00165866675468612,0.00191375262699081,0.00169418403058585,0.00144457094039754,0.00115779594133616
42.846536667634,0.000915177683995377,0.000996296379885126,0.00107066766506082,0.000979833556655852,0.000595748734280057,0.000208458224089631
42.9665549776274,0.00150299697204827,0.00109870413241108,0.00117689239823525,0.00111056687625388,0.00126213805891926,0.00103525828242037
43.0865732876208,0.00182652572804959,0.00172949633284086,0.00189225961965607,0.00165618654731221,0.0014724693116338,0.00110443601557982
43.2065915976141,0.000946518150363552,0.00106677531368892,0.000998010392242117,0.000923756870085587,0.000605878232632972,0.000190028594774373
43.3266099076075,0.00149479130039263,0.00122523508942104,0.00119880193649684,0.0011296993008057,0.0012842237708909,0.00111579108359648
43.4466282176009,0.00183838426494175,0.0018502230637748,0.00189986423594888,0.00162550631683349,0.00149921711283971,0.00112933768479442
43.5666465275942,0.000898408636363092,0.00116255064185343,0.000997548396751327,0.000829287486812117,0.000616541323827363,0.00029440163822653
43.6866648375876,0.00140662838135804,0.0012235606169317,0.00136558524575701,0.00120228341330468,0.00131881110330094,0.00125422404274525
43.806683147581,0.00178426559020926,0.00183901268610649,0.00205484825216845,0.00170011018053097,0.00155445005281811,0.00126428587618152
43.9267014575744,0.000802037108852219,0.00111309234435694,0.0011318459313806,0.000907717643276891,0.0006517322493982,0.000429813316450726
44.0467197675677,0.00130151395721171,0.00111722964703892,0.00145752583514218,0.0013844395477539,0.00132370530592644,0.00132929191151532
44.1667380775611,0.00169166183444582,0.00173999108443313,0.00214390841676799,0.00188305771816029,0.00157734884007727,0.00137962452240905
44.2867563875545,0.000671018716095853,0.000975352751044045,0.00116530350758598,0.00103635198638997,0.000533188499524075,0.000441234666326183
44.4067746975479,0.00125971740683576,0.00108012281841488,0.00142846434638138,0.00143891670767592,0.00114966406173786,0.00123680538791145
44.5267930075412,0.00162015371662638,0.00169768222499399,0.00213448809311591,0.00196216083524264,0.00141969307175017,0.00131843768624147
44.6468113175346,0.000539287209726796,0.000823331655935732,0.00105519250048975,0.000988498883769472,0.000294157571532083,0.000302489847802353
44.766829627528,0.0014270734034331,0.00116674184658336,0.00143570372713336,0.00134580173090185,0.00126360908619189,0.00123861121277399
44.8868479375213,0.0017567812620289,0.00180150072244397,0.00223002657567743,0.00196316370379564,0.001496472759121,0.00136297560297887
45.0068662475147,0.000400484914009128,0.000653073391956724,0.000948172304097579,0.000802429036525342,0.000169011820082373,0.00022049452147905
45.1268845575081,0.00197582243675948,0.00163751846248485,0.0017339172647518,0.00156548861478085,0.00185693172825123,0.0014183329265878
45.2469028675015,0.0030042137316808,0.00294709936673908,0.00324716410848732,0.00285449814613256,0.00272428626959573,0.00196169195529868
45.3669211774948,0.00222820923452283,0.00238061106375599,0.00267505440624577,0.00236332331896359,0.00200504935317471,0.00134003867040525
45.4869394874882,0.000994123405389795,0.000838544280309333,0.00114782135145666,0.00113287845528852,0.000927711582779804,0.000862435991975401
45.6069577974816,0.00121722108803265,0.0011564659922775,0.00141257746832146,0.00127581348478407,0.000984552687817088,0.000832786824287925
45.726976107475,0.000904644334290786,0.00101032146584994,0.00107936691222972,0.000978346388844135,0.000608713284131717,0.000188679917202074
45.8469944174683,0.00117667696659737,0.000931694744113403,0.000824180692427452,0.000839269973663697,0.000968112272265656,0.000763028482351065
45.9670127274617,0.00154157812779624,0.0015511551573667,0.00151139848741705,0.00132550022107396,0.00123324162872928,0.000764396510289033
46.0870310374551,0.000904583341557737,0.00109741690481843,0.000908678359752305,0.000787669220357726,0.000640673173366442,0.000211882912115231
46.2070493474484,0.00121453022673226,0.00108346825455167,0.00105730049326354,0.000914473219793278,0.00113099868120581,0.00104022478729291
46.3270676574418,0.00163833422558534,0.00173505367217893,0.00176512940121772,0.00143258249435723,0.00143228382389643,0.000973257536704974
46.4470859674352,0.000974078077693751,0.00121865678151903,0.00107469183811428,0.000834318755180947,0.000806202740192774,0.000385889210513993
46.5671042774286,0.00120358600132431,0.00103995192540627,0.00116335825967638,0.00108765394355724,0.00116419641337131,0.0011710612597711
46.6871225874219,0.00164382679075331,0.00170873598767771,0.00188343990204914,0.00163715374976768,0.00148162643398928,0.00111712945350421
46.8071408974153,0.000997428956656263,0.00121613993496379,0.00119630641163124,0.00105727433192774,0.000817246698170613,0.00044774905769036
46.9271592074087,0.00114827706473317,0.000944722636052338,0.00118385973363657,0.00117945371647544,0.00100892782121582,0.00119400732173653
47.0471775174021,0.00158201848088942,0.00162040065480379,0.00191572930033028,0.0017205928926514,0.00134581249638922,0.00117999908029881
47.1671958273954,0.000972168104780085,0.00117071697784168,0.00127346228458369,0.0011701326603852,0.000738543073982461,0.000483947198014133
47.2872141373888,0.00110095767018516,0.0008699967040321,0.00118406994139061,0.00115334467848713,0.000927750244662479,0.00119478328541449
47.4072324473822,0.00150589643393432,0.00152686493625155,0.00190535092819153,0.00166556850022264,0.00124110686543857,0.00122249101765974
47.5272507573755,0.000923240132685141,0.00111304670430133,0.00131857797315903,0.00114332638765252,0.000690158781763382,0.000495837355791105
47.6472690673689,0.00108082079793833,0.00082981772865695,0.00117295376191485,0.00108465983832171,0.000917507419425658,0.0011391767633097
47.7672873773623,0.00145267288965412,0.00143874121512553,0.00185546771651023,0.00158094559264831,0.0011783910327692,0.00120197924202873
47.8873056873557,0.000888653969463066,0.0010399232981042,0.0012997520548512,0.00109572918127435,0.000672960736000129,0.000455688616595504
48.007323997349,0.00109168108690251,0.000848859597930505,0.00110023300846937,0.00105559409835484,0.000954051189597588,0.00104460587244385
48.1273423073424,0.00143279405063787,0.00141327849025715,0.00172864965873279,0.00152074029312505,0.00115289693065673,0.0011223932720373
48.2473606173358,0.000892143536084514,0.00101921910016802,0.001179138043718,0.00104285777230576,0.000667514782565727,0.000364418283609782
48.3673789273292,0.00113788446942301,0.00095168339784255,0.00103435759644151,0.000989128837691791,0.00100821517551544,0.000951749055664549
48.4873972373225,0.00144533105885605,0.00148374479349056,0.00164397547302513,0.00141170111093637,0.0011629072484908,0.00101552942721036
48.6074155473159,0.000924423153970981,0.0010898949298674,0.00110232971184508,0.000945592983238063,0.000712509205531157,0.000305943190695906
48.7274338573093,0.00120525244728575,0.00105088691060377,0.00106943111406443,0.000995121902545386,0.00111885747095306,0.000977698595171664
48.8474521673026,0.00148097034884033,0.00154381475423852,0.00164826683279942,0.00138639900037399,0.00124225325763413,0.00101573002067576
48.967470477296,0.000960351521543704,0.00114342857526736,0.00110566507068712,0.000923987889990218,0.00078149030924564,0.000354263773539234
49.0874887872894,0.00126503275396823,0.00108553064540605,0.00113764692047746,0.00106684270485274,0.0011850327125267,0.0010195405110527
49.2075070972828,0.00151914288678953,0.00153748135243414,0.00167250056206664,0.00141586947898082,0.00127250750630518,0.00103977308229265
49.3275254072761,0.000976392540443542,0.00112277343142799,0.00111825771649652,0.00094765597608394,0.000751874334107458,0.000401125938914849
49.4475437172695,0.00130464777748242,0.00108861342637385,0.00122450198161439,0.00119381431899138,0.00119150829345592,0.00106107821887467
49.5675620272629,0.00154949333976053,0.00150533135491254,0.00171063258678774,0.00151341834633374,0.00127704206552124,0.00107207137555266
49.6875803372563,0.000962227261984539,0.00103611224510097,0.00108532017482423,0.000959082576287967,0.00069763998339889,0.000419951132147549
49.8075986472496,0.0013639116446856,0.00113288777938904,0.00132403636496274,0.00125940825196002,0.00123043320420192,0.00112225058713658
49.927616957243,0.00162294932434035,0.00157194371336203,0.00183619726408748,0.00160663745662482,0.00133723597533993,0.00115629639526716
50.0476352672364,0.000853672885039472,0.000933066764528697,0.00104770239929752,0.000908718375829937,0.000589546805348673,0.000436827666438473
50.1676535772297,0.00154849819538121,0.00133154681956637,0.00157840477913925,0.00146883453931479,0.00144686107933275,0.0013089587687468
50.2876718872231,0.00233698833942487,0.0022822867483344,0.00260543103004885,0.00230001116475405,0.00205223785864561,0.00168101708902892
50.4076901972165,0.00185915077821507,0.00194060680449774,0.0020988477600044,0.00186776896335225,0.0015928611385825,0.00112166399647148
50.5277085072099,0.00101832502379117,0.000926812598392825,0.000982416682142478,0.00100413665791118,0.000983057499055439,0.000785263626636275
50.6477268172032,0.00110564540277656,0.00109762642986402,0.00136483745814491,0.0011688051060547,0.000921469846290956,0.000835511387865311
50.7677451271966,0.0009474912026034,0.0010494237357224,0.00122205954994375,0.00103181213562034,0.000688796208987103,0.000525294099883864
50.88776343719,0.00100356125164415,0.000864627587215605,0.00099969658620126,0.000979118671297823,0.000935161890874012,0.000838890930121471
51.0077817471834,0.00121331255353254,0.00121698728740425,0.00145280966776624,0.00126085089097017,0.00102244293854072,0.000869730564163332
51.1278000571767,0.000841416962389734,0.000964402635510465,0.00111637558890849,0.000952500725309177,0.000616220450412704,0.000461794369508991
51.2478183671701,0.000967347330093308,0.000870519565214145,0.00100542515124471,0.000978789159190837,0.000929134500463967,0.000855765216243986
51.3678366771635,0.00122560119151199,0.00128030835400758,0.00149393427199242,0.00128025841262382,0.00104281134670631,0.00087820792788285
51.4878549871568,0.000829937369980943,0.000975517053478637,0.00109135949693758,0.000902121579862279,0.000603601480917379,0.000434924205064926
51.6078732971502,0.000972192356767362,0.000866544980235789,0.000950867063746699,0.000937222507030831,0.000934365191281071,0.000830665113826017
51.7278916071436,0.00123825010673394,0.00129030711840579,0.00145916037666668,0.0012786990733579,0.00106166741079658,0.000846311532794099
51.847909917137,0.000843289525408378,0.000974522141524042,0.00106035347694959,0.000904697383640056,0.000605878212279691,0.000422126617197774
51.9679282271303,0.000978005559661247,0.000843374944578953,0.000922577167949346,0.000916593720141117,0.000913194795017811,0.000827305819779718
52.0879465371237,0.00124440515024306,0.00127261349200262,0.00143620889539936,0.00125437642275943,0.00105762591818455,0.000824748052689275
52.2079648471171,0.000864975401705833,0.000961559028016963,0.00105325943428464,0.00089128990828419,0.000617357342834958,0.000410593761357839
52.3279831571105,0.000981930858580843,0.000817948691170916,0.000911778182688225,0.000897256342031715,0.000893095365780637,0.000821033711048772
52.4480014671038,0.00124156819025436,0.00125294490224692,0.00140866389462353,0.00123197521843268,0.00104647714698754,0.000803293790317139
52.5680197770972,0.000880524825953704,0.000960970800513735,0.00103893965350152,0.000889181219710712,0.000633999667277396,0.000404142037372431
52.6880380870906,0.000969915600432535,0.000807543169987563,0.000887510583212152,0.000883135981267667,0.000868877712500542,0.000815175591809736
52.8080563970839,0.00121535221225967,0.00123619875818495,0.00136959072319145,0.00120019168609603,0.00101302373895706,0.000779097387083867
52.9280747070773,0.000876548605292608,0.000969507150943887,0.00102431942656358,0.000874403268465479,0.000633010718159984,0.000398087984026772
53.0480930170707,0.000946563836374824,0.000798672744449459,0.000885940736610049,0.0008673106425473,0.000851627499741565,0.000817310446239322
53.1681113270641,0.00116893775314502,0.00119915821116717,0.00134032029462122,0.00116339778853586,0.000976093390011439,0.000765010982686267
53.2881296370574,0.000849797768550419,0.000954385613612526,0.00101653708611362,0.000857550137979931,0.000632040205210643,0.000407966107337011
53.4081479470508,0.000918982690434169,0.000790264690152231,0.000898879463954603,0.000866574687867701,0.000850257060278762,0.000832991935448702
53.5281662570442,0.00111586050955353,0.00116062911043813,0.00132122604262978,0.00114117763644934,0.000943699012596156,0.000765257906417412
53.6481845670375,0.000813923813286975,0.000928593294826159,0.0010088307936902,0.000854346806877558,0.000619934072265095,0.000412696340431508
53.7682028770309,0.000898035203932469,0.000781131841728596,0.000904919528284704,0.0008801117203648,0.000840269171954912,0.000837410282129705
53.8882211870243,0.00106607775762658,0.00112371397203904,0.00129383068901483,0.00112706591199818,0.000899020413291038,0.000757135187778627
54.0082394970177,0.000780619790028857,0.000899361468188493,0.000993501670957521,0.000850490031168013,0.000590519165598148,0.000398671707072962
54.128257807011,0.000899141901585061,0.000775869656480918,0.000912820507759118,0.000888116673784419,0.000836078330003368,0.000830559845741921
54.2482761170044,0.00103223489514258,0.00108545153184406,0.00126159085452993,0.0010947035016011,0.000858297841981384,0.000741566909669794
54.3682944269978,0.000752748091017373,0.000862759567733384,0.000964344598730407,0.00082233225229002,0.000550549578840944,0.000388896797658633
54.4883127369912,0.000928104001158763,0.000790567236698876,0.000937368465654128,0.000922243061824254,0.000853249779181858,0.000835260035264496
54.6083310469845,0.00102677238451662,0.00105393199986403,0.00122784933804922,0.00109273232675175,0.000850732715346167,0.000725658236177591
54.7283493569779,0.000741144541626683,0.000800417164957441,0.000874803638110103,0.000758569137137195,0.000533996168809373,0.000344987354853641
54.8483676669713,0.00102683659388736,0.000863239198820791,0.000986989133441542,0.000937362159989247,0.000926807232845244,0.000859829068112583
54.9683859769646,0.00109852792874002,0.0011168308495195,0.00128878355020836,0.00112532901116562,0.000911792732554905,0.00075687704842659
55.088404286958,0.000668016364518952,0.000729143018131813,0.000778141579400193,0.00068015538949931,0.000495266508739754,0.000325145036765342
55.2084225969514,0.00127635202165712,0.00110320695702731,0.00120747891639626,0.00112866174111359,0.00117913521875901,0.00103892086288728
55.3284409069448,0.00180334754430395,0.00177457653268928,0.00199122736972382,0.00173792532003915,0.0015695712799989,0.00124237125409753
55.4484592169381,0.00149154474377729,0.00153358039808322,0.00172576337802515,0.0014999704494469,0.00125535198812652,0.000876529853882591
55.5684775269315,0.000836394326549324,0.00072694106209752,0.000841231130127719,0.000836365943569458,0.000779791562161927,0.00062736717763405
55.6884958369249,0.000718288278022428,0.000768194505342645,0.000832851294249316,0.000741208323420297,0.000581034718962455,0.000450561852218336
55.8085141469183,0.00078957641038712,0.00086760337320598,0.000906329822029155,0.000775489877882304,0.000584450410380122,0.000364782264232591
55.9285324569116,0.00087049065590364,0.000735953161334031,0.000803564552511371,0.000780558397567107,0.000786554645986788,0.000673689394072062
56.048550766905,0.00084232050134585,0.000877736297782791,0.000953293171629568,0.000833310447288782,0.000693476681739944,0.000513289677872034
56.1685690768984,0.00069886059081648,0.000796064157683449,0.000831754942244717,0.000720587596701441,0.000535999492268391,0.000370596107975991
56.2885873868917,0.000855197476371928,0.000749186439340384,0.000853996230226679,0.000817442000859229,0.000797360893994629,0.000741140326158742
56.4086056968851,0.000863747379516243,0.000920352891616915,0.00103083640501452,0.000880733947226003,0.00071752013778267,0.000570557350920675
56.5286240068785,0.000673435446948525,0.000775079004942098,0.00081599283892955,0.000693120383214903,0.00051130637980724,0.000370022320281941
56.6486423168719,0.000853299443772388,0.00074037340397626,0.000847137588656917,0.000823401538649337,0.000799079449646432,0.000751959443638306
56.7686606268652,0.000865728409999308,0.000920390032754755,0.00104211818620089,0.000914385005300681,0.000725740658110069,0.000582473854657793
56.8886789368586,0.000651157940252081,0.000752830669566105,0.00080350115933382,0.000706965692506104,0.000483435287416022,0.000375075630382626
57.008697246852,0.00085044707575928,0.000732314971545642,0.000847937376842566,0.000830052820632819,0.000783832127142308,0.000764564426770155
57.1287155568454,0.000864709587742622,0.000913628714051188,0.00104659765636141,0.00091767238234848,0.000719457874520266,0.000591910219912043
57.2487338668387,0.000637893761319416,0.000731560947968812,0.000795071006632968,0.000694693302079838,0.000471758030588809,0.000367830354519677
57.3687521768321,0.000855216827245962,0.000725651971766801,0.000848464064153191,0.00082243235679251,0.000781043578334998,0.000765347960955053
57.4887704868255,0.00087192934905422,0.000909840469646006,0.00104414386463285,0.000912150442328336,0.000719664947129493,0.000594948053702494
57.6087887968189,0.000634592029287602,0.000719974572304698,0.000778473232650899,0.00068338915533856,0.000473618377974211,0.000357075939230559
57.7288071068122,0.000860295559093333,0.000726093250871309,0.000839090640452348,0.000811961480346859,0.000781623078058227,0.000757297142373104
57.8488254168056,0.000879753496670978,0.000911929863348572,0.00103546764602853,0.000900567141146126,0.000718120216470701,0.0005881832190482
57.968843726799,0.000636487046429778,0.000719684029757757,0.00076338552966354,0.000669831452337581,0.000480195121491593,0.000346080916352971
58.0888620367923,0.000865800353233425,0.000731245269292209,0.000830362902707359,0.000804539922887217,0.000786622529517801,0.000750657220066983
58.2088803467857,0.000885506479754942,0.000911458549582597,0.00102436432890039,0.000890873681685398,0.000719484753676569,0.000582722916544533
58.3288986567791,0.000635848408114566,0.000718587563643919,0.000748646604485639,0.000659431618693132,0.000488547307063589,0.000342541980804851
58.4489169667725,0.000870369514139551,0.000742191323319686,0.000832121871157635,0.000801776058522922,0.000793465618342387,0.000749045615184349
58.5689352767658,0.000891286857105989,0.000916706973149843,0.00102452039572131,0.000883417288484727,0.000721949713740481,0.000581126628326155
58.6889535867592,0.000631547441789668,0.000717983138004843,0.000743609484266306,0.000652115466444257,0.000490373532796113,0.000343657667687366
58.8089718967526,0.000871216395343997,0.00074948004227775,0.000837591650991708,0.000806740325873565,0.00080007236513685,0.000753626005851619
58.9289902067459,0.00089674700680079,0.000918828273203077,0.00102950609953195,0.000887050693767722,0.000727584554662424,0.000588085040568517
59.0490085167393,0.000627213976074603,0.000710425116726272,0.000746401992630168,0.000652026946636981,0.000489573837855722,0.000346571172290525
59.1690268267327,0.0008709711403566,0.000749026561294801,0.000853631194344187,0.00081100465695832,0.000807937610424717,0.000758128762456954
59.2890451367261,0.000899632827507807,0.000914027715040631,0.00104036119044534,0.000883217315588608,0.000731571352403077,0.000597474385588711
59.4090634467194,0.000618823976722226,0.000696550533387006,0.000752559306472878,0.000651395348557959,0.000471352185098964,0.000355758498024772
59.5290817567128,0.000877359376168876,0.000756218702552032,0.000879757351082791,0.000849736657817542,0.000814547000146399,0.000770495540466858
59.6491000667062,0.000906780627311553,0.000908457987275263,0.0010470292619936,0.000911962131644335,0.000743324305377858,0.00060746925481311
59.7691183766996,0.000610496412236007,0.00066066340542073,0.000709484340107096,0.000628705704033382,0.000462981369084699,0.000343655314268592
59.8891366866929,0.000934448364973688,0.0008048419157886,0.000921095413740137,0.000875664697299331,0.000855934485654059,0.000801660771736363
60.0091549966863,0.000973213358172958,0.000972478471973789,0.0011203045598707,0.000965673914802777,0.000797600323295631,0.00065981783716447
60.1291733066797,0.000541472325554834,0.000606689029411469,0.000663966334146967,0.000593459568561807,0.0004290194857903,0.000345548606672413
60.249191616673,0.001115009889993,0.000986205989565105,0.00109374515625428,0.00103814907098115,0.0010502978018015,0.000955359822198072
60.3692099266664,0.00157899444764331,0.00153938949728679,0.00169871243272455,0.00148177635815899,0.00136701204421324,0.00108660713385503
60.4892282366598,0.0013079754500892,0.00131901480249784,0.00143023614017656,0.001226048444536,0.00109391587119581,0.000747845782818958
60.6092465466532,0.000767205540532917,0.000658055061258567,0.000757170159346677,0.000710726665508306,0.000698258940979302,0.000568333650921589
60.7292648566465,0.000667501355250518,0.000676109714034368,0.000807213034681644,0.000691621391167079,0.00052942106933856,0.000445891980286938
60.8492831666399,0.000695381907797185,0.000744983821310284,0.00081995100037712,0.000702904121830063,0.000527778431916873,0.000373046106767073
60.9693014766333,0.000762040178915522,0.000641267025940494,0.000738855216903999,0.000704258847379982,0.000681070813534657,0.000610510968825396
61.0893197866266,0.000766102846892797,0.000759348502916156,0.000877883317773938,0.000755824725970938,0.000608385499782662,0.000487850750530477
61.20933809662,0.000635745147196339,0.000691512275846841,0.000755782522443677,0.000661302390440474,0.000489584420388828,0.000357608887730033
61.3293564066134,0.000738819876082296,0.000645518143732375,0.000746761315985339,0.000713566927724652,0.000680055397621351,0.000635476818983833
61.4493747166068,0.000784257369371194,0.000798750515248423,0.000917636273896826,0.000773827151281048,0.000625902336220531,0.00051617777380619
61.5693930266001,0.000634828155665758,0.000692266639650366,0.000745685575708703,0.000632514090706609,0.000484896386886503,0.00035166552332731
61.6894113365935,0.000733335685082174,0.000637755416999433,0.000719345619138975,0.000694057675328488,0.000684112982497671,0.000622985057342332
61.8094296465869,0.000786230381149725,0.000801448664993103,0.00091001843258304,0.000780697181769836,0.000636865769050241,0.000510626951638881
61.9294479565803,0.000633024113639877,0.000690509315483383,0.000740385494225859,0.000641102444223012,0.000479832472703716,0.000356897222822955
62.0494662665736,0.000723420313381403,0.000627515866107598,0.000707424405058056,0.000686267468417161,0.000669667415358422,0.000620087997605759
62.169484576567,0.000778771621157727,0.000791744692299521,0.000900538336499323,0.000771807732455577,0.000630358022863348,0.000506483598654863
62.2895028865604,0.000629795351465244,0.000682859658875468,0.000740685536709882,0.000636979883407921,0.000478713352028242,0.000357319597787724
62.4095211965537,0.00071307205560559,0.000613437466863006,0.000700304032781076,0.000676111264325862,0.000655518607901041,0.000612946984556721
62.5295395065471,0.000768728506359308,0.000777260352999167,0.000888455420031735,0.000761373507697629,0.000620257206692873,0.000500248547192346
62.6495578165405,0.000625842882461598,0.000675453688690459,0.000735878059249247,0.000635993358079086,0.000478527839742204,0.000357616093089464
62.7695761265339,0.000698749861961723,0.000600094516025959,0.00068943060552504,0.000665345709975712,0.000638964614710741,0.000602510088313623
62.8895944365272,0.000751905716309294,0.00076082115872431,0.000871943690688192,0.000744587846699712,0.000603114832094676,0.000488221099232973
63.0096127465206,0.000619293098783202,0.000669692465718933,0.000731219991109993,0.000630233359901642,0.000475457710390198,0.000354826806376045
63.129631056514,0.000684003719989433,0.000587539332191943,0.000677078522228579,0.000653559176641485,0.000625739497462071,0.000591879655232667
63.2496493665074,0.000729878978724418,0.000737723064912469,0.000849248893713379,0.000725272938604911,0.000584537125772423,0.000475077624582026
63.3696676765007,0.000607848949614587,0.000657896117763011,0.000719082325113254,0.000621195938108397,0.000470971815754367,0.000351286941058293
63.4896859864941,0.000671072102208068,0.00057955877151242,0.000666165664745897,0.000642219052796968,0.000617120548744175,0.000580982055277606
63.6097042964875,0.000708259370896874,0.00071877199345729,0.000826752737377209,0.000702547881929769,0.000564426355169051,0.000459027735371669
63.7297226064808,0.000593855066743296,0.000646672509217111,0.000704892337027021,0.000608168916244898,0.000461972089890811,0.000344066324909875
63.8497409164742,0.000659847643106995,0.00057416332202108,0.000652916698809001,0.000633092768922038,0.00061169504289926,0.000570843168193122
63.9697592264676,0.000689654748966517,0.000700906181644436,0.000802309978971301,0.000683347852749783,0.000547023834027022,0.000443997666735886
64.089777536461,0.000581668280839514,0.000632823269895862,0.000689090403463224,0.00059499319167607,0.000454248091269151,0.000335351266946216
64.2097958464543,0.000653017024240991,0.000567729079820567,0.000648465169781536,0.00062159543490518,0.000611588065776543,0.000560040679947987
64.3298141564477,0.00067308315098976,0.000680700031270432,0.000782184798218605,0.000655617037609137,0.000532491782012611,0.000428070142413276
64.4498324664411,0.000566781146470202,0.000614254355957742,0.000673202418927386,0.000576466981685648,0.000434750918335109,0.000332618208486836
64.5698507764345,0.00065230401553943,0.000568879366074392,0.000656377729737539,0.000638638018554643,0.000608699183679136,0.000560812325635513
64.6898690864278,0.000661551400391217,0.000660983594731811,0.000763746912174974,0.000657815260285305,0.000527345710782524,0.000414938594120287
64.8098873964212,0.000548882225452194,0.000575481695374551,0.000617389977386862,0.000542400125624651,0.000420940266873464,0.000309370847806843
64.9299057064146,0.000686537802098027,0.000595540032512179,0.000664392234628482,0.00064347109525396,0.000630521207490649,0.000570978006363521
65.0499240164079,0.000697144530042461,0.000697447117419022,0.000799366477240357,0.000682411853473029,0.000557419388392126,0.000437586957153373
65.1699423264013,0.00048060620355015,0.000519153678724459,0.000558965386195851,0.000497313992340836,0.000381682015324413,0.000302139402332625
65.2899606363947,0.000783254820625597,0.000713472002981759,0.000762697258201178,0.000753561054425671,0.000758452130656168,0.000681898389294633
65.4099789463881,0.0011419357416329,0.00114689555953932,0.00125048538739089,0.00110887189827961,0.00100579592270019,0.00079439688350123
65.5299972563814,0.00107390499493685,0.00109318234857197,0.00119444772249307,0.00104124464424768,0.000918770562018235,0.000685040090565724
65.6500155663748,0.000686929102516596,0.000594358042273647,0.000694116140976163,0.000637065244842455,0.000626055768469764,0.000527616799749931
65.7700338763682,0.00045669890569375,0.000444402005915197,0.000542536421299197,0.000445018684436704,0.000339665978342064,0.000260604238297405
65.8900521863616,0.000586029827166195,0.000618683912698847,0.000678229879856188,0.000584990105188139,0.00045213504713698,0.000337316376667176
66.0100704963549,0.000613671999507748,0.000515580790069052,0.00060002239703298,0.000562777023512375,0.000545153474309353,0.00048305731149499
66.1300888063483,0.000511150556247414,0.000491967781394105,0.000583070195534492,0.000482968891749667,0.000379490069792433,0.000277510320325409
66.2501071163417,0.000519046587438761,0.000557378108186443,0.000609151569943717,0.00053678570235943,0.000406213125656052,0.000314271536200497
66.370125426335,0.000575126764506752,0.000499602050905708,0.000585779060787547,0.000558430099892466,0.000527886719718205,0.000491749163100043
66.4901437363284,0.000507692217066986,0.000510324689680767,0.000606460577516792,0.000490296024972771,0.000378524812257446,0.000294270307841222
66.6101620463218,0.000497859381116079,0.00054075723618967,0.00058497782181103,0.000499095581592391,0.000389382932154157,0.000300714854732052
66.7301803563152,0.000562978754268059,0.000489060967839601,0.000560133052662858,0.000536603178666827,0.000524212180391438,0.000482499353902437
66.8501986663085,0.00049908676846132,0.00050402706625566,0.000592696867118896,0.000487693459751924,0.000379555019827425,0.000284775624900126
66.9702169763019,0.000479118391114407,0.000524474154395393,0.000563758565500011,0.000492566156484629,0.000373432475514657,0.000296033627775937
67.0902352862953,0.000553142442636276,0.000482082698223299,0.000546733022514433,0.000531487883371308,0.000511899233770098,0.000482861374844122
67.2102535962887,0.000489093837264245,0.000492789109367076,0.000580397534119627,0.000476496723195727,0.000371067307015477,0.000280040871247466
67.330271906282,0.000462578430453196,0.000506078088489493,0.000546990915038499,0.00047617962784958,0.000361984366783288,0.000287543867991745
67.4502902162754,0.000546053838321539,0.000474543716333966,0.000539486432953924,0.000524407807950754,0.000504427749384208,0.000480293632202896
67.5703085262688,0.000482250277949913,0.000482019013070479,0.000569197379428974,0.000467034505850314,0.000363413703607004,0.000275664020006456
67.6903268362621,0.000448665991340189,0.000490303767724638,0.000528822863781295,0.000463447951959968,0.000352843174492076,0.000280270110866586
67.8103451462555,0.00053829776074948,0.000469084541355922,0.000530119050292474,0.000519201009103669,0.000498570506039038,0.000476889404840465
67.9303634562489,0.000474339570419893,0.000473407834371227,0.000558875523155651,0.000456263172407297,0.000353013151513725,0.000270225601676519
68.0503817662423,0.000435554475029399,0.000477638144812856,0.000513133397221752,0.00044997043462779,0.000344466880177971,0.000273049028885114
68.1704000762356,0.000530908295098983,0.000465172917340339,0.000522101382002575,0.000514121586318003,0.000495258876165408,0.000474024996770212
68.290418386229,0.000465403184586508,0.000462308484601481,0.000547153826700117,0.000447217884501734,0.000343847580556201,0.000266688344559202
68.4104366962224,0.000421057505174194,0.000462206805740159,0.000496235309505234,0.000436794542916142,0.000337737509939447,0.000267106092088051
68.5304550062158,0.000524360161335442,0.00046390772007355,0.000515602948861194,0.00051053599849044,0.000493891227052449,0.000471892078317497
68.6504733162091,0.000458483049791812,0.000456446983347889,0.000539754375356745,0.0004391976976353,0.000336833813431994,0.000264076394705018
68.7704916262025,0.000406343566215028,0.000448752343612289,0.00048065246761375,0.000423203154789065,0.000329570788081169,0.000260459742669558
68.8905099361959,0.000518404033301272,0.00046456536261076,0.000509143834942683,0.000509403161269797,0.000493293757851317,0.0004703083738587
69.0105282461892,0.000455056313858891,0.000453945313310965,0.000532718730028083,0.000436113383784362,0.000334647808804355,0.000264126122915133
69.1305465561826,0.000395120844885176,0.000434789020250535,0.000468514114356509,0.000411490264250548,0.000323199134893358,0.00025360858720321
69.250564866176,0.000515621037961181,0.000464327345760003,0.000509627449881718,0.000505933914909913,0.000497437499688235,0.000467641835611174
69.3705831761694,0.000454430116533889,0.00045106613593037,0.00053209184490937,0.000427452766361256,0.000337674734688852,0.000263625423208578
69.4906014861627,0.000384132114610731,0.00041953684589623,0.000458880529609676,0.000400286812072998,0.000308112197723987,0.000253870427845286
69.6106197961561,0.000517369463899866,0.000470433615087815,0.000521145946162194,0.000526307114373922,0.000500283911836176,0.000474701590819307
69.7306381061495,0.000458143330184054,0.000450080707117324,0.00053428448885475,0.000446558965566793,0.000346705758896393,0.000268820848048177
69.8506564161428,0.00037402839417004,0.000391048295990461,0.000421509374442017,0.000374405002549331,0.000301410171779447,0.000242846913851628
69.9706747261362,0.000546998509072476,0.000499249644193532,0.00053353101810209,0.000538135797532992,0.000526093310243758,0.000488899459064382
70.0906930361296,0.000500316546359035,0.000497659780206678,0.000577353724711902,0.000483110758081275,0.000384961251843114,0.000298208701797772
70.210711346123,0.000325087037582585,0.000348751373466041,0.000381653207241847,0.000345135567682012,0.000281391538889792,0.000248660740721347
70.3307296561163,0.000630861211917516,0.000616612775906986,0.000624113752734568,0.000649201009281373,0.000651216929997591,0.000596836885306004
70.4507479661097,0.000861168624451046,0.000903599979477689,0.000945830891823925,0.000868780869476867,0.000784738930321556,0.000622085424513644
70.5707662761031,0.000785659959864723,0.000832404328110873,0.000871235523122875,0.000788749909487169,0.000699617985115072,0.000518946065611074
70.6907845860965,0.000537430679156105,0.000489695221948612,0.000532078838549806,0.000521994002730291,0.000518603574000274,0.000452185808896446
70.8108028960898,0.000358885181864818,0.000334691772015573,0.000423833774409358,0.000334051674144526,0.000255728593891704,0.000205937003697077
70.9308212060832,0.000424964161114024,0.000446767288394351,0.000495757255313248,0.000425322732291411,0.000331624244022911,0.000249833248294325
71.0508395160766,0.00049317071209591,0.0004362600905217,0.000480506690935582,0.00047356140309747,0.000460097778301598,0.000419333651239628
71.1708578260699,0.000411014888151337,0.000387870320581114,0.000465988354903158,0.000377980135978876,0.000297673312758625,0.000223401773387789
71.2908761360633,0.00038335770090608,0.000404062222733539,0.000454400654820391,0.000395643207887554,0.000302700195752859,0.000240776099499528
71.4108944460567,0.000467983824417475,0.000429316321017472,0.000476405826033939,0.000476117667222699,0.00045065878718884,0.000429992367979966
71.5309127560501,0.000420892644841731,0.000419702827039656,0.000498014259460868,0.00040069798978528,0.000311175317637349,0.000248442539125214
71.6509310660434,0.000379901401246557,0.000401264504045938,0.000448054312420903,0.000373699367438003,0.000297224471435127,0.000233207920013362
71.7709493760368,0.000462275012725228,0.000423972807440158,0.000459996907665968,0.000461788031657598,0.000452564613878595,0.00042326817019076
71.8909676860302,0.000427280402523544,0.000430595570287965,0.000500227457570907,0.000413411686960357,0.000326167676302785,0.000251720905455739
72.0109859960236,0.000379558198280467,0.000400553358952424,0.000446412195523545,0.000380202301970921,0.000291806695226678,0.00023483158288381
72.1310043060169,0.000458130722674178,0.000420623488618968,0.000452507208826982,0.000460147600791087,0.00044614381039276,0.000424343588881355
72.2510226160103,0.000431648747402304,0.000436287946572831,0.000503345241909724,0.000418545328888511,0.000330959941635844,0.000258834213027056
72.3710409260037,0.000381299321242539,0.0003987275114344,0.000448769823547607,0.00037940256126926,0.000292286176954299,0.00023307355427583
72.491059235997,0.000455805601242155,0.000415921626411612,0.000450291851530181,0.000456138044259571,0.000442187851765884,0.000422218488965011
72.6110775459904,0.000436986159400991,0.000440693479983986,0.000505755839073272,0.000424037902367602,0.000335512218703638,0.000264810429097359
72.7310958559838,0.000385054818167498,0.000399432403818771,0.000450940648693199,0.000381914731350395,0.000295891849812333,0.000232737552977998
72.8511141659772,0.000452355315167252,0.000412302465683687,0.000446174196441598,0.000453214790439172,0.000437167661104233,0.000418807105188302
72.9711324759705,0.000439676270829099,0.000444997783445596,0.000507940146626338,0.000426790849192283,0.000337375790482004,0.000268305988332424
73.0911507859639,0.000389132537077059,0.000403137230046051,0.000454802189824231,0.000384402476960927,0.000300036846488713,0.00023268917406665
73.2111690959573,0.000448696935092945,0.000409061578307324,0.000443185300043889,0.000450076694166361,0.000433215537509336,0.000415438306714084
73.3311874059507,0.00043927865261315,0.000444968158463221,0.000506777765014743,0.000428581185678296,0.000338954575797804,0.000271538534974362
73.451205715944,0.000391193261514588,0.00040419499079712,0.000457246408249453,0.000386940524619793,0.000303805802392055,0.000233628349874836
73.5712240259374,0.000445462594976604,0.000407547790427358,0.000440987847176416,0.000447185972724725,0.000431384051519338,0.000412041087831898
73.6912423359308,0.00043826839934972,0.000446937967683453,0.000507150189411317,0.000428970916605344,0.000339429558321428,0.00027326689474351
73.8112606459241,0.0003917049465358,0.000406285388880771,0.000459337836789075,0.000387994213156593,0.000304663245800091,0.000233482212773889
73.9312789559175,0.000442413555275392,0.000407574965068533,0.000438357392304005,0.000446273709260023,0.000431472920082054,0.000408705590250143
74.0512972659109,0.000438356031806813,0.000449602959935664,0.000505496853446447,0.000430836650810136,0.000340427615478285,0.000275385866693489
74.1713155759043,0.000393712855658213,0.000407450996382959,0.00046231871757392,0.000389755157121633,0.000306214975678455,0.00023268088355447
74.2913338858976,0.000441772881053103,0.000406688055032651,0.000440828663916616,0.000442599916883018,0.000435784233142573,0.000403425694434559
74.411352195891,0.000439064363690299,0.000449345639932078,0.000506967777544132,0.000424545121969465,0.000343253612567059,0.000274588301873965
74.5313705058844,0.000394045797689619,0.000405000074483867,0.000465428124958223,0.000386806397333333,0.000299359648157964,0.00023682286709515
74.6513888158778,0.00044425140832155,0.000410427047961942,0.000452492845736018,0.00045802731325998,0.000435462500560496,0.000406985542729635
74.7714071258711,0.00044171213371028,0.000448602984329499,0.000508739338362652,0.000441982402135208,0.000349517702582589,0.000276882233487504
74.8914254358645,0.000391128741131064,0.000384391538609079,0.00044206846260499,0.000371724549897752,0.000296303375551246,0.000221452744658873
75.0114437458579,0.000468639707742172,0.000427982670714917,0.000460013998744743,0.00046169476639449,0.000450704378127842,0.000408761267825556
75.1314620558512,0.00047604712111292,0.000488765533947441,0.000544224655966102,0.000471058704328639,0.000380731558444261,0.000298615405313362
75.2514803658446,0.000350887823832158,0.000346103139657351,0.000411349266084073,0.000342192190912473,0.000268496855922473,0.000214176118466062
75.371498675838,0.000526371472874629,0.000512305339901288,0.000522888803541074,0.000540045215494417,0.000540505588260889,0.000482918303246461
75.4915169858314,0.000399363100654569,0.000430262148387048,0.000436087150329347,0.000411779865814143,0.000374575175458494,0.00029939708436747
