f,amplitude_1,amplitude_2,amplitude_3,amplitude_4,amplitude_5,amplitude_6
0,1.4911134117896e-05,5.19286370255753e-06,3.33684949842689e-05,6.16285340182931e-05,8.83059251673511e-05,0.000147357785719146
0.120018309993373,0.00330606044945508,0.00470707049443083,0.00476326396041199,0.00455349563569611,0.00432393001370368,0.00374557212076706
0.240036619986745,0.00952581409324627,0.0128604554432656,0.0117817904661509,0.0105205910616291,0.0125152298147344,0.00971898360767375
0.360054929980118,0.0137082668234795,0.0142953819188698,0.00896827993709316,0.00613133524278939,0.0144588989522587,0.0141858549182686
0.48007323997349,0.0254215861953545,0.0204223802204898,0.0212523985933939,0.0215018471261628,0.0200741216225871,0.0232868754911714
0.600091549966863,0.0489120530437857,0.044007260384029,0.0456485496667467,0.044891211504328,0.0333350735084255,0.0467986125757459
0.720109859960235,0.0647208380410659,0.0608797579815075,0.044778840372103,0.040862478280619,0.0361173697762356,0.0713060191856477
0.840128169953608,0.0414736008102632,0.0518007969824711,0.0295492840735766,0.00878663690438543,0.035512718840666,0.0578284185696513
0.960146479946981,0.0111932803445378,0.0189059885575936,0.0456532964145911,0.0527235171797153,0.0419160749294678,0.0159997053635023
1.08016478994035,0.0216892837211983,0.00452159697737594,0.0250529734214221,0.0389199275936544,0.0172551380417045,0.0118941667059009
1.20018309993373,0.014482707037358,0.0116341762198113,0.00692943693424858,0.0159402358947438,0.0105669216641569,0.014724193368094
1.3202014099271,0.00293660192329559,0.0110056507123549,0.0108169331605615,0.00819116797916387,0.0134067563460892,0.013886259971972
1.44021971992047,0.00492745957624465,0.0087926221846308,0.00764443872373146,0.00915517981754454,0.00796162937947793,0.00806965978460612
1.56023802991384,0.00701504044295673,0.00542039859654388,0.00378668117669218,0.00637626169108452,0.00398568386722173,0.00358213040273002
1.68025633990722,0.00580802906585271,0.00193406597253069,0.00445067684847833,0.00205087907090553,0.00279501087705068,0.00413565354780577
1.80027464990059,0.00300824142282615,0.0032000438074201,0.00594143605681462,0.00750174177454411,0.00429209295835929,0.00332417049950651
1.92029295989396,0.00229542004353046,0.000738873476399382,0.00232751820899624,0.00475909164095332,0.000958942690209445,0.00125863287463093
2.04031126988733,0.00603416049718261,0.00731742469727225,0.00488082159707736,0.0034981480588778,0.00515580075390504,0.00556113249307998
2.16032957988071,0.0070754995477787,0.00986840320885691,0.00853971308172492,0.00810296473018968,0.0078938786189182,0.00682453755573541
2.28034788987408,0.00434298408096156,0.00517052261556527,0.00463663073645501,0.00425931488434673,0.00404519915454935,0.0036028529401478
2.40036619986745,0.00214891216408113,0.00339852573076951,0.00357361712315116,0.0039524283300557,0.00413579853054102,0.0016010695633639
2.52038450986082,0.00453201198621469,0.00801026231509894,0.00770697009337079,0.00797005707223807,0.0082328760109296,0.00476820233668813
2.6404028198542,0.00427445723675427,0.00604043194787902,0.00500110534468994,0.00471554086579478,0.00638063658818244,0.00449788681113074
2.76042112984757,0.00164711129103184,0.000705416021829154,0.00110423008770106,0.00182637268618919,0.0015225665121054,0.00239717950122285
2.88043943984094,0.00126854049291447,0.0036443090212981,0.00387910572320721,0.00415500543818178,0.00308856915886541,0.000597724305437671
3.00045774983431,0.00254092083557737,0.00347885517250974,0.00231969383389839,0.00121525615693305,0.00277781194154872,0.00165205968445252
3.12047605982769,0.00209957083184986,0.0017531497087484,0.00300435559555367,0.00365914516892801,0.00261095987951482,0.00203746061186181
3.24049436982106,0.000815813800769551,0.00169955563564827,0.00322415657197409,0.00456659881351287,0.00304584204065188,0.00143090285486007
3.36051267981443,0.000632746174543875,0.000917043219581206,0.000630402350632214,0.00193481690363605,0.00149887770917369,0.00129441820465836
3.48053098980781,0.000770962696466151,0.000408409143381229,0.00203266628902418,0.00186286478622812,0.000542326727061117,0.000422170579781137
3.60054929980118,0.000379255211762791,0.000432731262090892,0.00188061933383343,0.00184360509263531,0.000862665947699209,0.000679246110897451
3.72056760979455,0.000258752409778526,0.000734068376858457,0.000574076203222765,0.000827910169842176,0.000110885857382646,0.00104924787163059
3.84058591978792,0.000234354006831387,0.00139803105574007,0.00129376515140735,0.00173365250728299,0.00118565387260963,0.000369641537770705
3.9606042297813,0.000317235647897457,0.0012464465659592,0.000737121636733539,0.00124476159556921,0.00119217458576068,0.000270901004692474
4.08062253977467,0.000617466300140591,0.000511453665409893,0.000289032640934048,0.000316838515976778,0.000649994550625673,0.000644410741907251
4.20064084976804,0.000515868592135086,0.000521152943345398,0.000676697977113496,0.000534268094439909,0.000461702709658648,0.000614969065424441
4.32065915976141,0.000898610562850333,0.00167515008262975,0.00127300624342157,0.00100577388166822,0.00143664875502983,0.00102025838581339
4.44067746975479,0.00246971074105001,0.00296340850844197,0.00259925385771476,0.00202560345445022,0.00284476087479686,0.00174572258583712
4.56069577974816,0.00226266242884008,0.00260382780281741,0.00274615664542146,0.00230177929398522,0.00274371849014877,0.00189121406679193
4.68071408974153,0.00156769027585491,0.00139379678740643,0.000739166859966885,0.000590543872289823,0.00105350908043288,0.00118909750809743
4.8007323997349,0.00812695015648167,0.00821712705528324,0.00778702544234889,0.00708172199876572,0.007912272069429,0.00639658956222151
4.92075070972828,0.0141924066020863,0.014470176906424,0.014826896037107,0.0139877669538637,0.0144572744773191,0.0119898602208905
5.04076901972165,0.0162153922710523,0.0161467035527083,0.0171536977792665,0.0165038376883443,0.0162625436081001,0.0142321644606953
5.16078732971502,0.0131228642826553,0.0122370350781377,0.0131954781162153,0.0127247589187386,0.012390934324051,0.0121413225510358
5.28080563970839,0.00695223820684712,0.00551062091803874,0.00589056531847426,0.0054360512832996,0.00552727155562176,0.00677598518242985
5.40082394970177,0.00111734172728065,0.000114517105100876,0.000119605287640851,0.000484109651689499,0.000303719979057144,0.00140283637749039
5.52084225969514,0.00201816891004283,0.00204351014229726,0.00220741337297879,0.00224813572677512,0.00183217768119695,0.0018439395503246
5.64086056968851,0.00226803485666272,0.00153326273029505,0.00136433675066433,0.00096943474138769,0.00106972535503446,0.00236929402453513
5.76087887968188,0.00102589456353269,0.00049823601151846,0.000183201214699801,0.000480308141706223,0.00025150108521398,0.00137085532013837
5.88089718967526,0.000193637505292911,8.36532475186297e-05,0.000213900386391741,0.000488030037496913,0.000402324788247939,0.000242496688264569
6.00091549966863,0.000624857588480845,0.000442551498908878,0.000262594793883946,0.00035039786207349,0.0003289111581377,0.000626349335002079
6.120933809662,0.000447848520074679,0.000458535165471022,0.000393637844445893,0.000618470026645892,0.000275221532105779,0.000612094033656584
6.24095211965537,0.000136373941616125,0.000236596166618945,4.2683809998801e-05,0.000103998433992868,0.000128065260695524,0.000324532396419682
6.36097042964875,0.000174904324738793,0.000463753740758616,0.000347437383387507,0.000503498794034315,0.000587530717825353,0.000135077631236285
6.48098873964212,0.000176317819599669,0.000434662342636395,0.00027296721457984,0.000398213758766537,0.000506467273198184,0.000314430924908525
6.60100704963549,6.02065001203164e-05,0.000172260796016312,0.000109875114651593,0.000176612319123581,0.000153422842541398,0.000319375822752578
6.72102535962886,4.24856509209876e-05,0.000218809052361126,0.000318113169914796,0.000507964601491759,0.000217187601054121,6.91506121971704e-05
6.84104366962224,6.39565996782394e-05,0.000245685073945444,0.000261051394226984,0.000384830066986418,0.000283434999669118,0.000130940176217362
6.96106197961561,0.000264498740965358,0.000239084796376607,0.000176977005410303,0.000119323956642979,0.000212790266774507,0.000110629717483759
7.08108028960898,0.000349382109459732,0.000416487596210316,0.000235257725884044,6.65583142057626e-05,0.000131173222625419,0.000126889191273423
7.20109859960236,0.000302996709382758,0.000484954752915468,0.000267277895960717,0.000153312436119597,0.000207037833576307,0.000329370915513579
7.32111690959573,0.000356115139784412,0.000453776144849648,0.000331486627327616,0.000300708628993652,0.000451130119676465,0.000358038385998617
7.4411352195891,0.000247236111850488,0.000405558475444086,0.000444490052092643,0.000491064849012037,0.000589021077033833,0.00041773300829109
7.56115352958247,0.000232461319141889,0.000126674579073754,0.000260664026708747,0.000386749924619268,0.000262615719811571,3.95911404287423e-05
7.68117183957585,0.000554086416380513,0.000340560465471172,0.000230656248367281,0.000151588324697984,0.00030464820499578,0.000261581680105569
7.80119014956922,0.000423745390738757,0.000488428891419431,0.000514993958087619,0.000500800447868195,0.00048316407364452,0.000342418937629385
7.92120845956259,0.000136561138144123,0.000122955384877649,0.000259274286179677,0.000316023615035144,0.000159239053694689,0.000156333127539626
8.04122676955596,0.00057993304326099,0.000440146077768789,0.000348126843056126,0.000306625784003665,0.000455941317213285,0.000439705957955852
8.16124507954934,0.000473238242605597,0.000578720825324168,0.000628851469198969,0.000683691264941834,0.000597508351496529,0.000440777573941513
8.28126338954271,9.94892203450486e-05,0.000130252787034258,0.000253035020157473,0.000351930271939754,0.00017642614038882,0.000140454934754786
8.40128169953608,0.000566490068241891,0.000487533629654802,0.000415326993128219,0.000401829275928482,0.000468476678244387,0.000515736418354153
8.52130000952945,0.000491006001070409,0.000616496254926028,0.000674938965206383,0.000765860597440999,0.000654972475814828,0.000495388295928189
8.64131831952283,1.72890213713227e-05,0.000175065980916393,0.000276617928731577,0.000378473070204745,0.0002122541176992,9.29959678112406e-05
8.7613366295162,0.000410728432747806,0.000395454123223691,0.00036032258080873,0.000343166198851991,0.00033018837134746,0.000450928302586572
8.88135493950957,0.000359878595612201,0.000512666347907831,0.000582988240711432,0.000651410991932941,0.00051057321647184,0.000415143744440452
9.00137324950294,3.81634306211738e-05,0.000205249887418729,0.000237033616940416,0.000293845782234753,0.000151828963645749,4.94682185184802e-05
9.12139155949632,0.000252139533814905,0.000246682822563407,0.000290203801012192,0.000324766398558236,0.000242848129854475,0.000407619658351089
9.24140986948969,0.00019068979143394,0.000297747680507988,0.00040428889640055,0.000512593168379911,0.000350810427420672,0.000370365930381567
9.36142817948306,2.39843743248631e-05,0.000182688355590655,0.000169942994307086,0.000255033646899556,0.000217127513936284,0.000164975812118929
9.48144648947643,5.95993330380735e-05,0.000136043973778193,0.000119351120032204,0.000147185313618151,0.000100905992353288,0.000148079295947182
9.60146479946981,2.97224965603146e-05,7.8140475509681e-05,0.000115733726368691,0.000189905067986296,0.000193029410020313,0.000123129289118243
9.72148310946318,2.60204840761846e-05,4.77129407195266e-05,4.83553630732006e-05,9.6651395813021e-05,0.000127852055668671,0.000100344124496836
9.84150141945655,0.000350457662640034,0.000499273297777435,0.000232186644759043,0.000245184033451059,0.000449871749383588,0.000145248533961166
9.96151972944992,0.000770687527079691,0.00111433509985784,0.000687939781149616,0.000734890308426542,0.00107527031165991,0.000492221850403675
10.0815380394433,0.000919091809622753,0.00139524137540265,0.00099789938517801,0.00109665081605976,0.00135811031880176,0.000628796013892069
10.2015563494367,0.000651185752634757,0.0010612726984006,0.000815489261726755,0.000929183459746402,0.00102578976498954,0.000575058830612278
10.32157465943,0.000199976802594963,0.000367444513256645,0.000273121681745319,0.000324920081074897,0.000372144419230597,0.000189760282888021
10.4415929694234,0.000103539809095364,0.000170334567420557,0.000174684493092948,0.000199891222179615,0.000157154679776778,3.2529378160392e-05
10.5616112794168,0.000139315906328637,0.000235961322654252,0.000217684439470942,0.000263105843233188,0.000195015099896509,0.000119815667412362
10.6816295894102,0.00015998242066216,0.000120230460877111,8.99895420834821e-05,0.000135322724748543,0.000158451208963735,8.05454772699684e-05
10.8016478994035,0.000118547064716399,0.000161301611865492,0.000173327114010141,0.000237314208282064,0.000174463813691799,0.000103615632968684
10.9216662093969,4.40140585973729e-05,5.86845067857168e-05,2.14024844551758e-05,6.59543242436299e-05,3.5786639493985e-05,6.76732582044029e-05
11.0416845193903,0.000154071584298117,0.000163861559389191,0.000213652807091371,0.000212017916959471,0.000188437809007048,0.000169381983390283
11.1617028293837,8.4964816262192e-05,0.000134706018696959,0.000202439323166829,0.000237498976596387,0.000140105829344139,6.07947479406702e-05
11.281721139377,8.15584188823293e-05,6.74352019352649e-05,4.60404552001822e-05,2.54745752399956e-05,4.95041373601253e-05,7.94533541153905e-05
11.4017394493704,0.000150845771303179,0.000209851440160686,0.000254268394696247,0.000274454648127877,0.00021347989842631,0.0001715893064491
11.5217577593638,6.59347873541947e-05,0.00014453827150917,0.000207280788712045,0.000231629337353725,0.00013709043387044,4.94210147307733e-05
11.6417760693571,7.84113103238247e-05,5.80134688494265e-05,4.76225371050198e-05,5.68390835099437e-05,7.18072449718559e-05,0.000107834176679834
11.7617943793505,0.000102840376194604,0.000145167422598257,0.000196974760686629,0.000246671160450191,0.000149889128238568,0.00013602282973966
11.8818126893439,2.17997176736829e-05,9.51822039734352e-05,0.000132448465197945,0.000180040191985009,0.000102299246763953,8.96156937916031e-05
12.0018309993373,5.13528837017505e-05,5.21250283391737e-05,4.02458071379087e-05,3.6325160173669e-05,4.36462955916492e-05,8.04695379198254e-05
12.1218493093306,3.88746046530889e-05,4.80314414448355e-05,0.000106482323288105,0.00012453612863056,7.44688083906145e-05,6.67922142049089e-05
12.241867619324,1.58295845360994e-05,3.90157365883996e-05,3.87676103982988e-05,3.7405933302673e-05,4.78595129700213e-05,6.90429602030648e-05
12.3618859293174,2.24929321795622e-05,3.61927737295391e-05,5.98254367585229e-05,8.31543637601593e-05,5.15049854025214e-05,6.68056741451567e-05
12.4819042393107,4.48120378352993e-05,4.87265025111297e-05,3.958248965189e-05,8.45050432084317e-05,4.57072748448652e-05,1.05955289155964e-05
12.6019225493041,7.19748229930213e-05,0.000100907985524843,5.38969584969031e-05,4.94130963151628e-05,8.55664407107595e-05,5.79988493868636e-05
12.7219408592975,5.0035865972648e-05,6.37481233824627e-05,6.67862968136993e-05,5.94139138653825e-05,5.63914162786787e-05,2.92883470778053e-05
12.8419591692909,6.89727625425342e-05,7.47420606328841e-05,2.19988619009656e-05,2.30531929734589e-05,9.35456176773633e-05,6.82977767010389e-05
12.9619774792842,3.99846456240752e-05,8.06431438134274e-05,6.69917598827293e-05,9.14484779711592e-05,0.000113843372639968,2.83102378172766e-05
13.0819957892776,6.28914539816527e-05,3.07588326437379e-05,9.77668714236991e-06,4.20308626221296e-05,2.41585827099157e-05,2.38660207318813e-05
13.202014099271,0.000128088374116995,0.000145405262168291,0.000124200444432699,0.000121160382812766,0.000149218995694074,8.67855231918392e-05
13.3220324092644,7.46510011479781e-05,0.000122985115628165,0.00012923931793927,0.000158368221659439,0.000121681539654777,4.15315527651611e-06
13.4420507192577,7.14558302320996e-05,2.39933720909902e-05,1.91686713023345e-05,3.64806036616255e-05,5.97144463918832e-05,2.17928277821166e-05
13.5620690292511,0.000116663076677536,0.000129262324468593,0.000153021985549771,0.000116053762974144,0.000149246246724696,0.000102553939089473
13.6820873392445,3.97935692317331e-05,7.78473908213815e-05,0.000140592957106497,0.000120456464937164,7.70921398171526e-05,4.12006659322746e-05
13.8021056492378,0.000113271041174177,6.33308144467234e-05,4.03794573402596e-05,8.24479516111201e-05,9.41892941821772e-05,6.60404888703998e-05
13.9221239592312,0.000130392074768693,0.000111961267672483,0.000146546291631456,0.00017997529893491,0.000167525311969881,0.000116285874206636
14.0421422692246,5.27828592190944e-05,5.4638532345427e-05,8.39425703460958e-05,0.000104905089563328,0.000103369788953237,8.82813447802323e-05
14.162160579218,0.000155943754601812,0.000179355026542752,0.000115820293809381,0.000152160335917698,0.000145620972084281,0.000125190679895257
14.2821788892113,0.000159395154073658,0.000183772714902003,0.000197909887272846,0.000266473456128029,0.00018460736007016,0.000156362399357431
14.4021971992047,7.84653252391184e-05,7.50387910928028e-05,0.000123860684974772,0.000188234419092359,0.000127087959993932,0.000128885300902743
14.5222155091981,0.000159909136270866,0.000228225450802277,0.000208338277621685,0.000192154376560577,0.000184399190258094,0.000136813811923744
14.6422338191915,0.000162111829007926,0.000263609236714873,0.000270577501687003,0.000250042673384332,0.000182664602400993,0.000156304275270529
14.7622521291848,4.85283880816126e-05,0.000113458007510529,0.000125352655232464,0.000105679733816198,5.81929692239799e-05,4.93492698766129e-05
14.8822704391782,7.03257443948987e-05,8.91740069829313e-05,0.000118628202991293,0.000136660240088476,0.000122423118208394,0.00011207552642023
15.0022887491716,0.000110902790541981,0.000199500580147989,0.000250720406851991,0.000269739730451309,0.000185984838662377,0.000155926841655572
15.1223070591649,9.36275264722707e-05,0.000193381147651719,0.000220085508012013,0.0002375201738238,0.000142287364327879,9.42581441637e-05
15.2423253691583,6.27578329982358e-05,0.000126107042192933,0.000125331619251757,0.000162816168285263,0.000115691969585729,7.90549657577239e-05
15.3623436791517,2.6611873534134e-05,5.08467992729067e-05,5.73120319858753e-05,0.00012139371454141,7.4994610437981e-05,4.54471835311058e-05
15.4823619891451,1.59261689721324e-05,1.07861455371211e-05,2.16044408928082e-05,6.63017581780812e-05,6.19280704145902e-05,8.98383625414699e-05
15.6023802991384,3.86443803258937e-05,2.55572374920986e-05,4.84816961774815e-06,2.15166690860442e-05,5.05664616068067e-05,2.08588223940565e-05
15.7223986091318,5.63349227118718e-05,5.3722151719608e-05,7.2997676712447e-06,1.83513227539221e-05,8.26691590876751e-05,5.16137211359355e-05
15.8424169191252,2.01012344567495e-05,2.50485747648336e-05,1.19095867861841e-05,9.80955449539837e-06,3.71395762704927e-05,2.84037523493674e-05
15.9624352291186,7.04768034697485e-05,6.20602354578887e-05,3.99752580885172e-05,4.34055172343236e-05,4.52776643969619e-05,1.69471477426033e-05
16.0824535391119,0.000117673593361328,0.000121083830049011,7.94665910998818e-05,9.00254092384532e-05,8.67548295267516e-05,5.71140636245003e-05
16.2024718491053,7.14328760341511e-05,7.93700560316939e-05,5.09093894606232e-05,6.49809937503023e-05,6.12632401350545e-05,5.70078699925556e-05
16.3224901590987,4.30843282269407e-05,4.33818249907343e-05,5.08664597196438e-05,5.19613808269423e-05,7.11237371167434e-05,4.93934809655477e-05
16.442508469092,0.000101312505375192,0.000110930890155566,0.000110578894888043,0.00012323080616366,0.000110142245621154,8.97159004162826e-05
16.5625267790854,6.7643689833932e-05,7.22895844601622e-05,6.91331857542277e-05,8.40929851505138e-05,7.38648483256562e-05,4.47859770591245e-05
16.6825450890788,3.11960922415965e-05,4.77522296915412e-05,5.72480640522479e-05,5.24519362475218e-05,7.28217788603986e-05,5.5596690642544e-05
16.8025633990722,6.96116288141637e-05,9.85837425707717e-05,0.000120216215368762,0.000128177431425157,0.000117200341531254,8.93840055540375e-05
16.9225817090655,4.24700607282586e-05,5.68073226437595e-05,6.76405944032853e-05,7.88007123953447e-05,7.12325618420413e-05,4.94106459033555e-05
17.0426000190589,1.96449882048055e-05,2.68056648353531e-05,5.39423671226459e-05,5.16038260129502e-05,2.39949302434369e-05,5.54603509657977e-05
17.1626183290523,3.30269707203437e-05,6.49192914935556e-05,0.000117563112691081,0.000117071570585156,6.54994032654314e-05,7.18243073484806e-05
17.2826366390457,2.22224561429352e-05,4.38309243963971e-05,7.04943478983037e-05,6.17966836645521e-05,3.43498650880029e-05,3.19712146046317e-05
17.402654949039,2.50949746448024e-05,3.72235374420996e-05,3.67103596100897e-05,5.88449138919848e-05,5.17218257004066e-05,6.90548081488831e-05
17.5226732590324,9.96397959746228e-06,4.15110682182899e-05,7.44639849566849e-05,0.000108863585812946,5.16378836793992e-05,6.08135044857284e-05
17.6426915690258,1.42001283470335e-05,4.41782559536748e-05,4.8080518508732e-05,7.18164461037052e-05,2.23475432342985e-05,4.76875152364121e-05
17.7627098790191,7.69992955710696e-06,3.88125477025431e-05,1.18398539520263e-05,3.34307448717934e-05,4.17482438014918e-05,3.28231731883203e-05
17.8827281890125,2.29627492941528e-05,1.5858787678165e-05,1.79456638588146e-05,3.30902371101477e-05,4.04289148589068e-05,5.25246868915486e-06
18.0027464990059,2.64713640506315e-05,2.26267837972062e-05,7.38868184711923e-06,5.90631358861186e-06,2.59750175715668e-05,3.62168055354803e-05
18.1227648089993,2.11657886682055e-05,3.8322236696407e-05,1.68241091294745e-05,2.33097381550136e-05,2.65444837107362e-05,1.96054667866904e-05
18.2427831189926,4.78304643493053e-05,5.85959489770485e-05,2.03434124584607e-05,2.46922039802244e-05,6.55923875063049e-05,3.26510518312966e-05
18.362801428986,2.55490199865125e-05,3.399382039642e-05,2.06865402682823e-05,1.60531632613795e-05,2.47041554656337e-05,2.3873778685696e-05
18.4828197389794,3.50021481411256e-05,3.76150267315743e-05,1.90695764536855e-05,2.89634149173336e-05,5.45475188337815e-05,2.75011317317224e-05
18.6028380489728,6.31679289449737e-05,7.92631281249711e-05,5.86864923718715e-05,7.87234045089455e-05,9.89890763894537e-05,7.66388709144278e-05
18.7228563589661,1.54932321638133e-05,4.05178330148613e-05,4.87980843790946e-05,7.01084934444505e-05,7.73416740818417e-05,2.40326180752988e-05
18.8428746689595,6.46966948791443e-05,5.05353331017569e-05,2.59803349550889e-05,4.2796305676367e-05,6.50105381956166e-05,2.64721468167778e-05
18.9628929789529,8.74786777410569e-05,9.18961412821147e-05,7.29106190603095e-05,9.49206790287241e-05,9.55660446325016e-05,7.7429817031914e-05
19.0829112889462,2.45665920170984e-05,4.05207464069954e-05,4.52292486562958e-05,7.24003930132707e-05,5.14000269030604e-05,3.38580920960768e-05
19.2029295989396,6.96213734674105e-05,5.39708470353014e-05,3.98389862014475e-05,2.89070422427676e-05,3.8367309223392e-05,3.66246145512429e-05
19.322947908933,8.04642313813126e-05,7.86025290029724e-05,7.90119655027832e-05,7.92067198568546e-05,7.7935909739507e-05,6.99330641387444e-05
19.4429662189264,3.40452328129421e-07,1.96521002092428e-05,1.88786079510938e-05,2.44763939183598e-05,1.67204826006093e-05,5.55670623517332e-05
19.5629845289197,8.66354396229444e-05,8.24389799019381e-05,8.49246172738263e-05,8.94578042544302e-05,8.17597363364848e-05,9.29844281733237e-05
19.6830028389131,8.75814046284139e-05,8.4617584734216e-05,0.000109323686048209,0.000127570219136672,0.000102028374875226,0.000112247632997303
19.8030211489065,2.55926168935847e-05,6.76995331909427e-06,1.87060090937152e-05,3.2660394397997e-05,2.65045706864753e-05,3.15502779793034e-05
19.9230394588998,9.60167600345507e-05,0.000104540503832309,0.000123814152127187,0.000120830961294129,9.57236247736793e-05,0.000106657045921838
20.0430577688932,0.000106023298221002,0.000121837353939751,0.000184666903855132,0.000192292058984622,0.000115041838270113,0.000149178265217598
20.1630760788866,4.6721906756451e-05,6.17590689857671e-05,0.000120266957111473,0.000131441688500952,7.67205518674156e-05,9.5982084116386e-05
20.28309438888,1.31985951651769e-05,2.78731953670383e-05,9.59386345348729e-06,2.63624090823915e-05,3.0389123421134e-05,1.95925769275094e-05
20.4031126988733,2.64995989798168e-05,4.1933292525397e-05,5.3077750815504e-05,6.10105241557638e-05,3.09337258409394e-05,2.29272484856614e-05
20.5231310088667,1.09141746079677e-05,2.9114845294336e-05,3.86916353303706e-05,3.66789632909725e-05,2.7157726980202e-05,4.47847255164666e-05
20.6431493188601,2.14186194177906e-06,2.17421041737705e-05,9.10676697161505e-06,1.94489806462196e-05,2.72354222889728e-05,1.82660700105182e-05
20.7631676288535,1.0909240379453e-05,1.78991886689241e-05,2.447958736623e-05,4.27664462054291e-05,1.76524991729128e-05,5.8123862999981e-07
20.8831859388468,1.35397689455076e-05,1.06542683577118e-05,2.6517911266408e-05,3.3305073552982e-05,2.50287260042048e-05,4.61582217478449e-05
21.0032042488402,1.79068495423917e-05,4.2541908020489e-05,2.50058093601591e-05,1.70834876906359e-05,6.38473445028336e-05,1.50098924936961e-05
21.1232225588336,3.21715894954057e-05,6.70017382063592e-05,3.14345153926045e-05,2.71796989926261e-05,6.06758457707658e-05,5.54360597585258e-05
21.2432408688269,1.96445231280239e-05,4.19408828114809e-05,3.62528470928728e-05,4.6154011774179e-05,4.63784145677921e-05,2.52683783325358e-05
21.3632591788203,4.59588568853068e-05,4.51690678954126e-05,3.59185043720862e-05,5.06650581035379e-05,5.39159438914037e-05,1.04136959454358e-05
21.4832774888137,5.28911565876866e-05,7.51583522308776e-05,4.82355012535451e-05,5.30896672838001e-05,8.3114870858709e-05,5.90037419219014e-05
21.6032957988071,6.25355244177102e-06,2.93846974275464e-05,1.86255272688953e-05,1.91396542837656e-05,2.04124836920268e-05,7.60859930254369e-06
21.7233141088004,7.68782086765199e-05,5.74395254515349e-05,4.65912685173575e-05,5.86749959627417e-05,5.85144212228009e-05,2.09070064122012e-05
21.8433324187938,8.91543697869571e-05,9.49953602673002e-05,7.7200613439366e-05,0.000102510534987587,0.000108283914842788,7.06418728969358e-05
21.9633507287872,1.90571155586332e-05,4.34935421540786e-05,3.24888989110601e-05,5.82198880612928e-05,4.71731666191795e-05,1.84916388585701e-05
22.0833690387806,7.2363835157523e-05,6.07257739979257e-05,6.08328822986175e-05,4.53523907973326e-05,6.0043156611526e-05,3.90183685353623e-05
22.2033873487739,9.36129484505246e-05,9.70270659091447e-05,0.000107678678851022,0.000107234017703662,0.0001042744040427,7.81063696559322e-05
22.3234056587673,3.0601791440851e-05,4.82275360917184e-05,5.6255828060762e-05,6.66048161481391e-05,6.64292696794908e-05,3.36026036302854e-05
22.4434239687607,4.85139118889528e-05,4.19075413253037e-05,5.07631493189266e-05,4.25209241297883e-05,4.020932250803e-05,4.82094007807133e-05
22.563442278754,6.69929184680082e-05,7.28054884187007e-05,9.42080575874773e-05,9.71145152417566e-05,6.00022841354242e-05,7.63604931957678e-05
22.6834605887474,1.98506607313974e-05,3.90305837526733e-05,4.8368687087848e-05,5.52915266643187e-05,4.0335736827595e-05,3.10878391522262e-05
22.8034788987408,3.42141590992465e-05,1.32593888656802e-05,3.69929973876626e-05,3.23270748133227e-05,2.09762832163869e-05,4.94475467992245e-05
22.9234972087342,4.14108112070938e-05,3.04305257099994e-05,7.56218814616637e-05,7.26508158348787e-05,2.87988586006901e-05,6.28966050213115e-05
23.0435155187275,1.13699576213128e-05,1.98884000276541e-05,3.69420400442979e-05,3.44151307435595e-05,1.14022392672877e-05,3.81288258574731e-05
23.1635338287209,1.30080272645362e-05,1.1333091991075e-05,2.53044383696594e-05,3.29653256265852e-05,5.86181050441664e-06,3.20656576749683e-05
23.2835521387143,1.14585373904744e-05,3.32617278261752e-06,4.26480797667017e-05,5.409749627233e-05,2.61757369014543e-06,2.88318751617375e-05
23.4035704487077,6.42819468473557e-06,9.59586349508096e-06,1.50454259871904e-05,2.43507597435001e-05,1.53971198994896e-05,2.79133395421335e-05
23.523588758701,1.88994058092344e-05,1.35436305648038e-05,1.2232586586292e-05,1.09251874419385e-05,1.50875124901896e-05,2.73016108904101e-05
23.6436070686944,3.25776562273136e-05,4.16979902999041e-05,1.50577841068644e-05,1.55993674569697e-05,3.13567767892172e-05,8.02596388680699e-06
23.7636253786878,1.41833141271947e-05,3.26148956754591e-05,5.34904183131778e-06,1.02530821348783e-05,1.97683863675035e-05,2.30475309658663e-05
23.8836436886811,3.46018230780598e-05,2.06776804739772e-05,7.33874982702987e-06,7.75773762967935e-06,2.62860183345568e-05,1.16337447844971e-05
24.0036619986745,6.31990731217284e-05,6.38052907090176e-05,2.65078851096636e-05,3.24435878744988e-05,6.9086781784244e-05,3.14592443969533e-05
24.1236803086679,3.11651960293253e-05,4.83514495142039e-05,2.51790941002676e-05,3.39778036898871e-05,3.22816318156945e-05,1.10353687082011e-05
24.2436986186613,3.85061858216852e-05,3.06800563199714e-05,2.35409893343889e-05,1.56770490085802e-05,3.28711644791866e-05,1.26451443789595e-05
24.3637169286546,7.33584630947417e-05,6.79315066363777e-05,5.87727800938019e-05,5.5425585238336e-05,8.43427772986954e-05,5.4139417143062e-05
24.483735238648,3.32886829228295e-05,3.7538643136635e-05,3.90093468138218e-05,4.49353871920221e-05,4.44063869908823e-05,1.36951272551507e-05
24.6037535486414,4.90584552066039e-05,3.78064694135511e-05,2.69009705289521e-05,2.09088543370968e-05,3.66618233578205e-05,2.8637876155765e-05
24.7237718586348,7.78031720545697e-05,7.07563153154137e-05,6.98848197036336e-05,6.95218109753062e-05,7.02818283513753e-05,7.43490432143521e-05
24.8437901686281,2.25768488200782e-05,2.06449261151935e-05,3.60016817850082e-05,3.59949994149997e-05,3.25910441349646e-05,1.98107066105559e-05
24.9638084786215,7.12205803357934e-05,7.59582246022163e-05,5.9602837414782e-05,6.39829740562034e-05,7.06169895902634e-05,5.97806001678082e-05
25.0838267886149,0.000114281514955938,0.000128755366995705,0.00013104820114152,0.000140711640517282,0.000110983601172546,0.000132315911584078
25.2038450986082,7.86526381598076e-05,0.000100878707709618,0.00011252296894986,0.000125404171266148,9.03564089212502e-05,7.2377241202662e-05
25.3238634086016,2.23146413983584e-05,3.48971316828988e-05,3.6787084459822e-05,4.02603628118958e-05,2.19349198641092e-05,3.66909219857912e-05
25.443881718595,3.33495200085158e-05,2.62061902174842e-05,4.23611864254565e-05,3.66258988650047e-05,3.18914956368465e-05,3.53635338726222e-05
25.5639000285884,1.41916808113425e-05,2.09496249067552e-05,3.5235885968332e-05,3.4894906945316e-05,1.02311180772434e-05,1.27541125242174e-05
25.6839183385817,1.82841880162832e-05,1.93203381120576e-05,2.44718327649863e-05,2.80037856529623e-05,2.09907153197176e-05,2.83025381559863e-05
25.8039366485751,2.26860263050278e-05,2.31775905880072e-05,4.908418373777e-05,5.61608848806664e-05,3.80363236653865e-05,3.84237001255839e-05
25.9239549585685,3.65234218696943e-06,1.26466595990217e-05,2.9528490174412e-05,3.63019132002934e-05,1.60372348694105e-05,2.49201599132749e-05
26.0439732685619,9.37783117923529e-06,5.93697108322854e-06,1.65282554813248e-05,2.27259573299663e-05,1.48752116761755e-05,2.10154422490282e-05
26.1639915785552,9.59762299116726e-06,5.90439579872865e-06,3.18740248252635e-05,3.4346336816026e-05,7.72048534301871e-06,1.68426571157638e-05
26.2840098885486,1.21666110782055e-05,1.3620023305283e-05,1.56963239207277e-05,1.57290762119562e-05,8.89816109009809e-06,1.83491818808655e-05
26.404028198542,1.42947074268925e-06,6.4900059623326e-06,1.07613015036129e-05,1.37876672274553e-05,2.36145006306139e-06,2.06973305593201e-05
26.5240465085353,2.04289732801637e-05,1.82285890777624e-05,5.80559589963255e-06,1.50933726757597e-05,2.90893860139657e-05,1.29201759113069e-05
26.6440648185287,1.85292797057151e-05,1.59963043581854e-05,3.8273988225702e-06,4.10053608003137e-06,1.47798238701304e-05,1.32750950956745e-05
26.7640831285221,1.42474800209814e-05,9.99942239810732e-06,1.58655292930014e-06,5.45727031895777e-07,1.79034731040285e-05,1.87525405366884e-05
26.8841014385155,3.48323535101322e-05,2.92831454200054e-05,9.38992792176881e-06,1.14742109687519e-05,3.03070984331528e-05,2.58353447717056e-05
27.0041197485088,1.95772315213524e-05,1.55914609907036e-05,1.17342300032901e-05,1.25494609624733e-05,2.06458223807412e-05,1.18894672658109e-05
27.1241380585022,2.64800521442804e-05,2.84510334982112e-05,7.38891723927737e-06,1.26722264068122e-05,3.22088193965029e-05,1.2381384622889e-05
27.2441563684956,4.9298315618782e-05,4.69544877515994e-05,2.62999115201555e-05,3.10790891443858e-05,4.04821867755632e-05,3.89061609184624e-05
27.364174678489,2.46421593978337e-05,2.14653982744999e-05,1.22985551412408e-05,1.9604588747007e-05,2.3491580097177e-05,1.1852972286353e-05
27.4841929884823,2.53107721555433e-05,3.43504908511368e-05,2.71975059599624e-05,1.97784920877984e-05,2.90792446771856e-05,1.11778702266497e-05
27.6042112984757,4.64681154846577e-05,5.44936173575458e-05,4.71034014529068e-05,4.38946693692133e-05,4.62468859324676e-05,4.73685319418495e-05
27.7242296084691,1.87653388117962e-05,2.76739934378748e-05,2.56067144569792e-05,2.28104874177149e-05,1.57905498249387e-05,1.45831899721016e-05
27.8442479184624,2.65466235608961e-05,3.12081485892807e-05,3.46428138368973e-05,3.78448950434608e-05,3.41424339362284e-05,2.91579743742735e-05
27.9642662284558,4.06703011628747e-05,4.89891741838682e-05,6.0215572912449e-05,6.4875306863387e-05,6.16390068263644e-05,5.99669494789611e-05
28.0842845384492,1.32144043501902e-05,2.75643212151492e-05,3.55850811401883e-05,3.85767703883614e-05,2.52625899924818e-05,7.30281059122612e-06
28.2043028484426,2.20673571281686e-05,1.86154003479016e-05,2.44253126864838e-05,3.27081973694949e-05,2.43683318062933e-05,2.55507685205852e-05
28.3243211584359,2.81135779503789e-05,2.92156823196679e-05,4.81124960453345e-05,5.65378576757806e-05,3.27410243172314e-05,3.86258501773118e-05
28.4443394684293,6.51772535478767e-06,1.76095818231892e-05,2.3934527034727e-05,3.12216048208687e-05,2.39203946026e-05,1.49898868092249e-05
28.5643577784227,1.50669918858534e-05,8.80493495841503e-06,1.99993440437163e-05,2.35278701893239e-05,8.09655898569463e-06,2.40849850836596e-05
28.684376088416,1.40982685110588e-05,9.31228051777637e-06,3.45168749318994e-05,4.40193731653794e-05,8.63421643620821e-06,2.59146685428776e-05
28.8043943984094,5.19892521223474e-06,6.90039718650175e-06,1.75985255161713e-05,2.43849872431891e-05,1.1584517341375e-05,1.23301062815795e-05
28.9244127084028,3.41234857195509e-06,5.89731969441455e-06,1.20431319593583e-05,9.91544739309605e-06,9.7078543150588e-06,2.68732125627754e-05
29.0444310183962,6.73706046299322e-06,9.50612176238109e-06,2.08273730396584e-05,2.16184891044901e-05,1.06276467632836e-05,1.11287491773473e-05
29.1644493283895,4.90376989464686e-06,5.24884807512938e-06,8.90361793169575e-06,1.31510260657165e-05,2.00397224880806e-06,1.40519704330832e-05
29.2844676383829,1.32944933695684e-05,2.13562340107541e-05,5.41760459334616e-06,3.59292481938584e-06,2.75828824269369e-05,2.28260661945535e-05
29.4044859483763,2.59457772413014e-05,2.94084481652107e-05,2.79147173378903e-06,4.40941544170937e-06,2.70409337040497e-05,1.05938433393422e-05
29.5245042583697,9.69743377623534e-06,5.02704919283543e-06,7.33998338363788e-06,4.90367174194508e-06,1.39789356853124e-05,1.60259223363814e-05
29.644522568363,2.69660075237368e-05,3.84001708125061e-05,1.83277542446237e-05,1.34178473139958e-05,3.51040585520146e-05,1.84073855207e-05
29.7645408783564,4.40397197796846e-05,5.36566082186488e-05,2.46153279146565e-05,2.3058439874367e-05,4.45175996980315e-05,2.96837788193818e-05
29.8845591883498,1.44813352858058e-05,1.58841846149577e-05,5.94100771147021e-06,4.70216308024729e-06,1.0432839924414e-05,1.80915323490404e-05
30.0045774983431,4.16286560362025e-05,5.5716179094654e-05,3.84994711290308e-05,4.13955359396847e-05,5.40291674792853e-05,2.87354655253212e-05
30.1245958083365,7.29191869966327e-05,9.74557784092094e-05,7.44300221532455e-05,7.86671346653329e-05,9.98757554440174e-05,7.21920888378232e-05
30.2446141183299,5.18933036676282e-05,8.01360046691219e-05,6.57506955175473e-05,6.9489285782106e-05,7.25822657862049e-05,3.29493025011415e-05
30.3646324283233,1.31061093908731e-05,2.77090286545656e-05,1.97462541353387e-05,2.36724850733557e-05,3.40204927976182e-05,2.59185914760134e-05
30.4846507383166,2.98969915627971e-05,2.38454121716478e-05,2.90023784633162e-05,3.21336102789717e-05,2.82883766726526e-05,3.4110240415048e-05
30.60466904831,1.45878545065201e-05,2.50137406263267e-05,2.63741105209094e-05,3.15698384143292e-05,2.35162500172381e-05,7.21851011367594e-06
30.7246873583034,2.03974838554727e-05,1.30315586983763e-05,1.17491826660526e-05,1.67496014837326e-05,1.89683474768613e-05,1.34371428473661e-05
30.8447056682968,3.00689253863204e-05,1.86920370961509e-05,3.03559020123675e-05,3.97480671313679e-05,1.81100105975084e-05,3.26874441649848e-05
30.9647239782901,9.32555359825744e-06,1.02986799003198e-05,2.01423547718093e-05,2.87310101766452e-05,1.62520106168063e-05,1.2391010724397e-05
31.0847422882835,1.66969909155478e-05,6.49261052728908e-06,1.73650506512024e-05,1.4770168973044e-05,9.91546547358236e-06,1.96037023371697e-05
31.2047605982769,1.90165231531134e-05,7.42808155780477e-06,3.30135018737444e-05,3.11249275179223e-05,1.1814959352782e-05,2.77760161929336e-05
31.3247789082702,2.24115049175378e-06,4.46033162015666e-06,1.57684908040229e-05,1.81384432026565e-05,4.03706181024316e-06,1.48421296337097e-05
31.4447972182636,1.04668251381447e-05,4.44194985247108e-06,1.39549644588915e-05,1.06208693449333e-05,2.08175876643979e-06,2.14224758852987e-05
31.564815528257,7.43223047277266e-06,4.89234597258042e-06,1.98304005233411e-05,1.89873414334477e-05,7.78556801755828e-06,1.7450611918589e-05
31.6848338382504,5.60536767472731e-06,8.77373496206275e-06,8.81748964315924e-06,6.5535837470756e-06,8.62077513293994e-06,1.50613467307555e-05
31.8048521482437,4.48364451838327e-06,3.93297476761222e-06,8.21729805190022e-06,8.54374584442739e-06,9.25012340314912e-06,2.02626730835976e-05
31.9248704582371,1.14416025070619e-05,1.36784481840018e-05,9.09509530840615e-06,6.9512768806047e-06,1.06953824451034e-05,8.09366560608738e-06
32.0448887682305,1.01964310521439e-05,9.20679723623559e-06,1.95797276452416e-06,3.44608191975481e-06,1.33886013283057e-05,1.4376509374316e-05
32.1649070782239,7.30358189150035e-06,1.10697690868657e-05,3.38518122583918e-06,5.02213336094582e-06,9.73478749986725e-06,1.53013087066936e-05
32.2849253882172,2.06923679587715e-05,2.43475889550856e-05,5.69312725861644e-06,4.36016075226459e-06,2.55050124751865e-05,1.48746128346421e-05
32.4049436982106,1.09755297736037e-05,1.23961222553202e-05,7.84441371212548e-06,7.86510700816494e-06,8.39954716688339e-06,1.25782357238247e-05
32.524962008204,1.70097873859463e-05,1.87898055879907e-05,6.78372480851599e-06,6.07048879331583e-06,1.38740157659153e-05,8.15839615914968e-06
32.6449803181973,2.96598175239093e-05,3.17701290687883e-05,1.88687774921053e-05,1.86617134342931e-05,3.19176837044765e-05,2.61448785563074e-05
32.7649986281907,1.08641737205829e-05,1.43837151513386e-05,1.17837561433577e-05,1.36758986350465e-05,6.81904582747429e-06,1.04118809894693e-05
32.8850169381841,2.32357374026788e-05,2.0780341977229e-05,1.19433377019423e-05,1.18524860277692e-05,2.39992898769331e-05,4.10748965980909e-06
33.0050352481775,3.38489128584709e-05,3.17148592601375e-05,2.5255697794901e-05,2.84747758182507e-05,2.84049047650374e-05,3.393208906947e-05
33.1250535581708,9.39439483612087e-06,1.12582060524839e-05,1.33844716789811e-05,1.59143339149554e-05,1.17737649780501e-05,1.07379852854276e-05
33.2450718681642,2.52751107325143e-05,1.85538602567982e-05,1.80836658134781e-05,1.7609797926293e-05,2.66972206438663e-05,8.15083292717697e-06
33.3650901781576,3.20768783541138e-05,2.4589534736281e-05,3.33103910453841e-05,3.40597169226086e-05,2.36388166068197e-05,3.5596808668463e-05
33.4851084881509,5.99492479161743e-06,4.03572427647578e-06,1.27958231469387e-05,1.58081488568709e-05,8.12207002147484e-06,1.46426560612744e-05
33.6051267981443,2.34467629821424e-05,1.77753524875933e-05,2.13620103151666e-05,1.9428694835117e-05,1.95173335069146e-05,1.28749175609643e-05
33.7251451081377,2.53174609662732e-05,1.69287690021619e-05,3.12280902143485e-05,3.28167286109108e-05,2.14254624370333e-05,3.23901030835149e-05
33.8451634181311,2.33423778694869e-06,5.81689022286712e-06,1.05555366806429e-05,1.16177742407221e-05,2.61331779112979e-06,1.69802710912016e-05
33.9651817281244,1.7517038824058e-05,1.55427917505765e-05,1.91100770032823e-05,1.99044586275841e-05,8.66582724359051e-06,1.71915566001163e-05
34.0852000381178,1.40754145838653e-05,1.0961832857577e-05,2.64902871838992e-05,2.72062437618105e-05,1.22198334933337e-05,2.67582493680939e-05
34.2052183481112,4.0041871227865e-06,1.00670257648838e-05,4.22325088369814e-06,5.13533229275582e-06,8.60795281715811e-06,1.57160206393836e-05
34.3252366581046,9.07954568761341e-06,8.49703398399211e-06,2.17335918392532e-05,1.878530781807e-05,2.98956760628967e-06,1.96549659467176e-05
34.4452549680979,2.90641364261697e-06,5.57328380510273e-06,2.04200889951015e-05,1.77272140044996e-05,9.27910094665761e-06,1.89868758576564e-05
34.5652732780913,9.12604896519298e-06,9.53830281173448e-06,6.85891785727928e-06,5.36796207161107e-06,8.81703844682679e-06,1.2274463428001e-05
34.6852915880847,3.47089776336111e-06,2.89827066742763e-06,1.53907834355162e-05,1.9521573027413e-05,4.2868298327586e-06,2.24050941513321e-05
34.8053098980781,1.35664840018292e-05,1.53656800624284e-05,1.1579494416032e-05,1.31840258729234e-05,1.63831911298723e-05,1.24927292909533e-05
34.9253282080714,1.06121088589961e-05,8.93756148925455e-06,4.09416292085679e-06,7.46645535582126e-06,4.14537158178483e-06,9.43447931072567e-06
35.0453465180648,1.67970847583497e-05,1.81807822457417e-05,6.51698977847639e-06,1.01432442183949e-05,1.5975922722496e-05,1.79311877672388e-05
35.1653648280582,3.85472266143216e-05,4.06621093826553e-05,4.32820041564756e-06,1.54794341019453e-06,3.79246093356235e-05,1.39258050115158e-05
35.2853831380515,3.23871368529516e-05,3.47036790714067e-05,1.21714477157885e-05,1.01244060981741e-05,3.00373111037161e-05,1.47191874940081e-05
35.4054014480449,2.27933172821049e-06,9.05658514671616e-06,4.91396720894758e-06,4.7892723715126e-06,1.16329823838573e-05,8.74289240746403e-06
35.5254197580383,2.23033934814729e-05,1.98718856710581e-05,1.5064755851283e-05,1.34139120865814e-05,1.66675701507772e-05,2.32147561928149e-05
35.6454380680317,1.55411973428416e-05,1.39887112553212e-05,1.26649883973973e-05,1.3645462297682e-05,1.72314791629152e-05,5.87352468018938e-06
35.765456378025,1.31481688637002e-05,1.11635490968042e-05,8.93176697644482e-06,7.3192000861929e-06,1.58195556426182e-05,4.41743709000868e-06
35.8854746880184,2.73819427440851e-05,2.2499633446261e-05,2.16328831233137e-05,2.23037713669693e-05,2.47516192218825e-05,2.72153582848991e-05
36.0054929980118,1.23756499758419e-05,9.7780845282294e-06,1.55166449343243e-05,1.58568447092925e-05,1.11554714301172e-05,7.53496164355629e-06
36.1255113080052,1.55482578859164e-05,1.37714367052213e-05,9.57192854010009e-06,1.2683185303429e-05,9.78850422674806e-06,3.00998613916782e-06
36.2455296179985,2.50785850553184e-05,2.0460595382525e-05,2.53336732122357e-05,2.7984154598406e-05,2.43913112141416e-05,2.8691450928218e-05
36.3655479279919,8.02950670729057e-06,8.15266143830668e-06,1.27813412350636e-05,1.61423596442581e-05,2.0392943031492e-06,9.99403734525002e-06
36.4855662379853,1.47354494466592e-05,1.40932888302705e-05,1.52135016646528e-05,1.24377632905095e-05,8.81344781312532e-06,8.96512497082752e-06
36.6055845479786,1.88760328657161e-05,1.66566477254603e-05,2.58501023638535e-05,2.52789860302215e-05,1.5186467672948e-05,2.76629923957009e-05
36.725602857972,4.57877817409962e-06,7.51170236009526e-06,1.16954141114082e-05,1.0754114386912e-05,5.60351306565577e-06,1.04424214270634e-05
36.8456211679654,1.01826695942761e-05,8.91991749855364e-06,1.54573506451e-05,1.54872795583065e-05,1.0810318733264e-05,1.44174406797422e-05
36.9656394779588,8.28198712712402e-06,8.00370080660324e-06,2.50377726661499e-05,2.46722090284066e-05,5.85037468939526e-06,2.47963128415208e-05
37.0856577879521,4.05888951639714e-06,4.05249606897376e-06,1.22745466106972e-05,1.07740087483161e-05,4.15472408034981e-06,8.03567466286623e-06
37.2056760979455,5.271611740047e-06,1.71726339686095e-07,1.0771673978077e-05,1.2810994601011e-05,5.35552332311829e-06,1.80838143374706e-05
37.3256944079389,3.75726052848108e-06,6.26634250691412e-06,1.59759211684938e-05,1.74599696051041e-05,6.36852509063847e-06,1.39642666327313e-05
37.4457127179322,9.02522472120774e-06,5.4093140003326e-06,5.67903649898131e-06,7.23881621492346e-06,3.25037015497373e-06,1.27638244771255e-05
37.5657310279256,4.06639208211204e-06,6.6342257170779e-06,3.87525821736018e-06,6.20661662212614e-06,1.12485928733195e-05,1.38947388102728e-05
37.685749337919,1.35900856663942e-05,1.68707051903389e-05,4.24145171103829e-06,5.2936518186563e-06,1.25411371465775e-05,9.78608213382696e-06
37.8057676479124,1.29276144933109e-05,1.11125283892346e-05,2.49769119249821e-06,6.76132329948974e-07,1.28346552536501e-05,1.18798672606977e-05
37.9257859579057,7.04160841312048e-06,9.7565787945408e-06,3.09067330374259e-06,1.06237693055283e-06,1.52334524574137e-05,1.07213719418149e-05
38.0458042678991,2.06394465975505e-05,2.20378030149047e-05,7.35742496143276e-06,6.56688209654123e-06,1.98405683572848e-05,1.56565323446091e-05
38.1658225778925,1.45159276057213e-05,1.35765638772545e-05,7.97224583634259e-06,7.07214634022277e-06,1.52420807994262e-05,9.88592792425254e-06
38.2858408878859,9.79113819629448e-06,1.1339009742504e-05,4.56540912855699e-06,6.36120832984015e-06,1.00319623741202e-05,6.41706555960929e-06
38.4058591978792,2.41130171160271e-05,2.29584121318981e-05,1.60185871759883e-05,1.66730367657125e-05,2.56498943394809e-05,2.1701807197967e-05
38.5258775078726,1.41404538872956e-05,1.3242050777171e-05,1.11449249034976e-05,1.25426515473957e-05,8.91258895103357e-06,8.39326282219998e-06
38.645895817866,1.06728331316417e-05,1.16898115244153e-05,9.41295812911455e-06,9.29963758646567e-06,9.17715875942997e-06,1.93432836991903e-06
38.7659141278593,2.28523107077567e-05,2.11731737739027e-05,2.03280816291148e-05,2.16112153678484e-05,2.36535108562445e-05,2.57308175177585e-05
38.8859324378527,1.11058257264848e-05,1.18392621326988e-05,1.28062627521949e-05,1.43243213708242e-05,7.48934750558385e-06,7.45580581711142e-06
39.0059507478461,1.02869673734356e-05,1.0332400223681e-05,1.11138838757742e-05,1.0888980837433e-05,1.20572693707173e-05,6.07874598507508e-06
39.1259690578395,1.78017647530597e-05,1.62246359650307e-05,2.35659505537806e-05,2.32429573167415e-05,1.32072108088029e-05,2.64518247800127e-05
39.2459873678328,6.09529908522415e-06,9.07219707523634e-06,1.47263542483411e-05,1.39346352533159e-05,9.23362596824389e-06,7.19818049170457e-06
39.3660056778262,8.86193335665315e-06,6.95776979698219e-06,1.19837836945232e-05,1.32216583535336e-05,1.02306269405575e-05,1.17725630598691e-05
39.4860239878196,1.0479877929936e-05,8.00483141038423e-06,2.15820789811301e-05,2.2643030044519e-05,5.25384977563482e-06,2.35602857503269e-05
39.606042297813,2.67455791740152e-06,4.54537966352006e-06,1.0388631204944e-05,1.1771465962595e-05,5.7565499114053e-06,9.02404318540423e-06
39.7260606078063,6.40069561119552e-06,1.80320890131523e-06,1.03708680589004e-05,1.15972431014691e-05,3.52070082660506e-06,1.39033924356236e-05
39.8460789177997,1.99165235652406e-06,2.79475324812168e-06,1.56029751291386e-05,1.76132143151036e-05,4.734564185026e-06,1.71831600646268e-05
39.9660972277931,5.42376381221301e-06,3.10756245906532e-06,7.21137845086637e-06,7.07982219690494e-06,5.00394786239364e-06,1.13056143527013e-05
40.0861155377864,3.31999008480577e-06,6.18655501315979e-06,8.49271100164274e-06,9.19239111223444e-06,1.05314965452728e-05,1.5026590848536e-05
40.2061338477798,1.31835631966165e-05,1.78987782706891e-05,1.28693132972551e-05,1.25511381606122e-05,1.31988933961029e-05,1.35446771160802e-05
40.3261521577732,1.88986811709256e-05,1.93929405867278e-05,5.21361418664762e-06,5.04471630859758e-06,2.23218296589199e-05,1.34333400172133e-05
40.4461704677666,9.0667735058658e-06,9.42264469342731e-06,3.26436500722831e-06,2.04070557369453e-06,6.14064123206741e-06,1.0850092637708e-05
40.5661887777599,8.7308524960491e-06,1.05865654195185e-05,9.83073503346154e-07,4.54087284391832e-07,1.22118743778196e-05,1.07145568650393e-05
40.6862070877533,1.28733317362074e-05,1.13937103797998e-05,3.29249167333645e-06,3.47756048934864e-06,9.95004154586783e-06,1.20405219138093e-05
40.8062253977467,5.81436049761175e-06,8.200804418832e-06,3.33419645559953e-06,3.2226108469994e-06,7.08266891301206e-06,7.96103486975422e-06
40.9262437077401,1.48934008549102e-05,1.46887091653704e-05,6.77188397095799e-06,6.82220358957084e-06,1.80116568717605e-05,1.5669835784982e-05
41.0462620177334,1.25839850762709e-05,1.11489959630788e-05,7.19801464850675e-06,8.09761279195563e-06,6.09109405566027e-06,1.05538957721757e-05
41.1662803277268,6.84706001690746e-06,9.31969503599527e-06,6.2862054775035e-06,6.458607409542e-06,1.29139459648548e-05,4.62783592681468e-06
41.2862986377202,1.68301205961745e-05,1.55849899259005e-05,1.26294270963169e-05,1.29031974747762e-05,1.45394665621062e-05,2.03001461154823e-05
41.4063169477135,1.05581491195043e-05,1.02038014818087e-05,1.06487124573786e-05,1.08282293915329e-05,9.56696367527895e-06,8.3213260011837e-06
41.5263352577069,7.84276142610807e-06,9.21831709682581e-06,8.49272523298109e-06,9.11918230836573e-06,1.35079542707282e-05,5.32526187661792e-06
41.6463535677003,1.58478574191215e-05,1.31722809694277e-05,1.64130512992411e-05,1.67114925096288e-05,9.77209267163709e-06,2.21927436788531e-05
41.7663718776937,7.34767910577388e-06,7.6074252337606e-06,1.03099988770266e-05,1.18819265563158e-05,9.53485779169356e-06,7.02452754315579e-06
41.886390187687,7.51452028374035e-06,6.94311158462934e-06,9.6005514694816e-06,9.94299356999216e-06,7.35536583560717e-06,8.66042722494679e-06
42.0064084976804,1.21990599930696e-05,8.05316060352428e-06,1.55136689620198e-05,1.68353538087337e-05,1.03611841491231e-05,2.08032783181658e-05
42.1264268076738,4.17168983035336e-06,3.75475354055389e-06,1.05418310768528e-05,1.0223952952716e-05,3.14338839075535e-06,7.92635891059148e-06
42.2464451176672,6.15520549522203e-06,3.20714666763333e-06,8.29463257660202e-06,9.22329333677429e-06,1.17176818671306e-06,1.14147112664956e-05
42.3664634276605,6.68244723225517e-06,2.11515232582762e-06,1.50464901519374e-05,1.49421713649761e-05,6.78261379977505e-06,1.68767942838523e-05
42.4864817376539,3.91443788326376e-06,1.56329621899002e-06,6.98325869181073e-06,7.54145524683211e-06,4.89803344782975e-06,9.69531926786465e-06
42.6065000476473,4.34006189419585e-06,1.6729177090866e-06,7.50411222994185e-06,7.15079217866731e-06,2.80383455599194e-06,1.27294792176646e-05
42.7265183576406,1.63666643239266e-06,4.50788647782143e-06,9.26790557216811e-06,1.02843638359773e-05,3.9676705541395e-06,1.14915629022753e-05
42.846536667634,6.39247375424961e-06,4.32531432820318e-06,4.47036462852259e-06,3.9601974584783e-06,6.84403062854373e-06,1.12297137963792e-05
42.9665549776274,3.82715961772053e-06,4.11355430441573e-06,2.85513456429601e-06,4.17083560593606e-06,1.72909839780091e-06,1.21413478273795e-05
43.0865732876208,6.95165382983336e-06,9.09703354801087e-06,4.68431400831489e-06,4.33700245297622e-06,1.20517452983535e-05,8.77722626103924e-06
43.2065915976141,8.69006859937712e-06,6.21409685951324e-06,3.55671126584265e-07,4.93948012510201e-07,3.15194029596435e-06,1.13613008011135e-05
43.3266099076075,5.26959105582711e-06,6.66398534385179e-06,2.5842639052762e-06,1.92287204648877e-06,8.53683668107859e-06,1.03060842555327e-05
43.4466282176009,1.20023512898487e-05,1.24843929044749e-05,2.44475921961933e-06,2.2479190263943e-06,1.3488516479059e-05,1.14950672946722e-05
43.5666465275942,9.60408562851592e-06,7.02144223107103e-06,3.56975661682962e-06,3.89673260336404e-06,5.46204142271913e-06,1.0406558376136e-05
43.6866648375876,7.00843739318157e-06,8.82377144973512e-06,3.52629230425173e-06,3.68039517734507e-06,1.31275668507708e-05,7.59616380252903e-06
43.806683147581,1.5146217003281e-05,1.40446756258835e-05,8.00367433727409e-06,7.38599017273827e-06,9.83037736493202e-06,1.54895130990947e-05
43.9267014575744,9.17430233385455e-06,6.99005427011304e-06,4.59515488685632e-06,5.66921202277308e-06,8.40818682807579e-06,9.57967256283269e-06
44.0467197675677,8.07229147575788e-06,9.5457616731573e-06,6.80325395318926e-06,6.06564119013324e-06,1.24977503292314e-05,4.1270754016093e-06
44.1667380775611,1.57793307993466e-05,1.32937036103254e-05,1.12903300483827e-05,1.13381831104641e-05,1.16401516579017e-05,1.88604719386414e-05
44.2867563875545,7.5180696534251e-06,5.97996452773892e-06,7.46006236820938e-06,6.56536334032374e-06,6.81683617586228e-06,9.03076292440725e-06
44.4067746975479,8.14328929910674e-06,8.66941516845839e-06,8.47569742363652e-06,9.03646232013625e-06,7.61194834722033e-06,3.47685491338669e-06
44.5267930075412,1.38434368547014e-05,1.07224175805067e-05,1.51735440142329e-05,1.46351504297043e-05,1.43597816796764e-05,2.01930644000989e-05
44.6468113175346,5.03597533001719e-06,4.30534650283095e-06,6.08122535433551e-06,6.47442730915781e-06,2.38179008706171e-06,9.09682991401417e-06
44.766829627528,7.34949798428029e-06,7.00785612469358e-06,1.11779991067994e-05,1.12546335548553e-05,4.51242390737502e-06,6.47183063753104e-06
44.8868479375213,9.95922302809877e-06,7.26403304676611e-06,1.51358649793891e-05,1.64095340758757e-05,1.01348787146365e-05,1.97641349760028e-05
45.0068662475147,3.52102490967251e-06,2.85093865646076e-06,6.11923548970716e-06,5.60042857799738e-06,3.46575981215669e-06,9.93586130407401e-06
45.1268845575081,5.76523598176523e-06,4.52268085527939e-06,1.21487943071902e-05,1.43480580308553e-05,5.2276420558009e-06,1.0098207819866e-05
45.2469028675015,3.8315296391984e-06,2.89387248213882e-06,2.16726783046999e-05,2.29141595807702e-05,2.69310514618889e-06,2.33476417130478e-05
45.3669211774948,2.41772268454325e-06,1.57083406192761e-06,1.50041516621045e-05,1.63187168596376e-05,3.7135801241765e-06,6.91743598963477e-06
45.4869394874882,3.33479311194594e-06,1.98426411880931e-06,4.66718851330698e-06,5.27082519651309e-06,4.37721657249459e-06,1.34291145397501e-05
45.6069577974816,2.51847206448913e-06,3.33830454047366e-06,6.04548711188584e-06,6.31794281556189e-06,5.70622787061683e-06,1.0018518558097e-05
45.726976107475,6.25764520407783e-06,2.60163175290912e-06,4.51031268533252e-06,3.91336935781567e-06,1.19255932835437e-06,9.23380763245441e-06
45.8469944174683,2.99039854234106e-06,3.708127432686e-06,2.7927950574401e-06,3.08611739424682e-06,7.58901059743538e-06,1.22024042673845e-05
45.9670127274617,7.22299209138287e-06,7.46725927389122e-06,3.44832674390075e-06,3.34398920214394e-06,5.44611684009855e-06,8.71876206894584e-06
46.0870310374551,8.12224590331379e-06,4.5261815417061e-06,2.0941762271225e-06,1.51816404520386e-06,5.89647211389566e-06,1.01719805674424e-05
46.2070493474484,4.36011969015355e-06,6.88750766354676e-06,6.228899469166e-07,5.13592550014817e-07,1.03764967934453e-05,1.054717437663e-05
46.3270676574418,1.13554900603525e-05,1.1033711097478e-05,1.71072980662883e-06,1.33296534901398e-06,6.98647671596078e-06,9.9370697202137e-06
46.4470859674352,9.07977591195607e-06,6.91548338061549e-06,2.54011520296557e-06,1.5888538209536e-06,8.84671899127581e-06,1.12137001502067e-05
46.5671042774286,5.72775031073044e-06,8.51610388471725e-06,3.43765121670753e-06,3.34260390287837e-06,8.5419314106215e-06,6.77639387804381e-06
46.6871225874219,1.33736632518185e-05,1.24927907634097e-05,8.07726833220035e-06,6.95608079783784e-06,1.36411321578004e-05,1.42863581388108e-05
46.8071408974153,8.71499837865809e-06,8.02967783342169e-06,4.39057284368684e-06,4.90237376833798e-06,7.41419212046532e-06,1.0691800555368e-05
46.9271592074087,6.23685360553974e-06,8.34038152884525e-06,6.93813551936345e-06,6.55728490159376e-06,6.12463351425541e-06,3.43611363160875e-06
47.0471775174021,1.29171612806445e-05,1.13827060031691e-05,1.02938786731295e-05,1.11840996471545e-05,1.45654610544869e-05,1.74238958879371e-05
47.1671958273954,6.87347269565113e-06,7.35053863189884e-06,7.73835687931242e-06,7.6496670565744e-06,2.48020753863023e-06,9.33797949171858e-06
47.2872141373888,5.88281823490262e-06,6.88413647324402e-06,6.98586028564443e-06,8.54233755588114e-06,9.18319579806246e-06,4.87910366022931e-06
47.4072324473822,1.03748190530646e-05,8.08640000921547e-06,1.29737099342873e-05,1.31084631585219e-05,7.4864455072161e-06,1.84140503238136e-05
47.5272507573755,4.05125024331373e-06,5.35202768848267e-06,7.78632598752733e-06,8.60924644944818e-06,5.17723951941978e-06,7.84894771891681e-06
47.6472690673689,4.73165274104013e-06,4.58357287292727e-06,8.57223385895586e-06,8.76200574652528e-06,7.4184506698235e-06,8.49053645892921e-06
47.7672873773623,6.41108508296194e-06,3.59396936203587e-06,1.16824412251579e-05,1.25667019234683e-05,1.94561516362558e-06,1.71506172321948e-05
47.8873056873557,2.10441094442833e-06,2.64316575822787e-06,7.48886119067331e-06,7.62116231417126e-06,4.48729583822931e-06,6.96548616790375e-06
48.007323997349,3.10779685193753e-06,1.67505717643194e-06,7.05780748775924e-06,7.70441409725006e-06,2.61159764035824e-06,1.13984152093848e-05
48.1273423073424,2.33537609493881e-06,1.1888793965156e-06,9.69810793039204e-06,1.00070315837939e-05,4.88717454990718e-06,1.39051804224353e-05
48.2473606173358,4.15528699949711e-06,1.23056159666231e-06,6.19776312197783e-06,5.65725843469318e-06,2.76120426335993e-06,7.55165554676639e-06
48.3673789273292,2.14522390016362e-06,2.49458753286054e-06,5.11612893064442e-06,5.63942883811164e-06,6.07945975245767e-06,1.26223732223381e-05
48.4873972373225,4.26311345376779e-06,5.66546960049408e-06,6.31809655760126e-06,6.38012773538479e-06,1.95586129316181e-06,9.61330306540417e-06
48.6074155473159,6.70431135452741e-06,4.21834541089319e-06,2.37577499316545e-06,2.75163750026438e-06,7.15543897675557e-06,9.3334325610468e-06
48.7274338573093,3.06444357442773e-06,5.32707462324022e-06,2.57037787749917e-06,2.68802877888595e-06,6.81185458678646e-06,1.16703366542525e-05
48.8474521673026,8.02914605687639e-06,9.08355909954715e-06,5.66131754049743e-07,1.84639651852813e-06,8.24599702083276e-06,7.81408131419935e-06
48.967470477296,8.17324277060797e-06,6.49459331763991e-06,4.66099557339051e-07,6.56381103221381e-07,8.17835341859216e-06,1.05728262870646e-05
49.0874887872894,4.51670170747346e-06,7.11917305081483e-06,1.72990480027618e-06,7.98652470275502e-07,4.50428764156314e-06,9.10460133119488e-06
49.2075070972828,1.06210259749721e-05,1.07106308711675e-05,2.74638000486629e-06,3.30282008703565e-06,1.33256513879332e-05,1.0702138323166e-05
49.3275254072761,8.22754626235958e-06,7.0865920878186e-06,3.92127038983953e-06,3.73342641378516e-06,3.81823057173487e-06,1.05195317209022e-05
49.4475437172695,5.57655399771739e-06,7.76671116243383e-06,3.16874652291953e-06,4.23563081486932e-06,8.8546894573459e-06,6.07016457921867e-06
49.5675620272629,1.16557850581934e-05,1.04069447071967e-05,7.51015318876363e-06,7.2543461624672e-06,1.12567411127899e-05,1.41651522149032e-05
49.6875803372563,7.00926315154204e-06,6.15922263025152e-06,4.93261261081995e-06,5.72135375596297e-06,3.97579980403096e-06,9.74666483033073e-06
49.8075986472496,6.09291520076158e-06,7.45987841082807e-06,6.80105116003716e-06,6.59500473328764e-06,1.10853491290668e-05,3.84123473158122e-06
49.927616957243,1.10992111000648e-05,8.92757253574748e-06,9.70656885155526e-06,1.0326159678617e-05,5.72030869298901e-06,1.67458929137658e-05
50.0476352672364,4.6750119022469e-06,4.40793012873273e-06,5.90165707573646e-06,6.25748994685944e-06,6.11342232538911e-06,8.6709052002239e-06
50.1676535772297,6.59088206832166e-06,6.56820519014205e-06,8.45833980923643e-06,9.27509209493349e-06,8.96318969469224e-06,4.2522097446474e-06
50.2876718872231,1.07633886638716e-05,8.60304052961188e-06,1.55638216606139e-05,1.60576065489893e-05,7.70527562175925e-06,2.101622294123e-05
50.4076901972165,5.24855727123173e-06,5.4855070128886e-06,1.3061301689638e-05,1.3203214118927e-05,6.91966928636902e-06,1.62624282485747e-06
50.5277085072099,2.57982822619387e-06,1.86061431184161e-06,4.90239525513458e-06,6.05106994203337e-06,1.43340962461754e-06,1.18040156334658e-05
50.6477268172032,4.38487727046843e-06,1.54926126531692e-06,7.88100658610735e-06,7.66145543102509e-06,5.32654887226507e-06,1.2850858918522e-05
50.7677451271966,2.18292943338928e-06,8.02181186989482e-07,5.70653681671984e-06,6.16770050573885e-06,2.97639540930431e-06,6.58761388741029e-06
50.88776343719,2.77675449084224e-06,5.62225901410234e-07,5.15805987697567e-06,4.9650475466741e-06,3.14778517578463e-06,1.12866761734468e-05
51.0077817471834,1.59012890561004e-06,1.84402550013047e-06,5.70382767619336e-06,6.49985166129813e-06,2.62354692105441e-06,1.0794936867238e-05
51.1278000571767,4.13587436135114e-06,2.17813141680751e-06,4.75562676348083e-06,3.95006910618611e-06,5.38401554639068e-06,8.0314673537239e-06
51.2478183671701,2.5297514059019e-06,2.60191205354413e-06,2.48509503882541e-06,3.31816876555977e-06,7.83356490342624e-07,1.12244614208025e-05
51.3678366771635,3.47355560034818e-06,4.84629643862273e-06,4.38668360024237e-06,3.85275235488767e-06,7.12551321054997e-06,8.77165794127242e-06
51.4878549871568,5.92434293778059e-06,4.0063510601251e-06,1.3513258372165e-06,1.5848859136839e-06,3.56378147918106e-06,9.1974011570012e-06
51.6078732971502,2.78033581568134e-06,4.27541174694358e-06,1.6705331060772e-06,1.07432248665224e-06,4.65600791838248e-06,1.01829297841044e-05
51.7278916071436,6.31903544180684e-06,6.81041364353649e-06,4.53092104312185e-07,5.9563353310786e-07,8.56200298933192e-06,8.72908325886533e-06
51.847909917137,6.88158786382822e-06,5.0453027450265e-06,1.13014206212722e-06,8.53150661293345e-07,1.97972650598469e-06,9.83698864019527e-06
51.9679282271303,3.16403902923012e-06,5.10073856046855e-06,1.72010379522086e-06,1.33309063756162e-06,8.63170054767875e-06,8.29288723068988e-06
52.0879465371237,7.99512242021862e-06,7.28321961491997e-06,2.87237032215392e-06,2.7570465641473e-06,5.02463694643642e-06,1.06613450456748e-05
52.2079648471171,6.7565324922589e-06,5.28696523931447e-06,2.70862040877348e-06,2.89638821665052e-06,6.43466276971975e-06,9.70454653508521e-06
52.3279831571105,3.35353754707114e-06,4.93146601839513e-06,2.91213116156443e-06,3.19156315632455e-06,7.83948147209483e-06,6.53403183834259e-06
52.4480014671038,8.24682635913332e-06,6.56572090072153e-06,5.23066581021732e-06,5.22488896030203e-06,4.78234490518938e-06,1.26242271511973e-05
52.5680197770972,5.59548420953152e-06,4.7927784844309e-06,4.69753661013527e-06,4.48610134999347e-06,6.94814281146712e-06,8.9905732521343e-06
52.6880380870906,3.23037958550681e-06,4.05756534448294e-06,3.9827710376588e-06,4.40129639491073e-06,2.90318071387714e-06,6.26445698885211e-06
52.8080563970839,7.13213654632455e-06,5.02286759320088e-06,6.96890419115136e-06,6.71745801006836e-06,7.47870383298674e-06,1.35039293947385e-05
52.9280747070773,3.67598230467526e-06,3.58413697613965e-06,4.45167049044893e-06,5.07900820359551e-06,3.57473355772275e-06,8.15168762014298e-06
53.0480930170707,2.85093857920495e-06,2.81247842562883e-06,4.98630850807805e-06,4.8764684525886e-06,2.30260880614341e-06,7.57973080497548e-06
53.1681113270641,4.97368325925906e-06,2.80081329604787e-06,6.2681975163972e-06,6.90772742433024e-06,5.63244769108725e-06,1.30993771586282e-05
53.2881296370574,1.74616456415705e-06,1.99972549329194e-06,5.56927737333888e-06,4.83162875811691e-06,2.27372511921767e-06,7.59714451807007e-06
53.4081479470508,2.37447162008459e-06,1.22023347492389e-06,3.85851281098072e-06,4.69173740169742e-06,3.79507212742783e-06,9.28110310865029e-06
53.5281662570442,2.31864569637652e-06,8.31920875504437e-07,6.64604495293484e-06,6.05178328401096e-06,3.01112686317612e-06,1.16744949965085e-05
53.6481845670375,2.21296513654849e-06,1.16489853159509e-06,3.53310783385791e-06,3.93298351127267e-06,3.22850653984193e-06,7.54264952521304e-06
53.7682028770309,2.03544035093521e-06,6.75609262616221e-07,4.27717816666465e-06,3.86598264372553e-06,2.62277962462537e-06,1.04644013594239e-05
53.8882211870243,1.38586362482279e-06,2.5071111185151e-06,3.76267658971406e-06,4.49970582809683e-06,5.01801326067741e-06,9.77674380897314e-06
54.0082394970177,3.92873370219947e-06,1.95771799478671e-06,3.30422043023641e-06,2.53911724660053e-06,1.40796466762049e-06,8.06317833067739e-06
54.128257807011,2.07734779054355e-06,2.39232679434953e-06,1.79254525698292e-06,2.67091256210209e-06,5.19755638508307e-06,1.05972305767108e-05
54.2482761170044,3.57738872275035e-06,4.11911655259652e-06,2.69190662445115e-06,2.29789779987975e-06,4.05508758584667e-06,8.54516809674795e-06
54.3682944269978,5.04420711176738e-06,2.99817152505055e-06,8.70729075957164e-07,1.01656187481628e-06,3.46482243134684e-06,8.7408015816504e-06
54.4883127369912,2.47728958744454e-06,3.66989360163194e-06,1.42460817242261e-06,1.00497897077065e-06,7.27901010653356e-06,9.73557443397113e-06
54.6083310469845,5.42169879316198e-06,5.07264900196928e-06,2.64148847934533e-07,2.22503578402149e-07,1.88318460781895e-06,8.83312131659894e-06
54.7283493569779,5.26867681790796e-06,3.58450803045495e-06,1.48510151131331e-06,8.68826933126883e-07,6.08122047782035e-06,9.28102304375634e-06
54.8483676669713,3.18224593079337e-06,4.74611656888541e-06,1.24242618888856e-06,1.0721875933084e-06,5.42611857586954e-06,8.10303285108865e-06
54.9683859769646,6.50957111734113e-06,5.84689863912714e-06,3.06628613844817e-06,2.51332328720012e-06,6.76830892380833e-06,1.02858733648348e-05
55.088404286958,4.25873476102308e-06,3.37306524024084e-06,1.36923242860729e-06,1.92615003502068e-06,5.35686614548852e-06,9.61038348535434e-06
55.2084225969514,4.55621397189199e-06,6.23587983415351e-06,3.90985910486678e-06,3.70094200600699e-06,3.24087333516735e-06,5.68407637682392e-06
55.3284409069448,9.09906645730264e-06,8.89544250323294e-06,6.754105275629e-06,7.4280942735692e-06,1.15731448070625e-05,1.39151346627595e-05
55.4484592169381,6.65025717423027e-06,6.67730583550821e-06,7.46594041330831e-06,7.26688912150937e-06,2.88498939689231e-06,6.87626334186628e-06
55.5684775269315,1.53311243946454e-06,2.70573494876653e-06,2.79416174953685e-06,3.86364202071285e-06,5.97379580199816e-06,9.28659669753561e-06
55.6884958369249,4.16764919196296e-06,2.38112122342279e-06,4.2023272408975e-06,3.52138293930503e-06,3.55363209487886e-06,1.08670334251824e-05
55.8085141469183,2.08774638985995e-06,2.64308052942323e-06,3.45992269444514e-06,4.09712985752104e-06,2.73007998105619e-06,8.19868269355613e-06
55.9285324569116,2.03581273343318e-06,1.89913183105602e-06,4.22646870608663e-06,3.82515204620584e-06,4.97984609106865e-06,8.59887262643994e-06
56.048550766905,3.1208432568523e-06,1.37149092030721e-06,3.80681239253896e-06,4.4319200635314e-06,1.63094010479122e-06,1.09728087525175e-05
56.1685690768984,1.30235396265908e-06,1.30269310932239e-06,4.18082875986625e-06,3.69339715939991e-06,3.62159836359422e-06,7.78512770823168e-06
56.2885873868917,1.87491834177517e-06,3.90526852495846e-07,3.15551014193741e-06,3.96397714086273e-06,3.18272788463908e-06,9.57962342155048e-06
56.4086056968851,1.3353878604533e-06,7.27578771942247e-07,4.55303516023166e-06,4.20559031320317e-06,3.30490771406047e-06,1.01366705798784e-05
56.5286240068785,2.33103421949608e-06,5.4136876694874e-07,2.8803935206707e-06,2.99379379565597e-06,2.45590073927822e-06,7.55980166089277e-06
56.6486423168719,1.74470795421457e-06,1.21433710958044e-06,3.18232429340901e-06,3.10966680628277e-06,4.53733448294814e-06,1.03256054228856e-05
56.7686606268652,1.4512045253889e-06,2.08266319292713e-06,2.91555021557714e-06,3.14897126125179e-06,1.5750682305766e-06,8.86854491447749e-06
56.8886789368586,3.44251930347948e-06,1.78659546233685e-06,2.00466645152621e-06,1.90590433881683e-06,4.26822139965751e-06,8.02937948760787e-06
57.008697246852,1.86207132543742e-06,2.52669003958364e-06,1.62414672356283e-06,1.81272262072406e-06,4.42593862605535e-06,1.01288074075894e-05
57.1287155568454,3.10339979982475e-06,3.47721348138497e-06,1.35986435121293e-06,1.47875259502027e-06,3.63360147401598e-06,8.26354716445956e-06
57.2487338668387,4.01910842693878e-06,2.7559483158491e-06,1.00049927863859e-06,5.12268250650269e-07,5.44731743865366e-06,8.78045780510386e-06
57.3687521768321,2.15180333944031e-06,3.46949419249583e-06,7.77858276998837e-07,2.02746088696788e-07,9.19872738732779e-07,9.02155282087808e-06
57.4887704868255,4.32724179671222e-06,4.25209500648118e-06,7.97093129571788e-08,4.86217090427703e-07,6.84300248924545e-06,8.83646339035861e-06
57.6087887968189,3.95196708999268e-06,3.17115560097553e-06,1.4271839236932e-06,8.91450141957379e-07,3.10944835051607e-06,9.3247174104286e-06
57.7288071068122,2.37129206554406e-06,3.83663472825603e-06,9.11191203365221e-07,1.5125464689926e-06,4.53514748727744e-06,7.48128549192114e-06
57.8488254168056,4.80599959404662e-06,4.13424581163192e-06,2.90214639648121e-06,2.22201663941458e-06,5.82668020732085e-06,1.00687505581391e-05
57.968843726799,3.29079214800435e-06,3.12643260192161e-06,1.37242576691061e-06,2.13632489715393e-06,1.30718940847734e-06,9.35698183337457e-06
58.0888620367923,2.37901306759229e-06,3.43059069085435e-06,3.2383330995567e-06,2.76749105392283e-06,6.58898051540962e-06,6.48118501155917e-06
58.2088803467857,4.46438304318585e-06,3.27724421828464e-06,2.9934711063246e-06,3.59819875085993e-06,1.37123185212566e-06,1.10700207582049e-05
58.3288986567791,2.18902891389856e-06,2.56884853604763e-06,3.23708005223361e-06,2.86265836200633e-06,4.1181713770032e-06,8.87054939595978e-06
58.4489169667725,2.14963537729773e-06,2.36688752603288e-06,2.82616501099882e-06,3.60579098286768e-06,4.59660707396125e-06,6.89978555451069e-06
58.5689352767658,3.41306908740567e-06,2.01569276624176e-06,4.53473489310229e-06,4.22202444665751e-06,2.89168652558318e-06,1.12804896457169e-05
58.6889535867592,1.07788785396481e-06,1.50738898269059e-06,2.85775789193567e-06,3.13427917051048e-06,3.85865822354066e-06,8.16560976014644e-06
58.8089718967526,1.74970967758811e-06,1.02253886755375e-06,3.82493456700722e-06,3.75607916441086e-06,2.16378817231724e-06,8.23504171226446e-06
58.9289902067459,1.88025628419072e-06,5.43770729678023e-07,4.01439488678694e-06,4.17765976042901e-06,3.71164767269388e-06,1.06033415993715e-05
59.0490085167393,1.28095739354534e-06,4.24543351980776e-07,2.79336008815808e-06,2.81367051661819e-06,2.9584850199536e-06,7.72255530226808e-06
59.1690268267327,1.38617882620998e-06,3.38391847982509e-07,3.05104787939718e-06,3.30126425770323e-06,3.36276878841545e-06,9.41895289841928e-06
59.2890451367261,7.10100121832516e-07,1.26028898046465e-06,3.15859760750715e-06,3.42624662923541e-06,2.37157329053955e-06,9.39854058644096e-06
59.4090634467194,2.29423056581979e-06,1.06959854752146e-06,2.47565155692195e-06,2.01888275036629e-06,4.18290934213468e-06,7.8036769221941e-06
59.5290817567128,1.37003960287154e-06,1.63912332027847e-06,2.06292143559994e-06,2.45436334578061e-06,1.90960794974216e-06,9.89789991310478e-06
59.6491000667062,2.03002170078532e-06,2.62500636911642e-06,2.57796958294309e-06,2.19563391209502e-06,4.84637957071067e-06,8.35721953384683e-06
59.7691183766996,3.06562496622972e-06,1.76853061472099e-06,7.32860847488465e-07,1.01284299107902e-06,3.63674009025821e-06,8.25131739322428e-06
59.8891366866929,1.87860381720049e-06,2.91957755799169e-06,1.47889708685634e-06,1.17274376954378e-06,2.40141380680458e-06,9.5647216775464e-06
60.0091549966863,3.47677769324048e-06,3.67100914395408e-06,4.62684284469779e-07,7.33647050440671e-07,6.01319534491085e-06,8.15383379471915e-06
60.1291733066797,3.06259509177551e-06,2.09587743406777e-06,7.38608606518476e-07,1.97980614303894e-07,1.19334627858631e-06,8.68913464287599e-06
60.249191616673,3.00774107828207e-06,4.21071584380728e-06,1.13536183676458e-06,3.42859887837899e-07,6.45048856795189e-06,8.6922536249124e-06
60.3692099266664,6.39532898046332e-06,6.27976623113956e-06,1.23093280432406e-06,1.49692153310808e-06,5.33354142409256e-06,8.80963829666007e-06
60.4892282366598,5.59463369263142e-06,5.27401757896063e-06,2.35560082549619e-06,2.0984512322564e-06,6.64705595764395e-06,9.01504758152035e-06
60.6092465466532,1.61653947970668e-06,2.66372559406541e-06,1.46767546835294e-06,1.55816482673739e-06,4.33867040059727e-06,7.66477663103114e-06
60.7292648566465,3.37135282633516e-06,2.38904850667091e-06,2.05321593473655e-06,1.67328769679553e-06,2.07779071470736e-06,9.77405000770118e-06
60.8492831666399,2.71780462981098e-06,2.58481905578235e-06,2.03151876542145e-06,2.14814345600343e-06,5.08019118683248e-06,8.62134261299042e-06
60.9693014766333,1.58439870141408e-06,2.10846657885046e-06,2.26566096931694e-06,2.1978082313718e-06,1.79725024976795e-06,7.40874519479596e-06
61.0893197866266,3.25446374636199e-06,2.08232804225064e-06,2.72200170494949e-06,2.65678869907574e-06,4.55012071504031e-06,1.02918152407429e-05
61.20933809662,1.61999131561899e-06,1.64846934423378e-06,2.3560026032652e-06,2.52210239602621e-06,3.35642106999511e-06,8.12342532190288e-06
61.3293564066134,1.40480176174938e-06,1.39125759433677e-06,2.67095569579269e-06,2.66224097923642e-06,2.22799142572215e-06,7.94132535209937e-06
61.4493747166068,2.28855269930936e-06,1.11850017935528e-06,2.91176516619535e-06,3.12264823011983e-06,4.03438617131187e-06,1.02247453227527e-05
61.5693930266001,7.76100203780258e-07,8.56656456696644e-07,2.99700271178129e-06,2.52722986415184e-06,2.55893377769847e-06,7.60217363119784e-06
61.6894113365935,1.21711329758478e-06,4.57805037998363e-07,2.16235625501874e-06,2.65600167924621e-06,3.23206466225961e-06,8.8744942344553e-06
61.8094296465869,1.04823089904172e-06,3.88923915300608e-07,3.43385360551047e-06,2.95649114801093e-06,2.88342414155304e-06,9.55389566236033e-06
61.9294479565803,1.29770065488621e-06,4.62960954601399e-07,1.74354731955151e-06,2.2793504313065e-06,3.2337562370114e-06,7.44441249061266e-06
62.0494662665736,1.11536089285655e-06,6.2373080755416e-07,2.58500040440982e-06,2.1964907604012e-06,2.47764185409034e-06,9.53939507528986e-06
62.169484576567,7.81127043991782e-07,1.31634705774289e-06,1.70535282121727e-06,2.37552229457414e-06,3.97156879404736e-06,8.66292051332946e-06
62.2895028865604,2.16108728633398e-06,1.08505423194349e-06,2.27705578491257e-06,1.59287329119519e-06,2.02579401191076e-06,7.74946844263914e-06
62.4095211965537,1.17301936342661e-06,1.51361677986808e-06,7.43360171812139e-07,1.48727880871063e-06,4.12286504349794e-06,9.58280401474948e-06
62.5295395065471,1.85168495738351e-06,2.04257358876385e-06,1.91043777060653e-06,1.35871847599231e-06,3.13603999060531e-06,8.11442238862368e-06
62.6495578165405,2.70908761301143e-06,1.82534934896905e-06,4.21729364496475e-07,7.64386952039764e-07,2.74743250420561e-06,8.26842613488018e-06
62.7695761265339,1.28375201883711e-06,1.98788301479546e-06,1.07597352413619e-06,5.62602877796905e-07,5.03808800483021e-06,9.00478774151514e-06
62.8895944365272,2.66852368395182e-06,2.48997492338012e-06,2.52182707768496e-07,2.54869644222394e-07,8.63664358165539e-07,8.28213413979178e-06
63.0096127465206,2.81541438006656e-06,2.20360250147167e-06,8.26548874756029e-07,2.38979828834045e-07,4.7399166962703e-06,8.63783592918505e-06
63.129631056514,1.33995532308477e-06,2.11186537667546e-06,7.40504287418136e-07,4.40081176107101e-07,2.89966067210229e-06,8.14347816703557e-06
63.2496493665074,3.00176336096844e-06,2.54044381657755e-06,1.19331944447018e-06,8.29662855849182e-07,4.02483647859485e-06,8.94017087305408e-06
63.3696676765007,2.46338370002212e-06,2.08715739389656e-06,9.04193777013428e-07,1.05957161003493e-06,4.18554575989976e-06,8.65440819550693e-06
63.4896859864941,1.3006992335834e-06,2.00038829511108e-06,1.47036856998078e-06,1.22035522972524e-06,1.29073718591716e-06,7.55495039067351e-06
63.6097042964875,2.8364599032426e-06,2.08655986476337e-06,1.50347132452403e-06,1.69570858538545e-06,4.94030903500394e-06,9.55610147004839e-06
63.7297226064808,1.7525436152226e-06,1.68473855465332e-06,2.09115021169991e-06,1.65008514081239e-06,1.9967559236147e-06,8.32802986798731e-06
63.8497409164742,1.180821432503e-06,1.57214761635354e-06,1.36717673448343e-06,1.82449972615676e-06,3.81361532182998e-06,7.67063379413876e-06
63.9697592264676,2.24452553299053e-06,1.28938520746316e-06,2.720326629735e-06,2.15720481061853e-06,3.17313120522499e-06,9.7391791439906e-06
64.089777536461,8.98198871937478e-07,1.17007880374039e-06,1.38295026591417e-06,1.98543132428097e-06,2.58025635756867e-06,7.87560565148969e-06
64.2097958464543,1.03367626389838e-06,8.23161926768252e-07,2.49572422446351e-06,2.03341719202859e-06,3.79897673043396e-06,8.33126876180319e-06
64.3298141564477,1.37121375582148e-06,5.19076998640838e-07,1.71125685673965e-06,2.30998886717476e-06,2.40931840527019e-06,9.41774500660601e-06
64.4498324664411,6.47649797040172e-07,5.07642417310979e-07,2.51218285016273e-06,1.90282118557909e-06,3.08030724539366e-06,7.57974904314738e-06
64.5698507764345,9.13532631750428e-07,7.88575971678895e-08,1.29626390928836e-06,2.05470649580518e-06,2.99338953173473e-06,9.03282947673791e-06
64.6898690864278,5.46242597453449e-07,4.36733238290251e-07,2.59249758263632e-06,2.08409836292888e-06,3.09294541046469e-06,8.77532122997427e-06
64.8098873964212,1.33166935234736e-06,4.33870735044729e-07,1.14618392509471e-06,1.53773896024758e-06,2.5526316657639e-06,7.62872183209762e-06
64.9299057064146,8.96214637252713e-07,7.66441999000543e-07,2.08471967017958e-06,1.72164874429921e-06,3.81990313692802e-06,9.37179744507818e-06
65.0499240164079,9.0370975044473e-07,1.18366072108251e-06,1.31761971011005e-06,1.66663579903558e-06,1.99476344564814e-06,8.20899041338833e-06
65.1699423264013,1.73813472895843e-06,9.32305101062769e-07,1.41428203236192e-06,9.6703238350764e-07,3.46324801064583e-06,7.88852532414613e-06
65.2899606363947,1.0684545675146e-06,1.65515600196683e-06,8.24363360298093e-07,1.34264108293489e-06,3.93707756117322e-06,9.38733894069871e-06
65.4099789463881,2.81540613023577e-06,3.11573567901184e-06,1.57912392780287e-06,1.48981228914823e-06,3.15780779140693e-06,7.74275139622672e-06
65.5299972563814,3.44016957902826e-06,3.09770943224143e-06,1.02486608052004e-06,7.43900290120141e-07,4.94475410767803e-06,8.71672032060144e-06
65.6500155663748,1.46044025268746e-06,1.74258711234088e-06,6.90547352346906e-07,1.97014804920535e-07,2.26142473332483e-06,8.35496831808868e-06
65.7700338763682,1.56179805234831e-06,1.26930065747615e-06,4.32104341168815e-07,1.05227170247447e-07,4.05260187770056e-06,8.39631499177247e-06
65.8900521863616,2.18767310930195e-06,1.72316137062289e-06,8.88736106844241e-07,2.87404258314826e-07,2.36812931735752e-06,8.52942298579091e-06
66.0100704963549,9.61837949907284e-07,1.64254641486092e-06,8.85822978939174e-08,5.31607703467744e-07,3.85556891393786e-06,8.03818718336629e-06
66.1300888063483,1.91741897273305e-06,1.29225069664396e-06,1.19671476139781e-06,5.18169386293816e-07,3.39899370975455e-06,8.73758836199567e-06
66.2501071163417,1.68561371351919e-06,1.52198602755135e-06,2.44381662750299e-07,8.98651411781971e-07,1.94830643516441e-06,8.41297367229666e-06
66.370125426335,8.00353250485185e-07,1.37685930825678e-06,1.58468438288741e-06,1.02376583807974e-06,4.40188964608972e-06,7.95212088267932e-06
66.4901437363284,1.7907197050633e-06,1.050797480995e-06,5.52393358501535e-07,1.06181563753527e-06,1.93239171812122e-06,8.94934618782169e-06
66.6101620463218,1.05639948315442e-06,1.24193663264837e-06,1.77541806554738e-06,1.24624536615899e-06,3.43884846935806e-06,8.11627352694487e-06
66.7301803563152,7.54119199286957e-07,8.8616273933909e-07,8.52618529568738e-07,1.41514316780528e-06,3.06983068904363e-06,8.2923087855443e-06
66.8501986663085,1.3801343699005e-06,7.02204630439172e-07,1.88486044559555e-06,1.3487366019451e-06,2.84473203032005e-06,8.87480455655213e-06
66.9702169763019,4.88625087279643e-07,6.81399546092156e-07,1.10183670432394e-06,1.45010580260041e-06,3.32822717904119e-06,7.77771107576033e-06
67.0902352862953,7.25808128154207e-07,3.66704396851849e-07,1.8228498566049e-06,1.54176813787168e-06,2.5338501874085e-06,8.84447495697542e-06
67.2102535962887,8.05335557286122e-07,2.15817771068031e-07,1.29541610685785e-06,1.41113707173624e-06,3.14824313157628e-06,8.52668484933639e-06
67.330271906282,6.53160231014106e-07,1.77128052273253e-07,1.62898108139536e-06,1.39465555662471e-06,2.87772255227373e-06,7.62185556117824e-06
67.4502902162754,7.07231713700139e-07,1.60413811762496e-07,1.381157187003e-06,1.42415173529756e-06,2.97789490012052e-06,9.23624638171907e-06
67.5703085262688,3.76308533603146e-07,4.80363288399175e-07,1.33208330196574e-06,1.25032856558642e-06,2.76710293174277e-06,8.11716488209116e-06
67.6903268362621,1.11836161929525e-06,4.83404173361992e-07,1.38184375106982e-06,1.09296597846983e-06,3.4462781403413e-06,7.74279525723646e-06
67.8103451462555,6.93253927495017e-07,6.94259479346666e-07,9.45052738647721e-07,1.12404187735577e-06,2.13569903429751e-06,9.24318625848046e-06
67.9303634562489,7.28940784730302e-07,9.37664491242266e-07,1.25042798602677e-06,8.49544025838767e-07,3.53421056064453e-06,7.91088687572712e-06
68.0503817662423,1.41719777418589e-06,7.9261375070576e-07,5.88067836202848e-07,7.0011811079092e-07,2.992573127794e-06,8.03756466077372e-06
68.1704000762356,6.94913966115254e-07,1.15796977609216e-06,1.05231413262162e-06,5.99235163318841e-07,2.89710646530119e-06,8.87262059677731e-06
68.290418386229,1.1854413769948e-06,1.10348653318042e-06,4.00988475238951e-07,4.09181699248012e-07,3.51458228103412e-06,8.02971326850963e-06
68.4104366962224,1.46969624741082e-06,1.06899466374507e-06,8.22613720456601e-07,1.71154678065052e-07,1.93346197917291e-06,8.306871751191e-06
68.5304550062158,7.15874286737197e-07,1.33705417446136e-06,5.66456395488106e-07,8.59567989936201e-08,4.28610785469513e-06,8.3408122636139e-06
68.6504733162091,1.46031235738822e-06,1.09576625920047e-06,4.84318019946301e-07,1.4022907690305e-07,2.11880194696862e-06,8.35460425089718e-06
68.7704916262025,1.28272073720339e-06,1.16754020404632e-06,7.63685054865797e-07,2.93146898396626e-07,3.03655288948675e-06,8.39489918970616e-06
68.8905099361959,7.42557776081724e-07,1.21041342363526e-06,3.03872555313881e-07,5.02618875709617e-07,3.62424000326949e-06,7.98274989058785e-06
69.0105282461892,1.50132257600781e-06,1.02191501064447e-06,1.0863560728198e-06,5.73654026361693e-07,2.52790242584945e-06,8.63883311860585e-06
69.1305465561826,9.17306625921372e-07,9.67625598828594e-07,5.5709865053219e-07,6.73626582939732e-07,3.67947546624258e-06,8.27555391013924e-06
69.250564866176,7.49625421977453e-07,9.67310255362823e-07,1.27549964830242e-06,9.26609589182573e-07,1.98663790659207e-06,8.02158122625284e-06
69.3705831761694,1.30583299337558e-06,7.74640463984292e-07,1.02575850161417e-06,9.12849387770274e-07,3.53430003971749e-06,8.70663733917028e-06
69.4906014861627,4.7641810484931e-07,6.14227904101882e-07,1.10444058379344e-06,9.26357901045816e-07,3.0331078248339e-06,8.03609883522497e-06
69.6106197961561,7.1254807338294e-07,6.77034402776084e-07,1.21748311451591e-06,1.21990126877833e-06,2.62770869042338e-06,8.39665480120186e-06
69.7306381061495,9.27063936478291e-07,3.33266322292141e-07,1.1144726656493e-06,1.14943518674301e-06,3.13346872410388e-06,8.50963892524952e-06
69.8506564161428,3.52290876604315e-07,3.43992211588792e-07,1.20781136697981e-06,9.14071761678698e-07,2.80770537255945e-06,7.867257132542e-06
69.9706747261362,6.11340674395444e-07,1.91701684029388e-07,1.17925428744792e-06,1.36435103588815e-06,2.99604609593768e-06,8.78477535896954e-06
70.0906930361296,4.53199022792952e-07,2.20074025681029e-07,1.68091298024152e-06,1.21978848875937e-06,2.88214512566363e-06,8.22968100401544e-06
70.210711346123,6.47015422682131e-07,1.46975613929269e-07,5.97262129374412e-07,8.10412721635781e-07,3.0083681061395e-06,7.8240722709616e-06
70.3307296561163,3.6715185884359e-07,4.84578198189645e-07,1.69197563145555e-06,1.49549906478759e-06,2.52469324678064e-06,9.01132112563831e-06
70.4507479661097,7.90152080500421e-07,9.68449493956006e-07,1.30873477986829e-06,1.96233342153607e-06,3.68984352038733e-06,8.0638196252849e-06
70.5707662761031,1.48535171010855e-06,1.03125510991987e-06,2.0561173169956e-06,1.55111656235416e-06,1.96354610754754e-06,8.0182786668123e-06
70.6907845860965,8.32257462225048e-07,8.88405649579976e-07,4.62081459712778e-07,8.67445137884496e-07,3.76985564408775e-06,8.86721527664608e-06
70.8108028960898,6.0386143136427e-07,5.71898972048317e-07,1.03394255114997e-06,4.63149519759384e-07,2.51092082443257e-06,7.92174868444746e-06
70.9308212060832,1.23863003650238e-06,8.52310068812789e-07,1.97231540790776e-07,4.77073576839142e-07,2.87002139775895e-06,8.18831319263931e-06
71.0508395160766,5.78491693182195e-07,9.72087784211167e-07,8.70812834059077e-07,3.7464003327842e-07,3.43881153519443e-06,8.51018974003955e-06
71.1708578260699,1.03101767267945e-06,8.22917148428332e-07,3.79320193305223e-07,2.1007976041011e-07,2.47016760678647e-06,8.1150725461826e-06
71.2908761360633,1.1819052496691e-06,9.09354434222751e-07,7.31201927102683e-07,9.14907151561659e-08,3.6769225102981e-06,8.29202348280562e-06
71.4108944460567,5.4590635686075e-07,9.78486339809691e-07,5.39505501107118e-07,8.08241612568365e-08,2.01819265343769e-06,8.19596978884101e-06
71.5309127560501,1.23964891085334e-06,9.52297485268133e-07,7.34869431300736e-07,1.62280202557103e-07,3.50782008900654e-06,8.34974030744294e-06
71.6509310660434,9.90719035232425e-07,8.20936215842087e-07,5.14907468374832e-07,3.13913479181569e-07,3.19841677984319e-06,8.23994626475126e-06
71.7709493760368,5.78063491722774e-07,9.64884669504113e-07,8.23538526723877e-07,4.72377760018652e-07,2.42657105980465e-06,8.11751185350279e-06
71.8909676860302,1.22896620309492e-06,8.04255364898766e-07,5.15034767470764e-07,5.56663067373169e-07,3.50021551969497e-06,8.49456879046643e-06
72.0109859960236,6.79036720599798e-07,6.92299268826365e-07,1.04543019998494e-06,5.88187243474515e-07,2.3525193970785e-06,8.02104687924949e-06
72.1310043060169,5.81609327875182e-07,7.73071325884979e-07,5.31840123695171e-07,8.2462286996501e-07,3.52029654694584e-06,8.37009707019665e-06
72.2510226160103,1.01012864767751e-06,4.67448708903156e-07,1.39591141462978e-06,8.06328452878734e-07,2.5946945125894e-06,8.42162780347672e-06
72.3710409260037,3.43658862312936e-07,5.34049341251859e-07,2.97913503048126e-07,8.28722969733288e-07,2.83219742223944e-06,7.7950761050758e-06
72.491059235997,5.42194876848497e-07,3.61032597084575e-07,1.47031814340624e-06,9.83268187559731e-07,3.16301010321786e-06,8.758618508123e-06
72.6110775459904,6.45848282566302e-07,2.0229508879075e-07,4.14102411750272e-07,9.97414886000278e-07,2.73909341475601e-06,8.169114750742e-06
72.7310958559838,3.72979928843177e-07,2.17824699750732e-07,1.44531686991565e-06,8.70210520360193e-07,2.93961642390066e-06,7.72397743584799e-06
72.8511141659772,4.7380710177201e-07,9.81427255445721e-08,4.09741107918269e-07,1.04173139310667e-06,2.92514765074742e-06,9.01780820578788e-06
72.9711324759705,3.12146769191741e-07,2.38845768865015e-07,1.47972607760702e-06,9.59701041007122e-07,2.86721641227432e-06,7.89049600659939e-06
73.0911507859639,7.02534800354027e-07,2.33686250885552e-07,5.56948471624722e-07,8.21315940005682e-07,2.7803979385384e-06,7.86281376552134e-06
73.2111690959573,4.15731306700425e-07,4.25058888924039e-07,1.27092826983793e-06,8.95859727561421e-07,3.23934539253395e-06,8.98703416770589e-06
73.3311874059507,5.08520613457337e-07,5.43554124670476e-07,6.99020699941381e-07,8.04431148859036e-07,2.47762830805056e-06,7.77465570721807e-06
73.451205715944,9.76666150574173e-07,5.83353109925888e-07,1.0008053227977e-06,6.18841692463136e-07,3.38047982430937e-06,8.10360474175065e-06
73.5712240259374,4.05604657957262e-07,6.57795414201166e-07,7.18296942118373e-07,6.1906968797837e-07,2.42978919176977e-06,8.69270946066918e-06
73.6912423359308,8.80236585094897e-07,8.74963910122211e-07,7.6009880360489e-07,5.12382164328233e-07,3.25316665463829e-06,7.89975769388339e-06
73.8112606459241,1.10589239955389e-06,7.31331944837179e-07,7.11818698611608e-07,2.99464249496898e-07,3.23271649434555e-06,8.26874365375008e-06
73.9312789559175,4.43135469230623e-07,8.79076275971247e-07,5.59243968488297e-07,2.83837433166288e-07,2.26270553093821e-06,8.33457513950082e-06
74.0512972659109,1.14374945103935e-06,9.92953047837014e-07,5.68098576151884e-07,1.11008799375402e-07,3.66674988083511e-06,8.16234444199215e-06
74.1713155759043,1.0636998869814e-06,7.6708459262133e-07,6.36489458502224e-07,4.63993109992921e-08,2.23351776140623e-06,8.24730140863585e-06
74.2913338858976,4.97649334041671e-07,9.74929094589128e-07,4.5172231961308e-07,1.51822371531511e-07,3.61949367663415e-06,8.16646575798248e-06
74.411352195891,1.23078883424905e-06,8.62872450962279e-07,8.98067166851029e-07,2.48978302692668e-07,2.65109672225387e-06,8.37248596712245e-06
74.5313705058844,8.50747433790273e-07,7.80608576628713e-07,2.39352492784864e-07,4.00242254818101e-07,2.6805646671238e-06,8.05512391219539e-06
74.6513888158778,5.45591423545163e-07,8.28184067948691e-07,1.02959180754771e-06,4.99237215911888e-07,3.62777332705962e-06,8.31418572713746e-06
74.7714071258711,1.13446797167672e-06,6.66239364855022e-07,2.37487102337045e-07,6.49414916594126e-07,2.28170321150233e-06,8.3711780353588e-06
74.8914254358645,5.18027793158449e-07,6.42813917987009e-07,1.11015807650998e-06,6.00449939125954e-07,3.29187774310275e-06,7.86564051179165e-06
75.0114437458579,5.78971343822153e-07,5.26515261316096e-07,3.42016127547614e-07,8.15876603838482e-07,2.64371271018083e-06,8.61055703233209e-06
75.1314620558512,8.82764849317251e-07,4.89237810613617e-07,1.39652064237184e-06,9.42919970834531e-07,3.10711422021307e-06,8.20936036870878e-06
75.2514803658446,2.77825803737909e-07,2.9490796210772e-07,6.43009448986166e-07,7.06105045395291e-07,2.98488282039177e-06,7.78686897567554e-06
75.371498675838,5.85312599014737e-07,3.0938923232612e-07,1.55088821408401e-06,1.18671473257193e-06,2.59672159407088e-06,8.87958123712597e-06
75.4915169858314,2.4711085984807e-07,9.72207648739913e-08,8.54355566149174e-07,9.81258973358931e-07,1.52743607797062e-06,4.01385900547635e-06
