timestep:         0.0031024977497750
yAxisLabel:velocity [m/s]       
title:bogies velocity   
vv1,    
  0.0000000000000000,
  0.0000000000000000,
 -0.0000001953035961,
 -0.0000009484885318,
 -0.0000024225075545,
 -0.0000048099511090,
 -0.0000082315130261,
 -0.0000128828010779,
 -0.0000190511748180,
 -0.0000270114370040,
 -0.0000368945284539,
 -0.0000486367755895,
 -0.0000621539970843,
 -0.0000772530832767,
 -0.0000938533108161,
 -0.0001121068906405,
 -0.0001322537646013,
 -0.0001545565885344,
 -0.0001791471918396,
 -0.0002060648469207,
 -0.0002351655229872,
 -0.0002662672976108,
 -0.0002993720670856,
 -0.0003344751568632,
 -0.0003715959738938,
 -0.0004107893947946,
 -0.0004519368263224,
 -0.0004947767354351,
 -0.0005391073055066,
 -0.0005848397838543,
 -0.0006318786181040,
 -0.0006803103307663,
 -0.0007304606685559,
 -0.0007825945741257,
 -0.0008367485054851,
 -0.0008928757890832,
 -0.0009507906045640,
 -0.0010100957233112,
 -0.0010704329067238,
 -0.0011315687607921,
 -0.0011934433870274,
 -0.0012561587281415,
 -0.0013198796773004,
 -0.0013847088123680,
 -0.0014506035625889,
 -0.0015176094790860,
 -0.0015857415874688,
 -0.0016548373723897,
 -0.0017249800266999,
 -0.0017964023299847,
 -0.0018689968084000,
 -0.0019426335006923,
 -0.0020172896050440,
 -0.0020927163264400,
 -0.0021686428597339,
 -0.0022451355114613,
 -0.0023223115301078,
 -0.0024002584074653,
 -0.0024791931648943,
 -0.0025592791116371,
 -0.0026406256686748,
 -0.0027234798999820,
 -0.0028081122114029,
 -0.0028944905386409,
 -0.0029822818504399,
 -0.0030711125202452,
 -0.0031608962597443,
 -0.0032518961989452,
 -0.0033443218865575,
 -0.0034383390265796,
 -0.0035342600921370,
 -0.0036323704087516,
 -0.0037327105770691,
 -0.0038351217382277,
 -0.0039394371911198,
 -0.0040456396216017,
 -0.0041539083230622,
 -0.0042646640504337,
 -0.0043783098356797,
 -0.0044949017723517,
 -0.0046142389652445,
 -0.0047360921457835,
 -0.0048603702242983,
 -0.0049872787914098,
 -0.0051173089605270,
 -0.0052508821603708,
 -0.0053879261609045,
 -0.0055279318192031,
 -0.0056701911166265,
 -0.0058142120982538,
 -0.0059600719394640,
 -0.0061083398788629,
 -0.0062595762768417,
 -0.0064137789820852,
 -0.0065704675913820,
 -0.0067293097189585,
 -0.0068903400683890,
 -0.0070536736157861,
 -0.0072194471659223,
 -0.0073878638279853,
 -0.0075588102116270,
 -0.0077317638328821,
 -0.0079062810248079,
 -0.0080822139650150,
 -0.0082594053078100,
 -0.0084375619879913,
 -0.0086165147859597,
 -0.0087963855076829,
 -0.0089773984269679,
 -0.0091597254806167,
 -0.0093434785054636,
 -0.0095286787280815,
 -0.0097152090939568,
 -0.0099026718592654,
 -0.0100903737797213,
 -0.0102777319413903,
 -0.0104644958854127,
 -0.0106504668653675,
 -0.0108353515414055,
 -0.0110190822488131,
 -0.0112018625397735,
 -0.0113839332853025,
 -0.0115655788147757,
 -0.0117470727681988,
 -0.0119284801155235,
 -0.0121097766545584,
 -0.0122910068104715,
 -0.0124721123906137,
 -0.0126527485125683,
 -0.0128324533323669,
 -0.0130109953511201,
 -0.0131884552043532,
 -0.0133649564525638,
 -0.0135406797901770,
 -0.0137161244381252,
 -0.0138919084027624,
 -0.0140684029373112,
 -0.0142458510467826,
 -0.0144245175366114,
 -0.0146046040149498,
 -0.0147860771428192,
 -0.0149685391271861,
 -0.0151514645566556,
 -0.0153345668701073,
 -0.0155177743853191,
 -0.0157010522738760,
 -0.0158843215689933,
 -0.0160674639196152,
 -0.0162504660048972,
 -0.0164334297298051,
 -0.0166164484420435,
 -0.0167997098177899,
 -0.0169833669654535,
 -0.0171671589746563,
 -0.0173503589062268,
 -0.0175321655021644,
 -0.0177121369698651,
 -0.0178902906275705,
 -0.0180668241586607,
 -0.0182418487145536,
 -0.0184154328460006,
 -0.0185876190610844,
 -0.0187583377669021,
 -0.0189276270972116,
 -0.0190956631924963,
 -0.0192625855398064,
 -0.0194284896473746,
 -0.0195932071549091,
 -0.0197560579667706,
 -0.0199161692669356,
 -0.0200728700771234,
 -0.0202257174250719,
 -0.0203743751134755,
 -0.0205186168233176,
 -0.0206583615502328,
 -0.0207936828460061,
 -0.0209247772831706,
 -0.0210518103288955,
 -0.0211747232025832,
 -0.0212933561748943,
 -0.0214077322035871,
 -0.0215180414649674,
 -0.0216244869659495,
 -0.0217272060490962,
 -0.0218261152234855,
 -0.0219209182182192,
 -0.0220111867207483,
 -0.0220964361201664,
 -0.0221763138680493,
 -0.0222506501464203,
 -0.0223192918350056,
 -0.0223818880082341,
 -0.0224378878644299,
 -0.0224868625653968,
 -0.0225286485756160,
 -0.0225632921581064,
 -0.0225910717500319,
 -0.0226124244507097,
 -0.0226278066127961,
 -0.0226375840336414,
 -0.0226419416458132,
 -0.0226410446533148,
 -0.0226351230009420,
 -0.0226242908094617,
 -0.0226083808374472,
 -0.0225869667374396,
 -0.0225595752105887,
 -0.0225259348614635,
 -0.0224860717755400,
 -0.0224402333226903,
 -0.0223887530501607,
 -0.0223319851018088,
 -0.0222701964266625,
 -0.0222035522719134,
 -0.0221322241846468,
 -0.0220563568966986,
 -0.0219759909494054,
 -0.0218911141543148,
 -0.0218017379292524,
 -0.0217078105020617,
 -0.0216090459919148,
 -0.0215051027707923,
 -0.0213959324682914,
 -0.0212818659727205,
 -0.0211635456980695,
 -0.0210417745206414,
 -0.0209171521044358,
 -0.0207898067772335,
 -0.0206595357736820,
 -0.0205261866932787,
 -0.0203898267898731,
 -0.0202505967422963,
 -0.0201085453752419,
 -0.0199636563576757,
 -0.0198159245282250,
 -0.0196653386517110,
 -0.0195118756280016,
 -0.0193556241160749,
 -0.0191968250583831,
 -0.0190357538338874,
 -0.0188727139729276,
 -0.0187081264611335,
 -0.0185424561832621,
 -0.0183760756492836,
 -0.0182090992134098,
 -0.0180413422901057,
 -0.0178725298213749,
 -0.0177025292359135,
 -0.0175313773236887,
 -0.0173592263051244,
 -0.0171862453293742,
 -0.0170125174684792,
 -0.0168379835514039,
 -0.0166625412778713,
 -0.0164862092543009,
 -0.0163092000873388,
 -0.0161318177728673,
 -0.0159543164192185,
 -0.0157768378694115,
 -0.0155993480386242,
 -0.0154216454948072,
 -0.0152435537283883,
 -0.0150649724173979,
 -0.0148856995557342,
 -0.0147053732975070,
 -0.0145235580528790,
 -0.0143398023207674,
 -0.0141537922431694,
 -0.0139654299000470,
 -0.0137746679690211,
 -0.0135813860894772,
 -0.0133854595464809,
 -0.0131868297434985,
 -0.0129855041668955,
 -0.0127815869303108,
 -0.0125753529438351,
 -0.0123671612225572,
 -0.0121572729396763,
 -0.0119458164185889,
 -0.0117328904661850,
 -0.0115185630720937,
 -0.0113028499610009,
 -0.0110858389879634,
 -0.0108677480746239,
 -0.0106488173844553,
 -0.0104292474321756,
 -0.0102091660000729,
 -0.0099886237548536,
 -0.0097677399370039,
 -0.0095468078199750,
 -0.0093261799331630,
 -0.0091061776525222,
 -0.0088870682951351,
 -0.0086689495886771,
 -0.0084516773167312,
 -0.0082349575359204,
 -0.0080185034824686,
 -0.0078021599887570,
 -0.0075859390277787,
 -0.0073700408491459,
 -0.0071547713506677,
 -0.0069403052185267,
 -0.0067266306957470,
 -0.0065137927870628,
 -0.0063019847658613,
 -0.0060914023073128,
 -0.0058821500953254,
 -0.0056742870159919,
 -0.0054679028892090,
 -0.0052631308231144,
 -0.0050601201289063,
 -0.0048590259209695,
 -0.0046599679310817,
 -0.0044630619771057,
 -0.0042685606705355,
 -0.0040768815285287,
 -0.0038884329914694,
 -0.0037034556104541,
 -0.0035220445416151,
 -0.0033442675879101,
 -0.0031701971903105,
 -0.0029998649710662,
 -0.0028332101616296,
 -0.0026700759116239,
 -0.0025102225372116,
 -0.0023534124361445,
 -0.0021994358556979,
 -0.0020481112769403,
 -0.0018993536981046,
 -0.0017532183054691,
 -0.0016097977554659,
 -0.0014691596078752,
 -0.0013313946486284,
 -0.0011966137350504,
 -0.0010648252792343,
 -0.0009358719785601,
 -0.0008095141762595,
 -0.0006855078826590,
 -0.0005635875943912,
 -0.0004434688680726,
 -0.0003248654140619,
 -0.0002074988813218,
 -0.0000911638877849,
  0.0000242882698771,
  0.0001391099259522,
  0.0002536653683774,
  0.0003682902375742,
  0.0004831886285319,
  0.0005984010432168,
  0.0007138527375072,
  0.0008294464722490,
  0.0009451214063092,
  0.0010608681599816,
  0.0011767179760164,
  0.0012927316737640,
  0.0014089546033901,
  0.0015253978238582,
  0.0016421038185732,
  0.0017592052608568,
  0.0018768775587134,
  0.0019952789122134,
  0.0021145295516688,
  0.0022346914272731,
  0.0023557177732862,
  0.0024774153934542,
  0.0025995144955855,
  0.0027218165659398,
  0.0028442455538070,
  0.0029667723989002,
  0.0030893641523688,
  0.0032120386091112,
  0.0033349291148363,
  0.0034582656711534,
  0.0035822538214641,
  0.0037069503629602,
  0.0038322734652837,
  0.0039581412606897,
  0.0040844963998418,
  0.0042112028494465,
  0.0043379871858460,
  0.0044645022221775,
  0.0045904417278641,
  0.0047155907005086,
  0.0048398296121011,
  0.0049631713492739,
  0.0050857749688397,
  0.0052079300099547,
  0.0053300479839559,
  0.0054526326212968,
  0.0055761511737464,
  0.0057008770655168,
  0.0058268655209574,
  0.0059540471837879,
  0.0060823051784141,
  0.0062114985514945,
  0.0063414431564659,
  0.0064719169745483,
  0.0066027055599641,
  0.0067336255144248,
  0.0068644766718312,
  0.0069949971573955,
  0.0071249314104182,
  0.0072541426198001,
  0.0073825621557031,
  0.0075101294645356,
  0.0076368016160075,
  0.0077625475460276,
  0.0078873081227474,
  0.0080110161997378,
  0.0081336058918146,
  0.0082550448929687,
  0.0083754428763353,
  0.0084951176554170,
  0.0086144648192558,
  0.0087337524498022,
  0.0088530380223384,
  0.0089722503893041,
  0.0090913631604491,
  0.0092105180259867,
  0.0093299796046135,
  0.0094500066675653,
  0.0095707247770422,
  0.0096920260421942,
  0.0098135965028432,
  0.0099351202381181,
  0.0100564352569255,
  0.0101775179951080,
  0.0102983862559242,
  0.0104190128246518,
  0.0105392942394791,
  0.0106590847518569,
  0.0107782454489971,
  0.0108966701615410,
  0.0110142864996373,
  0.0111310871575791,
  0.0112471550107480,
  0.0113626155470603,
  0.0114775585594905,
  0.0115920445840479,
  0.0117061485305038,
  0.0118199661431344,
  0.0119336066718921,
  0.0120471881734010,
  0.0121608048127529,
  0.0122745010920370,
  0.0123883059036132,
  0.0125023231019948,
  0.0126167751982840,
  0.0127319223080780,
  0.0128479260821591,
  0.0129648044484740,
  0.0130824478103178,
  0.0132006504719337,
  0.0133191817504919,
  0.0134378433378226,
  0.0135564594884709,
  0.0136748665450441,
  0.0137929012786875,
  0.0139103710404248,
  0.0140270405460687,
  0.0141426926776177,
  0.0142572135668209,
  0.0143706278227236,
  0.0144830460742253,
  0.0145945405853030,
  0.0147050348714216,
  0.0148143111497238,
  0.0149220745954577,
  0.0150279853766328,
  0.0151316864936950,
  0.0152328610472835,
  0.0153312602224333,
  0.0154267074816883,
  0.0155190717706497,
  0.0156082330280615,
  0.0156940863802413,
  0.0157765559926377,
  0.0158555972820950,
  0.0159312091391022,
  0.0160033902407021,
  0.0160720308509782,
  0.0161368606969891,
  0.0161975378661258,
  0.0162537230042701,
  0.0163051267560637,
  0.0163515252129542,
  0.0163927616555423,
  0.0164287301219817,
  0.0164593422004618,
  0.0164844710685241,
  0.0165039783236862,
  0.0165178202322327,
  0.0165261323654682,
  0.0165291794047039,
  0.0165272414773926,
  0.0165205559921187,
  0.0165093164221793,
  0.0164937091646333,
  0.0164739772088122,
  0.0164504340774054,
  0.0164233808257434,
  0.0163929845216259,
  0.0163592493802968,
  0.0163220907944702,
  0.0162814469253491,
  0.0162373200658723,
  0.0161897350607537,
  0.0161387046542100,
  0.0160842883751453,
  0.0160266898497022,
  0.0159662993281092,
  0.0159036294776026,
  0.0158391842403449,
  0.0157733607863805,
  0.0157064501922558,
  0.0156386614243996,
  0.0155701336804247,
  0.0155009256800242,
  0.0154309788665366,
  0.0153600953453998,
  0.0152879756487597,
  0.0152142927197075,
  0.0151387403363897,
  0.0150610488711126,
  0.0149810175400662,
  0.0148985375349288,
  0.0148135918256038,
  0.0147262652836470,
  0.0146367680987746,
  0.0145453926157540,
  0.0144524260380677,
  0.0143580868050248,
  0.0142625046712871,
  0.0141657268777272,
  0.0140677579297374,
  0.0139686231817078,
  0.0138684435058139,
  0.0137674563466299,
  0.0136659605380216,
  0.0135642322432805,
  0.0134624894450372,
  0.0133608976789430,
  0.0132595992697087,
  0.0131587276876823,
  0.0130583819406382,
  0.0129585732175077,
  0.0128591875307514,
  0.0127599889164121,
  0.0126606636711613,
  0.0125608828376343,
  0.0124603868706073,
  0.0123590549568882,
  0.0122569377032198,
  0.0121542185569455,
  0.0120510900742845,
  0.0119475995119703,
  0.0118436154252217,
  0.0117389384768425,
  0.0116334158863964,
  0.0115269633780509,
  0.0114195175533939,
  0.0113109670803029,
  0.0112011672704223,
  0.0110899677346188,
  0.0109772525539060,
  0.0108629545840155,
  0.0107470319303361,
  0.0106294324436818,
  0.0105101212672162,
  0.0103891485700023,
  0.0102666689232799,
  0.0101428426022470,
  0.0100177551918004,
  0.0098914243208707,
  0.0097638565719155,
  0.0096350732567742,
  0.0095051006270542,
  0.0093739754930760,
  0.0092417606377570,
  0.0091085223841041,
  0.0089742880118918,
  0.0088390417166253,
  0.0087027814850716,
  0.0085655455694679,
  0.0084273950564249,
  0.0082883861487289,
  0.0081485708408313,
  0.0080080252647729,
  0.0078668817707768,
  0.0077253421274105,
  0.0075836637083204,
  0.0074421014467599,
  0.0073008472563391,
  0.0071600214059318,
  0.0070197307262751,
  0.0068801031560617,
  0.0067412656665558,
  0.0066032947651888,
  0.0064661811162853,
  0.0063298235152466,
  0.0061940767580037,
  0.0060588210632811,
  0.0059239827348387,
  0.0057894866873960,
  0.0056552079623570,
  0.0055209700036245,
  0.0053865841179025,
  0.0052518730576089,
  0.0051166949448399,
  0.0049809656530763,
  0.0048446684580673,
  0.0047078461266061,
  0.0045705786661051,
  0.0044329571653940,
  0.0042950749648205,
  0.0041570208733079,
  0.0040188789811114,
  0.0038807305117269,
  0.0037426605214653,
  0.0036047528352438,
  0.0034670963086929,
  0.0033297926242015,
  0.0031929590902785,
  0.0030567258137227,
  0.0029212228690505,
  0.0027865415095892,
  0.0026527113435934,
  0.0025197237629184,
  0.0023875739930303,
  0.0022562566797409,
  0.0021257383263534,
  0.0019959403564787,
  0.0018667263561810,
  0.0017378605130638,
  0.0016089919176662,
  0.0014797078754667,
  0.0013496225913755,
  0.0012184365770118,
  0.0010859320634505,
  0.0009518981469481,
  0.0008160646175782,
  0.0006781149234107,
  0.0005377942184968,
  0.0003949716852965,
  0.0002496516682953,
  0.0001019300715253,
 -0.0000480611268427,
 -0.0002002019603714,
 -0.0003543958773034,
 -0.0005105652582090,
 -0.0006686244879608,
 -0.0008284792664239,
 -0.0009900461099679,
 -0.0011532761215629,
 -0.0013181360059115,
 -0.0014845754295307,
 -0.0016525339451427,
 -0.0018219725707823,
 -0.0019928721313622,
 -0.0021651807360528,
 -0.0023387646887442,
 -0.0025134360319561,
 -0.0026890071887368,
 -0.0028653130645185,
 -0.0030421778406187,
 -0.0032193929617446,
 -0.0033967410625382,
 -0.0035740552871710,
 -0.0037512675256238,
 -0.0039284226969222,
 -0.0041056678272782,
 -0.0042832302222422,
 -0.0044613709446413,
 -0.0046403355896913,
 -0.0048203100147177,
 -0.0050013912272341,
 -0.0051835579416784,
 -0.0053666664403453,
 -0.0055504822579272,
 -0.0057347249376082,
 -0.0059190872678682,
 -0.0061032236778510,
 -0.0062867364885465,
 -0.0064692109847604,
 -0.0066502747615536,
 -0.0068296389761811,
 -0.0070071046958956,
 -0.0071825518486511,
 -0.0073559008848535,
 -0.0075270732403277,
 -0.0076959734094747,
 -0.0078625050866408,
 -0.0080266051417452,
 -0.0081882691160031,
 -0.0083475410622479,
 -0.0085044823642918,
 -0.0086591367663509,
 -0.0088115313781147,
 -0.0089617085588114,
 -0.0091097622466231,
 -0.0092558377358585,
 -0.0094001091182482,
 -0.0095427403171300,
 -0.0096838446450834,
 -0.0098234640257562,
 -0.0099615844266789,
 -0.0100981632707196,
 -0.0102331507410357,
 -0.0103664859755877,
 -0.0104980873366863,
 -0.0106278541632118,
 -0.0107556886614035,
 -0.0108815224896525,
 -0.0110053684028182,
 -0.0111273702698896,
 -0.0112478024277287,
 -0.0113670018901358,
 -0.0114852802008428,
 -0.0116028701691688,
 -0.0117199436740655,
 -0.0118366504845801,
 -0.0119531370645275,
 -0.0120694963328099,
 -0.0121857597759471,
 -0.0123019048343081,
 -0.0124178678718171,
 -0.0125335582171476,
 -0.0126488568406524,
 -0.0127635949962328,
 -0.0128775563089701,
 -0.0129904789171567,
 -0.0131020735521323,
 -0.0132120406354603,
 -0.0133200867753274,
 -0.0134259218624365,
 -0.0135292553050239,
 -0.0136298161138783,
 -0.0137273947702539,
 -0.0138218646857194,
 -0.0139131617103374,
 -0.0140012322963877,
 -0.0140859962811323,
 -0.0141673324986386,
 -0.0142450921920218,
 -0.0143191163941805,
 -0.0143892549798476,
 -0.0144553861794858,
 -0.0145174517686129,
 -0.0145754816128816,
 -0.0146295808890682,
 -0.0146798822372707,
 -0.0147265137923660,
 -0.0147695937168185,
 -0.0148092343648310,
 -0.0148455308439942,
 -0.0148785408136925,
 -0.0149082568915618,
 -0.0149346158317450,
 -0.0149575470785468,
 -0.0149770197282546,
 -0.0149930383101341,
 -0.0150056079938777,
 -0.0150147166405924,
 -0.0150203546873020,
 -0.0150225520191950,
 -0.0150214081576936,
 -0.0150170806752980,
 -0.0150097437783780,
 -0.0149995284715603,
 -0.0149864722491950,
 -0.0149704829339941,
 -0.0149513309208348,
 -0.0149286784258462,
 -0.0149021536064161,
 -0.0148714295049245,
 -0.0148362613510032,
 -0.0147964689967873,
 -0.0147519104010840,
 -0.0147024737787091,
 -0.0146481010387000,
 -0.0145888047565318,
 -0.0145246627432609,
 -0.0144557967895927,
 -0.0143823489737536,
 -0.0143044661042880,
 -0.0142223051063699,
 -0.0141360317609439,
 -0.0140458125591869,
 -0.0139518023409865,
 -0.0138541494745372,
 -0.0137530104299658,
 -0.0136485517032511,
 -0.0135409231330383,
 -0.0134302347705101,
 -0.0133165499791608,
 -0.0131999034936557,
 -0.0130803241819538,
 -0.0129578446837374,
 -0.0128324966808040,
 -0.0127043072689930,
 -0.0125732925638326,
 -0.0124394532164631,
 -0.0123027439055903,
 -0.0121631219067854,
 -0.0120205945813410,
 -0.0118752400821825,
 -0.0117271889854799,
 -0.0115765785530693,
 -0.0114235087009513,
 -0.0112680383343691,
 -0.0111101991999637,
 -0.0109500167367797,
 -0.0107875106679837,
 -0.0106226983414489,
 -0.0104556012155480,
 -0.0102862550527913,
 -0.0101147062071815,
 -0.0099410096677218,
 -0.0097652409395156,
 -0.0095875088255461,
 -0.0094079459800816,
 -0.0092266888909583,
 -0.0090438570161125,
 -0.0088595575040221,
 -0.0086738927475736,
 -0.0084869689418523,
 -0.0082988890065480,
 -0.0081097328715247,
 -0.0079195265916743,
 -0.0077282246553370,
 -0.0075357129967959,
 -0.0073418325696033,
 -0.0071464139532444,
 -0.0069493101885058,
 -0.0067504011749092,
 -0.0065495815193054,
 -0.0063467567171004,
 -0.0061418844199168,
 -0.0059350217158149,
 -0.0057263347746169,
 -0.0055160591340008,
 -0.0053044461959773,
 -0.0050917326737028,
 -0.0048781615159847,
 -0.0046640154805513,
 -0.0044496161304063,
 -0.0042352723247147,
 -0.0040212252697299,
 -0.0038076180235637,
 -0.0035945082692710,
 -0.0033819045240171,
 -0.0031697992244892,
 -0.0029581795766101,
 -0.0027470270092226,
 -0.0025363020013409,
 -0.0023259299948419,
 -0.0021157975304323,
 -0.0019057666929046,
 -0.0016957016133070,
 -0.0014855139574119,
 -0.0012751992387828,
 -0.0010648455808243,
 -0.0008546078498094,
 -0.0006446774541906,
 -0.0004352699460595,
 -0.0002266248978646,
 -0.0000189838329557,
  0.0001874512708607,
  0.0003925419460208,
  0.0005961850243659,
  0.0007982695679210,
  0.0009986519408785,
  0.0011971674845487,
  0.0013936578151740,
  0.0015879971025958,
  0.0017800979405765,
  0.0019698990569000,
  0.0021573439911377,
  0.0023423706311568,
  0.0025249085378920,
  0.0027048902637925,
  0.0028822662330876,
  0.0030570389658714,
  0.0032292293833807,
  0.0033988628217218,
  0.0035659862063172,
  0.0037307023850794,
  0.0038931830549381,
  0.0040536499212710,
  0.0042123381186796,
  0.0043694746440042,
  0.0045252623588997,
  0.0046798917212120,
  0.0048335627003540,
  0.0049864997928950,
  0.0051389346175064,
  0.0052910679938603,
  0.0054430282988930,
  0.0055948611226724,
  0.0057465561195370,
  0.0058980956505217,
  0.0060494886557365,
  0.0062007830385829,
  0.0063520473943139,
  0.0065033396220980,
  0.0066546798694689,
  0.0068060676170216,
  0.0069575245644403,
  0.0071091218081221,
  0.0072609625658379,
  0.0074131581346753,
  0.0075658211325438,
  0.0077190738059026,
  0.0078730494815692,
  0.0080278802520921,
  0.0081836636217598,
  0.0083404373658750,
  0.0084981626270273,
  0.0086567185135748,
  0.0088159162014340,
  0.0089755420480819,
  0.0091354046106684,
  0.0092953666932533,
  0.0094553518642570,
  0.0096153410002314,
  0.0097753679356670,
  0.0099355193925581,
  0.0100959140770621,
  0.0102566659162946,
  0.0104178347331458,
  0.0105793993792695,
  0.0107412642908774,
  0.0109032833205988,
  0.0110652732215777,
  0.0112270320753289,
  0.0113883631152639,
  0.0115490950680120,
  0.0117090898642066,
  0.0118682445669985,
  0.0120264723610562,
  0.0121836724329066,
  0.0123397155345044,
  0.0124944631591622,
  0.0126477872024846,
  0.0127995660061349,
  0.0129496651484261,
  0.0130979357574073,
  0.0132442305940297,
  0.0133884272982410,
  0.0135304245918843,
  0.0136701221934049,
  0.0138074137795296,
  0.0139422038663467,
  0.0140744265445668,
  0.0142040560156765,
  0.0143310879720145,
  0.0144555007577915,
  0.0145772302197695,
  0.0146961831232927,
  0.0148122661972816,
  0.0149254150430757,
  0.0150356041310654,
  0.0151428508996501,
  0.0152471633553128,
  0.0153485418159225,
  0.0154470060914166,
  0.0155426289252458,
  0.0156355402271850,
  0.0157259085306677,
  0.0158139184055343,
  0.0158997600801095,
  0.0159836210259273,
  0.0160656879704050,
  0.0161461529842737,
  0.0162252211148605,
  0.0163030992197988,
  0.0163799906094644,
  0.0164560996824878,
  0.0165316392990131,
  0.0166068348874488,
  0.0166819359640848,
  0.0167572096030298,
  0.0168329212391914,
  0.0169093023743181,
  0.0169865222425033,
  0.0170646728520981,
  0.0171437723591590,
  0.0172237662236769,
  0.0173045380100048,
  0.0173859221486741,
  0.0174677201363554,
  0.0175497120186436,
  0.0176316679060814,
  0.0177133461008105,
  0.0177944957069968,
  0.0178748788907774,
  0.0179543013481366,
  0.0180326230159543,
  0.0181097662691674,
  0.0181857042516347,
  0.0182604421081080,
  0.0183340134489860,
  0.0184064881184368,
  0.0184779660472368,
  0.0185485690671082,
  0.0186184333110640,
  0.0186876973747335,
  0.0187564724084152,
  0.0188248211430225,
  0.0188927485870273,
  0.0189602137903511,
  0.0190271551352085,
  0.0190935237404270,
  0.0191593020414393,
  0.0192245048293594,
  0.0192891605978261,
  0.0193532858181065,
  0.0194168614397209,
  0.0194798291359307,
  0.0195420943614643,
  0.0196035347775341,
  0.0196640007233487,
  0.0197233107673624,
  0.0197812502625677,
  0.0198375868001426,
  0.0198920864076206,
  0.0199445378824624,
  0.0199947803527517,
  0.0200427089833030,
  0.0200882505057945,
  0.0201313351992494,
  0.0201718687533920,
  0.0202097284344615,
  0.0202447835072820,
  0.0202769153512288,
  0.0203060077810108,
  0.0203319282507147,
  0.0203545259470494,
  0.0203736474615742,
  0.0203891519145518,
  0.0204009223116085,
  0.0204088754170464,
  0.0204129849390824,
  0.0204132456073016,
  0.0204096609938569,
  0.0204022311163225,
  0.0203909530318943,
  0.0203758325834238,
  0.0203569098825158,
  0.0203342771235766,
  0.0203080837511107,
  0.0202785266039894,
  0.0202458375909765,
  0.0202102479383697,
  0.0201719411650774,
  0.0201310187655566,
  0.0200875045221483,
  0.0200413798438099,
  0.0199926306528685,
  0.0199412798414246,
  0.0198874001510363,
  0.0198310938752623,
  0.0197724670032282,
  0.0197116058996141,
  0.0196485734797055,
  0.0195834255209306,
  0.0195162389678611,
  0.0194471227704513,
  0.0193761977924625,
  0.0193035545537325,
  0.0192292375980664,
  0.0191532527386626,
  0.0190755886339694,
  0.0189962465316559,
  0.0189152607670918,
  0.0188326997111829,
  0.0187486575800101,
  0.0186632174010436,
  0.0185764098435876,
  0.0184881962582391,
  0.0183984847842723,
  0.0183071724743589,
  0.0182141964572155,
  0.0181195559408217,
  0.0180233109258820,
  0.0179255565655754,
  0.0178263907281649,
  0.0177258714684230,
  0.0176239922292568,
  0.0175206860615736,
  0.0174158451843245,
  0.0173093470031123,
  0.0172010855983588,
  0.0170909788787862,
  0.0169789661693901,
  0.0168650084493324,
  0.0167490848965148,
  0.0166311821830688,
  0.0165112862118591,
  0.0163893746979063,
  0.0162654213997067,
  0.0161394057122583,
  0.0160113193545858,
  0.0158811582976579,
  0.0157489120265365,
  0.0156145628702243,
  0.0154781035068718,
  0.0153395449560202,
  0.0151989199361009,
  0.0150562792413859,
  0.0149116863687719,
  0.0147652151550575,
  0.0146169535228122,
  0.0144670053094483,
  0.0143154958494527,
  0.0141625746984441,
  0.0140084038972267,
  0.0138530248106470,
  0.0136964648016420,
  0.0135387487124091,
  0.0133799039789375,
  0.0132199555357111,
  0.0130589308758679,
  0.0128968550122059,
  0.0127337554812781,
  0.0125696573604595,
  0.0124045882138450,
  0.0122385731674930,
  0.0120716397995163,
  0.0119038132711210,
  0.0117351211611625,
  0.0115655886501549,
  0.0113952433021092,
  0.0112241103035492,
  0.0110522171906149,
  0.0108795891427886,
  0.0107062536528565,
  0.0105322358777498,
  0.0103575632547029,
  0.0101822609041918,
  0.0100063561943436,
  0.0098298741971300,
  0.0096528421964117,
  0.0094752852004691,
  0.0092972303966756,
  0.0091187027173610,
  0.0089397292414543,
  0.0087603348103180,
  0.0085805463797453,
  0.0084003886882090,
  0.0082198885567536,
  0.0080390706092991,
  0.0078579615176619,
  0.0076765857767041,
  0.0074949698977718,
  0.0073131382353746,
  0.0071311171294128,
  0.0069489307797718,
  0.0067666053409954,
  0.0065841648474407,
  0.0064016352577181,
  0.0062190404300164,
  0.0060364061133699,
  0.0058537559761384,
  0.0056711155476211,
  0.0054885082961251,
  0.0053059595213264,
  0.0051234924781113,
  0.0049411322235465,
  0.0047589017893114,
  0.0045768259804181,
  0.0043949275958192,
  0.0042132311758110,
  0.0040317592739439,
  0.0038505361568097,
  0.0036695841234971,
  0.0034889271581706,
  0.0033085872931271,
  0.0031285882181813,
  0.0029489516902516,
  0.0027697010965577,
  0.0025908579103183,
  0.0024124452046042,
  0.0022344841573711,
  0.0020569975197912,
  0.0018800061667261,
  0.0017035325199592,
  0.0015275971400866,
  0.0013522221087510,
  0.0011774276649580,
  0.0010032355432238,
  0.0008296656538966,
  0.0006567393740261,
  0.0004844762749573,
  0.0003128973698068,
  0.0001420218843668,
 -0.0000281295383861,
 -0.0001975380281327,
 -0.0003661833215303,
 -0.0005340469097501,
 -0.0007011089147688,
 -0.0008673511950214,
 -0.0010327542668473,
 -0.0011973003649942,
 -0.0013609704053137,
 -0.0015237470041007,
 -0.0016856114816206,
 -0.0018465468443046,
 -0.0020065348249940,
 -0.0021655588242331,
 -0.0023236009932482,
 -0.0024806451325419,
 -0.0026366738151316,
 -0.0027916712492373,
 -0.0029456204370022,
 -0.0030985059982597,
 -0.0032503113678490,
 -0.0034010215808810,
 -0.0035506205117434,
 -0.0036990936176714,
 -0.0038464252156205,
 -0.0039926011880690,
 -0.0041376062973419,
 -0.0042814268575126,
 -0.0044240480822068,
 -0.0045654567196607,
 -0.0047056384370583,
 -0.0048445804191562,
 -0.0049822687921258,
 -0.0051186911826692,
 -0.0052538341776572,
 -0.0053876858475483,
 -0.0055202332414189,
 -0.0056514648784054,
 -0.0057813682742981,
 -0.0059099323981752,
 -0.0060371452335097,
 -0.0061629962003950,
 -0.0062874737539888,
 -0.0064105677693945,
 -0.0065322671738830,
 -0.0066525622981068,
 -0.0067714425416988,
 -0.0068888986943431,
 -0.0070049206311222,
 -0.0071194996007556,
 -0.0072326259534953,
 -0.0073442913969270,
 -0.0074544867590514,
 -0.0075632042088937,
 -0.0076704350514020,
 -0.0077761719163532,
 -0.0078804065846824,
 -0.0079831321489838,
 -0.0080843408678612,
 -0.0081840262955185,
 -0.0082821811667611,
 -0.0083787994960499,
 -0.0084738744955729,
 -0.0085674006412269,
 -0.0086593716206119,
 -0.0087497823692070,
 -0.0088386270479187,
 -0.0089259010524901,
 -0.0090115990174482,
 -0.0090957167964549,
 -0.0091782494950695,
 -0.0092591934224008,
 -0.0093385441548689,
 -0.0094162984568594,
 -0.0094924523725873,
 -0.0095670031187731,
 -0.0096399472042515,
 -0.0097112822974244,
 -0.0097810053707468,
 -0.0098491145408989,
 -0.0099156072403279,
 -0.0099804820304824,
 -0.0100437368023338,
 -0.0101053705606426,
 -0.0101653816503934,
 -0.0102237695165972,
 -0.0102805329549475,
 -0.0103356718461635,
 -0.0103891854344386,
 -0.0104410740340039,
 -0.0104913373329219,
 -0.0105399760744327,
 -0.0105869903857604,
 -0.0106323814365120,
 -0.0106761497901224,
 -0.0107182970372830,
 -0.0107588241729238,
 -0.0107977332056817,
 -0.0108350255567208,
 -0.0108707036460245,
 -0.0109047693184873,
 -0.0109372254029192,
 -0.0109680741608892,
 -0.0109973188245182,
 -0.0110249620676996,
 -0.0110510075208699,
 -0.0110754582650110,
 -0.0110983183243046,
 -0.0111195911808010,
 -0.0111392812453134,
 -0.0111573923972085,
 -0.0111739294301820,
 -0.0111888966133904,
 -0.0112022991171730,
 -0.0112141415951796,
 -0.0112244295885754,
 -0.0112331681294647,
 -0.0112403631243426,
 -0.0112460199770979,
 -0.0112501449520442,
 -0.0112527438199579,
 -0.0112538231980921,
 -0.0112533892162318,
 -0.0112514488377229,
 -0.0112480085452231,
 -0.0112430756416452,
 -0.0112366569557916,
 -0.0112287601234874,
 -0.0112193923131569,
 -0.0112085614864219,
 -0.0111962751433793,
 -0.0111825415655537,
 -0.0111673685785923,
 -0.0111507647759241,
 -0.0111327383012337,
 -0.0111132980530612,
 -0.0110924524858265,
 -0.0110702107959588,
 -0.0110465817414146,
 -0.0110215748089821,
 -0.0109951990520574,
 -0.0109674642409860,
 -0.0109383797176079,
 -0.0109079555277131,
 -0.0108762012937171,
 -0.0108431273294628,
 -0.0108087435301867,
 -0.0107730604701132,
 -0.0107360883095469,
 -0.0106978378752678,
 -0.0106583195845155,
 -0.0106175445090451,
 -0.0105755233152903,
 -0.0105322673118653,
 -0.0104877874062925,
 -0.0104420951361789,
 -0.0103952016420481,
 -0.0103471186825010,
 -0.0102978576228800,
 -0.0102474304347729,
 -0.0101958487002800,
 -0.0101431245957503,
 -0.0100892699116882,
 -0.0100342970211928,
 -0.0099782179149460,
 -0.0099210451545799,
 -0.0098627909226529,
 -0.0098034679611230,
 -0.0097430886359387,
 -0.0096816658613101,
 -0.0096192121786884,
 -0.0095557406658012,
 -0.0094912640307712,
 -0.0094257955070381,
 -0.0093593479611604,
 -0.0092919347738464,
 -0.0092235689616938,
 -0.0091542640443808,
 -0.0090840331798773,
 -0.0090128900188004,
 -0.0089408478528746,
 -0.0088679204545491,
 -0.0087941212401290,
 -0.0087194640963915,
 -0.0086439625560859,
 -0.0085676306117671,
 -0.0084904819042501,
 -0.0084125305235919,
 -0.0083337902099467,
 -0.0082542751429891,
 -0.0081739991549508,
 -0.0080929765057824,
 -0.0080112211104127,
 -0.0079287473019500,
 -0.0078455690700845,
 -0.0077617008125439,
 -0.0076771565855278,
 -0.0075919508432382,
 -0.0075060977001693,
 -0.0074196116584281,
 -0.0073325068831062,
 -0.0072447979175252,
 -0.0071564989678401,
 -0.0070676246092160,
 -0.0069781890821828,
 -0.0068882069862272,
 -0.0067976925877744,
 -0.0067066605027220,
 -0.0066151250154238,
 -0.0065231007497910,
 -0.0064306020007586,
 -0.0063376433940689,
 -0.0062442392257483,
 -0.0061504041140566,
 -0.0060561523499677,
 -0.0059614985371230,
 -0.0058664569532103,
 -0.0057710421796691,
 -0.0056752684732755,
 -0.0055791503851456,
 -0.0054827021442267,
 -0.0053859382656978,
 -0.0052888729413556,
 -0.0051915206413056,
 -0.0050938955146505,
 -0.0049960119797505,
 -0.0048978841351225,
 -0.0047995263402111,
 -0.0047009526357505,
 -0.0046021773145192,
 -0.0045032143530533,
 -0.0044040779724709,
 -0.0043047820760683,
 -0.0042053408044570,
 -0.0041057679827994,
 -0.0040060776650607,
 -0.0039062835908086,
 -0.0038063997206824,
 -0.0037064397019599,
 -0.0036064173946618,
 -0.0035063463479261,
 -0.0034062403168180,
 -0.0033061127436830,
 -0.0032059772701785,
 -0.0031058472276468,
 -0.0030057361387910,
 -0.0029056572169979,
 -0.0028056238598923,
 -0.0027056491567809,
 -0.0026057463734546,
 -0.0025059284699056,
 -0.0024062085764377,
 -0.0023065995155619,
 -0.0022071142741358,
 -0.0021077655336872,
 -0.0020085661327166,
 -0.0019095286053962,
 -0.0018106656363619,
 -0.0017119896069296,
 -0.0016135130417151,
 -0.0015152481646034,
 -0.0014172073372452,
 -0.0013194026184969,
 -0.0012218461996568,
 -0.0011245499717771,
 -0.0010275259515699,
 -0.0009307858565481,
 -0.0008343415239917,
 -0.0007382044930430,
 -0.0006423864168412,
 -0.0005468986506735,
 -0.0004517526597782,
 -0.0003569596133760,
 -0.0002625307819734,
 -0.0001684771420003,
 -0.0000748097673105,
  0.0000184605619663,
  0.0001113229735580,
  0.0002037668877637,
  0.0002957816378969,
  0.0003873568494616,
  0.0004784820644079,
  0.0005691471149372,
  0.0006593417577564,
  0.0007490560377717,
  0.0008382799276471,
  0.0009270036877792,
  0.0010152175109945,
  0.0011029118765802,
  0.0011900772008058,
  0.0012767041858828,
  0.0013627834738528,
  0.0014483059906395,
  0.0015332626094172,
  0.0016176444850635,
  0.0017014427223777,
  0.0017846487072463,
  0.0018672537795543,
  0.0019492495588567,
  0.0020306276226639,
  0.0021113798274712,
  0.0021914979900258,
  0.0022709742038641,
  0.0023498005295292,
  0.0024279693020400,
  0.0025054728255465,
  0.0025823036778792,
  0.0026584544094936,
  0.0027339178429473,
  0.0028086867768015,
  0.0028827542808405,
  0.0029561134026306,
  0.0030287574586259,
  0.0031006797491324,
  0.0031718738408894,
  0.0032423332861012,
  0.0033120519024112,
  0.0033810234958570,
  0.0034492421361624,
  0.0035167018842659,
  0.0035833970637003,
  0.0036493219905115,
  0.0037144712408618,
  0.0037788393887988,
  0.0038424212658940,
  0.0039052117027421,
  0.0039672057862519,
  0.0040283986047444,
  0.0040887855009217,
  0.0041483618211808,
  0.0042071231649842,
  0.0042650651363470,
  0.0043221835897324,
  0.0043784743888240,
  0.0044339336450282,
  0.0044885574796757,
  0.0045423422603849,
  0.0045952843665716,
  0.0046473804218268,
  0.0046986270633108,
  0.0047490211708122,
  0.0047985596381461,
  0.0048472395990081,
  0.0048950582050850,
  0.0049420128450940,
  0.0049881009260539,
  0.0050333200903517,
  0.0050776680000624,
  0.0051211425503398,
  0.0051637416573172,
  0.0052054634678840,
  0.0052463061516474,
  0.0052862681055224,
  0.0053253477497470,
  0.0053635437316142,
  0.0054008547221931,
  0.0054372796161370,
  0.0054728173333362,
  0.0055074670148089,
  0.0055412278276530,
  0.0055740991576062,
  0.0056060804177203,
  0.0056371712362026,
  0.0056673712688009,
  0.0056966803857595,
  0.0057250984849538,
  0.0057526256752490,
  0.0057792620941183,
  0.0058050080874139,
  0.0058298640300252,
  0.0058538305025812,
  0.0058769081155084,
  0.0058990976814740,
  0.0059204000428311,
  0.0059408162431082,
  0.0059603473552865,
  0.0059789946500014,
  0.0059967594278683,
  0.0060136431844089,
  0.0060296474451746,
  0.0060447739278494,
  0.0060590243804695,
  0.0060724007397116,
  0.0060849049721938,
  0.0060965392317121,
  0.0061073057014861,
  0.0061172067484023,
  0.0061262447688838,
  0.0061344223401533,
  0.0061417420686796,
  0.0061482067388434,
  0.0061538191641910,
  0.0061585823327202,
  0.0061624992609246,
  0.0061655731379024,
  0.0061678071804871,
  0.0061692047746406,
  0.0061697693337942,
  0.0061695044375436,
  0.0061684136923633,
  0.0061665008679118,
  0.0061637697602812,
  0.0061602243253432,
  0.0061558685445142,
  0.0061507065567802,
  0.0061447425257079,
  0.0061379807690167,
  0.0061304256284021,
  0.0061220815966749,
  0.0061129531897700,
  0.0061030450716891,
  0.0060923619287897,
  0.0060809085921700,
  0.0060686899142154,
  0.0060557108895055,
  0.0060419765327789,
  0.0060274919976352,
  0.0060122624569301,
  0.0059962932192947,
  0.0059795896115431,
  0.0059621570931730,
  0.0059440011407518,
  0.0059251273604898,
  0.0059055413744026,
  0.0058852489309946,
  0.0058642557936109,
  0.0058425678489216,
  0.0058201909971069,
  0.0057971312586199,
  0.0057733946661689,
  0.0057489873696268,
  0.0057239155298349,
  0.0056981854216804,
  0.0056718033297235,
  0.0056447756494728,
  0.0056171087847230,
  0.0055888092471227,
  0.0055598835552554,
  0.0055303383324454,
  0.0055001802075547,
  0.0054694159110881,
  0.0054380521776668,
  0.0054060958403877,
  0.0053735537351705,
  0.0053404327933934,
  0.0053067399474991,
  0.0052724822223866,
  0.0052376666426805,
  0.0052023003223176,
  0.0051663903734586,
  0.0051299439945151,
  0.0050929683806048,
  0.0050554708099111,
  0.0050174585560623,
  0.0049789389728380,
  0.0049399194073849,
  0.0049004072841143,
  0.0048604100195076,
  0.0048199351041648,
  0.0047789900191878,
  0.0047375823167979,
  0.0046957195381406,
  0.0046534092923081,
  0.0046106591761146,
  0.0045674768515317,
  0.0045238699659093,
  0.0044798462290033,
  0.0044354133347202,
  0.0043905790362551,
  0.0043453510693529,
  0.0042997372261359,
  0.0042537452796735,
  0.0042073830562810,
  0.0041606583621037,
  0.0041135790538877,
  0.0040661529656523,
  0.0040183879794217,
  0.0039702919533590,
  0.0039218727905717,
  0.0038731383687067,
  0.0038240966075551,
  0.0037747553998524,
  0.0037251226774180,
  0.0036752063440038,
  0.0036250143399637,
  0.0035745545748670,
  0.0035238349924618,
  0.0034728635046920,
  0.0034216480547038,
  0.0033701965522718,
  0.0033185169357071,
  0.0032666171083921,
  0.0032145049996076,
  0.0031621885018313,
  0.0031096755314982,
  0.0030569739670139,
  0.0030040917068588,
  0.0029510366103085,
  0.0028978165548080,
  0.0028444393767673,
  0.0027909129282528,
  0.0027372450188050,
  0.0026834434711412,
  0.0026295160636152,
  0.0025754705860451,
  0.0025213147827672,
  0.0024670564057320,
  0.0024127031603490,
  0.0023582627579701,
  0.0023037428616286,
  0.0022491511379599,
  0.0021944952038804,
  0.0021397826776039,
  0.0020850211258571,
  0.0020302181151839,
  0.0019753811596477,
  0.0019205177693552,
  0.0018656354010053,
  0.0018107415059046,
  0.0017558434802583,
  0.0017009487127257,
  0.0016460645355770,
  0.0015911982714231,
  0.0015363571848137,
  0.0014815485293942,
  0.0014267794998960,
  0.0013720572764855,
  0.0013173889796343,
  0.0012627817140527,
  0.0012082425231706,
  0.0011537784327035,
  0.0010993964059312,
  0.0010451033865086,
  0.0009909062541042,
  0.0009368118677511,
  0.0008828270217957,
  0.0008289584864384,
  0.0007752129665694,
  0.0007215971419746,
  0.0006681176256739,
  0.0006147810038418,
  0.0005615937948802,
  0.0005085624886476,
  0.0004556935058217,
  0.0004029932377592,
  0.0003504680060957,
  0.0002981240998188,
  0.0002459677377372,
  0.0001940051052869,
  0.0001422423164199,
  0.0000906854501937,
  0.0000393405133358,
 -0.0000117865237983,
 -0.0000626897644302,
 -0.0001133633487052,
 -0.0001638014907182,
 -0.0002139984446009,
 -0.0002639485387233,
 -0.0003136461419893,
 -0.0003630856986790,
 -0.0004122616949034,
 -0.0004611686928257,
 -0.0005098012976921,
 -0.0005581541914411,
 -0.0006062221007310,
 -0.0006539998286465,
 -0.0007014822237503,
 -0.0007486642133105,
 -0.0007955407707371,
 -0.0008421069478422,
 -0.0008883578440740,
 -0.0009342886377813,
 -0.0009798945559740,
 -0.0010251709050248,
 -0.0010701130413679,
 -0.0011147164003742,
 -0.0011589764680164,
 -0.0012028888112651,
 -0.0012464490481399,
 -0.0012896528771935,
 -0.0013324960492854,
 -0.0013749743961263,
 -0.0014170838025318,
 -0.0014588202344501,
 -0.0015001797120947,
 -0.0015411583362336,
 -0.0015817522622282,
 -0.0016219577278166,
 -0.0016617710255685,
 -0.0017011885298118,
 -0.0017402066707257,
 -0.0017788219603844,
 -0.0018170309672889,
 -0.0018548303419350,
 -0.0018922167921636,
 -0.0019291871070917,
 -0.0019657381333072,
 -0.0020018668002378,
 -0.0020375700948200,
 -0.0020728450860708,
 -0.0021076889012982,
 -0.0021420987498476,
 -0.0021760718997136,
 -0.0022096057008492,
 -0.0022426975625357,
 -0.0022753449751649,
 -0.0023075454883900,
 -0.0023392967342668,
 -0.0023705964039641,
 -0.0024014422701640,
 -0.0024318321652088,
 -0.0024617640027364,
 -0.0024912357561944,
 -0.0025202454800739,
 -0.0025487912891194,
 -0.0025768713781541,
 -0.0026044840020088,
 -0.0026316274966060,
 -0.0026583002575517,
 -0.0026845007605390,
 -0.0027102275412636,
 -0.0027354792151229,
 -0.0027602544574671,
 -0.0027845520229304,
 -0.0028083707263166,
 -0.0028317094606463,
 -0.0028545671786978,
 -0.0028769429121951,
 -0.0028988357521369,
 -0.0029202448673615,
 -0.0029411694860813,
 -0.0029616089138052,
 -0.0029815625151795,
 -0.0030010297315725,
 -0.0030200100632175,
 -0.0030385030867339,
 -0.0030565084367556,
 -0.0030740258234185,
 -0.0030910550155943,
 -0.0031075958567136,
 -0.0031236482480447,
 -0.0031392121649880,
 -0.0031542876403716,
 -0.0031688747804367,
 -0.0031829737484101,
 -0.0031965847804177,
 -0.0032097081686248,
 -0.0032223442771059,
 -0.0032344935263910,
 -0.0032461564078756,
 -0.0032573334684211,
 -0.0032680253251588,
 -0.0032782326501179,
 -0.0032879561847466,
 -0.0032971967247938,
 -0.0033059551347477,
 -0.0033142323323757,
 -0.0033220293031026,
 -0.0033293470857527,
 -0.0033361867856804,
 -0.0033425495605774,
 -0.0033484366339129,
 -0.0033538492807840,
 -0.0033587888410980,
 -0.0033632567056541,
 -0.0033672543292300,
 -0.0033707832164171,
 -0.0033738449346277,
 -0.0033764411009249,
 -0.0033785733939984,
 -0.0033802435410735,
 -0.0033814533301066,
 -0.0033822045967563,
 -0.0033824992363436,
 -0.0033823391910359,
 -0.0033817264616939,
 -0.0033806630949073,
 -0.0033791511947438,
 -0.0033771929105707,
 -0.0033747904479869,
 -0.0033719460567416,
 -0.0033686620417940,
 -0.0033649407513147,
 -0.0033607845875300,
 -0.0033561959949194,
 -0.0033511774709296,
 -0.0033457315541224,
 -0.0033398608347689,
 -0.0033335679435786,
 -0.0033268555616897,
 -0.0033197264095130,
 -0.0033121832567572,
 -0.0033042289113775,
 -0.0032958662294045,
 -0.0032870981040742,
 -0.0032779274755064,
 -0.0032683573198855,
 -0.0032583906589966,
 -0.0032480305497854,
 -0.0032372800935004,
 -0.0032261424253866,
 -0.0032146207237693,
 -0.0032027181998755,
 -0.0031904381067400,
 -0.0031777837291930,
 -0.0031647583925971,
 -0.0031513654529832,
 -0.0031376083056225,
 -0.0031234903753468,
 -0.0031090151249285,
 -0.0030941860455556,
 -0.0030790066650605,
 -0.0030634805385468,
 -0.0030476112564572,
 -0.0030314024353532,
 -0.0030148577258249,
 -0.0029979808033884,
 -0.0029807753763429,
 -0.0029632451767800,
 -0.0029453939681223,
 -0.0029272255364495,
 -0.0029087436979186,
 -0.0028899522901345,
 -0.0028708551794578,
 -0.0028514562525170,
 -0.0028317594233739,
 -0.0028117686251077,
 -0.0027914878170435,
 -0.0027709209764011,
 -0.0027500721050565,
 -0.0027289452216628,
 -0.0027075443683381,
 -0.0026858736027224,
 -0.0026639370045998,
 -0.0026417386680869,
 -0.0026192827081258,
 -0.0025965732527036,
 -0.0025736144495157,
 -0.0025504104582060,
 -0.0025269654564244,
 -0.0025032836326857,
 -0.0024793691923925,
 -0.0024552263505313,
 -0.0024308593376728,
 -0.0024062723927890,
 -0.0023814697691383,
 -0.0023564557270749,
 -0.0023312345402028,
 -0.0023058104881662,
 -0.0022801878620708,
 -0.0022543709580255,
 -0.0022283640825674,
 -0.0022021715459479,
 -0.0021757976675758,
 -0.0021492467694155,
 -0.0021225231813256,
 -0.0020956312344168,
 -0.0020685752667472,
 -0.0020413596166249,
 -0.0020139886274571,
 -0.0019864666419233,
 -0.0019587980068629,
 -0.0019309870671097,
 -0.0019030381704325,
 -0.0018749556614753,
 -0.0018467438866031,
 -0.0018184071877721,
 -0.0017899499078101,
 -0.0017613763841992,
 -0.0017326909534115,
 -0.0017038979456660,
 -0.0016750016893333,
 -0.0016460065052815,
 -0.0016169167113652,
 -0.0015877366168696,
 -0.0015584705269157,
 -0.0015291227368065,
 -0.0014996975369356,
 -0.0014701992070175,
 -0.0014406320199662,
 -0.0014110002371908,
 -0.0013813081125682,
 -0.0013515598872643,
 -0.0013217597938201,
 -0.0012919120510642,
 -0.0012620208681234,
 -0.0012320904394248,
 -0.0012021249484220,
 -0.0011721285633235,
 -0.0011421054405171,
 -0.0011120597193522,
 -0.0010819955265509,
 -0.0010519169712654,
 -0.0010218281488031,
 -0.0009917331359760,
 -0.0009616359947593,
 -0.0009315407677237,
 -0.0009014514814057,
 -0.0008713721424967,
 -0.0008413067409059,
 -0.0008112592449388,
 -0.0007812336054146,
 -0.0007512337511243,
 -0.0007212635922353,
 -0.0006913270160479,
 -0.0006614278903386,
 -0.0006315700591957,
 -0.0006017573460733,
 -0.0005719935504027,
 -0.0005422824503374,
 -0.0005126277983060,
 -0.0004830333248628,
 -0.0004535027345214,
 -0.0004240397088739,
 -0.0003946479027269,
 -0.0003653309471665,
 -0.0003360924457670,
 -0.0003069359773678,
 -0.0002778650930694,
 -0.0002488833187019,
 -0.0002199941507314,
 -0.0001912010598661,
 -0.0001625074872441,
 -0.0001339168472988,
 -0.0001054325242480,
 -0.0000770578749119,
 -0.0000487962252710,
 -0.0000206508729985,
  0.0000073749151934,
  0.0000352779013253,
  0.0000630548799085,
  0.0000907026745637,
  0.0001182181415000,
  0.0001455981668761,
  0.0001728396699791,
  0.0001999396006283,
  0.0002268949422905,
  0.0002537027097618,
  0.0002803599515032,
  0.0003068637476210,
  0.0003332112133034,
  0.0003593994956500,
  0.0003854257768358,
  0.0004112872716729,
  0.0004369812304814,
  0.0004625049366879,
  0.0004878557096378,
  0.0005130309024631,
  0.0005380279041324,
  0.0005628441376068,
  0.0005874770629748,
  0.0006119241744752,
  0.0006361830033665,
  0.0006602511156650,
  0.0006841261147303,
  0.0007078056390360,
  0.0007312873646995,
  0.0007545690032860,
  0.0007776483045083,
  0.0008005230533826,
  0.0008231910731203,
  0.0008456502234155,
  0.0008678984021574,
  0.0008899335435467,
  0.0009117536204139,
  0.0009333566421439,
  0.0009547406569432,
  0.0009759037497937,
  0.0009968440448832,
  0.0010175597029389,
  0.0010380489238421,
  0.0010583099450404,
  0.0010783410430380,
  0.0010981405316417,
  0.0011177067640323,
  0.0011370381308250,
  0.0011561330620932,
  0.0011749900254545,
  0.0011936075282503,
  0.0012119841150458,
  0.0012301183699832,
  0.0012480089152962,
  0.0012656544126052,
  0.0012830535612752,
  0.0013002051002574,
  0.0013171078062711,
  0.0013337604956025,
  0.0013501620223087,
  0.0013663112801605,
  0.0013822072003029,
  0.0013978487533593,
  0.0014132349480313,
  0.0014283648322225,
  0.0014432374914917,
  0.0014578520506836,
  0.0014722076722193,
  0.0014863035576861,
  0.0015001389461482,
  0.0015137131158675,
  0.0015270253821188,
  0.0015400750990567,
  0.0015528616583871,
  0.0015653844903402,
  0.0015776430622078,
  0.0015896368797784,
  0.0016013654857252,
  0.0016128284610042,
  0.0016240254232605,
  0.0016349560283428,
  0.0016456199682660,
  0.0016560169728557,
  0.0016661468084772,
  0.0016760092788792,
  0.0016856042238035,
  0.0016949315202407,
  0.0017039910809066,
  0.0017127828554646,
  0.0017213068290182,
  0.0017295630234337,
  0.0017375514954455,
  0.0017452723380913,
  0.0017527256794879,
  0.0017599116835648,
  0.0017668305487364,
  0.0017734825089944,
  0.0017798678324647,
  0.0017859868224691,
  0.0017918398160965,
  0.0017974271852349,
  0.0018027493352691,
  0.0018078067057460,
  0.0018125997692085,
  0.0018171290323768,
  0.0018213950344388,
  0.0018253983481040,
  0.0018291395782328,
  0.0018326193627535,
  0.0018358383713060,
  0.0018387973061306,
  0.0018414969008162,
  0.0018439379208895,
  0.0018461211626751,
  0.0018480474543002,
  0.0018497176541166,
  0.0018511326515981,
  0.0018522933660402,
  0.0018532007473434,
  0.0018538557747264,
  0.0018542594574845,
  0.0018544128337843,
  0.0018543169711904,
  0.0018539729655470,
  0.0018533819418199,
  0.0018525450526448,
  0.0018514634790836,
  0.0018501384293885,
  0.0018485711396667,
  0.0018467628726576,
  0.0018447149183753,
  0.0018424285929457,
  0.0018399052390834,
  0.0018371462249923,
  0.0018341529450566,
  0.0018309268185136,
  0.0018274692900806,
  0.0018237818287805,
  0.0018198659285011,
  0.0018157231068330,
  0.0018113549056090,
  0.0018067628897810,
  0.0018019486478587,
  0.0017969137908274,
  0.0017916599527006,
  0.0017861887893139,
  0.0017805019788359,
  0.0017746012206520,
  0.0017684882358309,
  0.0017621647660210,
  0.0017556325738987,
  0.0017488934420831,
  0.0017419491735479,
  0.0017348015905543,
  0.0017274525350793,
  0.0017199038677262,
  0.0017121574681321,
  0.0017042152339084,
  0.0016960790810262,
  0.0016877509427688,
  0.0016792327701012,
  0.0016705265306217,
  0.0016616342089557,
  0.0016525578057040,
  0.0016432993377595,
  0.0016338608373314,
  0.0016242443522599,
  0.0016144519450135,
  0.0016044856930028,
  0.0015943476875897,
  0.0015840400343879,
  0.0015735648522826,
  0.0015629242736862,
  0.0015521204436694,
  0.0015411555201681,
  0.0015300316729629,
  0.0015187510840410,
  0.0015073159466165,
  0.0014957284653838,
  0.0014839908555813,
  0.0014721053432342,
  0.0014600741642290,
  0.0014478995644954,
  0.0014355837992444,
  0.0014231291330850,
  0.0014105378390257,
  0.0013978121988348,
  0.0013849545020980,
  0.0013719670464216,
  0.0013588521365504,
  0.0013456120845622,
  0.0013322492089964,
  0.0013187658349732,
  0.0013051642935346,
  0.0012914469216824,
  0.0012776160614048,
  0.0012636740600390,
  0.0012496232693688,
  0.0012354660457850,
  0.0012212047494590,
  0.0012068417444959,
  0.0011923793981191,
  0.0011778200807359,
  0.0011631661653766,
  0.0011484200276662,
  0.0011335840448779,
  0.0011186605963036,
  0.0011036520623910,
  0.0010885608248715,
  0.0010733892659872,
  0.0010581397686135,
  0.0010428147154969,
  0.0010274164892787,
  0.0010119474720263,
  0.0009964100451499,
  0.0009808065884869,
  0.0009651394806822,
  0.0009494110983670,
  0.0009336238162608,
  0.0009177800064540,
  0.0009018820385049,
