timestep:         0.0031024977497750
yAxisLabel:acceleration [m/s2]  
title:bogies acceleration       
av1,    
  0.0000000000000000,
  0.0000000000000000,
 -0.0001246543351222,
 -0.0003585413520110,
 -0.0005893648157900,
 -0.0009461138094070,
 -0.0012564648071111,
 -0.0017371435068549,
 -0.0022342772357797,
 -0.0028906771914442,
 -0.0034745389009061,
 -0.0040888622027377,
 -0.0046195975980460,
 -0.0051090116577181,
 -0.0055874063802260,
 -0.0061737522807216,
 -0.0068074297668168,
 -0.0075623554544558,
 -0.0082825752345317,
 -0.0090618796531591,
 -0.0096913404356080,
 -0.0103515639730230,
 -0.0109828442463569,
 -0.0116395110757831,
 -0.0122836807195625,
 -0.0129751255908290,
 -0.0135445381382356,
 -0.0140666406332617,
 -0.0145063050109650,
 -0.0149701278435004,
 -0.0153492834157215,
 -0.0158666534653262,
 -0.0164564568255580,
 -0.0171443633084495,
 -0.0177593789681293,
 -0.0184160522407982,
 -0.0189132912345527,
 -0.0193132725372265,
 -0.0195799365198886,
 -0.0198283119799864,
 -0.0200563830467167,
 -0.0203694223227800,
 -0.0207044205238288,
 -0.0210833659049099,
 -0.0213920631670042,
 -0.0217986909236093,
 -0.0221189176382959,
 -0.0224201075525102,
 -0.0227930559110279,
 -0.0232442405181943,
 -0.0235501419295605,
 -0.0239155006639302,
 -0.0242080259761713,
 -0.0244131467341209,
 -0.0245310973619023,
 -0.0247768127410875,
 -0.0249721282995427,
 -0.0252726881116249,
 -0.0256086036148909,
 -0.0260140971811070,
 -0.0264212294258054,
 -0.0269844463188165,
 -0.0275672583915609,
 -0.0281103979726436,
 -0.0284798641575143,
 -0.0287810940408237,
 -0.0290941346944234,
 -0.0295635436273374,
 -0.0300134270936139,
 -0.0305882115005080,
 -0.0312400071288418,
 -0.0319984281762379,
 -0.0326782489384156,
 -0.0333337203997208,
 -0.0339066604665209,
 -0.0345494467296523,
 -0.0352382055609472,
 -0.0361504529176579,
 -0.0371008761602991,
 -0.0380496817056040,
 -0.0388718496830228,
 -0.0396718147555115,
 -0.0404354042427806,
 -0.0413658691309689,
 -0.0424462207787476,
 -0.0436486345190133,
 -0.0446853017456763,
 -0.0455594681736015,
 -0.0461410180859980,
 -0.0466953953277085,
 -0.0473256650701710,
 -0.0482448669636606,
 -0.0492385133618412,
 -0.0501578163071122,
 -0.0508433687436785,
 -0.0515458946572050,
 -0.0522539330810486,
 -0.0530299527254404,
 -0.0538266542294478,
 -0.0547327197421623,
 -0.0554592144266393,
 -0.0560282438352407,
 -0.0564684458462718,
 -0.0569405752036556,
 -0.0572809820882876,
 -0.0575634514915999,
 -0.0577947051176098,
 -0.0581539041379522,
 -0.0585308361775253,
 -0.0590001266085194,
 -0.0594502684258442,
 -0.0599327277337578,
 -0.0603087983703701,
 -0.0605352872800040,
 -0.0604659262944416,
 -0.0603145065549660,
 -0.0600836629488036,
 -0.0598038187093734,
 -0.0593847779090158,
 -0.0590589896697934,
 -0.0587717145272154,
 -0.0586004270877994,
 -0.0584969245976889,
 -0.0585016327110255,
 -0.0584417406805070,
 -0.0584297223095162,
 -0.0583991330485594,
 -0.0583496049382236,
 -0.0580985162430030,
 -0.0577502206293579,
 -0.0573494507271685,
 -0.0570515823921697,
 -0.0567317137804912,
 -0.0565487396924824,
 -0.0565502142626803,
 -0.0567653409219203,
 -0.0570080020457816,
 -0.0573787741484831,
 -0.0577929866529317,
 -0.0582932972382117,
 -0.0586879357423642,
 -0.0589322587108771,
 -0.0589885719643567,
 -0.0590462716702378,
 -0.0590568605337941,
 -0.0590913977921470,
 -0.0590520595972061,
 -0.0590095953142234,
 -0.0589616930635698,
 -0.0589841628895647,
 -0.0589972341853499,
 -0.0591393039661031,
 -0.0592526525522795,
 -0.0592276251232716,
 -0.0588742579086767,
 -0.0583313183369560,
 -0.0576922189793332,
 -0.0571584287819290,
 -0.0566475880087637,
 -0.0561851956807125,
 -0.0557190674368023,
 -0.0552837323089733,
 -0.0547737955128871,
 -0.0543613223495030,
 -0.0539657388268485,
 -0.0536426290177325,
 -0.0533094396352113,
 -0.0528786727097851,
 -0.0521094737368696,
 -0.0511149222488062,
 -0.0499130027269582,
 -0.0486316137784161,
 -0.0472135395499935,
 -0.0457849937467318,
 -0.0443150103715365,
 -0.0429325891324460,
 -0.0415898039069858,
 -0.0403137784977931,
 -0.0389347979862877,
 -0.0375547851269954,
 -0.0361904371755135,
 -0.0349321163068182,
 -0.0336994389511500,
 -0.0325292860418120,
 -0.0312445579370752,
 -0.0298830385581642,
 -0.0283234153693684,
 -0.0266486657283295,
 -0.0248617454999264,
 -0.0230763867574065,
 -0.0211917670118832,
 -0.0191804611979681,
 -0.0169417785294371,
 -0.0146522602396020,
 -0.0123081928605016,
 -0.0100471221925286,
 -0.0078824134198569,
 -0.0059022336093530,
 -0.0040324501992711,
 -0.0022879300142304,
 -0.0005386619938551,
  0.0011005092174006,
  0.0027008327002328,
  0.0042663960095095,
  0.0059727745668622,
  0.0078132465244142,
  0.0098243677861781,
  0.0118414395936360,
  0.0138360293906029,
  0.0156947698900003,
  0.0174737799723956,
  0.0191049060435543,
  0.0207106050318333,
  0.0222357570408451,
  0.0237303695180142,
  0.0251625403446143,
  0.0266300404686456,
  0.0280706902782227,
  0.0295303711796630,
  0.0310044419024338,
  0.0326468738460009,
  0.0343423257123238,
  0.0360166804145186,
  0.0375005219773838,
  0.0387610774433782,
  0.0397280542378575,
  0.0406000551446088,
  0.0414832448296896,
  0.0424848841670447,
  0.0434676904267052,
  0.0444260314374964,
  0.0453185636654318,
  0.0462444387176151,
  0.0471480546339242,
  0.0480767832050787,
  0.0489880673591617,
  0.0499311943701241,
  0.0507865216592030,
  0.0515741263026775,
  0.0522523493682061,
  0.0528440569798669,
  0.0532518688776353,
  0.0535432179738151,
  0.0537109657273068,
  0.0539268796338367,
  0.0542133946055376,
  0.0546062648752318,
  0.0549795007590574,
  0.0553485006907108,
  0.0556244965941006,
  0.0558836938427069,
  0.0561063355971892,
  0.0564025754379424,
  0.0566919686827608,
  0.0569761972272080,
  0.0571297900330473,
  0.0572174035343674,
  0.0572075028150290,
  0.0572026527166137,
  0.0572146069639452,
  0.0573386555022888,
  0.0574654883132885,
  0.0576536234151085,
  0.0579106024045481,
  0.0583310522537149,
  0.0588692875513119,
  0.0595802445474652,
  0.0603222228636925,
  0.0610962925174866,
  0.0618691102540626,
  0.0627199763980901,
  0.0635739401135181,
  0.0644622673777422,
  0.0653121333171724,
  0.0661332474734548,
  0.0668070801505489,
  0.0673961331251778,
  0.0679015907748316,
  0.0684070847963136,
  0.0688494787503300,
  0.0693103282529795,
  0.0697430512365365,
  0.0701472694719400,
  0.0704403374914933,
  0.0706890681641415,
  0.0708532778343209,
  0.0710187765908624,
  0.0711506732913812,
  0.0712394003122504,
  0.0711832576620762,
  0.0710441108134883,
  0.0707812033265046,
  0.0704689881602169,
  0.0701427286864615,
  0.0699222828834015,
  0.0697857308219450,
  0.0697499759259107,
  0.0697144570225888,
  0.0696710649255707,
  0.0695075789415958,
  0.0692665666284150,
  0.0689900503903324,
  0.0687558390281268,
  0.0684514358206696,
  0.0680924759853625,
  0.0676621009529654,
  0.0672349114780629,
  0.0667670149301154,
  0.0662816909907912,
  0.0657284918401356,
  0.0651465245775179,
  0.0644937525636124,
  0.0638339633070427,
  0.0631071305105825,
  0.0622847820256230,
  0.0612895736237245,
  0.0602031112992634,
  0.0590525619163653,
  0.0579040962554161,
  0.0567103122666351,
  0.0555147130897802,
  0.0543007099618752,
  0.0531435324405488,
  0.0520307657827225,
  0.0510274481211134,
  0.0500685006130488,
  0.0491999381940731,
  0.0483586366345547,
  0.0475448672024418,
  0.0466688876784616,
  0.0457947475346488,
  0.0448756837764945,
  0.0439427090916610,
  0.0429526141519938,
  0.0420131392761994,
  0.0411244465732415,
  0.0403389404443454,
  0.0396080197164348,
  0.0389930544780503,
  0.0384459785312265,
  0.0380150846593577,
  0.0376479694837892,
  0.0373494255695967,
  0.0370785795218296,
  0.0369416387845861,
  0.0369059544881599,
  0.0369852444469295,
  0.0370821023921314,
  0.0371875909880170,
  0.0372369137070344,
  0.0372792263136277,
  0.0372895777999667,
  0.0373252708284238,
  0.0373560651031518,
  0.0374304796421760,
  0.0374910828491438,
  0.0375722823827867,
  0.0376604088656288,
  0.0378264255472035,
  0.0380280501990064,
  0.0382957446539128,
  0.0385754157326438,
  0.0388828876350786,
  0.0391332605569838,
  0.0393162924820699,
  0.0393931345456169,
  0.0394473604615022,
  0.0394752146081605,
  0.0395103703126838,
  0.0395173391344278,
  0.0395632944422392,
  0.0396561444114897,
  0.0398498289908633,
  0.0400758656712462,
  0.0403064422217938,
  0.0404803398141622,
  0.0406575411601674,
  0.0407949004263795,
  0.0408844883067201,
  0.0408463864143662,
  0.0407118505428508,
  0.0404763845552956,
  0.0402026227895811,
  0.0398901086068156,
  0.0396238044791532,
  0.0394137248359413,
  0.0393333351214044,
  0.0393884745305909,
  0.0396322792040641,
  0.0399893823427291,
  0.0404099460945237,
  0.0408035533330870,
  0.0411793160021365,
  0.0414979729487700,
  0.0417826400314637,
  0.0419830906561544,
  0.0421243845368129,
  0.0421867917303538,
  0.0422094678365639,
  0.0421433304029172,
  0.0419971038083049,
  0.0417662664592858,
  0.0415310434489118,
  0.0412563156230655,
  0.0409816614466195,
  0.0406795344224686,
  0.0403845092845170,
  0.0400447814398276,
  0.0397060142675071,
  0.0393242536148603,
  0.0389640154760433,
  0.0386526809095153,
  0.0384962585796796,
  0.0384404799643402,
  0.0384571563755662,
  0.0384394966461159,
  0.0384100825423407,
  0.0383753462305166,
  0.0384362618318556,
  0.0385723149594489,
  0.0387998815785254,
  0.0390178880956075,
  0.0391764030680593,
  0.0391928435335176,
  0.0391469057175932,
  0.0390587186488860,
  0.0389969041715219,
  0.0389206024277561,
  0.0388411310243695,
  0.0386987310522037,
  0.0385249881727062,
  0.0382933051709468,
  0.0380506513825804,
  0.0377725476421453,
  0.0375245289391516,
  0.0372999169246365,
  0.0371324555490517,
  0.0369662864307446,
  0.0368374883149642,
  0.0367198710741539,
  0.0366524040358010,
  0.0366055096657296,
  0.0366138007443174,
  0.0366281009003428,
  0.0366649148424995,
  0.0366981016333450,
  0.0368011298589220,
  0.0369777194270944,
  0.0372482255101943,
  0.0375298499253063,
  0.0378120188518977,
  0.0380237029341511,
  0.0381731888929232,
  0.0382364058692949,
  0.0382576114993148,
  0.0382078253979221,
  0.0381231693994449,
  0.0379685104715656,
  0.0377595082772304,
  0.0374536009259370,
  0.0371041022355811,
  0.0367246542201342,
  0.0363902694257000,
  0.0360823236744042,
  0.0357945855802480,
  0.0354382230152494,
  0.0350101240882806,
  0.0344641663634960,
  0.0338168326730807,
  0.0330410092205029,
  0.0321888672163613,
  0.0312527240417330,
  0.0302862419762991,
  0.0292658513435465,
  0.0282216715694321,
  0.0271338732621246,
  0.0260404276476830,
  0.0249240618989525,
  0.0238294542647824,
  0.0227126749800709,
  0.0215475883348836,
  0.0202573482523750,
  0.0188715544211398,
  0.0173628262657796,
  0.0157899143450807,
  0.0141370035098224,
  0.0124624798391897,
  0.0107415098938238,
  0.0090096368354506,
  0.0072075053739619,
  0.0053859043897478,
  0.0035554739427336,
  0.0018202277627419,
  0.0001606174591908,
 -0.0013943370307273,
 -0.0029003467067398,
 -0.0043308458626295,
 -0.0057163906258810,
 -0.0069909093967684,
 -0.0081741468555417,
 -0.0092547067133668,
 -0.0103292783766208,
 -0.0114070292377571,
 -0.0125356652418930,
 -0.0136538929163600,
 -0.0147808593256092,
 -0.0158834026747765,
 -0.0170017513442307,
 -0.0180666127939165,
 -0.0190539360327181,
 -0.0198681812373082,
 -0.0205248625607122,
 -0.0210143419201914,
 -0.0214142148418141,
 -0.0217161375058282,
 -0.0219806960532747,
 -0.0221930346638869,
 -0.0224190807634269,
 -0.0226690651427587,
 -0.0230218933109044,
 -0.0234650523417337,
 -0.0240284163511652,
 -0.0246694046222356,
 -0.0254063981268724,
 -0.0261774396242649,
 -0.0269845552690878,
 -0.0277671807233375,
 -0.0285196413548467,
 -0.0291675139461019,
 -0.0297313117629124,
 -0.0301942092154958,
 -0.0306165880863135,
 -0.0309958660720288,
 -0.0313872395340782,
 -0.0317638814257117,
 -0.0321387804982842,
 -0.0324382400894749,
 -0.0326600941049408,
 -0.0327672834600735,
 -0.0328106031012017,
 -0.0327773982697671,
 -0.0327135479071300,
 -0.0325888961642390,
 -0.0324386531238666,
 -0.0322503019905862,
 -0.0320921628951439,
 -0.0319771636262616,
 -0.0319704849733489,
 -0.0320578547317333,
 -0.0322629985185557,
 -0.0325183575869207,
 -0.0328016058783077,
 -0.0330252169846555,
 -0.0331901973700630,
 -0.0332897466756524,
 -0.0334232693468827,
 -0.0336073872454111,
 -0.0338691406202604,
 -0.0341523093881456,
 -0.0344682766634500,
 -0.0347925595324631,
 -0.0351797502346953,
 -0.0355976274909415,
 -0.0360814131095479,
 -0.0365745818521917,
 -0.0371014087284829,
 -0.0376219835937652,
 -0.0381819713704226,
 -0.0387255743891612,
 -0.0392532168444358,
 -0.0396978472822887,
 -0.0401215488006740,
 -0.0405111394487355,
 -0.0409229136756043,
 -0.0413087422876997,
 -0.0417064002604677,
 -0.0420757077849132,
 -0.0424493098336436,
 -0.0427786306176871,
 -0.0431090245341352,
 -0.0434209549987686,
 -0.0437610706680341,
 -0.0440748442200942,
 -0.0443900234175350,
 -0.0446648357072032,
 -0.0449433436091628,
 -0.0451850431376441,
 -0.0454142301783376,
 -0.0455712081749545,
 -0.0456701846703850,
 -0.0456617430009008,
 -0.0455958788859547,
 -0.0454638094931984,
 -0.0453198716563467,
 -0.0451193815341476,
 -0.0448926657906149,
 -0.0446106157597893,
 -0.0443339727088113,
 -0.0440579883284000,
 -0.0438459530960636,
 -0.0436639128817513,
 -0.0435289231224611,
 -0.0433948519103024,
 -0.0433078042181911,
 -0.0432544201498593,
 -0.0432807276340480,
 -0.0433493568658194,
 -0.0434896323208345,
 -0.0436502351802571,
 -0.0438446076908252,
 -0.0440165536646746,
 -0.0441831857821909,
 -0.0443039610567801,
 -0.0444115468258725,
 -0.0444724855778863,
 -0.0445224645230868,
 -0.0445295148623767,
 -0.0445268020850810,
 -0.0444793711145933,
 -0.0444222707960376,
 -0.0443179354214828,
 -0.0441950000256878,
 -0.0440154230878314,
 -0.0438083242040223,
 -0.0435451810082616,
 -0.0432787290519672,
 -0.0429966225926055,
 -0.0427353548743653,
 -0.0424567084540329,
 -0.0421985139634867,
 -0.0419416521098700,
 -0.0417336361186800,
 -0.0415648089720624,
 -0.0415080784510722,
 -0.0415654422638966,
 -0.0417743771502204,
 -0.0420809796715274,
 -0.0424829998126518,
 -0.0429304848318140,
 -0.0434680165418164,
 -0.0440897486602887,
 -0.0448309899161068,
 -0.0456177463473135,
 -0.0464433844042382,
 -0.0472281378604118,
 -0.0479917546816111,
 -0.0486918532964981,
 -0.0493776426379895,
 -0.0500158328446644,
 -0.0506511383066717,
 -0.0512346267389360,
 -0.0518087181837599,
 -0.0523387363342030,
 -0.0528807460568384,
 -0.0533897506310543,
 -0.0538989809732164,
 -0.0543694089812935,
 -0.0548529903588598,
 -0.0553114401520250,
 -0.0557614040702566,
 -0.0561343530417894,
 -0.0564628263029738,
 -0.0567151718349852,
 -0.0569367644741578,
 -0.0570762831301344,
 -0.0571631381881218,
 -0.0571628785409660,
 -0.0571415112721996,
 -0.0570973617995771,
 -0.0571042133835675,
 -0.0571549146790465,
 -0.0573077144539335,
 -0.0575270632769098,
 -0.0578379342835246,
 -0.0581777205920859,
 -0.0585510801259489,
 -0.0588779455431093,
 -0.0591586552403229,
 -0.0593349570214617,
 -0.0594345950662889,
 -0.0594132981459573,
 -0.0592899776286891,
 -0.0590128381154217,
 -0.0586217758507929,
 -0.0581046895283256,
 -0.0575267751716887,
 -0.0568815136589934,
 -0.0562256285962656,
 -0.0555293834484287,
 -0.0548225548613864,
 -0.0540651428042801,
 -0.0532958445860648,
 -0.0524979037986125,
 -0.0517251925400463,
 -0.0509558684774481,
 -0.0502224030806990,
 -0.0494817092430711,
 -0.0487654037201896,
 -0.0480522289904413,
 -0.0473959423812149,
 -0.0467766295915863,
 -0.0462321908020912,
 -0.0457189862595722,
 -0.0452474887769027,
 -0.0447618682745468,
 -0.0442811347740075,
 -0.0437684357939716,
 -0.0432552732508268,
 -0.0427037193290672,
 -0.0421376905467237,
 -0.0415216020990392,
 -0.0408921642596159,
 -0.0402321918005563,
 -0.0396102902227881,
 -0.0390428973616997,
 -0.0385971732160739,
 -0.0382472918262453,
 -0.0380023112390063,
 -0.0378030998041352,
 -0.0376687288750492,
 -0.0375663928966020,
 -0.0375261382139663,
 -0.0374843379208739,
 -0.0374641491959901,
 -0.0374083779606250,
 -0.0373468683148070,
 -0.0372331116308239,
 -0.0370945956117055,
 -0.0368726448783211,
 -0.0365943733839593,
 -0.0362041717197576,
 -0.0357390553757146,
 -0.0351561615315169,
 -0.0345014529083787,
 -0.0337319720345439,
 -0.0328895178000739,
 -0.0319456305267122,
 -0.0309674404307215,
 -0.0299420776509489,
 -0.0289220091486677,
 -0.0278625738760383,
 -0.0267905612213140,
 -0.0256535416091233,
 -0.0244852962238640,
 -0.0232461960498297,
 -0.0219807287525282,
 -0.0206633859185626,
 -0.0193597290660537,
 -0.0180617192719304,
 -0.0168253042973586,
 -0.0156131729776529,
 -0.0144590221435277,
 -0.0133234572431879,
 -0.0122413855614420,
 -0.0111675832362463,
 -0.0101224769420849,
 -0.0090445309926229,
 -0.0079584071523015,
 -0.0068352664361065,
 -0.0057286850067243,
 -0.0046087630430107,
 -0.0035052170488578,
 -0.0023778716005650,
 -0.0012677506716263,
 -0.0001598208022422,
  0.0008867362668591,
  0.0018928787207262,
  0.0028274466659892,
  0.0037485568825085,
  0.0046589272206176,
  0.0056386577770767,
  0.0066969491880231,
  0.0078938290996410,
  0.0091921968399943,
  0.0105997701508970,
  0.0120565273399426,
  0.0135800556378850,
  0.0151287941383642,
  0.0167241695808683,
  0.0183109086818775,
  0.0198980866938174,
  0.0214351708563698,
  0.0229436228613248,
  0.0243894573021513,
  0.0258029674376742,
  0.0271480028426230,
  0.0284543458144105,
  0.0296923504918074,
  0.0308985122327479,
  0.0320411889781263,
  0.0331462250779625,
  0.0341818888583674,
  0.0351899153410593,
  0.0361547906583078,
  0.0371215203233887,
  0.0380642626374882,
  0.0390120920623688,
  0.0399341025308507,
  0.0408611994876024,
  0.0417660165072873,
  0.0426823863915503,
  0.0435870165844841,
  0.0445320807368025,
  0.0454647808659616,
  0.0464049017726106,
  0.0472878670171047,
  0.0481435146743695,
  0.0489383303342508,
  0.0497290010815759,
  0.0504861378451098,
  0.0512558819644600,
  0.0519970316720323,
  0.0527536210710856,
  0.0534840040738035,
  0.0542263785284678,
  0.0549341732312740,
  0.0556462770652505,
  0.0563190598552314,
  0.0569821932206637,
  0.0575853404178078,
  0.0581626181189773,
  0.0586781384189411,
  0.0591779480633588,
  0.0596247687494963,
  0.0600581758962891,
  0.0604369509677592,
  0.0608035868428482,
  0.0611311055556657,
  0.0614803370566366,
  0.0618373339654270,
  0.0622595227407005,
  0.0627193234508063,
  0.0632503912347577,
  0.0638054012576958,
  0.0644135983917355,
  0.0650369297817063,
  0.0657057450392642,
  0.0663570063453645,
  0.0669890370148592,
  0.0675338580831023,
  0.0680138277179385,
  0.0683969049299675,
  0.0687238715309751,
  0.0689507733079353,
  0.0690952856794803,
  0.0691153154076709,
  0.0690602305443274,
  0.0689248207219781,
  0.0687768370961204,
  0.0686043615418080,
  0.0684504567673313,
  0.0682831763059853,
  0.0681371726049433,
  0.0679821666793341,
  0.0678612093528699,
  0.0677544650718268,
  0.0677062056401897,
  0.0676886451377043,
  0.0677277132268541,
  0.0677676542241078,
  0.0678096031084878,
  0.0677933382839380,
  0.0677352895836990,
  0.0675960291321321,
  0.0673987941528637,
  0.0671054763492693,
  0.0667521842173957,
  0.0663287645914037,
  0.0658857055868846,
  0.0653960490263704,
  0.0648812601043230,
  0.0642994289845228,
  0.0636782175551880,
  0.0629945167222266,
  0.0622917556109706,
  0.0615518895032034,
  0.0608092860783329,
  0.0600333293730156,
  0.0592504218412001,
  0.0584293691076599,
  0.0576026571993597,
  0.0567498502065892,
  0.0559242300373092,
  0.0550853145714310,
  0.0542756021341016,
  0.0534672155331215,
  0.0527231729857892,
  0.0520256476854637,
  0.0514240317893093,
  0.0508784825295835,
  0.0504228597066223,
  0.0500085695048247,
  0.0496753266396395,
  0.0493902736716898,
  0.0492012720833836,
  0.0490659538924622,
  0.0490061903635836,
  0.0489543060771325,
  0.0489237968573923,
  0.0488657326250254,
  0.0488234195280386,
  0.0487713733076083,
  0.0487594422667452,
  0.0487519719638803,
  0.0487770839368686,
  0.0487831181781953,
  0.0488075208592909,
  0.0488277688570733,
  0.0488974672034283,
  0.0489845741175552,
  0.0491256535883005,
  0.0492857086932976,
  0.0495051888577605,
  0.0497515177768582,
  0.0500558388964913,
  0.0503655491940896,
  0.0506940874682072,
  0.0509793694936932,
  0.0512298909945763,
  0.0513939659668866,
  0.0515064163295902,
  0.0515472788543254,
  0.0515707450522946,
  0.0515624799293944,
  0.0515731120658550,
  0.0515868163240976,
  0.0516528604135245,
  0.0517433664120063,
  0.0518826099359113,
  0.0520122635496467,
  0.0521378190457084,
  0.0522063970326574,
  0.0522375443438560,
  0.0521884221204722,
  0.0520891035863730,
  0.0519133992730782,
  0.0517032513287726,
  0.0514387409070730,
  0.0511618160775648,
  0.0508416491338631,
  0.0504995228887382,
  0.0500964273415442,
  0.0496646906030918,
  0.0491792640827095,
  0.0486688146164555,
  0.0480970967011380,
  0.0474904150922541,
  0.0468240281354338,
  0.0461380668019680,
  0.0454066505088067,
  0.0446557834431553,
  0.0438561201687626,
  0.0430433433478254,
  0.0422013531826543,
  0.0413715317388531,
  0.0405270331334411,
  0.0396830990441309,
  0.0387976652169376,
  0.0378934014651777,
  0.0369480636348508,
  0.0360018834915035,
  0.0350402344712601,
  0.0341048782338938,
  0.0331488600749411,
  0.0322132975736248,
  0.0312703283536459,
  0.0303810483681540,
  0.0295220584224029,
  0.0287409462697006,
  0.0280013018742865,
  0.0273424258612924,
  0.0267240362885496,
  0.0261851424965200,
  0.0256909180267183,
  0.0252837821376355,
  0.0249233110010965,
  0.0246468639030812,
  0.0244185159342938,
  0.0242788812593471,
  0.0241961717660719,
  0.0242169204131938,
  0.0243067221276001,
  0.0244982544587541,
  0.0247378287830688,
  0.0250383276735110,
  0.0253378336100772,
  0.0256499011098490,
  0.0259148451225471,
  0.0261516633503184,
  0.0263103741647109,
  0.0264189491165668,
  0.0264362791983785,
  0.0263963182387178,
  0.0262582479404635,
  0.0260562076238125,
  0.0257650709194165,
  0.0254372499742347,
  0.0250559902612784,
  0.0246775662046919,
  0.0242792214616923,
  0.0239036866218116,
  0.0235272457092272,
  0.0231962716167166,
  0.0228845127839164,
  0.0226316794203915,
  0.0224079755892604,
  0.0222441789963786,
  0.0220926041581919,
  0.0219690881686550,
  0.0218212656550265,
  0.0216711315799779,
  0.0214839351687403,
  0.0213018683234091,
  0.0211035627395074,
  0.0209306149008821,
  0.0207509977803255,
  0.0205884308160730,
  0.0203969921765935,
  0.0201966259130582,
  0.0199446660908171,
  0.0196651943045329,
  0.0193171673000535,
  0.0189205376146616,
  0.0184345477336025,
  0.0178878114490692,
  0.0172512835679017,
  0.0165679672485049,
  0.0158278348681177,
  0.0150764814469199,
  0.0142893626803286,
  0.0134928009731617,
  0.0126453008077303,
  0.0117693944549516,
  0.0108378888497789,
  0.0098851708056983,
  0.0088790888104133,
  0.0078407153936565,
  0.0067377359796114,
  0.0056001688734609,
  0.0044065867529684,
  0.0031932376924839,
  0.0019461381897075,
  0.0007153398287888,
 -0.0005348007703798,
 -0.0017637021862133,
 -0.0030134109905365,
 -0.0042446027059513,
 -0.0054902155809312,
 -0.0066960912593804,
 -0.0078820733226516,
 -0.0089921707243354,
 -0.0100510158822015,
 -0.0110120804644500,
 -0.0119214070400402,
 -0.0127643144584819,
 -0.0136075460230760,
 -0.0144352805599547,
 -0.0152900711584908,
 -0.0161273266644534,
 -0.0169671589376412,
 -0.0177580374932290,
 -0.0185316105714004,
 -0.0192544978999539,
 -0.0199719442402281,
 -0.0206545675608435,
 -0.0213357238745017,
 -0.0219692075574870,
 -0.0225798815379325,
 -0.0231357711248513,
 -0.0236875851380958,
 -0.0242149635230167,
 -0.0247625833345823,
 -0.0252976013906520,
 -0.0258441753260003,
 -0.0263575073426555,
 -0.0268597846561552,
 -0.0273127634786589,
 -0.0277610715299494,
 -0.0281943828936515,
 -0.0286670623212692,
 -0.0291597842126261,
 -0.0296985676096421,
 -0.0302323297909179,
 -0.0307715192722227,
 -0.0312670929176157,
 -0.0317446863183023,
 -0.0321774385908469,
 -0.0326170900504001,
 -0.0330541640659852,
 -0.0335364953675466,
 -0.0340432578231315,
 -0.0346043199231299,
 -0.0351797617743620,
 -0.0357935041427329,
 -0.0364084308055008,
 -0.0370471020378036,
 -0.0376757887877453,
 -0.0383227689434376,
 -0.0389608155667106,
 -0.0396218424159582,
 -0.0402770929767335,
 -0.0409511567781320,
 -0.0416120652876316,
 -0.0422884401549939,
 -0.0429563661859546,
 -0.0436438524278163,
 -0.0443168390282060,
 -0.0449970048238348,
 -0.0456492507436272,
 -0.0462964437543199,
 -0.0469080621321106,
 -0.0475074236718268,
 -0.0480626819428286,
 -0.0485948949571396,
 -0.0490697009855715,
 -0.0495053219643321,
 -0.0498759280021606,
 -0.0502838600586080,
 -0.0506377405767561,
 -0.0510287465423529,
 -0.0513658509427594,
 -0.0517398748846772,
 -0.0520601626141624,
 -0.0524171578219972,
 -0.0527205969713968,
 -0.0530605257955316,
 -0.0533470944730530,
 -0.0536699297203784,
 -0.0539396145609926,
 -0.0542453379514284,
 -0.0544981339659338,
 -0.0547867375924039,
 -0.0550226496823405,
 -0.0552941343791919,
 -0.0555131756799925,
 -0.0557675508551497,
 -0.0559697443103280,
 -0.0562070295389814,
 -0.0563924058109265,
 -0.0566126297622519,
 -0.0567812281257928,
 -0.0569844273693299,
 -0.0571362967211653,
 -0.0573225177638190,
 -0.0574577147534377,
 -0.0576270121276019,
 -0.0577456009943398,
 -0.0578980390091855,
 -0.0580000933704849,
 -0.0581357441291387,
 -0.0582213449847666,
 -0.0583402882103895,
 -0.0584095257763329,
 -0.0585118506581256,
 -0.0585648223053943,
 -0.0586506254033257,
 -0.0586874354922299,
 -0.0587568226298201,
 -0.0587775844281379,
 -0.0588306685359570,
 -0.0588355020557316,
 -0.0588724029956502,
 -0.0588614369533631,
 -0.0588822834817356,
 -0.0588556530787506,
 -0.0588605806049382,
 -0.0588184273580711,
 -0.0588075799444569,
 -0.0587500537092915,
 -0.0587235817793106,
 -0.0586508384513363,
 -0.0586088986127031,
 -0.0585211021826404,
 -0.0584638592795127,
 -0.0583611794921631,
 -0.0582888042481420,
 -0.0581714164348429,
 -0.0580840875345922,
 -0.0579521747029237,
 -0.0578500763971886,
 -0.0577038268418973,
 -0.0575871487726234,
 -0.0574267581893557,
 -0.0572956974988491,
 -0.0571213665582902,
 -0.0569761254569204,
 -0.0567880596410851,
 -0.0566288475340195,
 -0.0564272592651157,
 -0.0562542902927609,
 -0.0560393964856556,
 -0.0558528893538000,
 -0.0556249135583706,
 -0.0554250936721353,
 -0.0551842636024234,
 -0.0549713605929053,
 -0.0547179079626171,
 -0.0544921578337019,
 -0.0542263205010599,
 -0.0539879631340240,
 -0.0537099826261841,
 -0.0534592616200273,
 -0.0531693852767348,
 -0.0529065500801012,
 -0.0526050285699895,
 -0.0523303319963382,
 -0.0520174191590319,
 -0.0517311195243988,
 -0.0514070744973953,
 -0.0511094326724125,
 -0.0507745183353754,
 -0.0504657989611821,
 -0.0501202804026199,
 -0.0498007530814185,
 -0.0494449001607470,
 -0.0491148369864043,
 -0.0487489218860857,
 -0.0484085972929846,
 -0.0480328966135197,
 -0.0476825894491445,
 -0.0472973817625078,
 -0.0469373728594559,
 -0.0465429385707925,
 -0.0461735128072553,
 -0.0457701361959593,
 -0.0453915800771557,
 -0.0449795469076711,
 -0.0445921484287476,
 -0.0441717479749786,
 -0.0437757986192307,
 -0.0433473212911659,
 -0.0429431136764910,
 -0.0425068508895656,
 -0.0420946807509542,
 -0.0416509268833776,
 -0.0412310907361271,
 -0.0407801408266402,
 -0.0403529358416230,
 -0.0398950875258322,
 -0.0394608134327322,
 -0.0389963646610278,
 -0.0385553214987320,
 -0.0380845704215284,
 -0.0376370604139795,
 -0.0371603072333128,
 -0.0367066325669900,
 -0.0362241773451455,
 -0.0357646400564754,
 -0.0352767845412280,
 -0.0348116883031919,
 -0.0343187337690085,
 -0.0338483817681008,
 -0.0333506289143622,
 -0.0328753256063734,
 -0.0323730762800175,
 -0.0318931252981869,
 -0.0313866804452814,
 -0.0309023845064161,
 -0.0303920458617687,
 -0.0299037084155244,
 -0.0293897764902207,
 -0.0288976997451127,
 -0.0283804737399352,
 -0.0278849602799087,
 -0.0273647396631971,
 -0.0268660905136106,
 -0.0263431731324944,
 -0.0258416876781575,
 -0.0253163713008066,
 -0.0248123487859370,
 -0.0242849292527019,
 -0.0237786669765493,
 -0.0232494381301877,
 -0.0227412329063073,
 -0.0222104880105984,
 -0.0217006344102198,
 -0.0211686644390800,
 -0.0206574547219725,
 -0.0201245497378761,
 -0.0196122751906212,
 -0.0190787224011002,
 -0.0185656722756655,
 -0.0180317568195918,
 -0.0175182173872601,
 -0.0169842230162274,
 -0.0164704790964975,
 -0.0159366866275100,
 -0.0154230200867133,
 -0.0148897073528817,
 -0.0143763982911542,
 -0.0138438412872221,
 -0.0133311663515575,
 -0.0127996380754160,
 -0.0122878718373408,
 -0.0117576419598987,
 -0.0112470546821693,
 -0.0107183912880682,
 -0.0102092515817691,
 -0.0096824182627506,
 -0.0091749911190514,
 -0.0086502487181558,
 -0.0081447958577779,
 -0.0076224018933487,
 -0.0071191820369794,
 -0.0065993902087444,
 -0.0060986574371116,
 -0.0055817190577349,
 -0.0050837250038315,
 -0.0045698865884012,
 -0.0040748788018566,
 -0.0035643835054305,
 -0.0030726057356716,
 -0.0025656928707157,
 -0.0020773852714439,
 -0.0015742899098107,
 -0.0010896877400361,
 -0.0005906418317725,
 -0.0001099771707409,
  0.0003847923602552,
  0.0008612919053571,
  0.0013515620379489,
  0.0018236731160494,
  0.0023092251167827,
  0.0027767287153563,
  0.0032573480086876,
  0.0037200297447923,
  0.0041955068325106,
  0.0046531561817808,
  0.0051232854530256,
  0.0055756970934532,
  0.0060402777382773,
  0.0064872507730095,
  0.0069460866403768,
  0.0073874248762346,
  0.0078403244086629,
  0.0082758365504151,
  0.0087226133638854,
  0.0091521125546302,
  0.0095925847207761,
  0.0100158893793399,
  0.0104498799986894,
  0.0108668133544162,
  0.0112941504795050,
  0.0117045407534430,
  0.0121250573885014,
  0.0125287378915431,
  0.0129422722377625,
  0.0133390812159507,
  0.0137454764162941,
  0.0141352573925630,
  0.0145343617708221,
  0.0149169633839959,
  0.0153086304321279,
  0.0156839065226607,
  0.0160679949618364,
  0.0164358045772627,
  0.0168121782803117,
  0.0171723858137125,
  0.0175409139955998,
  0.0178933890487930,
  0.0182539461829050,
  0.0185985636987752,
  0.0189510295658597,
  0.0192876698214597,
  0.0196319296285498,
  0.0199604781517936,
  0.0202964221465536,
  0.0206167701335870,
  0.0209442942191630,
  0.0212563379412190,
  0.0215753432844764,
  0.0218789844989675,
  0.0221893776376209,
  0.0224845234933754,
  0.0227862165089864,
  0.0230727793782523,
  0.0233656892204624,
  0.0236435873785221,
  0.0239276368782634,
  0.0241967934805683,
  0.0244719106684010,
  0.0247322544239032,
  0.0249983726916123,
  0.0252498376840136,
  0.0255068960068630,
  0.0257494214490384,
  0.0259973634417922,
  0.0262308945963474,
  0.0264696698933344,
  0.0266941566528153,
  0.0269237199585764,
  0.0271391177602784,
  0.0273594290610650,
  0.0275656986308799,
  0.0277767231706000,
  0.0279738307936676,
  0.0281755387495041,
  0.0283634550581128,
  0.0285558227016284,
  0.0287345244208701,
  0.0289175323014985,
  0.0290870010331695,
  0.0292606351334779,
  0.0294208576150666,
  0.0295851090173550,
  0.0297360774322330,
  0.0298909419300632,
  0.0300326524791110,
  0.0301781319309246,
  0.0303105868717302,
  0.0304466870653805,
  0.0305698932795864,
  0.0306966252801489,
  0.0308105945724646,
  0.0309279743263549,
  0.0310327237675335,
  0.0311407716583140,
  0.0312363219674889,
  0.0313350643352852,
  0.0314214421742224,
  0.0315109089036233,
  0.0315881452562546,
  0.0316683712905505,
  0.0317365017958415,
  0.0318075266857425,
  0.0318665920066763,
  0.0319284594195768,
  0.0319785034666243,
  0.0320312628454125,
  0.0320723352847015,
  0.0321160392005407,
  0.0321481936744035,
  0.0321828994816606,
  0.0322061939692726,
  0.0322319633078196,
  0.0322464605154139,
  0.0322633587801961,
  0.0322691242353513,
  0.0322772223465022,
  0.0322743270782060,
  0.0322736986455745,
  0.0322622172742161,
  0.0322529403650065,
  0.0322329514878848,
  0.0322151080887044,
  0.0321866946821330,
  0.0321603701403319,
  0.0321236175590029,
  0.0320889024346004,
  0.0320439012163753,
  0.0320008883040481,
  0.0319477321659039,
  0.0318965183457152,
  0.0318353045826091,
  0.0317759902538651,
  0.0317068201507866,
  0.0316395086500969,
  0.0315624854125369,
  0.0314872849230422,
  0.0314025165701931,
  0.0313195370433698,
  0.0312271343346670,
  0.0311364893987403,
  0.0310365662434722,
  0.0309383726154947,
  0.0308310459840526,
  0.0307254238868371,
  0.0306108132137388,
  0.0304978842659291,
  0.0303761133889185,
  0.0302560035449539,
  0.0301271975695629,
  0.0300000350071321,
  0.0298643222457360,
  0.0297302377800706,
  0.0295877491504144,
  0.0294468766470586,
  0.0292977450725338,
  0.0291502193311819,
  0.0289945816783046,
  0.0288405413739168,
  0.0286785353113870,
  0.0285181208767992,
  0.0283498868119919,
  0.0281832408498621,
  0.0280089213275268,
  0.0278361890138674,
  0.0276559281175137,
  0.0274772551094199,
  0.0272912003750938,
  0.0271067357126354,
  0.0269150350203480,
  0.0267249290322970,
  0.0265277325193223,
  0.0263321372279431,
  0.0261295966901020,
  0.0259286662014947,
  0.0257209345087428,
  0.0255148229689227,
  0.0253020559262532,
  0.0250909203489478,
  0.0248732736646010,
  0.0246572718859588,
  0.0244349030329609,
  0.0242141941042917,
  0.0239872617359229,
  0.0237620062961061,
  0.0235306696790234,
  0.0233010279844009,
  0.0230654487883206,
  0.0228315834308934,
  0.0225919228067247,
  0.0223539967449546,
  0.0221104171145260,
  0.0218685940470240,
  0.0216212585388125,
  0.0213757032561060,
  0.0211247751633706,
  0.0208756516736285,
  0.0206212961509733,
  0.0203687702591381,
  0.0201111515458011,
  0.0198553889799727,
  0.0195946720972050,
  0.0193358388624439,
  0.0190721890742760,
  0.0188104517782653,
  0.0185440340829579,
  0.0182795581785091,
  0.0180105388920372,
  0.0177434910886461,
  0.0174720352447680,
  0.0172025817520822,
  0.0169288546871722,
  0.0166571615449069,
  0.0163813283920930,
  0.0161075617653525,
  0.0158297869825469,
  0.0155541115409436,
  0.0152745603669439,
  0.0149971415025430,
  0.0147159775582450,
  0.0144369797653719,
  0.0141543665129044,
  0.0138739536889595,
  0.0135900539621623,
  0.0133083893255746,
  0.0130233655927407,
  0.0127406112555329,
  0.0124546241633492,
  0.0121709424335184,
  0.0118841527894889,
  0.0115997040190612,
  0.0113122713388423,
  0.0110272152280772,
  0.0107392980009835,
  0.0104537931759590,
  0.0101655490939666,
  0.0098797527261656,
  0.0095913373915284,
  0.0093054063452435,
  0.0090169750225112,
  0.0087310639499602,
  0.0084427702767476,
  0.0081570327673509,
  0.0078690289878522,
  0.0075836171937257,
  0.0072960543511082,
  0.0070111186542510,
  0.0067241454740372,
  0.0064398354727812,
  0.0061535998689787,
  0.0058700627318662,
  0.0055847106928803,
  0.0053020921476780,
  0.0050177679347868,
  0.0047362119416471,
  0.0044530582453053,
  0.0041727067165264,
  0.0038908637208031,
  0.0036118573383854,
  0.0033314639734061,
  0.0030539408133563,
  0.0027751338233082,
  0.0024992301773160,
  0.0022221442821402,
  0.0019479943820747,
  0.0016727623975576,
  0.0014004981874646,
  0.0011272502757071,
  0.0008570020580755,
  0.0005858667199600,
  0.0003177620573644,
  0.0000488653867227,
 -0.0002169702488574,
 -0.0004835044391793,
 -0.0007469478879176,
 -0.0010109979843039,
 -0.0012719285740952,
 -0.0015333757220272,
 -0.0017916747943668,
 -0.0020504021691082,
 -0.0023059538981057,
 -0.0025618472613031,
 -0.0028145381770766,
 -0.0030674857880185,
 -0.0033172049444881,
 -0.0035670975143729,
 -0.0038137366114759,
 -0.0040604676761078,
 -0.0043039207575130,
 -0.0045473862079678,
 -0.0047875502015994,
 -0.0050276486533645,
 -0.0052644230660176,
 -0.0055010558066623,
 -0.0057343428388135,
 -0.0059674138576543,
 -0.0061971183966069,
 -0.0064265344486947,
 -0.0066525642387515,
 -0.0068782347275405,
 -0.0071005001808077,
 -0.0073223373983647,
 -0.0075407517614896,
 -0.0077586707677295,
 -0.0079731501082273,
 -0.0081870687880597,
 -0.0083975320212983,
 -0.0086073710974756,
 -0.0088137399784186,
 -0.0090194230563546,
 -0.0092216222367835,
 -0.0094230757802557,
 -0.0096210327971886,
 -0.0098181861697859,
 -0.0100118314657248,
 -0.0102046169369274,
 -0.0103938839190621,
 -0.0105822366278487,
 -0.0107670614890567,
 -0.0109509196435616,
 -0.0111312416548713,
 -0.0113105462549218,
 -0.0114863075831347,
 -0.0116610026167502,
 -0.0118321483771634,
 -0.0120021807773052,
 -0.0121686591228661,
 -0.0123339786848405,
 -0.0124957404660001,
 -0.0126563001921940,
 -0.0128132994707831,
 -0.0129690550549318,
 -0.0131212487607871,
 -0.0132721589299666,
 -0.0134195069437586,
 -0.0135655333690271,
 -0.0137079986390079,
 -0.0138491058089559,
 -0.0139866538613846,
 -0.0141228095616454,
 -0.0142554092193330,
 -0.0143865837956176,
 -0.0145142066850552,
 -0.0146403735197698,
 -0.0147629941820674,
 -0.0148841295616757,
 -0.0150017255940551,
 -0.0151178085427952,
 -0.0152303599717983,
 -0.0153413728540077,
 -0.0154488630413478,
 -0.0155547906217679,
 -0.0156572056345613,
 -0.0157580356777904,
 -0.0158553644247632,
 -0.0159510875236788,
 -0.0160433219182391,
 -0.0161339312906698,
 -0.0162210655020178,
 -0.0163065577032305,
 -0.0163885892284279,
 -0.0164689630297935,
 -0.0165458919418781,
 -0.0166211490403905,
 -0.0166929781464671,
 -0.0167631229567188,
 -0.0168298577731933,
 -0.0168948976116173,
 -0.0169565461259792,
 -0.0170164903438135,
 -0.0170730638312398,
 -0.0171279250463374,
 -0.0171794367747732,
 -0.0172292300019697,
 -0.0172756960463523,
 -0.0173204388769199,
 -0.0173618778761867,
 -0.0174015906778526,
 -0.0174380235710897,
 -0.0174727285296128,
 -0.0175041794517073,
 -0.0175339019248002,
 -0.0175603967780547,
 -0.0175851643357061,
 -0.0176067316838517,
 -0.0176265743032646,
 -0.0176432451026544,
 -0.0176581953801143,
 -0.0176700026927652,
 -0.0176800948125393,
 -0.0176870747656334,
 -0.0176923459509079,
 -0.0176945362013414,
 -0.0176950256813374,
 -0.0176924663726658,
 -0.0176882155910220,
 -0.0176809490633297,
 -0.0176720018976546,
 -0.0176600723834152,
 -0.0176464740571433,
 -0.0176299286892196,
 -0.0176117272984612,
 -0.0175906144906553,
 -0.0175678599135612,
 -0.0175422303671235,
 -0.0175149744820171,
 -0.0174848808785294,
 -0.0174531777886663,
 -0.0174186744724767,
 -0.0173825793779741,
 -0.0173437233979888,
 -0.0173032941740835,
 -0.0172601436053077,
 -0.0172154396719642,
 -0.0171680546564323,
 -0.0171191372017864,
 -0.0170675796283675,
 -0.0170145118369197,
 -0.0169588450155306,
 -0.0169016909153015,
 -0.0168419806382016,
 -0.0167808067080699,
 -0.0167171195357776,
 -0.0166519935517817,
 -0.0165843978732813,
 -0.0165153891347247,
 -0.0164439548400052,
 -0.0163711343969091,
 -0.0162959325472087,
 -0.0162193720396687,
 -0.0161404759320420,
 -0.0160602492045111,
 -0.0159777326485058,
 -0.0158939145879298,
 -0.0158078529688036,
 -0.0157205197313792,
 -0.0156309896799345,
 -0.0155402186390442,
 -0.0154472982542695,
 -0.0153531676726476,
 -0.0152569353707865,
 -0.0151595254526396,
 -0.0150600615640010,
 -0.0149594527460763,
 -0.0148568383629858,
 -0.0147531123671881,
 -0.0146474295666531,
 -0.0145406690710176,
 -0.0144320011309466,
 -0.0143222894472699,
 -0.0142107197190018,
 -0.0140981418202515,
 -0.0139837552884224,
 -0.0138683961365001,
 -0.0137512782914956,
 -0.0136332238645008,
 -0.0135134609187192,
 -0.0133927978885630,
 -0.0132704769835599,
 -0.0131472924032291,
 -0.0130225005194646,
 -0.0128968828126040,
 -0.0127697082741012,
 -0.0126417456200646,
 -0.0125122770039295,
 -0.0123820583278190,
 -0.0122503846728546,
 -0.0121179993332390,
 -0.0119842103341875,
 -0.0118497478235353,
 -0.0117139327930437,
 -0.0115774836784513,
 -0.0114397329761122,
 -0.0113013873603182,
 -0.0111617913552278,
 -0.0110216398179668,
 -0.0108802890843852,
 -0.0107384223835454,
 -0.0105954078825497,
 -0.0104519166722436,
 -0.0103073287747777,
 -0.0101623044855713,
 -0.0100162343136816,
 -0.0098697677075815,
 -0.0097223061578273,
 -0.0095744882098963,
 -0.0094257261367980,
 -0.0092766477542685,
 -0.0091266761357209,
 -0.0089764278945038,
 -0.0088253369277999,
 -0.0086740098860432,
 -0.0085218902252199,
 -0.0083695745849471,
 -0.0082165164375059,
 -0.0080633023586598,
 -0.0079093956535011,
 -0.0077553729928817,
 -0.0076007075291377,
 -0.0074459655998230,
 -0.0072906302229814,
 -0.0071352585310651,
 -0.0069793422565514,
 -0.0068234292841014,
 -0.0066670204744790,
 -0.0065106544180348,
 -0.0063538409345015,
 -0.0061971094664108,
 -0.0060399786260741,
 -0.0058829690230924,
 -0.0057256073851640,
 -0.0055684058027049,
 -0.0054108998144976,
 -0.0052535922722037,
 -0.0050960271972811,
 -0.0049386988543908,
 -0.0047811594200199,
 -0.0046238947066641,
 -0.0044664648932069,
 -0.0043093476200839,
 -0.0041521104728785,
 -0.0039952231998700,
 -0.0038382613880222,
 -0.0036816862767481,
 -0.0035250811618217,
 -0.0033688993460827,
 -0.0032127315422033,
 -0.0030570232401631,
 -0.0029013724294437,
 -0.0027462170335309,
 -0.0025911618064783,
 -0.0024366373507813,
 -0.0022822556731494,
 -0.0021284395475802,
 -0.0019748079764424,
 -0.0018217763960011,
 -0.0016689705484632,
 -0.0015167986461912,
 -0.0013648930426552,
 -0.0012136549389715,
 -0.0010627228726273,
 -0.0009124912445927,
 -0.0007626051539064,
 -0.0006134518074735,
 -0.0004646826441858,
 -0.0003166780850658,
 -0.0001690956886687,
 -0.0000223091954446,
  0.0001240178340952,
  0.0002695181611716,
  0.0004145225653405,
  0.0005586701314912,
  0.0007022857149026,
  0.0008450150027349,
  0.0009871771123979,
  0.0011284240073011,
  0.0012690692523265,
  0.0014087709900547,
  0.0015478373399312,
  0.0016859324772610,
  0.0018233593344671,
  0.0019597879739507,
  0.0020955159897233,
  0.0022302194941209,
  0.0023641908949707,
  0.0024971121099712,
  0.0026292705116583,
  0.0027603537332244,
  0.0028906442096141,
  0.0030198351743191,
  0.0031482043009538,
  0.0032754503091575,
  0.0034018460718634,
  0.0035270958428497,
  0.0036514678133605,
  0.0037746716065104,
  0.0038969708493455,
  0.0040180804509104,
  0.0041382595630456,
  0.0042572282955670,
  0.0043752414217700,
  0.0044920241681883,
  0.0046078269995293,
  0.0047223801950797,
  0.0048359299980463,
  0.0049482116525338,
  0.0050594672657348,
  0.0051694369692118,
  0.0052783588148894,
  0.0053859777455647,
  0.0054925278587109,
  0.0055977587681816,
  0.0057019007164703,
  0.0058047080227467,
  0.0059064070420352,
  0.0060067567042879,
  0.0061059796167552,
  0.0062038392264698,
  0.0063005544660710,
  0.0063958932287211,
  0.0064900708869925,
  0.0065828595814275,
  0.0066744712379646,
  0.0067646823902367,
  0.0068537013711886,
  0.0069413089968223,
  0.0070277102035800,
  0.0071126899797336,
  0.0071964499312685,
  0.0072787791525724,
  0.0073598760465398,
  0.0074395335603121,
  0.0075179470202681,
  0.0075949134754467,
  0.0076706249234161,
  0.0077448823895116,
  0.0078178747916447,
  0.0078894070058341,
  0.0079596649299970,
  0.0080284572292015,
  0.0080959669202678,
  0.0081620061538781,
  0.0082267552042645,
  0.0082900300516714,
  0.0083520078784710,
  0.0084125083549941,
  0.0084717058692166,
  0.0085294236418371,
  0.0085858333201960,
  0.0086407616175769,
  0.0086943775898874,
  0.0087465110948270,
  0.0087973287458435,
  0.0088466639743267,
  0.0088946805147450,
  0.0089412152201581,
  0.0089864292866019,
  0.0090301628369272,
  0.0090725745769185,
  0.0091135078447972,
  0.0091531190143616,
  0.0091912542517249,
  0.0092280677566958,
  0.0092634090276390,
  0.0092974295768058,
  0.0093299820720953,
  0.0093612157167710,
  0.0093909861853126,
  0.0094194404148595,
  0.0094464370358189,
  0.0094721208847081,
  0.0094963531267256,
  0.0095192766632575,
  0.0095407557632616,
  0.0095609308131920,
  0.0095796690139653,
  0.0095971086477922,
  0.0096131196757775,
  0.0096278383138572,
  0.0096411372356831,
  0.0096531506284508,
  0.0096637539660855,
  0.0096730790392719,
  0.0096810042114837,
  0.0096876595857450,
  0.0096929256945957,
  0.0096969308541876,
  0.0096995581257145,
  0.0097009339371650,
  0.0097009438339945,
  0.0096997123892265,
  0.0096971277307289,
  0.0096933121816817,
  0.0096881565524081,
  0.0096817816593045,
  0.0096740802390896,
  0.0096651714908222,
  0.0096549504623364,
  0.0096435346229284,
  0.0096308212903936,
  0.0096169262330446,
  0.0096017491448386,
  0.0095854036784964,
  0.0095677920124361,
  0.0095490264504056,
  0.0095290108740853,
  0.0095078561189254,
  0.0094854681742989,
  0.0094619562852388,
  0.0094372285099193,
  0.0094113925290399,
  0.0093843585815558,
  0.0093562323556781,
  0.0093269263851800,
  0.0092965451458906,
  0.0092650026713481,
  0.0092324020987552,
  0.0091986593780647,
  0.0091638761801278,
  0.0091279703343343,
  0.0090910420677089,
  0.0090530112054098,
  0.0090139760957645,
  0.0089738586770405,
  0.0089327562024337,
  0.0088905919241800,
  0.0088474618699059,
  0.0088032910292272,
  0.0087581740718103,
  0.0087120376898213,
  0.0086649752155367,
  0.0086169151608663,
  0.0085679490854110,
  0.0085180074403269,
  0.0084671807888855,
  0.0084154007285711,
  0.0083627566948794,
  0.0083091818540542,
  0.0082547643798045,
  0.0081994389749448,
  0.0081432925691748,
  0.0080862615187526,
  0.0080284310801987,
  0.0079697393813355,
  0.0079102707659917,
  0.0078499643572588,
  0.0077889034546936,
  0.0077270285928946,
  0.0076644218942255,
  0.0076010252744136,
  0.0075369196941607,
  0.0074720484207074,
  0.0074064914114516,
  0.0073401928251810,
  0.0072732317756267,
  0.0072055540011306,
  0.0071372370672284,
  0.0070682281205471,
  0.0069986036236637,
  0.0069283119592516,
  0.0068574285008413,
  0.0067859028395004,
  0.0067138094098005,
  0.0066410985724802,
  0.0065678439744276,
  0.0064939974040901,
  0.0064196310466168,
  0.0063446979550400,
  0.0062692692773356,
  0.0061932991674389,
  0.0061168577480384,
  0.0060399002480586,
  0.0059624959058753,
  0.0058846006128539,
  0.0058062828644233,
  0.0057274998338559,
  0.0056483186386599,
  0.0055686975812494,
  0.0054887027998147,
  0.0054082935717471,
  0.0053275350669304,
  0.0052463875139448,
  0.0051649152440341,
  0.0050830790544803,
  0.0050009425689234,
  0.0049184677276396,
  0.0048357168574748,
  0.0047526528997574,
  0.0046693372538083,
  0.0045857337196858,
  0.0045019027785864,
  0.0044178090670200,
  0.0043335122665373,
  0.0042489775011675,
  0.0041642637716963,
  0.0040793372130871,
  0.0039942556083690,
  0.0039089859735193,
  0.0038235852103595,
  0.0037380210858326,
  0.0036523496290604,
  0.0035665393376492,
  0.0034806454738043,
  0.0033946369531656,
  0.0033085683776299,
  0.0032224095482138,
  0.0031362139262686,
  0.0030499520819763,
  0.0029636766368400,
  0.0028773588132798,
  0.0027910504011201,
  0.0027047232561811,
  0.0026184284293241,
  0.0025321381356770,
  0.0024459027807636,
  0.0023596953467619,
  0.0022735651742312,
  0.0021874859099468,
  0.0021015060929917,
  0.0020155999317804,
  0.0019298151712039,
  0.0018441265642053,
  0.0017585810686227,
  0.0016731540360510,
  0.0015878914312372,
  0.0015027692595674,
  0.0014178328544106,
  0.0013330585030877,
  0.0012484908438995,
  0.0011641066434506,
  0.0010799497806663,
  0.0009959974858590,
  0.0009122928852937,
  0.0008288137153703,
  0.0007456021832042,
  0.0006626365745996,
  0.0005799584721829,
  0.0004975464077066,
  0.0004154412883422,
  0.0003336220507752,
  0.0002521288754361,
  0.0001709410898158,
  0.0000900981539399,
  0.0000095798166002,
 -0.0000705753086880,
 -0.0001503870208429,
 -0.0002298173260901,
 -0.0003088858051420,
 -0.0003875551217216,
 -0.0004658445185367,
 -0.0005437173548680,
 -0.0006211925479414,
 -0.0006982341465836,
 -0.0007748607240506,
 -0.0008510371044149,
 -0.0009267814981788,
 -0.0010020593456898,
 -0.0010768886595773,
 -0.0011512355209263,
 -0.0012251176638764,
 -0.0012985018349659,
 -0.0013714055009280,
 -0.0014437960677963,
 -0.0015156907284477,
 -0.0015870575942049,
 -0.0016579135772285,
 -0.0017282274020947,
 -0.0017980157968476,
 -0.0018672481105514,
 -0.0019359408452686,
 -0.0020040639860114,
 -0.0020716338185449,
 -0.0021386209579450,
 -0.0022050414788831,
 -0.0022708666333344,
 -0.0023361122897649,
 -0.0024007503100845,
 -0.0024647963866293,
 -0.0025282229896014,
 -0.0025910456311399,
 -0.0026532373881477,
 -0.0027148136009383,
 -0.0027757479472824,
 -0.0028360556120747,
 -0.0028957108432414,
 -0.0029547286864821,
 -0.0030130839954743,
 -0.0030707916428035,
 -0.0031278270738098,
 -0.0031842050202728,
 -0.0032399015050273,
 -0.0032949311261658,
 -0.0033492704781732,
 -0.0034029340323700,
 -0.0034558989702777,
 -0.0035081795791901,
 -0.0035597536432835,
 -0.0036106353787043,
 -0.0036608030596511,
 -0.0037102708161334,
 -0.0037590174704721,
 -0.0038070570511858,
 -0.0038543689228253,
 -0.0039009670180812,
 -0.0039468312701303,
 -0.0039919754244223,
 -0.0040363800093072,
 -0.0040800587499016,
 -0.0041229926018243,
 -0.0041651952427599,
 -0.0042066481467578,
 -0.0042473649165317,
 -0.0042873275385963,
 -0.0043265495453390,
 -0.0043650134721838,
 -0.0044027326582698,
 -0.0044396902245813,
 -0.0044758995335034,
 -0.0045113440728827,
 -0.0045460371900947,
 -0.0045799628614270,
 -0.0046131343804830,
 -0.0046455362059181,
 -0.0046771815812908,
 -0.0047080554929611,
 -0.0047381709831886,
 -0.0047675136119381,
 -0.0047960964812422,
 -0.0048239054600413,
 -0.0048509536619121,
 -0.0048772274137111,
 -0.0049027397916920,
 -0.0049274775744581,
 -0.0049514538037994,
 -0.0049746557633529,
 -0.0049970962839762,
 -0.0050187632083325,
 -0.0050396694568427,
 -0.0050598031261814,
 -0.0050791771691702,
 -0.0050977801094385,
 -0.0051156248745193,
 -0.0051327004086921,

 FINISH SOLUTION PROCESSING


 ***** ROUTINE COMPLETED *****  CP =       223.659



 ***** END OF INPUT ENCOUNTERED *****

 PURGE ALL SOLUTION AND POST DATA
 SAVE ALL MODEL DATA

 ALL CURRENT ANSYS DATA WRITTEN TO FILE NAME= beam_arch_wheels_nv1.db
  FOR POSSIBLE RESUME FROM THIS POINT


 NUMBER OF WARNING MESSAGES ENCOUNTERED=          3
 NUMBER OF ERROR   MESSAGES ENCOUNTERED=          0

+--------------------- A N S Y S   S T A T I S T I C S ------------------------+

Release: Release 16.1       Build: 16.1       Update: UP20150325   Platform: WINDOWS x64 
Date Run: 03/21/2016   Time: 14:31
Windows Process ID:         5948

Processor Model:         Intel(R) Core(TM) i5-3570 CPU @ 3.40GHz

Compiler: Intel(R) FORTRAN Compiler Version 14.0.0  (Build: 20140422)
          Intel(R) C/C++ Compiler Version 14.0.0  (Build: 20140422)
          Intel(R) Math Kernel Library Version 11.1.3 Product Build 20140917

Total number of cores available         :    4
Number of physical cores available      :    4
Number of processes requested           :    1
Number of threads per process requested :    2
Total number of cores requested         :    2 (Shared Memory Parallel)                    

GPU Acceleration: Not Requested

Job Name: beam_arch_wheels_nv1
Working Directory: D:\ansys\beam_arch_wheels

Total CPU time for main thread                    :      104.4 seconds
Total CPU time summed for all threads             :      223.7 seconds

Elapsed time spent pre-processing model (/PREP7)  :        0.1 seconds
Elapsed time spent solution - preprocessing       :       22.6 seconds
Elapsed time spent computing solution             :       85.4 seconds
Elapsed time spent solution - postprocessing      :        0.0 seconds
Elapsed time spent post-processing model (/POST1) :        0.0 seconds

Equation solver computational rate                :      402.1 Mflops
Equation solver effective I/O rate                :     1537.4 MB/sec

Maximum total memory used                         :       31.0 MB
Maximum total memory allocated                    :     2112.0 MB
Maximum total memory available                    :          4 GB

+------------------ E N D   A N S Y S   S T A T I S T I C S -------------------+
