timestep:         0.0127065600000000
yAxisLabel:velocity [m/s]       
title:bogies velocity   
vv1,    vv2,    
  0.0000000000000000,  0.0000000000000000,
  0.0000000000000000,  0.0000000000000000,
 -0.0000425160607773,  0.0000408343294191,
 -0.0000946987087674,  0.0000877098310251,
 -0.0001709525677792,  0.0001538739975689,
 -0.0003158770976107,  0.0002804654541953,
 -0.0005221127320248,  0.0004553389210363,
 -0.0008201643132651,  0.0007034358949798,
 -0.0011925587008889,  0.0010013559715269,
 -0.0016003525540283,  0.0013065282229490,
 -0.0020601900198572,  0.0016327204153435,
 -0.0025494108161076,  0.0019544794958196,
 -0.0030279889470504,  0.0022312821752351,
 -0.0034659129703356,  0.0024351138885715,
 -0.0038630779891405,  0.0025687431663118,
 -0.0042227276667293,  0.0026379604610640,
 -0.0045221386622695,  0.0026233360212374,
 -0.0047524829811167,  0.0025206638884143,
 -0.0049375785985123,  0.0023579636755262,
 -0.0051036061338331,  0.0021639958009160,
 -0.0052454403032651,  0.0019359178762112,
 -0.0053757700423503,  0.0016889660520142,
 -0.0055313149058660,  0.0014609937284899,
 -0.0057298598746032,  0.0012693291359326,
 -0.0059943339579692,  0.0011353469348691,
 -0.0063432581548014,  0.0010747861725834,
 -0.0067886599132418,  0.0010959608654779,
 -0.0073382036291564,  0.0012021554907962,
 -0.0079661937470055,  0.0013639429441180,
 -0.0086530825887819,  0.0015595240890749,
 -0.0093723485595853,  0.0017614262967970,
 -0.0100564087253117,  0.0019041733328745,
 -0.0106639522392495,  0.0019520183717569,
 -0.0112035432785900,  0.0019194772906418,
 -0.0116756846221776,  0.0018119482692288,
 -0.0120488586285573,  0.0016036334880124,
 -0.0123276614168591,  0.0013056957502023,
 -0.0125694726551167,  0.0009796406187076,
 -0.0127828739826359,  0.0006359550073608,
 -0.0129170288383538,  0.0002279817275394,
 -0.0129366902964430, -0.0002714611662623,
 -0.0128420035100300, -0.0008524967160919,
 -0.0126236230261954, -0.0015141897545128,
 -0.0122456827912578, -0.0022802317775737,
 -0.0117154514511257, -0.0031301177248408,
 -0.0110892945708152, -0.0039969017101966,
 -0.0104106269547457, -0.0048305459420331,
 -0.0088981835184182, -0.0064377121081285,
 -0.0071925101813181, -0.0082100120879311,
 -0.0054518605919212, -0.0099978117099465,
 -0.0038941781087303, -0.0115899660310281,
 -0.0026477402086042, -0.0128674797582697,
 -0.0018386913267493, -0.0137162012180940,
 -0.0014390877404319, -0.0141755539562210,
 -0.0014445919114841, -0.0142584216573985,
 -0.0018036468662846, -0.0140212264771586,
 -0.0024868387553988, -0.0134965932581034,
 -0.0034033765807509, -0.0127794220306717,
 -0.0044693234461397, -0.0119553479253595,
 -0.0055281243085398, -0.0111763990696987,
 -0.0065102913169131, -0.0105050173315637,
 -0.0073714787513159, -0.0099810948468776,
 -0.0081528647871312, -0.0095594074789963,
 -0.0087668387387792, -0.0093200470383599,
 -0.0091894713392492, -0.0092783928362674,
 -0.0094201129412964, -0.0094292066246134,
 -0.0095327376380627, -0.0096945746179660,
 -0.0095529363643375, -0.0100468193154484,
 -0.0095109652260402, -0.0104557544005393,
 -0.0093774421460592, -0.0109539335868136,
 -0.0091746925523753, -0.0115260399873675,
 -0.0088898263922626, -0.0121920911060472,
 -0.0085892573242700, -0.0128916957770086,
 -0.0082926893467930, -0.0136133005223614,
 -0.0081057569697907, -0.0142589304698559,
 -0.0080622440728025, -0.0148004489790132,
 -0.0082265448966699, -0.0151796166393924,
 -0.0086632449665880, -0.0153370491275127,
 -0.0093779791140608, -0.0152698420608062,
 -0.0102513141911096, -0.0151000952169077,
 -0.0112640717240956, -0.0148502541967759,
 -0.0122972001291282, -0.0146399085085175,
 -0.0132809031029909, -0.0145338966870544,
 -0.0140784054830527, -0.0146613498102655,
 -0.0146105139486646, -0.0150924988668143,
 -0.0148657067381247, -0.0158238166253463,
 -0.0148974240592266, -0.0167783408400304,
 -0.0147238232407317, -0.0179114754052780,
 -0.0144619645321824, -0.0190810560338386,
 -0.0141955195194453, -0.0201767234964939,
 -0.0140005342625337, -0.0210911447435075,
 -0.0138171424669466, -0.0218531284925312,
 -0.0136644955228622, -0.0224171567069854,
 -0.0135473436003320, -0.0227545324645132,
 -0.0134813602022555, -0.0228268918672934,
 -0.0134460899468375, -0.0226379751197288,
 -0.0134395799153333, -0.0221811267619625,
 -0.0134038325616792, -0.0215121091600639,
 -0.0133232682296844, -0.0206496797532783,
 -0.0131285722079465, -0.0196721224476267,
 -0.0128130062440688, -0.0186003125160123,
 -0.0123024495561048, -0.0175246042430115,
 -0.0115563632761702, -0.0165013664439077,
 -0.0105407952295853, -0.0155819192085131,
 -0.0093298739700844, -0.0147113970083584,
 -0.0079925414284713, -0.0138391691505342,
 -0.0065986866499698, -0.0129125254606914,
 -0.0051817906320289, -0.0119160897180222,
 -0.0038301460905225, -0.0107802010775439,
 -0.0025729764185237, -0.0094941635283084,
 -0.0014454567875149, -0.0080411443805000,
 -0.0003977166340780, -0.0064875033792495,
  0.0005967147467722, -0.0048730613369050,
  0.0016090270137647, -0.0032807430099529,
  0.0026632028045747, -0.0017452798476371,
  0.0038087512750307, -0.0003248736496323,
  0.0050569053006418,  0.0009636499178671,
  0.0063981541980617,  0.0021244782496928,
  0.0077570247390218,  0.0032232696199249,
  0.0090910918508250,  0.0042872343692491,
  0.0103259729344911,  0.0053720340655544,
  0.0114681391691554,  0.0064493072040783,
  0.0124588777264578,  0.0075524509183061,
  0.0132896493043817,  0.0086618956486143,
  0.0139633420475733,  0.0097471800656908,
  0.0145033851137247,  0.0107608837154255,
  0.0149118392423339,  0.0116810315062373,
  0.0152099346105862,  0.0124710441655167,
  0.0153776178268137,  0.0131417176204365,
  0.0155259745292361,  0.0135800117234993,
  0.0157407530622652,  0.0137057891439595,
  0.0161004608210750,  0.0134527269261046,
  0.0165789934791320,  0.0128665108836009,
  0.0170986327262531,  0.0120511334405623,
  0.0175784415994454,  0.0111169934181687,
  0.0179866095629354,  0.0101258821058927,
  0.0182328120609188,  0.0091975753010053,
  0.0182783892257053,  0.0083971650520556,
  0.0180775712175902,  0.0077921526779397,
  0.0176591246211495,  0.0073709195330484,
  0.0170096473589428,  0.0071596787599112,
  0.0161594032793437,  0.0071357124505925,
  0.0151331791087113,  0.0072773054453349,
  0.0139944189843491,  0.0075231701995337,
  0.0127895860495572,  0.0078307662350736,
  0.0115710906760346,  0.0081531236660634,
  0.0103427122486467,  0.0084925763894454,
  0.0091528596743857,  0.0088069584830325,
  0.0080006691582014,  0.0091038908531717,
  0.0069024079962382,  0.0093736988047553,
  0.0058546201992669,  0.0096244361764685,
  0.0048780140509785,  0.0098367900263754,
  0.0039796946185129,  0.0100023471690046,
  0.0032089066675114,  0.0100687405777626,
  0.0025744188767356,  0.0100235557170223,
  0.0020928507269624,  0.0098470557975767,
  0.0017395202107919,  0.0095618954187760,
  0.0014978063537814,  0.0091828741241961,
  0.0012953718656131,  0.0087811647037192,
  0.0010997256706255,  0.0083910281522192,
  0.0008860166526017,  0.0080423810116560,
  0.0006675431302412,  0.0077279412581401,
  0.0004385026401536,  0.0074598846007071,
  0.0002316122013173,  0.0072129122893142,
  0.0000343866658874,  0.0070066551947357,
 -0.0001672877116584,  0.0068590834885153,
 -0.0004273693308542,  0.0068229377929641,
 -0.0007536014783643,  0.0068991401896429,
 -0.0011222880496977,  0.0070516784267863,
 -0.0014312424568910,  0.0071613083750320,
 -0.0016264274379488,  0.0071544099461263,
 -0.0016744788550584,  0.0069772912476134,
 -0.0015641064096749,  0.0065994008910328,
 -0.0012631534856243,  0.0059721399036667,
 -0.0007762629417758,  0.0050883654654229,
 -0.0001180757714957,  0.0039566671289093,
  0.0006091578354131,  0.0026797672019225,
  0.0013038491123920,  0.0013657615085239,
  0.0018521275830550,  0.0001394682027826,
  0.0021892627159843, -0.0009205299549746,
  0.0022341155286752, -0.0017166164457473,
  0.0019750440938783, -0.0022182014234974,
  0.0014511598750964, -0.0024435353277448,
  0.0007660725661326, -0.0024751522417008,
  0.0000008562597225, -0.0023747214892105,
 -0.0007506188552184, -0.0022190454590803,
 -0.0014325323048638, -0.0020489757849872,
 -0.0019700824994187, -0.0019282787831040,
 -0.0023448895314512, -0.0018705650347770,
 -0.0025524060570599, -0.0018818161823161,
 -0.0026063982825077, -0.0019544391610706,
 -0.0024959601623391, -0.0021101534211549,
 -0.0022515307935441, -0.0023331028294055,
 -0.0019070381495982, -0.0026056903183947,
 -0.0015370498659762, -0.0028702574146104,
 -0.0011848215281297, -0.0031005929980972,
 -0.0009087002428747, -0.0032539401359362,
 -0.0007262090036009, -0.0033270404894531,
 -0.0006581162010338, -0.0033134282294358,
 -0.0006927627813979, -0.0032383439872331,
 -0.0008149805167470, -0.0031273811459062,
 -0.0009813569314970, -0.0030306723679261,
 -0.0011894407624020, -0.0029542725683700,
 -0.0014294954437105, -0.0029081219769301,
 -0.0017277235923404, -0.0028611511901802,
 -0.0021019289340722, -0.0027857159932286,
 -0.0025956714613612, -0.0026248851669423,
 -0.0032180142143760, -0.0023540286462543,
 -0.0039743875164847, -0.0019519030692037,
 -0.0048321423584069, -0.0014376620536448,
 -0.0057791077043558, -0.0008133060409337,
 -0.0067764170969993, -0.0001106615619647,
 -0.0077903579750475,  0.0006408542085813,
 -0.0087327555131802,  0.0013538304842235,
 -0.0095176454954436,  0.0019394010924749,
 -0.0100737602598264,  0.0023216333458613,
 -0.0103818753829121,  0.0024779625114436,
 -0.0104288778936844,  0.0023939849310411,
 -0.0102402783835450,  0.0020939624475633,
 -0.0098134179615451,  0.0015728008485443,
 -0.0091630822601598,  0.0008430366772914,
 -0.0082822545022404, -0.0001040715568633,
 -0.0072034067924707, -0.0012381275235368,
 -0.0059790054793000, -0.0025097980812318,
 -0.0047096568988546, -0.0038225780007472,
 -0.0034974296899608, -0.0050789867723379,
 -0.0024568383655942, -0.0061684589295601,
 -0.0016720832197363, -0.0070097840499922,
 -0.0012201974085693, -0.0075283455091343,
 -0.0010975176593917, -0.0077295552874261,
 -0.0012763732194451, -0.0076405861648842,
 -0.0016857958397018, -0.0073285366865605,
 -0.0022744983986806, -0.0068372239291920,
 -0.0029729154214457, -0.0062258241138282,
 -0.0037047088805983, -0.0055586063655872,
 -0.0043715648204981, -0.0049211086280017,
 -0.0049242805617675, -0.0043494752838321,
 -0.0053299849116596, -0.0038651185187172,
 -0.0055880841969576, -0.0034607908614671,
 -0.0056841014747501, -0.0031476626131966,
 -0.0056108106480806, -0.0029341572838425,
 -0.0053353635839998, -0.0028585030860491,
 -0.0048465841608057, -0.0029397285417354,
 -0.0041277884897721, -0.0032025228804685,
 -0.0031851856381031, -0.0036475888090307,
 -0.0020237832022944, -0.0042764499576220,
 -0.0006921519174690, -0.0050465018950921,
  0.0007513432307499, -0.0059036586358313,
  0.0022132038799051, -0.0067570382101972,
  0.0035913888028868, -0.0075067704553428,
  0.0047464300156107, -0.0080157220297785,
  0.0055797912014197, -0.0081880299270770,
  0.0060333044532925, -0.0079682592316649,
  0.0061271087466409, -0.0073792561273582,
  0.0059080179151937, -0.0064704455837688,
  0.0054323272897843, -0.0053010332725475,
  0.0047476934943836, -0.0039218605872501,
  0.0039350772282652, -0.0024172097150993,
  0.0030747034274090, -0.0008716307567040,
  0.0022709221461420,  0.0006039224917540,
  0.0015972153816190,  0.0019276983294278,
  0.0011159381005928,  0.0030285443809374,
  0.0008484591498491,  0.0038767472727180,
  0.0008088889414804,  0.0044509279739204,
  0.0009845137746734,  0.0047579376380369,
  0.0013602800043964,  0.0048090563742272,
  0.0018906156119547,  0.0046494397181847,
  0.0025286366062684,  0.0043283111932772,
  0.0032053570662987,  0.0039176540285729,
  0.0038886312512236,  0.0034520888510924,
  0.0045615654997582,  0.0029510999587293,
  0.0052343783602511,  0.0024069643236439,
  0.0059114571467062,  0.0018168518905782,
  0.0066007287170631,  0.0011736616772669,
  0.0072836951577005,  0.0004971561749832,
  0.0079436705991833, -0.0001939503509329,
  0.0085195022198697, -0.0008358709124149,
  0.0089498993879159, -0.0013642009552820,
  0.0091782811160426, -0.0017185093277403,
  0.0091899085884100, -0.0018798251140053,
  0.0089726346603213, -0.0018320651351528,
  0.0085437551643442, -0.0015894137542834,
  0.0079366837866604, -0.0011827109682268,
  0.0072125344489814, -0.0006709688812761,
  0.0064182815735773, -0.0000995631374447,
  0.0056107914895738,  0.0004762538927715,
  0.0048316430166381,  0.0010179489273792,
  0.0041382920025959,  0.0014735633161772,
  0.0035655353093760,  0.0018168689344218,
  0.0031439194090394,  0.0020287238595889,
  0.0028910055509387,  0.0021050981367081,
  0.0028313819933448,  0.0020363264782537,
  0.0029719599707337,  0.0018315834761702,
  0.0033181736315157,  0.0015017595318274,
  0.0038336227272736,  0.0010980922377588,
  0.0044657279247476,  0.0006850397002151,
  0.0051317136189777,  0.0003538321986521,
  0.0057552744992331,  0.0001848312772857,
  0.0062539497228471,  0.0002591669759090,
  0.0065719127193684,  0.0006259670843465,
  0.0066743805054546,  0.0013090266513876,
  0.0065718838267641,  0.0022836047764836,
  0.0062970626867205,  0.0035009188154868,
  0.0059250833908272,  0.0048695944025038,
  0.0055355714333156,  0.0062957290986891,
  0.0052202458173300,  0.0076753291763640,
  0.0050453125258967,  0.0089310449813666,
  0.0050586172328150,  0.0100047662806679,
  0.0052731755228292,  0.0108742142836121,
  0.0056868223298574,  0.0115323677475441,
  0.0062803936155664,  0.0119884153684328,
  0.0070400019638103,  0.0122452394233893,
  0.0079285975904172,  0.0123283871553742,
  0.0089108865908116,  0.0122617870856836,
  0.0099487215579534,  0.0120731891518505,
  0.0110204122160017,  0.0117755918089920,
  0.0120785277341811,  0.0114102692097922,
  0.0130814969506657,  0.0110156298213084,
  0.0139933932656449,  0.0106273133079122,
  0.0147938659179361,  0.0102674005023658,
  0.0154500701548876,  0.0099718152110793,
  0.0159327960794901,  0.0097736398170103,
  0.0162157508203583,  0.0097032071475195,
  0.0162967814237338,  0.0097662032542069,
  0.0161739131045019,  0.0099677588686590,
  0.0158636429816996,  0.0102944602723142,
  0.0153821809146718,  0.0107328274610536,
  0.0147624313488775,  0.0112513863017423,
  0.0140452046462109,  0.0118093712251980,
  0.0132886286241850,  0.0123474357356639,
  0.0125387276837289,  0.0128168488510934,
  0.0118463865878831,  0.0131627807825221,
  0.0112588192976256,  0.0133344132556040,
  0.0108178044340141,  0.0132879596950389,
  0.0105164628884216,  0.0130305006916317,
  0.0103301201844346,  0.0125899361149782,
  0.0102134568347822,  0.0120185757901636,
  0.0101168958387230,  0.0113758269632820,
  0.0099800179703300,  0.0107334469946924,
  0.0097483275840646,  0.0101580159528864,
  0.0093709174547281,  0.0097124781370184,
  0.0088335887285751,  0.0094213998974560,
  0.0081387822255453,  0.0092895730658972,
  0.0073119826806584,  0.0092950181919821,
  0.0063794790049350,  0.0094116988715759,
  0.0053840763583114,  0.0095942125311546,
  0.0043665387308609,  0.0097969881006202,
  0.0033691082310601,  0.0099717990938499,
  0.0024162369917368,  0.0100884104577843,
  0.0015318930303442,  0.0101185026705229,
  0.0007792767126468,  0.0099988398463024,
  0.0001775376801156,  0.0097143908205700,
 -0.0002759204695130,  0.0092735840515407,
 -0.0005980015259934,  0.0087002549746425,
 -0.0008309839684307,  0.0080446054597858,
 -0.0010157536298869,  0.0073560757408436,
 -0.0011733492359006,  0.0066634876764918,
 -0.0013137387517984,  0.0059824720448862,
 -0.0014688241232242,  0.0053491984173754,
 -0.0016550541765144,  0.0047836547797193,
 -0.0018796714987466,  0.0042956844570498,
 -0.0021277984533377,  0.0038715705564371,
 -0.0023798450207891,  0.0034912127975732,
 -0.0026098565591222,  0.0031265986027450,
 -0.0028021887643954,  0.0027590952040410,
 -0.0029447342522030,  0.0023733292390684,
 -0.0030468046114660,  0.0019760525047164,
 -0.0031264768897551,  0.0015843836739769,
 -0.0031988909700375,  0.0012141206387619,
 -0.0032698366587256,  0.0008725688460909,
 -0.0033487492064501,  0.0005711967233770,
 -0.0034297590463208,  0.0003060738647556,
 -0.0034926323816658,  0.0000577255632791,
 -0.0035129204810485, -0.0001994309351040,
 -0.0034850268750132, -0.0004733793074007,
 -0.0034186284755217, -0.0007568844363342,
 -0.0033258294804879, -0.0010396974093199,
 -0.0032101255634687, -0.0013199457882531,
 -0.0030906220040810, -0.0015796347253960,
 -0.0029814111880660, -0.0018049536614612,
 -0.0028955820607639, -0.0019824191681893,
 -0.0028481899671682, -0.0020958548605199,
 -0.0028505541428250, -0.0021320079993249,
 -0.0028963747615542, -0.0020951431509534,
 -0.0029839483437002, -0.0019850812175991,
 -0.0030994044600261, -0.0018141367457679,
 -0.0032241795140404, -0.0016000804776822,
 -0.0033387532310333, -0.0013625702333856,
 -0.0034247359338576, -0.0011209832394626,
 -0.0034570133839921, -0.0009025827333587,
 -0.0034201098953427, -0.0007261063169142,
 -0.0032991445575031, -0.0006106619860840,
 -0.0030878529943516, -0.0005675384556623,
 -0.0027874632035178, -0.0006010313718251,
 -0.0024120374353980, -0.0007025477476330,
 -0.0019814981265958, -0.0008571637679359,
 -0.0015349620097415, -0.0010294780937616,
 -0.0011067935171881, -0.0011871721128480,
 -0.0007224550933095, -0.0013055956018200,
 -0.0003969908645380, -0.0013698892155434,
 -0.0001414159213403, -0.0013688134377725,
  0.0000439870709696, -0.0013017223145013,
  0.0001620198435706, -0.0011710340262942,
  0.0002240323112719, -0.0009878585934882,
  0.0002416188737802, -0.0007637135754140,
  0.0002315508055748, -0.0005155343227419,
  0.0002075404871996, -0.0002573900250951,
  0.0001853182006917, -0.0000055881169226,
  0.0001750267883609,  0.0002290120160254,
  0.0001868619587690,  0.0004353508160256,
  0.0002243455288351,  0.0006089843608410,
  0.0002906141904528,  0.0007457889197727,
  0.0003825001106399,  0.0008479647199280,
  0.0004972764547247,  0.0009172768411649,
  0.0006272603321251,  0.0009605272588816,
  0.0007666834851150,  0.0009826612845330,
  0.0009064693170687,  0.0009920551681668,
  0.0010409054307328,  0.0009938111828969,
  0.0011623154631629,  0.0009951402557764,
  0.0012673246914889,  0.0009990549410112,
  0.0013512905202537,  0.0010099839954063,
  0.0014141066788123,  0.0010279188661187,
  0.0014544060259735,  0.0010542481938900,
  0.0014749809673600,  0.0010862823809574,
  0.0014768771942218,  0.0011231921314287,
  0.0014645799387181,  0.0011607646258976,
  0.0014401545853362,  0.0011972935513448,
  0.0014083525181957,  0.0012284165280252,
  0.0013709300282921,  0.0012528283753010,
  0.0013317806003596,  0.0012670956424000,
  0.0012915018604718,  0.0012711254143714,
  0.0012525923284398,  0.0012629201880816,
  0.0012142675784583,  0.0012438014939247,
  0.0011776972313781,  0.0012131289957600,
  0.0011410204027403,  0.0011733278226736,
  0.0011045616626719,  0.0011246315983464,
  0.0010659742700992,  0.0010699830828338,
  0.0010253673197808,  0.0010098668732018,
  0.0009805123251449,  0.0009471458228593,
  0.0009318316912223,  0.0008820315359664,
  0.0008776298913405,  0.0008168939516776,
  0.0008189233006549,  0.0007513886761623,
  0.0007546881136140,  0.0006872471506865,
  0.0006865404456118,  0.0006235519430329,
  0.0006140177753517,  0.0005614911609676,
  0.0005391369199601,  0.0004997548642105,
  0.0004617378236774,  0.0004392258923934,
  0.0003839521757398,  0.0003784657216685,
  0.0003056372902146,  0.0003183150594747,
  0.0002287817275888,  0.0002574437827407,
  0.0001530467188392,  0.0001968446803527,
  0.0000801223728831,  0.0001354345029622,
  0.0000093804376196,  0.0000744374368229,
 -0.0000578186030054,  0.0000130370944503,
 -0.0001223693041927, -0.0000473424857068,
 -0.0001831723011337, -0.0001073251411989,
 -0.0002412889011202, -0.0001653901646111,
 -0.0002957627136567, -0.0002220889116645,
 -0.0003476998182273, -0.0002759266830306,
 -0.0003961714423534, -0.0003274976430060,
 -0.0004422304520616, -0.0003754306533823,
 -0.0004849002475341, -0.0004204376450862,
 -0.0005251323324134, -0.0004613188519991,
 -0.0005618806300854, -0.0004989255348030,
 -0.0005959993937376, -0.0005322253515282,
 -0.0006263976334907, -0.0005621846633674,
 -0.0006538732770763, -0.0005878979849876,
 -0.0006773404214486, -0.0006103969778043,
 -0.0006975949484726, -0.0006288485757754,
 -0.0007136078397135, -0.0006442972401241,
 -0.0007262189006621, -0.0006559349415735,
 -0.0007344915656300, -0.0006647811287944,
 -0.0007393339283180, -0.0006700252919481,
 -0.0007399131622375, -0.0006726464979227,
 -0.0007372055659366, -0.0006718268496747,
 -0.0007304709258029, -0.0006685103318284,
 -0.0007207349478234, -0.0006618838935741,
 -0.0007073250199645, -0.0006528742750407,
 -0.0006912889007597, -0.0006406929783746,
 -0.0006719933265855, -0.0006262697706959,
 -0.0006504823069578, -0.0006088583220516,
 -0.0006261391868315, -0.0005894058931847,
 -0.0005999867970064, -0.0005672174857661,
 -0.0005714124231562, -0.0005432623396632,
 -0.0005414108855122, -0.0005168955706178,
 -0.0005093708544091, -0.0004891030708971,
 -0.0004762610810760, -0.0004592804243878,
 -0.0004414759291464, -0.0004284183449522,
 -0.0004059646314023, -0.0003959389849767,
 -0.0003691338496227, -0.0003628240912695,
 -0.0003319199602583, -0.0003285086921742,
 -0.0002937467966019, -0.0002939538139715,
 -0.0002555413932572, -0.0002585971152220,
 -0.0002167455915456, -0.0002233714937197,
 -0.0001782761724693, -0.0001877117524484,
 -0.0001395895024769, -0.0001525199460688,
 -0.0001015873690178, -0.0001172267915807,
 -0.0000637341614248, -0.0000827042955568,
 -0.0000269098921040, -0.0000483804593871,
  0.0000094205037762, -0.0000150996409228,
  0.0000444055277380,  0.0000177108491739,
  0.0000785862178172,  0.0000492321020905,
  0.0001111446537572,  0.0000800363375020,
  0.0001426321782800,  0.0001093292330593,
  0.0001722670624153,  0.0001376829512861,
  0.0002006127771391,  0.0001643285080380,
  0.0002269240442843,  0.0001898398777917,
  0.0002517762251671,  0.0002134753382091,
  0.0002744591029199,  0.0002358133204794,
  0.0002955584925898,  0.0002561416361818,
  0.0003143971214529,  0.0002750457235271,
  0.0003315695133100,  0.0002918447174860,
  0.0003464292801216,  0.0003071327975048,
  0.0003595782285098,  0.0003202611668715,
  0.0003703992914487,  0.0003318332914324,
  0.0003795006911648,  0.0003412319669393,
  0.0003862936648872,  0.0003490693119940,
  0.0003913924305347,  0.0003547581890994,
  0.0003942358222874,  0.0003589178529091,
  0.0003954437607787,  0.0003609890355725,
  0.0003944819199839,  0.0003615961464141,
  0.0003919754006394,  0.0003602053365785,
  0.0003874155907101,  0.0003574441073735,
  0.0003814317647787,  0.0003528016473304,
  0.0003735393580185,  0.0003469066510614,
  0.0003643702459561,  0.0003392691924695,
  0.0003534617076259,  0.0003305175022509,
  0.0003414461627086,  0.0003201806200557,
  0.0003278801400947,  0.0003088848394122,
  0.0003133942537490,  0.0002961763779631,
  0.0002975615133762,  0.0002826781782268,
  0.0002810083056793,  0.0002679518492809,
  0.0002633213870076,  0.0002526155076254,
  0.0002451206085912,  0.0002362442703975,
  0.0002260039245258,  0.0002194498254043,
  0.0002065825665529,  0.0002018187869730,
  0.0001864633930082,  0.0001839546897636,
  0.0001662471886156,  0.0001654535462319,
  0.0001455476776403,  0.0001469089589548,
  0.0001249536017402,  0.0001279242388553,
  0.0001040837264121,  0.0001090813227298,
  0.0000835133362560,  0.0000899888229621,
  0.0000628645772563,  0.0000712154214543,
  0.0000426980018399,  0.0000523732265883,
  0.0000226376075492,  0.0000340162947925,
  0.0000032280603718,  0.0000157586724988,
 -0.0000159061908122, -0.0000018613241717,
 -0.0000342373885357, -0.0000192290022449,
 -0.0000521418805764, -0.0000358226421318,
 -0.0000691096750952, -0.0000520279398086,
 -0.0000855189741212, -0.0000673403898309,
 -0.0001008782036007, -0.0000821468826194,
 -0.0001155682490008, -0.0000959605341635,
 -0.0001291163681756, -0.0001091700325556,
 -0.0001419067052361, -0.0001213063368158,
 -0.0001534855093226, -0.0001327603537783,
 -0.0001642404974475, -0.0001430809360149,
 -0.0001737368171487, -0.0001526614572908,
 -0.0001823658229810, -0.0001610685475578,
 -0.0001897112344449, -0.0001686981236071,
 -0.0001961678832929, -0.0001751343083166,
 -0.0002013375295656, -0.0001807754632427,
 -0.0002056181277716, -0.0001852227498407,
 -0.0002086287735413, -0.0001888767023646,
 -0.0002107700265030, -0.0001913549002102,
 -0.0002116774685757, -0.0001930596119774,
 -0.0002117536106751, -0.0001936240596740,
 -0.0002106495517920, -0.0001934516574644,
 -0.0002087689862287, -0.0001921903595854,
 -0.0002057774608932, -0.0001902440095644,
 -0.0002020789900064, -0.0001872742739173,
 -0.0001973524167691, -0.0001836846092189,
 -0.0001920011335130, -0.0001791492928836,
 -0.0001857160630454, -0.0001740705064609,
 -0.0001788989738624, -0.0001681339831959,
 -0.0001712516057903, -0.0001617396965399,
 -0.0001631730618527, -0.0001545836520697,
 -0.0001543746119891, -0.0001470626607700,
 -0.0001452516351472, -0.0001388818105614,
 -0.0001355236436109, -0.0001304337946965,
 -0.0001255812406716, -0.0001214316058300,
 -0.0001151509162966, -0.0001122628810205,
 -0.0001046174772472, -0.0001026473690495,
 -0.0000937131724755, -0.0000929667450466,
 -0.0000828160438679, -0.0000829464095930,
 -0.0000716629469931, -0.0000729612178095,
 -0.0000606242618882, -0.0000627411765465,
 -0.0000494403817403, -0.0000526535247494,
 -0.0000384732144581, -0.0000424319026244,
 -0.0000274657187080, -0.0000324352121197,
 -0.0000167706185546, -0.0000223998392845,
 -0.0000061325730679, -0.0000126757157018,
  0.0000041054819016, -0.0000030011822702,
  0.0000141979375190,  0.0000062833355851,
  0.0000238121369359,  0.0000154382277180,
  0.0000332021526968,  0.0000241330054506,
  0.0000420459800783,  0.0000326273634293,
  0.0000505978816131,  0.0000406010702976,
  0.0000585467579984,  0.0000483135846445,
  0.0000661474466539,  0.0000554551409867,
  0.0000730998868751,  0.0000622853055081,
  0.0000796597529095,  0.0000685048757265,
  0.0000855380373980,  0.0000743737554048,
  0.0000909913931632,  0.0000796032936045,
  0.0000957417662393,  0.0000844538518514,
  0.0001000468144087,  0.0000886472154011,
  0.0001036392282626,  0.0000924442194956,
  0.0001067775884382,  0.0000955768725830,
  0.0001092050201190,  0.0000983064022988,
  0.0001111808449111,  0.0001003747371491,
  0.0001124582209757,  0.0001020433267250,
  0.0001132969394931,  0.0001030636349674,
  0.0001134597091948,  0.0001036970830760,
  0.0001132064413894,  0.0001037042139372,
  0.0001123088440391,  0.0001033461002258,
  0.0001110265333705,  0.0001023918458974,
  0.0001091396088152,  0.0001011017960781,
  0.0001069069233041,  0.0000992530476861,
  0.0001041163163884,  0.0000971047918581,
  0.0001010253694332,  0.0000944415117629,
  0.0000974289800685,  0.0000915207825114,
  0.0000935829226625,  0.0000881338400520,
  0.0000892884529309,  0.0000845361577427,
  0.0000847989882959,  0.0000805250758776,
  0.0000799214370140,  0.0000763534683699,
  0.0000749063073071,  0.0000718241279540,
  0.0000695654607618,  0.0000671868307391,
  0.0000641459534597,  0.0000622491774757,
  0.0000584639186518,  0.0000572573581029,
  0.0000527624375096,  0.0000520231546700,
  0.0000468612611921,  0.0000467887024195,
  0.0000409990032933,  0.0000413693650328,
  0.0000349984164033,  0.0000360027832805,
  0.0000290931928337,  0.0000305073382132,
  0.0000231085156321,  0.0000251157729715,
  0.0000172727487470,  0.0000196489643932,
  0.0000114129871933,  0.0000143343982094,
  0.0000057519124629,  0.0000089949742796,
  0.0000001180711776,  0.0000038526101160,
 -0.0000052718337211, -0.0000012681903954,
 -0.0000105882019522, -0.0000061513354055,
 -0.0000156205435873, -0.0000109710784921,
 -0.0000205385373225, -0.0000155173543842,
 -0.0000251380767991, -0.0000199634755887,
 -0.0000295883854518, -0.0000241055458490,
 -0.0000336918462078, -0.0000281161767515,
 -0.0000376174258730, -0.0000317977242720,
 -0.0000411740378585, -0.0000353222777954,
 -0.0000445305248165, -0.0000384984699502,
 -0.0000475023088352, -0.0000414979862229,
 -0.0000502581768492, -0.0000441357030319,
 -0.0000526199774316, -0.0000465829619277,
 -0.0000547564493539, -0.0000486607954903,
 -0.0000564957286968, -0.0000505402059782,
 -0.0000580064568472, -0.0000520482431728,
 -0.0000591228661181, -0.0000533555232444,
 -0.0000600133994269, -0.0000542949270983,
 -0.0000605181469836, -0.0000550365911869,
 -0.0000608052058878, -0.0000554189992310,
 -0.0000607202447048, -0.0000556116727088,
 -0.0000604308272564, -0.0000554584330462,
 -0.0000597878860505, -0.0000551280155518,
 -0.0000589582306111, -0.0000544692832787,
 -0.0000577977147718, -0.0000536499842610,
 -0.0000564721459985, -0.0000525237022577,
 -0.0000548419354901, -0.0000512569732640,
 -0.0000530716210918, -0.0000497077622559,
 -0.0000510257929777, -0.0000480411511096,
 -0.0000488674389311, -0.0000461191342707,
 -0.0000464649421158, -0.0000441050864157,
 -0.0000439794537146, -0.0000418646736800,
 -0.0000412827629320, -0.0000395593056321,
 -0.0000385338982371, -0.0000370579623127,
 -0.0000356076732796, -0.0000345198313716,
 -0.0000326607142800, -0.0000318168546971,
 -0.0000295704889952, -0.0000291057478850,
 -0.0000264909541353, -0.0000262610736808,
 -0.0000233018778857, -0.0000234368373161,
 -0.0000201542976101, -0.0000205098973422,
 -0.0000169299497273, -0.0000176313267810,
 -0.0000137767243928, -0.0000146799752171,
 -0.0000105780197419, -0.0000118037821648,
 -0.0000074783767198, -0.0000088833074944,
 -0.0000043625778517, -0.0000060631799303,
 -0.0000013716419229, -0.0000032254160312,
  0.0000016085094840, -0.0000005111832946,
  0.0000044405211686,  0.0000021962690096,
  0.0000072375437461,  0.0000047593560323,
  0.0000098659937580,  0.0000072937883409,
  0.0000124382698449,  0.0000096656546388,
  0.0000148246341509,  0.0000119897853019,
  0.0000171368730966,  0.0000141360021214,
  0.0000192491336750,  0.0000162183821808,
  0.0000212726938155,  0.0000181105083184,
  0.0000230855903398,  0.0000199257982767,
  0.0000247986610855,  0.0000215415927220,
  0.0000262938043940,  0.0000230707117747,
  0.0000276814523827,  0.0000243942205018,
  0.0000288473048743,  0.0000256243721519,
  0.0000299013904574,  0.0000266458940435,
  0.0000307331207393,  0.0000275704740882,
  0.0000314520931279,  0.0000282864129437,
  0.0000319513141905,  0.0000289048076973,
  0.0000323398954109,  0.0000293174190308,
  0.0000325142972709,  0.0000296347032616,
  0.0000325830665922,  0.0000297517460793,
  0.0000324459557242,  0.0000297782914994,
  0.0000322108474624,  0.0000296125964763,
  0.0000317806064220,  0.0000293636027128,
  0.0000312623349411,  0.0000289325691342,
  0.0000305618163526,  0.0000284275299165,
  0.0000297852427175,  0.0000277525644223,
  0.0000288411122763,  0.0000270146822569,
  0.0000278345673280,  0.0000261205928203,
  0.0000266766106435,  0.0000251761556784,
  0.0000254711893038,  0.0000240905143759,
  0.0000241315973004,  0.0000229682479164,
  0.0000227604386708,  0.0000217207359128,
  0.0000212730858925,  0.0000204511445068,
  0.0000197706532102,  0.0000190728923065,
  0.0000181703827546,  0.0000176876016426,
  0.0000165717565386,  0.0000162105370613,
  0.0000148936845030,  0.0000147416504125,
  0.0000132338812767,  0.0000131978659308,
  0.0000115127325675,  0.0000116773452804,
  0.0000098260604275,  0.0000100984954703,
  0.0000080955465772,  0.0000085575776438,
  0.0000064150076003,  0.0000069743162420,
  0.0000047072559087,  0.0000054429730198,
  0.0000030640040060,  0.0000038844379910,
  0.0000014090458795,  0.0000023908878868,
 -0.0000001680927762,  0.0000008842414913,
 -0.0000017427679181, -0.0000005454804738,
 -0.0000032277062911, -0.0000019754509768,
 -0.0000046975267197, -0.0000033178605787,
 -0.0000060672560957, -0.0000046490773789,
 -0.0000074108698228, -0.0000058835420731,
 -0.0000086457242804, -0.0000070969036126,
 -0.0000098452257163, -0.0000082058749025,
 -0.0000109290709038, -0.0000092854536403,
 -0.0000119701518805, -0.0000102546302187,
 -0.0000128904985679, -0.0000111878013119,
 -0.0000137625248897, -0.0000120062235823,
 -0.0000145105691312, -0.0000127837257168,
 -0.0000152065851349, -0.0000134438035347,
 -0.0000157771781430, -0.0000140597343354,
 -0.0000162938429540, -0.0000145572109558,
 -0.0000166853949185, -0.0000150089604820,
