f,amplitude_1,amplitude_2
0,0.000996607564558564,0.000852007794280929
0.105354091561842,0.00191056546649237,0.00270686786118609
0.210708183123684,0.00160273465368999,0.00308749955300911
0.316062274685526,0.00107116008691608,0.0020080518786698
0.421416366247368,0.000516802103237432,0.00066223125946264
0.526770457809209,0.000157980022313514,0.000285921627965368
0.632124549371051,2.80050970054621e-05,0.000170179539516717
0.737478640932893,1.49261067322325e-05,2.0409060131049e-05
0.842832732494735,5.85091818536728e-06,2.42101024435871e-05
0.948186824056577,1.45058299152908e-05,4.69253148048225e-05
1.05354091561842,1.73789972047445e-05,8.50638005883462e-05
1.15889500718026,2.03354736333254e-05,7.79648047417377e-05
1.2642490987421,3.47286468378188e-05,0.000212753312415649
1.36960319030394,4.55116696736967e-05,0.00039126385257796
1.47495728186579,3.39778182549895e-05,0.000363976811113473
1.58031137342763,2.02948909398886e-05,0.000140638383857096
1.68566546498947,1.24788822167082e-05,0.000111019489956879
1.79101955655131,1.8670534851072e-05,8.09287408856261e-05
1.89637364811315,0.000111373785723011,6.8709579289443e-05
2.001727739675,3.60681394305973e-05,1.63911373249299e-05
2.10708183123684,1.80966760450383e-05,2.7703126362548e-06
2.21243592279868,9.9485821844383e-06,6.35989346271207e-06
2.31779001436052,3.16050396828916e-06,1.11922985668125e-05
2.42314410592236,5.54825095168371e-06,8.68772040032514e-06
2.5284981974842,4.47466444326875e-06,6.75438443217703e-06
2.63385228904605,5.73313724607343e-06,5.92802666131928e-06
2.73920638060789,6.89549712328458e-06,7.07409022596196e-06
2.84456047216973,7.72155701059701e-06,7.88862329482033e-06
2.94991456373157,1.44710136460438e-05,1.12388583543213e-05
3.05526865529341,2.10834537355386e-05,1.52876615548803e-05
3.16062274685526,8.51404386806098e-05,7.28390392808855e-05
3.2659768384171,1.14087356676598e-05,1.35185529503825e-05
3.37133092997894,6.2238193893434e-06,1.09027137204231e-05
3.47668502154078,3.11427883301962e-06,8.15773398618979e-06
3.58203911310262,5.10856773284916e-07,5.7013989155731e-06
3.68739320466447,1.42887513809537e-06,3.76511300399453e-06
3.79274729622631,1.17032990141993e-06,1.44208623508903e-06
3.89810138778815,1.47410826095127e-06,8.05424991898286e-07
4.00345547934999,1.24049953455383e-06,1.56632863206844e-06
4.10880957091183,1.10660356516906e-06,1.78254957633396e-06
4.21416366247368,1.0205422597012e-06,1.78961375428033e-06
4.31951775403552,8.93622973301437e-07,1.96975843309277e-06
4.42487184559736,6.50339169254251e-07,2.39351922343524e-06
4.5302259371592,5.94419174619244e-07,2.74854100441759e-06
4.63558002872104,6.60142342215519e-07,3.06049552117316e-06
4.74093412028288,8.92613669229308e-07,3.21176609603001e-06
4.84628821184473,1.32249018497054e-06,3.96596280012531e-06
4.95164230340657,3.5087776631007e-06,7.59491784169522e-06
5.05699639496841,4.96746722500744e-06,6.00635389296136e-06
5.16235048653025,1.47130640068245e-06,2.88614515849577e-06
5.26770457809209,8.10487263427385e-07,1.22688955399166e-06
5.37305866965394,7.78914860542937e-07,1.313435551763e-06
5.47841276121578,4.22513203797355e-07,9.97777303059907e-07
5.58376685277762,5.17443740457135e-07,1.22350593093906e-06
5.68912094433946,5.50891515826914e-07,9.93191854556193e-07
5.7944750359013,5.17375330259854e-07,1.1000256233335e-06
5.89982912746315,6.76530842084249e-07,9.58615531760022e-07
6.00518321902499,5.81329638321579e-07,1.07789521792756e-06
6.11053731058683,5.0349468960579e-07,1.20358944573931e-06
6.21589140214867,6.42712307524456e-07,1.32034891461794e-06
6.32124549371051,2.27830001682521e-06,3.09222815115443e-06
6.42659958527235,2.90776355641088e-07,1.4167401594434e-06
6.5319536768342,3.47280258435787e-08,1.32562199959359e-06
6.63730776839604,3.69860711802865e-07,1.28446226012972e-06
6.74266185995788,2.61216931669426e-07,1.38707185454815e-06
6.84801595151972,8.0249400568573e-07,1.28247910783112e-06
6.95337004308156,4.97340509999134e-07,9.86858370764069e-07
7.05872413464341,1.04343942929592e-06,1.18939885351391e-06
7.16407822620525,1.07349252264629e-06,1.00830025017283e-06
7.26943231776709,2.17746947119771e-06,1.57492871294308e-06
7.37478640932893,4.03249499898033e-06,2.69277061151139e-06
7.48014050089077,3.3182223790451e-06,3.02594137333639e-06
7.58549459245261,9.8088614671154e-07,1.44967168220241e-06
7.69084868401446,3.03187895969715e-07,9.28349408324352e-07
7.7962027755763,3.30145424164126e-07,7.25611909653667e-07
7.90155686713814,4.04161029729811e-07,6.59771404131379e-07
8.00691095869998,5.21856060262036e-07,6.73471706295186e-07
8.11226505026183,5.5255108326354e-07,6.44627897552617e-07
8.21761914182367,5.77520407925836e-07,6.78065102362447e-07
8.32297323338551,5.28291774089322e-07,6.11370664479344e-07
8.42832732494735,5.53087701804454e-07,6.36831781072795e-07
8.53368141650919,4.8804442639036e-07,6.17754399721112e-07
8.63903550807103,4.77170026800529e-07,7.20447943750777e-07
8.74438959963287,3.92053238760411e-07,7.01897811442714e-07
8.84974369119472,3.83779037992236e-07,5.5214551204163e-07
8.95509778275656,2.93023932874796e-07,5.05960422462297e-07
9.0604518743184,2.19134529503898e-07,4.72844614454708e-07
9.16580596588024,1.62564477995302e-07,4.46531487537555e-07
9.27116005744208,1.25236669268409e-07,4.68153104458129e-07
9.37651414900393,1.19227650062364e-07,4.8395060772568e-07
9.48186824056577,1.74751298197244e-07,5.25560870662694e-07
9.58722233212761,2.55854006065729e-07,6.60156760272952e-07
9.69257642368945,4.17218440731021e-07,9.3823666603259e-07
9.7979305152513,1.51769984722557e-06,3.63139499342585e-06
9.90328460681314,1.36513034685639e-07,7.47951224855927e-07
10.008638698375,8.58116840316575e-08,6.1451161792572e-07
10.1139927899368,2.52207636861107e-07,8.58929922010772e-07
10.2193468814987,2.47031672810007e-07,6.42212040969462e-07
10.3247009730605,1.75429004746306e-07,6.90873018067465e-07
10.4300550646223,2.2501949863761e-07,7.28998538693895e-07
10.5354091561842,1.91391021133707e-07,7.27086686782181e-07
10.640763247746,1.98894978329886e-07,6.73380707704874e-07
10.7461173393079,1.59088093044435e-07,6.40419455716331e-07
10.8514714308697,1.67995703844485e-07,6.15251721636377e-07
10.9568255224316,1.18978429333435e-07,5.68161492678783e-07
11.0621796139934,1.90961796531771e-07,5.75741391766641e-07
11.1675337055552,2.10065896984914e-07,5.2331095754601e-07
11.2728877971171,3.52053454171959e-07,4.60168413549307e-07
11.3782418886789,2.15507902358903e-07,6.82650969067661e-07
11.4835959802408,2.51174396652192e-07,6.10287335596177e-07
11.5889500718026,3.67336416950933e-07,6.44797918481092e-07
11.6943041633644,6.15566977343884e-07,7.99515249499736e-07
11.7996582549263,1.46583804951206e-06,1.17457698298912e-06
11.9050123464881,2.96555511457221e-06,1.73444890986741e-06
12.01036643805,6.28679562050436e-07,5.1772159233462e-07
12.1157205296118,2.81191145244331e-07,5.11246466943262e-07
12.2210746211737,2.37313804108932e-07,5.29028695174799e-07
12.3264287127355,1.84908044349144e-07,5.28543249124565e-07
12.4317828042973,1.61431352680352e-07,5.09702163426232e-07
12.5371368958592,1.50529522039936e-07,4.91611487775602e-07
12.642490987421,1.34136390284581e-07,4.63978186795923e-07
12.7478450789829,1.17397882083839e-07,4.34586296413599e-07
12.8531991705447,9.88026279994072e-08,4.07885318666172e-07
12.9585532621066,7.96497616470224e-08,3.7988707509138e-07
13.0639073536684,5.70931251923832e-08,3.59946730624037e-07
13.1692614452302,1.55275037932458e-08,3.54107330454249e-07
13.2746155367921,6.30538330888284e-08,3.58278943013194e-07
13.3799696283539,1.62237857516155e-07,3.55601006471282e-07
13.4853237199158,5.63644185221104e-07,2.6010133456562e-07
13.5906778114776,1.67713879029131e-07,4.01301676306821e-07
13.6960319030394,1.30985396451765e-07,4.2769353002016e-07
13.8013859946013,8.39701646537272e-08,4.51303863078599e-07
13.9067400861631,1.92453566098415e-07,5.07051076113066e-07
14.012094177725,1.45297497549016e-07,4.31915892274697e-07
14.1174482692868,1.07294891261295e-07,4.40868430635941e-07
14.2228023608487,8.64061297533253e-08,4.24781660378719e-07
14.3281564524105,1.00712534705464e-07,4.13134934869143e-07
14.4335105439723,8.4387175631878e-08,3.93854553600001e-07
14.5388646355342,8.17927776120506e-08,3.72879283076143e-07
14.644218727096,8.11951257516169e-08,3.42992940102015e-07
14.7495728186579,4.7296980349331e-08,3.02446119371611e-07
14.8549269102197,3.95609069962927e-08,2.91897028018394e-07
14.9602810017815,6.40496959846641e-08,2.85695679368398e-07
15.0656350933434,2.00602293594931e-07,3.46717109635051e-07
15.1709891849052,5.70609096950654e-07,5.71987601198283e-07
15.2763432764671,6.87477814560048e-07,5.97671964440187e-07
15.3816973680289,4.35756868409772e-07,4.48705010335125e-07
15.4870514595908,2.92689318983363e-07,3.55979942001472e-07
15.5924055511526,2.13055720581294e-07,3.91140487357356e-07
15.6977596427144,1.35035553065948e-07,4.2639552933512e-07
15.8031137342763,1.3165718602514e-07,4.8483947248473e-07
15.9084678258381,2.18945108358349e-07,6.86484775787592e-07
16.0138219174,1.69292798868286e-07,2.79926182260257e-07
16.1191760089618,1.12846014045666e-07,3.37060131788656e-07
16.2245301005237,1.09336669714777e-07,3.27919258745205e-07
16.3298841920855,1.03108314512001e-07,3.55285370575251e-07
16.4352382836473,9.63096857019143e-08,3.27853971102282e-07
16.5405923752092,1.05722023748806e-07,3.15670298660599e-07
16.645946466771,1.24533403932548e-07,3.12469647448021e-07
16.7513005583329,1.35492347834842e-07,3.5451766566086e-07
16.8566546498947,3.01606914133311e-07,8.38357820915216e-07
16.9620087414565,2.65757267944136e-07,5.56648934600081e-07
17.0673628330184,1.03779350101684e-07,5.85657612974285e-07
17.1727169245802,6.37117628692181e-08,3.44406371016111e-07
17.2780710161421,6.63506099148854e-08,3.17461732677624e-07
17.3834251077039,8.26002677226445e-08,2.71161850726401e-07
17.4887791992658,8.2412037670901e-08,2.78552583286844e-07
17.5941332908276,8.49781753132924e-08,2.87308648727056e-07
17.6994873823894,8.25261541838934e-08,3.07343588850436e-07
17.8048414739513,8.06664243597658e-08,2.90303933587614e-07
17.9101955655131,7.293349785192e-08,3.02036897359737e-07
18.015549657075,8.33500534843788e-08,2.91459984133145e-07
18.1209037486368,1.18535709949833e-07,2.3661591926575e-07
18.2262578401986,8.91658618058218e-08,3.22085089768519e-07
18.3316119317605,1.24946091677925e-07,2.624706123032e-07
18.4369660233223,1.51993491989765e-07,3.86988574825275e-07
18.5423201148842,2.33817389280706e-07,7.60685315667251e-07
18.647674206446,8.22447284268416e-08,4.49422231950438e-07
18.7530282980079,9.19046493684548e-08,3.6002735252072e-07
18.8583823895697,9.06610190629072e-08,2.90336050321195e-07
18.9637364811315,9.1550240803099e-08,2.75397123628724e-07
19.0690905726934,9.75996367528268e-08,2.52863177611275e-07
19.1744446642552,9.13237064062979e-08,2.6020667034354e-07
19.2797987558171,9.2981135917484e-08,2.59517931321732e-07
19.3851528473789,9.08927972984252e-08,2.68496662074567e-07
19.4905069389407,9.00690679320059e-08,2.71195330175521e-07
19.5958610305026,8.11266420962808e-08,2.79689257668263e-07
19.7012151220644,7.026277597791e-08,2.77620248509482e-07
19.8065692136263,6.61745446125943e-08,2.78799651970997e-07
19.9119233051881,6.76481771406853e-08,3.23586165937846e-07
20.01727739675,6.58009809626445e-08,3.41114189922451e-07
20.1226314883118,6.34982123499615e-08,2.86871589722588e-07
20.2279855798736,5.77058133675355e-08,2.66634365409708e-07
20.3333396714355,6.94983981392557e-08,2.77350930676096e-07
20.4386937629973,8.1969723949488e-08,2.5416177221557e-07
20.5440478545592,1.29027187524017e-07,3.73573683779699e-07
20.649401946121,1.16685615072333e-07,2.88399312180912e-07
20.7547560376828,7.58505499298402e-08,2.27394786925343e-07
20.8601101292447,6.8227272403104e-08,2.14689575815288e-07
20.9654642208065,6.91321449233739e-08,2.08761184183157e-07
21.0708183123684,7.37029104964702e-08,2.15405638101233e-07
21.1761724039302,7.03490051052936e-08,2.23849509270734e-07
21.2815264954921,6.99685565493296e-08,2.38625422000683e-07
21.3868805870539,6.58299602705395e-08,2.54102811541216e-07
21.4922346786157,6.28390706214338e-08,2.66574349851331e-07
21.5975887701776,6.07756432203659e-08,2.7300365323657e-07
21.7029428617394,5.79179524656505e-08,2.73118965525847e-07
21.8082969533013,6.62479387692828e-08,2.65173582993402e-07
21.9136510448631,7.63093946641052e-08,2.50797317567406e-07
22.019005136425,1.15565839317904e-07,2.03644076784972e-07
22.1243592279868,1.77803814713577e-07,8.62540224390683e-08
22.2297133195486,9.91868454094504e-08,2.15084983641473e-07
22.3350674111105,7.87949593559889e-08,2.28268408142923e-07
22.4404215026723,7.45156881673941e-08,2.36720215261364e-07
22.5457755942342,6.02944590941432e-08,2.35317668403596e-07
22.651129685796,6.76204634862691e-08,2.41407760403979e-07
22.7564837773578,5.8052335676062e-08,2.27823248021573e-07
22.8618378689197,6.03005549068462e-08,2.23720693638011e-07
22.9671919604815,6.1594647625175e-08,2.2613127721374e-07
23.0725460520434,6.21323757890377e-08,2.29267895746604e-07
23.1779001436052,6.1233669837517e-08,2.3378586320114e-07
23.2832542351671,5.7954332886392e-08,2.48302025859427e-07
23.3886083267289,8.66997325720695e-08,1.88836251136321e-07
23.4939624182907,9.37562475613792e-08,1.5889842429091e-07
23.5993165098526,7.90330560096941e-08,2.1488479874075e-07
23.7046706014144,7.13851954052373e-08,2.1865347901912e-07
23.8100246929763,6.70789977706027e-08,2.30401203562447e-07
23.9153787845381,6.14540273043528e-08,2.26067700839013e-07
24.0207328760999,6.03505832091201e-08,2.32183687702661e-07
24.1260869676618,5.32846427475886e-08,2.2339042013642e-07
24.2314410592236,5.31704338633528e-08,2.28255170630217e-07
24.3367951507855,4.67943989240508e-08,2.17582586496482e-07
24.4421492423473,5.17203819287345e-08,2.21641891426163e-07
24.5475033339092,4.59849488128736e-08,2.10770475572299e-07
24.652857425471,5.47922034334627e-08,2.188048767934e-07
24.7582115170328,6.16905709462259e-08,2.23738946968373e-07
24.8635656085947,5.58408748225785e-08,2.12870015599488e-07
24.9689197001565,5.16780410481133e-08,2.05175096391695e-07
25.0742737917184,5.96480019184145e-08,2.12462674471084e-07
25.1796278832802,5.57409980552302e-08,2.06933062527217e-07
25.2849819748421,6.25220003802442e-08,2.15300800572544e-07
25.3903360664039,5.41080064700868e-08,2.08285148065342e-07
25.4956901579657,5.84059513457262e-08,2.13304740275121e-07
25.6010442495276,5.4316849757654e-08,2.07884620591531e-07
25.7063983410894,6.120965477533e-08,2.13054897629898e-07
25.8117524326513,6.1731750901115e-08,2.07807754215336e-07
25.9171065242131,7.37309419294366e-08,2.11676378067318e-07
26.0224606157749,8.49983098065069e-08,2.05969836704961e-07
26.1278147073368,5.52665750684919e-08,1.98237022634561e-07
26.2331687988986,2.83940088403459e-08,1.92647974006533e-07
26.3385228904605,3.96810132179961e-08,1.99819435810756e-07
26.4438769820223,4.70327324738917e-08,2.01893287942127e-07
26.5492310735842,5.66300642454545e-08,2.0370850093604e-07
26.654585165146,3.73386581283765e-08,1.88517500207532e-07
26.7599392567078,4.01835865285494e-08,1.91441523774279e-07
26.8652933482697,4.94064477560049e-08,1.97647392265874e-07
26.9706474398315,4.7689376342152e-08,1.9581479179582e-07
27.0760015313934,5.56923120529596e-08,2.02753156635172e-07
27.1813556229552,4.42438244522777e-08,1.9110075662525e-07
27.286709714517,5.48209786470447e-08,1.98662888618216e-07
27.3920638060789,4.13759242620813e-08,1.79088951744215e-07
27.4974178976407,4.77023912762596e-08,1.94938657862095e-07
27.6027719892026,6.54165652215025e-08,2.12255675297651e-07
27.7081260807644,5.59574869058509e-08,2.00135609080446e-07
27.8134801723263,5.93878174335423e-08,2.04067799191013e-07
27.9188342638881,5.49330223353398e-08,1.98058404408598e-07
28.0241883554499,5.47224459187095e-08,1.97305422442051e-07
28.1295424470118,5.23388405422249e-08,1.9390711341863e-07
28.2348965385736,5.10654980822329e-08,1.92257579167377e-07
28.3402506301355,5.06506843612215e-08,1.91693667769275e-07
28.4456047216973,4.89315549585329e-08,1.89106675252736e-07
28.5509588132592,4.97522191200476e-08,1.90882869024316e-07
28.656312904821,4.92574505436489e-08,1.87681058525951e-07
28.7616669963828,5.12361970534858e-08,1.90731664909144e-07
28.8670210879447,5.04106114707725e-08,1.86003567357174e-07
28.9723751795065,5.21971038795817e-08,1.88600946435163e-07
29.0777292710684,5.13770007201294e-08,1.80753508482084e-07
29.1830833626302,5.32472935355404e-08,1.87022506806459e-07
29.288437454192,5.2816383301607e-08,1.86034765164944e-07
29.3937915457539,5.3401064554537e-08,1.88592265521657e-07
29.4991456373157,5.28402975709446e-08,1.81530631883509e-07
29.6044997288776,5.19580522680006e-08,1.85165057371809e-07
29.7098538204394,5.16474438107547e-08,1.79649965284448e-07
29.8152079120013,4.83763000380948e-08,1.89368478765597e-07
29.9205620035631,4.87030249131363e-08,1.84431849029577e-07
30.0259160951249,4.86767766158127e-08,1.80746779299235e-07
30.1312701866868,4.75146018015571e-08,1.78961006450232e-07
30.2366242782486,4.81685140246211e-08,1.78638181168622e-07
30.3419783698105,4.95057466624662e-08,1.77076354921748e-07
30.4473324613723,4.78762629861951e-08,1.7973407300803e-07
30.5526865529341,4.9211169378472e-08,1.8099742391538e-07
30.658040644496,5.0249117090457e-08,1.84496134401563e-07
30.7633947360578,5.32267449265133e-08,1.84143841841903e-07
30.8687488276197,5.47533340935079e-08,1.86466418457571e-07
30.9741029191815,6.35717108265362e-08,1.86849315983979e-07
31.0794570107434,4.76432107965889e-08,1.82752266441115e-07
31.1848111023052,4.51992840942663e-08,1.80247422814798e-07
31.290165193867,4.5745709397746e-08,1.79615544746777e-07
31.3955192854289,4.61492114104269e-08,1.77309208612428e-07
31.5008733769907,4.6335811878482e-08,1.76057801037447e-07
31.6062274685526,4.68788314565134e-08,1.74093631667001e-07
31.7115815601144,4.6843542137689e-08,1.74033309005849e-07
31.8169356516762,4.6884781975336e-08,1.73766019455401e-07
31.9222897432381,4.74129137097665e-08,1.73219626971096e-07
32.0276438347999,4.69857325978453e-08,1.73118948954733e-07
32.1329979263618,4.7550306851638e-08,1.73002683299873e-07
32.2383520179236,4.70429843841422e-08,1.73379287419305e-07
32.3437061094855,4.83649863016416e-08,1.73252575413685e-07
32.4490602010473,4.68908908337354e-08,1.73688819900206e-07
32.5544142926091,4.84912549045582e-08,1.73195347238049e-07
32.659768384171,4.66996109690648e-08,1.73046876846167e-07
32.7651224757328,4.8709893325867e-08,1.72083468008275e-07
32.8704765672947,4.52020066816688e-08,1.71034398967438e-07
32.9758306588565,4.76200107126112e-08,1.6974587218015e-07
33.0811847504184,4.00746570403775e-08,1.68277956981359e-07
33.1865388419802,4.45253257906673e-08,1.67440081632792e-07
33.291892933542,4.34325248388551e-08,1.66641319291158e-07
33.3972470251039,4.43852913581193e-08,1.66008902384573e-07
33.5026011166657,4.57219900176374e-08,1.65594466402218e-07
33.6079552082276,4.49599671339777e-08,1.65562789134914e-07
33.7133092997894,4.48180633237558e-08,1.65060311453444e-07
33.8186633913512,4.41484369452264e-08,1.66031743058275e-07
33.9240174829131,4.35122182204339e-08,1.65457694092187e-07
34.0293715744749,4.35906308672115e-08,1.67484910466733e-07
34.1347256660368,4.25121492757713e-08,1.6554854654915e-07
34.2400797575986,4.29997709339606e-08,1.69401868396273e-07
34.3454338491605,4.157101940087e-08,1.63523605861907e-07
34.4507879407223,4.26779730275016e-08,1.69852697733279e-07
34.5561420322841,4.02259210345019e-08,1.58428823829906e-07
34.661496123846,4.10082871872035e-08,1.60829377564411e-07
34.7668502154078,4.08981373470528e-08,1.60791443485304e-07
34.8722043069697,4.18552666928205e-08,1.60472439948234e-07
34.9775583985315,4.27195122001299e-08,1.60572550313004e-07
35.0829124900933,4.29949953768959e-08,1.59341503761806e-07
35.1882665816552,4.25263270447258e-08,1.58158757941029e-07
35.293620673217,4.22585228895878e-08,1.57432670400018e-07
35.3989747647789,4.21005800755517e-08,1.571645049251e-07
35.5043288563407,4.144646288265e-08,1.58278936581734e-07
35.6096829479026,4.02508065107634e-08,1.59643343948792e-07
35.7150370394644,3.78234501126345e-08,1.64133368640331e-07
35.8203911310262,3.50189166632717e-08,1.69444573186634e-07
35.9257452225881,2.95863080295622e-08,1.80175473787371e-07
36.0310993141499,3.84615726313957e-08,1.65181241082004e-07
36.1364534057118,4.33064481488453e-08,1.5373383323389e-07
36.2418074972736,4.44321079370181e-08,1.50331393096712e-07
36.3471615888354,4.35608411285664e-08,1.50800446546932e-07
36.4525156803973,4.30982661644671e-08,1.51592471772188e-07
36.5578697719591,4.20901527392069e-08,1.52756020673503e-07
36.663223863521,4.14942781476311e-08,1.53138477982217e-07
36.7685779550828,4.07326416131523e-08,1.53502092715763e-07
36.8739320466447,3.96668017619697e-08,1.54112469729127e-07
36.9792861382065,3.89736937720347e-08,1.54145952988399e-07
37.0846402297683,3.53587446310694e-08,1.5650229663001e-07
37.1899943213302,4.12066554162668e-08,1.51518857146944e-07
37.295348412892,4.05506052626534e-08,1.51703045044478e-07
37.4007025044539,4.23050618612805e-08,1.50108393284588e-07
37.5060565960157,4.23170179103712e-08,1.50090231230917e-07
37.6114106875775,4.36670206652424e-08,1.49141038064904e-07
37.7167647791394,4.3158949862129e-08,1.49375348004831e-07
37.8221188707012,4.32006533986625e-08,1.49541281917147e-07
37.9274729622631,4.27727165957872e-08,1.49977664742289e-07
38.0328270538249,4.26603724188981e-08,1.50169725251589e-07
38.1381811453868,4.18284099946273e-08,1.5000389196692e-07
38.2435352369486,4.12031741237554e-08,1.49471525382386e-07
38.3488893285104,4.04680357603035e-08,1.48101054241183e-07
38.4542434200723,3.98926186225024e-08,1.47501484848352e-07
38.5595975116341,3.98041579711641e-08,1.48165974538392e-07
38.664951603196,4.09709934819657e-08,1.51197301591926e-07
38.7703056947578,4.14031071383697e-08,1.51690683896393e-07
38.8756597863197,4.01570541977666e-08,1.49428847950657e-07
38.9810138778815,4.00165646994748e-08,1.47508616534485e-07
39.0863679694433,3.91648951523661e-08,1.45298127723532e-07
39.1917220610052,3.93771685190633e-08,1.43054202608264e-07
39.297076152567,3.91274550423115e-08,1.40365590463951e-07
39.4024302441289,4.00707707563987e-08,1.37341257665273e-07
39.5077843356907,3.97965386062732e-08,1.36384962501419e-07
39.6131384272525,3.95736060176001e-08,1.42028283780292e-07
39.7184925188144,3.93486606155722e-08,1.43276008855365e-07
39.8238466103762,3.93219451852524e-08,1.4368579419821e-07
39.9292007019381,3.88676991762247e-08,1.43031450810356e-07
40.0345547934999,3.88244555911225e-08,1.42922031392992e-07
40.1399088850618,3.8611864820957e-08,1.42704363336996e-07
40.2452629766236,3.82565410719494e-08,1.42535826769057e-07
40.3506170681854,3.81897051617671e-08,1.42292354814752e-07
40.4559711597473,3.80571417678645e-08,1.41832200560175e-07
40.5613252513091,3.85139138863226e-08,1.4131400618878e-07
40.666679342871,3.91477006382549e-08,1.40549547172152e-07
40.7720334344328,4.19964673277367e-08,1.39787164845439e-07
40.8773875259946,4.51409923410913e-08,1.38738774753172e-07
40.9827416175565,4.75392361470451e-08,1.37822920259551e-07
41.0880957091183,5.10978333013201e-08,1.36362328005831e-07
41.1934498006802,4.26646241271693e-08,1.38547759220993e-07
41.298803892242,3.65008583984351e-08,1.39115100531453e-07
41.4041579838039,3.03387442968595e-08,1.39654445539709e-07
41.5095120753657,3.1731117104433e-08,1.38782807035848e-07
41.6148661669275,3.24295773251524e-08,1.38545256271007e-07
41.7202202584894,3.44402160135976e-08,1.3820396446943e-07
41.8255743500512,3.59998032234425e-08,1.38213936273291e-07
41.9309284416131,3.73825888859963e-08,1.38322743417777e-07
42.0362825331749,3.81402129126376e-08,1.38207576490584e-07
42.1416366247367,3.68258349337864e-08,1.37653995234261e-07
42.2469907162986,3.24389429091807e-08,1.35900585823073e-07
42.3523448078604,3.01711902204331e-08,1.35584662167159e-07
42.4576988994223,3.40235841270564e-08,1.35642034887555e-07
42.5630529909841,3.52732418110106e-08,1.35697033171756e-07
42.668407082546,3.64217477519404e-08,1.34800142358815e-07
42.7737611741078,3.60809504458852e-08,1.34285394375848e-07
42.8791152656696,3.65211706405444e-08,1.33473943824219e-07
42.9844693572315,3.60259262904241e-08,1.32978745152276e-07
43.0898234487933,3.60386303558314e-08,1.34588794726035e-07
43.1951775403552,3.56362583944356e-08,1.33894529421485e-07
43.300531631917,3.56995539386461e-08,1.33961009153238e-07
43.4058857234789,3.56148032301301e-08,1.33882948880832e-07
43.5112398150407,3.56665844645189e-08,1.34183237753368e-07
43.6165939066025,3.59055691327199e-08,1.3441807359143e-07
43.7219479981644,3.57796879591388e-08,1.33275295092753e-07
43.8273020897262,3.5727240819296e-08,1.32565668156854e-07
43.9326561812881,3.51778221832041e-08,1.31741667344605e-07
44.0380102728499,3.41832573801939e-08,1.32097682294547e-07
44.1433643644117,3.33221626857186e-08,1.31749780390588e-07
44.2487184559736,3.47472053987082e-08,1.32777064020724e-07
44.3540725475354,3.52031655923123e-08,1.32386636370117e-07
44.4594266390973,3.55051929828476e-08,1.32950896211068e-07
44.5647807306591,3.47722726360275e-08,1.32021469449677e-07
44.670134822221,3.49430990227228e-08,1.32066556802954e-07
44.7754889137828,3.42725203262511e-08,1.31069482331631e-07
44.8808430053446,3.44579901355957e-08,1.31228258989726e-07
44.9861970969065,3.41182492773195e-08,1.30692640858184e-07
45.0915511884683,3.49659271938373e-08,1.31147889849908e-07
45.1969052800302,3.57461745396172e-08,1.31331209953543e-07
45.302259371592,3.5283588664842e-08,1.30606551808589e-07
45.4076134631539,3.44749462042002e-08,1.29745738261247e-07
45.5129675547157,3.39929163216211e-08,1.29254491518572e-07
45.6183216462775,3.29764495345901e-08,1.28020853592766e-07
45.7236757378394,3.46650176353479e-08,1.29572585760202e-07
45.8290298294012,3.44397196324045e-08,1.29162354421173e-07
45.9343839209631,3.5623990321762e-08,1.30369554572181e-07
46.0397380125249,3.497133436246e-08,1.29421000532479e-07
46.1450921040867,3.5951899978906e-08,1.29866386947024e-07
46.2504461956486,3.52894906461816e-08,1.28595354181868e-07
46.3558002872104,3.57477909252708e-08,1.29102359745896e-07
46.4611543787723,3.52088825140871e-08,1.28347766586279e-07
46.5665084703341,3.54626619689233e-08,1.28461328224583e-07
46.6718625618959,3.50971148563247e-08,1.27682599247132e-07
46.7772166534578,3.49954726184557e-08,1.27745459788804e-07
46.8825707450196,3.43550345019567e-08,1.27479145226288e-07
46.9879248365815,3.41661043636694e-08,1.27174148479247e-07
47.0932789281433,3.40335414254846e-08,1.2684976923828e-07
47.1986330197052,3.39005045691674e-08,1.26094099120688e-07
47.303987111267,3.40558501627188e-08,1.25237515305168e-07
47.4093412028288,3.39561885680242e-08,1.24578388482838e-07
47.5146952943907,3.46402163380052e-08,1.24896077285256e-07
47.6200493859525,3.47965782027176e-08,1.2686325832536e-07
47.7254034775144,3.63413396918726e-08,1.28295955288333e-07
47.8307575690762,3.65479734187177e-08,1.29498029805014e-07
47.936111660638,3.57673039850225e-08,1.2786319312635e-07
48.0414657521999,3.41330807614336e-08,1.2681231120396e-07
48.1468198437617,3.4310399797323e-08,1.26211753729532e-07
48.2521739353236,3.29449482562139e-08,1.25728893023969e-07
48.3575280268854,3.28794046612507e-08,1.24941145059158e-07
48.4628821184473,3.28418675314345e-08,1.24719353076289e-07
48.5682362100091,3.32467954152377e-08,1.24243984111446e-07
48.6735903015709,3.31529197455542e-08,1.24100950696792e-07
48.7789443931328,3.32671934081259e-08,1.23868590536195e-07
48.8842984846946,3.36406918040963e-08,1.23701498121156e-07
48.9896525762565,3.35275054345824e-08,1.2376150877551e-07
49.0950066678183,3.366308223607e-08,1.23343949742551e-07
49.2003607593802,3.35954849287195e-08,1.23435997457384e-07
49.305714850942,3.34631903333558e-08,1.23243225795663e-07
49.4110689425038,3.37812571484696e-08,1.23483033464274e-07
49.5164230340657,3.23714991191823e-08,1.23770801364511e-07
49.6217771256275,3.28093605713033e-08,1.24256621369278e-07
49.7271312171894,3.18982357017389e-08,1.24404135423325e-07
49.8324853087512,3.20031812762605e-08,1.24248389401083e-07
49.9378394003131,3.11814157329892e-08,1.23203359939477e-07
50.0431934918749,3.15894864486652e-08,1.22529251656546e-07
50.1485475834367,3.21662239617486e-08,1.21948152276987e-07
50.2539016749986,3.24926155152722e-08,1.2184537520911e-07
50.3592557665604,3.23688657959095e-08,1.21436081233292e-07
50.4646098581223,3.24393858679228e-08,1.21102248619039e-07
50.5699639496841,3.2477028081493e-08,1.21411244990509e-07
50.6753180412459,3.2264576793078e-08,1.22364661373827e-07
50.7806721328078,3.2394949355295e-08,1.2214737281553e-07
50.8860262243696,3.19442837155747e-08,1.21543504317259e-07
50.9913803159315,3.20750089420986e-08,1.20235753780142e-07
51.0967344074933,3.13318473051603e-08,1.19801812233058e-07
51.2020884990552,3.16912199057797e-08,1.19205979626958e-07
51.307442590617,3.12882497595692e-08,1.20149578280036e-07
51.4127966821788,3.16311138138768e-08,1.19627937477519e-07
51.5181507737407,3.09717484155658e-08,1.20537943039147e-07
51.6235048653025,3.12312134967618e-08,1.19831269551088e-07
51.7288589568644,3.07158283995291e-08,1.20358650968242e-07
51.8342130484262,3.1762994054181e-08,1.19009789431146e-07
51.9395671399881,3.2345254646529e-08,1.18340940937854e-07
52.0449212315499,3.2601270959144e-08,1.1792968321232e-07
52.1502753231117,3.21534728469402e-08,1.18299669792934e-07
52.2556294146736,3.16264709270368e-08,1.18712496515242e-07
52.3609835062354,3.13021723050168e-08,1.18904503845294e-07
52.4663375977973,3.15311108171474e-08,1.18509270600075e-07
52.5716916893591,3.15446174481905e-08,1.18333064421196e-07
52.6770457809209,3.2090486675977e-08,1.17574689037726e-07
52.7823998724828,3.2318753430183e-08,1.17281536179413e-07
52.8877539640446,3.30348035435095e-08,1.16405134008795e-07
52.9931080556065,3.28079516138906e-08,1.16537767473621e-07
53.0984621471683,3.24013984252329e-08,1.1654895534096e-07
53.2038162387301,3.17643004232481e-08,1.17160424693144e-07
53.309170330292,3.18174682625163e-08,1.16586927420972e-07
53.4145244218538,3.13170915983577e-08,1.16463743471041e-07
53.5198785134157,3.13364433683651e-08,1.15901413488477e-07
53.6252326049775,3.117050474291e-08,1.16265571520574e-07
53.7305866965394,3.12972070615286e-08,1.16258291929039e-07
53.8359407881012,3.1205497694756e-08,1.16352217030827e-07
53.941294879663,3.11921764437222e-08,1.16288614337623e-07
54.0466489712249,3.12184727527117e-08,1.1621855568219e-07
54.1520030627867,3.1151510356747e-08,1.16041705591111e-07
54.2573571543486,3.14466385522866e-08,1.15976627943837e-07
54.3627112459104,3.14858453806837e-08,1.15543819594126e-07
54.4680653374722,3.21589424485419e-08,1.15545579595267e-07
54.5734194290341,3.18694847141842e-08,1.14887051862244e-07
54.6787735205959,3.16242197365938e-08,1.14453946858134e-07
54.7841276121578,3.03741088041969e-08,1.1359214753271e-07
54.8894817037196,2.9902794630378e-08,1.13380960852739e-07
54.9948357952815,2.97651230655363e-08,1.13182544748235e-07
55.1001898868433,2.98015566966992e-08,1.13724723601694e-07
55.2055439784051,3.00365146846293e-08,1.14191168854184e-07
55.310898069967,3.05285485900093e-08,1.14883423869753e-07
55.4162521615288,3.09511609612203e-08,1.15026764126363e-07
55.5216062530907,3.08010027376188e-08,1.14649753440763e-07
55.6269603446525,3.06375449731399e-08,1.14230487185007e-07
55.7323144362143,3.05743693384441e-08,1.13934688307288e-07
55.8376685277762,3.04888489263257e-08,1.13801370610225e-07
55.943022619338,3.06000035210081e-08,1.13535445195565e-07
56.0483767108999,3.04155396158611e-08,1.13415628015106e-07
56.1537308024617,3.04655282928775e-08,1.13319136108044e-07
56.2590848940236,3.02169303467892e-08,1.12852044365186e-07
56.3644389855854,3.02642817726009e-08,1.12795538599273e-07
56.4697930771472,3.00111314303599e-08,1.1214045981978e-07
56.5751471687091,3.02067815277636e-08,1.12521058228567e-07
56.6805012602709,3.02582848147509e-08,1.12846789727279e-07
56.7858553518328,3.07344858530717e-08,1.14090596104916e-07
56.8912094433946,3.06450739903145e-08,1.14142464319583e-07
56.9965635349565,3.05059471151349e-08,1.13704598063968e-07
57.1019176265183,3.02424359347086e-08,1.13206236445956e-07
57.2072717180801,3.01770099410962e-08,1.1272929798276e-07
57.312625809642,3.01773254596915e-08,1.1246401949868e-07
57.4179799012038,3.01488297126927e-08,1.12320031317145e-07
57.5233339927657,3.01472297646394e-08,1.12268439521745e-07
57.6286880843275,2.99474303365032e-08,1.12322405813535e-07
57.7340421758894,2.9987641561971e-08,1.12308740469677e-07
57.8393962674512,3.00456031764706e-08,1.12379282139839e-07
57.944750359013,3.00057553483087e-08,1.11740560254633e-07
58.0501044505749,2.97908458524489e-08,1.11066216474562e-07
58.1554585421367,2.9837077146714e-08,1.10944283583258e-07
58.2608126336986,3.01984339619259e-08,1.11768148236313e-07
58.3661667252604,3.05001268117549e-08,1.12427931839016e-07
58.4715208168222,3.03923392040209e-08,1.12425987347502e-07
58.5768749083841,3.02163546786773e-08,1.12144765536038e-07
58.6822289999459,3.00741815435926e-08,1.1174639645529e-07
58.7875830915078,2.97708277077276e-08,1.11350615318275e-07
58.8929371830696,2.96900767019302e-08,1.1101829213394e-07
58.9982912746314,2.96730239700866e-08,1.10775152294925e-07
59.1036453661933,2.9798556282295e-08,1.10680041902378e-07
59.2089994577551,2.9987196348959e-08,1.1078232762865e-07
59.314353549317,2.99853334727405e-08,1.10879636655208e-07
59.4197076408788,2.98715045056581e-08,1.1090312109212e-07
59.5250617324407,2.94546042120996e-08,1.10877434814117e-07
59.6304158240025,2.93453259759504e-08,1.10882894615507e-07
59.7357699155643,2.89996264717511e-08,1.10833341564928e-07
59.8411240071262,2.8972661952414e-08,1.10653042581099e-07
59.946478098688,2.88570484109471e-08,1.1059965581687e-07
60.0518321902499,2.93531092956974e-08,1.10337663898684e-07
60.1571862818117,2.94397183676063e-08,1.10204400568014e-07
60.2625403733736,2.94449198730285e-08,1.09857208322728e-07
60.3678944649354,2.9350199957903e-08,1.09571725035318e-07
60.4732485564972,2.92745334302369e-08,1.0937254893807e-07
60.5786026480591,2.93318128366904e-08,1.09294877502607e-07
60.6839567396209,2.93445682440778e-08,1.09282736535327e-07
60.7893108311828,2.93022144955301e-08,1.09361850576422e-07
60.8946649227446,2.91818408523903e-08,1.09545889243757e-07
61.0000190143064,2.90648492309566e-08,1.09745512784868e-07
61.1053731058683,2.90002930548616e-08,1.09925482150089e-07
61.2107271974301,2.86839952284603e-08,1.09925370764754e-07
61.316081288992,2.87869261336044e-08,1.09531626206173e-07
61.4214353805538,2.91457267145376e-08,1.08476912026095e-07
61.5267894721157,2.96455678375428e-08,1.07489888038233e-07
61.6321435636775,2.95416317364323e-08,1.07316419970938e-07
61.7374976552393,2.96299273267558e-08,1.0721302136262e-07
61.8428517468012,2.94571851342227e-08,1.07360091796379e-07
61.948205838363,2.93774642385484e-08,1.07436519158233e-07
62.0535599299249,2.9253908699706e-08,1.07565406718594e-07
62.1589140214867,2.91496511243565e-08,1.07793603331922e-07
62.2642681130485,2.90460948967559e-08,1.07971945875716e-07
62.3696222046104,2.89448633056766e-08,1.08074728677333e-07
62.4749762961722,2.89429518866414e-08,1.07980327288591e-07
62.5803303877341,2.90149355827022e-08,1.07775430560345e-07
62.6856844792959,2.9163102940182e-08,1.0752369419765e-07
62.7910385708578,2.94587524402956e-08,1.07189523919462e-07
62.8963926624196,2.94380108648392e-08,1.0697487830226e-07
63.0017467539814,2.91501649150784e-08,1.06878291346313e-07
63.1071008455433,2.83294156406787e-08,1.07008677291837e-07
63.2124549371051,2.79878514163029e-08,1.0701409761532e-07
63.317809028667,2.7808317739779e-08,1.07003628986822e-07
63.4231631202288,2.82028125938879e-08,1.07219666033565e-07
63.5285172117906,2.85447554685405e-08,1.07332480764915e-07
63.6338713033525,2.87486968131354e-08,1.07647308224016e-07
63.7392253949143,2.87771714738654e-08,1.07578487646122e-07
63.8445794864762,2.87792967195947e-08,1.07436128810301e-07
63.949933578038,2.88056208479439e-08,1.07193479182657e-07
64.0552876695999,2.87665183287285e-08,1.07012848399794e-07
64.1606417611617,2.86676213663252e-08,1.06832781203475e-07
64.2659958527235,2.85257989566844e-08,1.06659529508165e-07
64.3713499442854,2.84846880053228e-08,1.06601835885316e-07
64.4767040358472,2.87540304232969e-08,1.06789364030483e-07
64.5820581274091,2.88579887195663e-08,1.06804937821666e-07
64.6874122189709,2.8946608927649e-08,1.06821728603876e-07
64.7927663105328,2.87635926896716e-08,1.06751633372775e-07
64.8981204020946,2.87044529323401e-08,1.06752269779758e-07
65.0034744936564,2.87018375890678e-08,1.06920059400067e-07
65.1088285852183,2.86487779185812e-08,1.06869702998993e-07
65.2141826767801,2.85322531030896e-08,1.06722490608112e-07
65.319536768342,2.82652503811274e-08,1.0617490977503e-07
65.4248908599038,2.81823398562521e-08,1.05908759433796e-07
65.5302449514656,2.81076446036959e-08,1.05776285530237e-07
65.6355990430275,2.82865758158772e-08,1.05719033537786e-07
65.7409531345893,2.83777414436667e-08,1.05717827447312e-07
65.8463072261512,2.84000638672697e-08,1.05750959761082e-07
65.951661317713,2.83599966075281e-08,1.05816268694138e-07
66.0570154092749,2.82512226673694e-08,1.05873541472775e-07
66.1623695008367,2.81500938525593e-08,1.05757601659764e-07
66.2677235923985,2.81485515884557e-08,1.05645285146118e-07
66.3730776839604,2.81994810148697e-08,1.05467446077301e-07
66.4784317755222,2.84818445532427e-08,1.05147368817037e-07
66.5837858670841,2.85087162148535e-08,1.05017613265241e-07
66.6891399586459,2.85842459021568e-08,1.04883191018178e-07
66.7944940502077,2.83370873133849e-08,1.04967236258834e-07
66.8998481417696,2.82580437094094e-08,1.04963523996262e-07
67.0052022333314,2.81686181263954e-08,1.04957164750858e-07
67.1105563248933,2.81381477446349e-08,1.05076706435475e-07
67.2159104164551,2.81210122299502e-08,1.05089459992785e-07
67.321264508017,2.80872633718018e-08,1.05106694923592e-07
67.4266185995788,2.81400721511465e-08,1.05022827707213e-07
67.5319726911406,2.81458693184062e-08,1.04932147270485e-07
67.6373267827025,2.81202897775388e-08,1.04854912887075e-07
67.7426808742643,2.8104796291684e-08,1.04790786911834e-07
67.8480349658262,2.80585298160796e-08,1.04707605737624e-07
67.953389057388,2.80322746229414e-08,1.0463614841791e-07
68.0587431489498,2.80191062903294e-08,1.04550294438219e-07
68.1640972405117,2.80442816144788e-08,1.04546239925205e-07
68.2694513320735,2.81210304994024e-08,1.04614142836594e-07
68.3748054236354,2.8089762161711e-08,1.04617071094653e-07
68.4801595151972,2.81111552691782e-08,1.04654445217272e-07
68.5855136067591,2.80524430030104e-08,1.0468572758757e-07
68.6908676983209,2.81045526719089e-08,1.04698879952305e-07
68.7962217898828,2.79995939887942e-08,1.04617458989296e-07
68.9015758814446,2.78958387591955e-08,1.04430784172158e-07
69.0069299730064,2.78954323756724e-08,1.04258554289782e-07
69.1122840645683,2.79204498403688e-08,1.04135784249579e-07
69.2176381561301,2.79489391643199e-08,1.04117119289395e-07
69.322992247692,2.79362944782019e-08,1.04146342861729e-07
69.4283463392538,2.78992556934949e-08,1.04171712055379e-07
69.5337004308156,2.78610109986351e-08,1.04145137093987e-07
69.6390545223775,2.78660209557418e-08,1.04044818020813e-07
69.7444086139393,2.78902096014298e-08,1.0390881750194e-07
69.8497627055012,2.7995612218488e-08,1.03757357272113e-07
69.955116797063,2.79893295740855e-08,1.03636643324076e-07
70.0604708886248,2.79248248757841e-08,1.03600146064648e-07
70.1658249801867,2.77903937831194e-08,1.03643484612976e-07
70.2711790717485,2.77114711533646e-08,1.03728356228003e-07
70.3765331633104,2.77684657821269e-08,1.03792164504927e-07
70.4818872548722,2.77827769005256e-08,1.03814956739119e-07
70.5872413464341,2.78396415970658e-08,1.03801126806209e-07
70.6925954379959,2.7857319600951e-08,1.03739261208953e-07
70.7979495295577,2.78183848842142e-08,1.03655966931064e-07
70.9033036211196,2.77807614490382e-08,1.03577290476848e-07
71.0086577126814,2.77690924539129e-08,1.03526971445915e-07
71.1140118042433,2.77715927311748e-08,1.03522297376427e-07
71.2193658958051,2.77585948247705e-08,1.03535955472587e-07
71.324719987367,2.7737754187204e-08,1.03534388690534e-07
71.4300740789288,2.7683772551664e-08,1.03493055728168e-07
71.5354281704906,2.76941936647762e-08,1.03388512635037e-07
71.6407822620525,2.77422791960948e-08,1.03271325553763e-07
71.7461363536143,2.7766902945683e-08,1.03163177412165e-07
71.8514904451762,2.77528298946798e-08,1.03101851672425e-07
71.956844536738,2.76526011822294e-08,1.03130001756441e-07
72.0621986282998,2.76282904275164e-08,1.03209351477046e-07
72.1675527198617,2.76843288260328e-08,1.03273884983161e-07
72.2729068114235,2.76923614324055e-08,1.03261960257487e-07
72.3782609029854,2.76780136860217e-08,1.0319200553693e-07
72.4836149945472,2.76597910709221e-08,1.03115537606153e-07
72.5889690861091,2.76413652503736e-08,1.03069002876991e-07
72.6943231776709,2.7638758383679e-08,1.0305509576159e-07
72.7996772692327,2.76341295065089e-08,1.03048978124767e-07
72.9050313607946,2.76236331464679e-08,1.03018114304757e-07
73.0103854523564,2.76228028293803e-08,1.0295739625741e-07
73.1157395439183,2.76251915230557e-08,1.02898151952216e-07
73.2210936354801,2.76127311527147e-08,1.02871187139639e-07
73.326447727042,2.75893007737243e-08,1.02878542311535e-07
73.4318018186038,2.75890273112352e-08,1.02904773452557e-07
73.5371559101656,2.76039304818014e-08,1.02911027640753e-07
73.6425100017275,2.75889934183926e-08,1.02870324694102e-07
73.7478640932893,2.7563487734458e-08,1.02810937293504e-07
73.8532181848512,2.75740817810661e-08,1.02763705112106e-07
73.958572276413,2.75756122390551e-08,1.02744583760274e-07
74.0639263679748,2.75564192982291e-08,1.0274596337794e-07
74.1692804595367,2.75532605460662e-08,1.02739115459116e-07
74.2746345510985,2.7554056463623e-08,1.02715160186658e-07
74.3799886426604,2.75447369729009e-08,1.02691260416718e-07
74.4853427342222,2.75399073798838e-08,1.02678244603772e-07
74.5906968257841,2.75378679086581e-08,1.02662577981451e-07
74.6960509173459,2.75294270779787e-08,1.02631976144265e-07
74.8014050089077,2.7522268072647e-08,1.02603408892428e-07
74.9067591004696,2.75267922799029e-08,1.02596646946174e-07
75.0121131920314,2.75223041734011e-08,1.02595767968951e-07
75.1174672835933,2.75044255735035e-08,1.02580053808015e-07
75.2228213751551,2.75078983723546e-08,1.02559635861692e-07
75.3281754667169,2.75144835596625e-08,1.02542387165298e-07
75.4335295582788,2.75002233834994e-08,1.02522150918587e-07
75.5388836498406,2.74899089617778e-08,1.02503429396222e-07
75.6442377414025,2.74965235852242e-08,1.0249502077407e-07
75.7495918329643,2.74955648381489e-08,1.02488957127231e-07
75.8549459245261,2.74846846961147e-08,1.02477591666013e-07
75.960300016088,2.74818256303295e-08,1.02463599932299e-07
76.0656541076498,2.74819690103122e-08,1.02449940031216e-07
76.1710081992117,2.74769277135754e-08,1.02439479300489e-07
76.2763622907735,2.74766130079094e-08,1.02429744057205e-07
76.3817163823354,2.74743342202964e-08,1.0241751551866e-07
76.4870704738972,2.74650030041043e-08,1.02403261395082e-07
76.592424565459,2.74644331835359e-08,1.023917555371e-07
76.6977786570209,2.74720349646599e-08,1.02386201254989e-07
76.8031327485827,2.74636200708518e-08,1.0238504892947e-07
76.9084868401446,2.7451500245069e-08,1.0238230013607e-07
77.0138409317064,2.74588166159886e-08,1.0237241606606e-07
77.1191950232682,2.74647456002555e-08,1.0235689373675e-07
77.2245491148301,2.74522914491906e-08,1.023438994317e-07
77.3299032063919,2.74462749647907e-08,1.02338820174206e-07
77.4352572979538,2.74543504512739e-08,1.02339207594725e-07
77.5406113895156,2.74537665474563e-08,1.02338664717594e-07
77.6459654810775,2.74463929729101e-08,1.02333454883932e-07
77.7513195726393,2.7446685971156e-08,1.02326121693443e-07
77.8566736642011,2.74465592795348e-08,1.02321591356978e-07
77.962027755763,2.74442097868476e-08,1.0232063038108e-07
78.0673818473248,2.74481477601337e-08,1.0231856203785e-07
78.1727359388867,2.74454968851853e-08,1.02311363739682e-07
78.2780900304485,2.74369279770217e-08,1.02303558901556e-07
78.3834441220104,2.74449776221086e-08,1.02304756688862e-07
78.4887982135722,2.74474469420469e-08,1.02310165679209e-07
78.594152305134,2.74413357674984e-08,1.02311236259346e-07
78.6995063966959,1.37196889323276e-08,5.11554410380914e-08
