timestep:         0.0066180000000000
yAxisLabel:deflection [m]       
title:bridge deflection 
ub_mid  ,       ub_quart
  0.0000000000000000,         0.0000000000000000
 -0.0000000000450745,         0.0000000009820656
 -0.0000000008691126,         0.0000000139267862
 -0.0000000077921331,         0.0000000556510454
 -0.0000000432723296,        -0.0000000615398435
 -0.0000001668431626,        -0.0000012001731336
 -0.0000004743749000,        -0.0000041197335704
 -0.0000010323241152,        -0.0000056267255216
 -0.0000017686491641,         0.0000031556653873
 -0.0000024580951700,         0.0000264351056893
 -0.0000028799236215,         0.0000494351791007
 -0.0000029281798207,         0.0000464772304611
 -0.0000024342980344,         0.0000102063844950
 -0.0000010862690751,        -0.0000368949682791
  0.0000009962238306,        -0.0000664231144097
  0.0000028836801057,        -0.0000747145688951
  0.0000042677890438,        -0.0000861290555614
  0.0000075547618818,        -0.0001265015455346
  0.0000171636013465,        -0.0001976920115255
  0.0000362795253242,        -0.0002795495303830
  0.0000652357355782,        -0.0003490574939717
  0.0001021784764434,        -0.0003974643739027
  0.0001433575157047,        -0.0004374426311193
  0.0001839818124888,        -0.0004914873469180
  0.0002210692784671,        -0.0005701070372179
  0.0002547238969090,        -0.0006657195680910
  0.0002859774188805,        -0.0007632198761148
  0.0003150184350477,        -0.0008494652950406
  0.0003418232581456,        -0.0009204114332542
  0.0003673775527653,        -0.0009863533312734
  0.0003941245718058,        -0.0010633225324763
  0.0004244666437359,        -0.0011563497309095
  0.0004577081062391,        -0.0012570221108221
  0.0004896505973329,        -0.0013548665834240
  0.0005164805445335,        -0.0014456569222753
  0.0005380800903021,        -0.0015327745115400
  0.0005570982256486,        -0.0016235056759647
  0.0005759910692561,        -0.0017212218471676
  0.0005952721932896,        -0.0018218545463791
  0.0006137952000765,        -0.0019200737110994
  0.0006302375684870,        -0.0020155207986661
  0.0006443672236120,        -0.0021115601672556
  0.0006572939842004,        -0.0022126808606289
  0.0006706788990535,        -0.0023219537387092
  0.0006850629354948,        -0.0024371533258117
  0.0006986519007019,        -0.0025534507816138
  0.0007083407233202,        -0.0026698069123289
  0.0007121345933634,        -0.0027880697041682
  0.0007104694348798,        -0.0029091148816154
  0.0007057572577385,        -0.0030325670889892
  0.0007007321833020,        -0.0031576902771934
  0.0006962192607530,        -0.0032842172151481
  0.0006902482596128,        -0.0034129567148109
  0.0006798838532247,        -0.0035451320337668
  0.0006636388631097,        -0.0036813240697572
  0.0006420052742862,        -0.0038209921303074
  0.0006166707968683,        -0.0039624859588278
  0.0005894270752353,        -0.0041040002899993
  0.0005609069303297,        -0.0042452028814833
  0.0005302783914211,        -0.0043877437785177
  0.0004966800058447,        -0.0045341959366235
  0.0004608565660699,        -0.0046862986070944
  0.0004251769062373,        -0.0048414133608020
  0.0003921857089278,        -0.0049898625684390
  0.0003630998674675,        -0.0051236278972759
  0.0003373384301484,        -0.0052528857473508
  0.0003132051920473,        -0.0054040269694713
  0.0002891215491750,        -0.0055909773059685
  0.0002645273610356,        -0.0057957310431910
  0.0002396558450967,        -0.0059902462802293
  0.0002145474216291,        -0.0061699073244300
  0.0001892184223479,        -0.0063525198764306
  0.0001655376020893,        -0.0065563399469901
  0.0001479420798964,        -0.0067858584964692
  0.0001409824279499,        -0.0070263747914453
  0.0001463410268557,        -0.0072536496355549
  0.0001623244370361,        -0.0074566706110234
  0.0001849394983605,        -0.0076469987166601
  0.0002091067783430,        -0.0078443779917713
  0.0002305445535729,        -0.0080589658365360
  0.0002474966332283,        -0.0082854603202452
  0.0002601300182934,        -0.0085060069054802
  0.0002687521743722,        -0.0087028305850188
  0.0002737634973464,        -0.0088799725115182
  0.0002768125132753,        -0.0090670430366422
  0.0002808491565649,        -0.0092869148816867
  0.0002885079480559,        -0.0095288602813756
  0.0002997819095725,        -0.0097661445240989
  0.0003115700333728,        -0.0099859828671988
  0.0003209566857623,        -0.0101948429130823
  0.0003289547423379,        -0.0104087739955964
  0.0003397766096370,        -0.0106400993047596
  0.0003565746452189,        -0.0108821341701520
  0.0003790163367661,        -0.0111103451328045
  0.0004044922042496,        -0.0113124477160065
  0.0004298506041785,        -0.0115049005114987
  0.0004521575216203,        -0.0117069677394214
  0.0004698889445389,        -0.0119239154557872
  0.0004833363258388,        -0.0121521452021566
  0.0004922310619085,        -0.0123795493653194
  0.0004941047345059,        -0.0125929800268760
  0.0004869634852920,        -0.0127914853737972
  0.0004722236068001,        -0.0129849181741733
  0.0004535003619171,        -0.0131813141239685
  0.0004340137490285,        -0.0133809669543761
  0.0004151177923568,        -0.0135786911200377
  0.0003947059706717,        -0.0137698677425059
  0.0003679193407516,        -0.0139540589351527
  0.0003319619333017,        -0.0141345691253111
  0.0002885793506427,        -0.0143155492580285
  0.0002408237355872,        -0.0144969342094424
  0.0001900723347955,        -0.0146743067299639
  0.0001362338499585,        -0.0148439941028685
  0.0000785384633651,        -0.0150073431822633
  0.0000165633070526,        -0.0151694416196725
 -0.0000483030411102,        -0.0153363311114722
 -0.0001129960172211,        -0.0155114144637211
 -0.0001749406663173,        -0.0156913088731335
 -0.0002339784906067,        -0.0158697278306004
 -0.0002922123412785,        -0.0160443583623144
 -0.0003519930117665,        -0.0162157601506296
 -0.0004138698955294,        -0.0163848057803335
 -0.0004763906755623,        -0.0165529698411990
 -0.0005379758626249,        -0.0167170151873001
 -0.0005991731476961,        -0.0168752352224639
 -0.0006630292929498,        -0.0170390681014440
 -0.0007331312781541,        -0.0172159461770617
 -0.0008111469031422,        -0.0173974988880734
 -0.0008949950322308,        -0.0175732946160514
 -0.0009788297460742,        -0.0177393805090172
 -0.0010574669751526,        -0.0178980162125124
 -0.0011312929435730,        -0.0180553134196612
 -0.0012037885951062,        -0.0182157173127435
 -0.0012766458986863,        -0.0183772831787722
 -0.0013505262296469,        -0.0185356940691751
 -0.0014255441388016,        -0.0186878112497056
 -0.0014990200693275,        -0.0188302482884515
 -0.0015677941584826,        -0.0189625213333877
 -0.0016324269748571,        -0.0190951535101789
 -0.0016962795087549,        -0.0192471289189857
 -0.0017622873296540,        -0.0194258075612255
 -0.0018314039219842,        -0.0196153540890040
 -0.0019026147847393,        -0.0197942168170005
 -0.0019744509162772,        -0.0199589276036377
 -0.0020462828001638,        -0.0201220208432343
 -0.0021173732319497,        -0.0202968471026770
 -0.0021860546321353,        -0.0204879392865129
 -0.0022511409951710,        -0.0206831793143550
 -0.0023130413097210,        -0.0208580958145738
 -0.0023730625021637,        -0.0210035526317688
 -0.0024331000808913,        -0.0211382801243170
 -0.0024963112203244,        -0.0212810432356482
 -0.0025664401828454,        -0.0214346331236618
 -0.0026458651400489,        -0.0215911409505816
 -0.0027353870701639,        -0.0217334965391666
 -0.0028349632176054,        -0.0218462068268564
 -0.0029418325562884,        -0.0219368831483421
 -0.0030505081569695,        -0.0220384723774148
 -0.0031588246218769,        -0.0221721475383742
 -0.0032690743994782,        -0.0223222266346070
 -0.0033819222545909,        -0.0224604553295796
 -0.0034973935765634,        -0.0225759932509621
 -0.0036175402546461,        -0.0226773749832292
 -0.0037402380962657,        -0.0227822656755373
 -0.0038581694898371,        -0.0229035855701417
 -0.0039672468675462,        -0.0230325703342818
 -0.0040694388060324,        -0.0231428022887790
 -0.0041687202769143,        -0.0232212482475777
 -0.0042688074925637,        -0.0232834546300641
 -0.0043725655155808,        -0.0233503297977867
 -0.0044807421421583,        -0.0234311685371520
 -0.0045924388030264,        -0.0235249990785219
 -0.0047078159876230,        -0.0236201205139211
 -0.0048293169873357,        -0.0237011625997995
 -0.0049592614777740,        -0.0237630055936532
 -0.0050967930989127,        -0.0238133681517357
 -0.0052377802823407,        -0.0238623760554305
 -0.0053771572941893,        -0.0239126464672875
 -0.0055122477802209,        -0.0239561825363592
 -0.0056455069449993,        -0.0239894411686630
 -0.0057829359185122,        -0.0240225838109727
 -0.0059284236551875,        -0.0240620689715853
 -0.0060810016463934,        -0.0241050929687829
 -0.0062362676767838,        -0.0241462486469948
 -0.0063877424857266,        -0.0241793524662094
 -0.0065329916278965,        -0.0242031160635158
 -0.0066780707578272,        -0.0242247326776551
 -0.0068257422700334,        -0.0242521097332542
 -0.0069698225175252,        -0.0242859201984607
 -0.0071072463333358,        -0.0243241629745578
 -0.0072398112010082,        -0.0243645907973878
 -0.0073677558514302,        -0.0244045376979807
 -0.0074917619099728,        -0.0244447366405312
 -0.0076143377044208,        -0.0244876917097253
 -0.0077364544810893,        -0.0245334395301780
 -0.0078575435045551,        -0.0245797708590520
 -0.0079775969063345,        -0.0246221258382284
 -0.0080968223336385,        -0.0246586444649858
 -0.0082160728384593,        -0.0246982683526743
 -0.0083377009552912,        -0.0247485907268079
 -0.0084640238898740,        -0.0248047500265456
 -0.0085945040525040,        -0.0248576391529629
 -0.0087251462157315,        -0.0249017384730224
 -0.0088521358536441,        -0.0249367514653007
 -0.0089755978074722,        -0.0249668927711159
 -0.0090983156550950,        -0.0249975221239443
 -0.0092224143934894,        -0.0250299482389583
 -0.0093492303459541,        -0.0250597253061872
 -0.0094784678153848,        -0.0250770608707112
 -0.0096066021698130,        -0.0250766266280629
 -0.0097297903321071,        -0.0250712895560597
 -0.0098465363859034,        -0.0250848923634347
 -0.0099505656908074,        -0.0251268983280670
 -0.0100433276294108,        -0.0251814262305445
 -0.0101412416450312,        -0.0252259014355813
 -0.0102499519816820,        -0.0252545371772301
 -0.0103658012794452,        -0.0252812469857420
 -0.0104860552143816,        -0.0253231863553386
 -0.0106032745511905,        -0.0253837189852412
 -0.0107068499048731,        -0.0254476507277880
 -0.0107967519855542,        -0.0254903791476738
 -0.0108803093970629,        -0.0254964014969941
 -0.0109629796620883,        -0.0254771972904662
 -0.0110502820133305,        -0.0254622042433365
 -0.0111445934870221,        -0.0254648816828858
 -0.0112444365832802,        -0.0254747748042938
 -0.0113473039460330,        -0.0254711092386166
 -0.0114541297107276,        -0.0254352082763347
 -0.0115661231686724,        -0.0253721063017546
 -0.0116809218546195,        -0.0253156950526764
 -0.0117938924693933,        -0.0252929961298143
 -0.0119031534406054,        -0.0252923686188034
 -0.0120110690544232,        -0.0252837161188029
 -0.0121186767973563,        -0.0252533698134465
 -0.0122254123636732,        -0.0252100017127377
 -0.0123304852947709,        -0.0251723176291389
 -0.0124308466813427,        -0.0251533344362051
 -0.0125230513167675,        -0.0251458353968717
 -0.0126075305552223,        -0.0251245599088992
 -0.0126861217811077,        -0.0250704766121706
 -0.0127616266174897,        -0.0249924177727313
 -0.0128400715423401,        -0.0249182329334574
 -0.0129221936847360,        -0.0248642897227046
 -0.0130016517642337,        -0.0248262289955701
 -0.0130770432404622,        -0.0247889695949659
 -0.0131553327780604,        -0.0247366724022785
 -0.0132447622594486,        -0.0246642703297173
 -0.0133444476166908,        -0.0245822354049023
 -0.0134444682675432,        -0.0245062626170390
 -0.0135374431595184,        -0.0244410848598830
 -0.0136226995595828,        -0.0243786527742350
 -0.0137040153088202,        -0.0243063406789765
 -0.0137861670337808,        -0.0242210063346052
 -0.0138716029560422,        -0.0241339235687892
 -0.0139589622052873,        -0.0240542685144290
 -0.0140451554025095,        -0.0239805972624847
 -0.0141281867260202,        -0.0239051220401615
 -0.0142052390561873,        -0.0238199108994575
 -0.0142758712481097,        -0.0237242181172631
 -0.0143460007237064,        -0.0236256402736359
 -0.0144183150756843,        -0.0235325914245976
 -0.0144875912247926,        -0.0234471381262822
 -0.0145510158298046,        -0.0233660412592134
 -0.0146106555382656,        -0.0232852817849958
 -0.0146674313159719,        -0.0232039002045307
 -0.0147215025937817,        -0.0231218276365043
 -0.0147738497793597,        -0.0230382274301121
 -0.0148174059309273,        -0.0229543680343017
 -0.0148492596873880,        -0.0228689929298341
 -0.0148814808114636,        -0.0227757021785444
 -0.0149203544903531,        -0.0226767281879196
 -0.0149670029255351,        -0.0225849509177829
 -0.0150228440360228,        -0.0225030861847085
 -0.0150847488468094,        -0.0224226212436180
 -0.0151429740454208,        -0.0223362817790859
 -0.0151916362290304,        -0.0222394315773204
 -0.0152326925970079,        -0.0221315665213979
 -0.0152692892030387,        -0.0220188551815399
 -0.0153064671204489,        -0.0219085650089160
 -0.0153467117940475,        -0.0217993457300620
 -0.0153876962227981,        -0.0216821572311642
 -0.0154246572382856,        -0.0215515721827873
 -0.0154555771046754,        -0.0214196140126275
 -0.0154814896237900,        -0.0213092141722442
 -0.0155036988381521,        -0.0212280846438325
 -0.0155179311416551,        -0.0211617225793571
 -0.0155240267474322,        -0.0210905383245826
 -0.0155321606877117,        -0.0210077522724960
 -0.0155444991620010,        -0.0209248926867424
 -0.0155567149238452,        -0.0208593802388032
 -0.0155666033604004,        -0.0208139894611183
 -0.0155715134642614,        -0.0207736869223098
 -0.0155670297834239,        -0.0207180770816806
 -0.0155551459037166,        -0.0206340790733938
 -0.0155420913880228,        -0.0205315236070737
 -0.0155324814189733,        -0.0204389145712946
 -0.0155299849811243,        -0.0203699592812475
 -0.0155345942404720,        -0.0203127739824112
 -0.0155437881407473,        -0.0202439924674442
 -0.0155537924282932,        -0.0201444849218780
 -0.0155648862249600,        -0.0200218230071388
 -0.0155805401459036,        -0.0199105155503838
 -0.0155977594157400,        -0.0198354649183602
 -0.0156091336577658,        -0.0197852180207846
 -0.0156160571808445,        -0.0197317987225469
 -0.0156256316988066,        -0.0196612272660320
 -0.0156384722300796,        -0.0195814737974360
 -0.0156506018452042,        -0.0195111295667532
 -0.0156574774376509,        -0.0194598456709470
 -0.0156534735911928,        -0.0194173189338586
 -0.0156370409631425,        -0.0193593851735437
 -0.0156141462353081,        -0.0192688990002416
 -0.0155897239182061,        -0.0191542003468792
 -0.0155663246883602,        -0.0190423737069565
 -0.0155498458100257,        -0.0189517216757833
 -0.0155427068000090,        -0.0188802677850987
 -0.0155404506881774,        -0.0188121043601216
 -0.0155417085397219,        -0.0187283251352016
 -0.0155510150318160,        -0.0186226239513589
 -0.0155710840591148,        -0.0185050514050339
 -0.0155973753445837,        -0.0183894729562688
 -0.0156226554129853,        -0.0182808517424318
 -0.0156443353996357,        -0.0181730340908995
 -0.0156645359242715,        -0.0180533517326150
 -0.0156877354486608,        -0.0179196984737789
 -0.0157176296936245,        -0.0177867458853885
 -0.0157538290973444,        -0.0176638416417692
 -0.0157930260820224,        -0.0175467267161462
 -0.0158325477426430,        -0.0174262541393010
 -0.0158705315310439,        -0.0172950739531204
 -0.0159047783165596,        -0.0171533517941087
 -0.0159360806585742,        -0.0170089811251276
 -0.0159678253019336,        -0.0168711329432486
 -0.0159992211412126,        -0.0167416263573299
 -0.0160267641450856,        -0.0166146247066557
 -0.0160506345031431,        -0.0164844047844551
 -0.0160734393843292,        -0.0163517953797857
 -0.0160976608677376,        -0.0162194022666456
 -0.0161249755041163,        -0.0160870683698595
 -0.0161549333689286,        -0.0159563459894575
 -0.0161797187991334,        -0.0158260069391442
 -0.0161951531053692,        -0.0156884902777606
 -0.0162095810325988,        -0.0155441092618511
 -0.0162278186209140,        -0.0154036141834056
 -0.0162503662873456,        -0.0152694126180610
 -0.0162770639385676,        -0.0151352922216084
 -0.0163037154844658,        -0.0149977446689599
 -0.0163227081924326,        -0.0148553151578951
 -0.0163321429618674,        -0.0147073646133780
 -0.0163355473376087,        -0.0145559226215566
 -0.0163353804294899,        -0.0144046901908173
 -0.0163346041015311,        -0.0142552285369769
 -0.0163347716309598,        -0.0141052034055133
 -0.0163335258869033,        -0.0139488980526505
 -0.0163253811471107,        -0.0137842833989890
 -0.0163085907642566,        -0.0136201000890254
 -0.0162844401980915,        -0.0134727453914316
 -0.0162541388173424,        -0.0133518530852220
 -0.0162157050514639,        -0.0132456517630569
 -0.0161716750301519,        -0.0131331185333701
 -0.0161309948130867,        -0.0130103838364486
 -0.0160942752198436,        -0.0128897729701896
 -0.0160585937567957,        -0.0127816248390491
 -0.0160207353399038,        -0.0126882947295415
 -0.0159749314242473,        -0.0125999945188595
 -0.0159164789787540,        -0.0124951314188545
 -0.0158496976638723,        -0.0123642290008660
 -0.0157822705046698,        -0.0122242345116244
 -0.0157188792452180,        -0.0120951401395653
 -0.0156643301393739,        -0.0119825299240557
 -0.0156200165642898,        -0.0118792120685490
 -0.0155828852903444,        -0.0117666282874705
 -0.0155471025554191,        -0.0116289186095608
 -0.0155106592235931,        -0.0114750203158483
 -0.0154750201992768,        -0.0113369455300787
 -0.0154393198430208,        -0.0112354734943762
 -0.0154025925724691,        -0.0111563394543166
 -0.0153678376430481,        -0.0110707129341594
 -0.0153373691739212,        -0.0109691767224277
 -0.0153098732347235,        -0.0108648548546636
 -0.0152824517263360,        -0.0107764665806160
 -0.0152492314655920,        -0.0107129564180933
 -0.0152055736669679,        -0.0106604392298227
 -0.0151544658414702,        -0.0105888642419901
 -0.0151022825862946,        -0.0104844932704255
 -0.0150537508564802,        -0.0103664139441823
 -0.0150136774695388,        -0.0102606513237118
 -0.0149820469973590,        -0.0101781199046635
 -0.0149534256445899,        -0.0101146047989002
 -0.0149268935223930,        -0.0100539631155710
 -0.0149061973500536,        -0.0099792467158577
 -0.0148956218019199,        -0.0098857646946187
 -0.0148977732280811,        -0.0097829469079620
 -0.0149081247477639,        -0.0096847294437873
 -0.0149177262622030,        -0.0095964492111880
 -0.0149233588608733,        -0.0095096394288567
 -0.0149283940137270,        -0.0094181117739578
 -0.0149368387644376,        -0.0093284766050384
 -0.0149502850321610,        -0.0092459928297563
 -0.0149669294763299,        -0.0091697077077316
 -0.0149825944058567,        -0.0090968748533697
 -0.0149940151391629,        -0.0090223362474583
 -0.0150016893134680,        -0.0089428029207807
 -0.0150102612645296,        -0.0088624661479773
 -0.0150235862085191,        -0.0087887429852633
 -0.0150382383721832,        -0.0087260928981829
 -0.0150487836780215,        -0.0086749246404507
 -0.0150557476242847,        -0.0086307535905512
 -0.0150609856303256,        -0.0085894050598592
 -0.0150651032267369,        -0.0085511428198522
 -0.0150705227324644,        -0.0085173033454409
 -0.0150787999456132,        -0.0084891416495477
 -0.0150818541620618,        -0.0084674967883787
 -0.0150758585232626,        -0.0084485577670083
 -0.0150706103981495,        -0.0084292566639535
 -0.0150705117732872,        -0.0084172449273994
 -0.0150768485358889,        -0.0084185938475194
 -0.0150909302813694,        -0.0084284093803701
 -0.0151080730037629,        -0.0084410147864815
 -0.0151180516162046,        -0.0084548934569537
 -0.0151177891499778,        -0.0084697498075665
 -0.0151139179561352,        -0.0084861605667117
 -0.0151109614834024,        -0.0085066045485434
 -0.0151102790964598,        -0.0085325696590123
 -0.0151125067807638,        -0.0085613473646221
 -0.0151171108677768,        -0.0085851249981721
 -0.0151180891150226,        -0.0085998289473799
 -0.0151104533066073,        -0.0086169232986783
 -0.0150953605762018,        -0.0086572188716254
 -0.0150757941250272,        -0.0087290230382552
 -0.0150515851469477,        -0.0088177346872371
 -0.0150265669145277,        -0.0089014466128383
 -0.0150083918332667,        -0.0089732534443994
 -0.0149947737566188,        -0.0090466657558220
 -0.0149796052835758,        -0.0091392630517179
 -0.0149580816675623,        -0.0092539321805900
 -0.0149253285243497,        -0.0093750177679747
 -0.0148790385907698,        -0.0094790755947120
 -0.0148252767288198,        -0.0095519864832020
 -0.0147728675055408,        -0.0096036981562253
 -0.0147265209349256,        -0.0096622149617107
 -0.0146877664474995,        -0.0097436597105108
 -0.0146546548786210,        -0.0098410614380588
 -0.0146243821490527,        -0.0099377218416632
 -0.0145941401633527,        -0.0100181457284316
 -0.0145660193838689,        -0.0100769593985549
 -0.0145440852439569,        -0.0101239570346903
 -0.0145245121569352,        -0.0101743364351020
 -0.0145018353055305,        -0.0102317119049157
 -0.0144808298371629,        -0.0102886443950633
 -0.0144691745090338,        -0.0103394646246313
 -0.0144682890309043,        -0.0103840742605876
 -0.0144757019127911,        -0.0104233887813945
 -0.0144853779205221,        -0.0104571190524152
 -0.0144898813635844,        -0.0104827691257634
 -0.0144871144213193,        -0.0104937372323671
 -0.0144816879296893,        -0.0104834170292419
 -0.0144811030131921,        -0.0104563638762826
 -0.0144924115424536,        -0.0104278347314007
 -0.0145155851441185,        -0.0104055645544350
 -0.0145446597018446,        -0.0103861745894820
 -0.0145769657417974,        -0.0103634475179525
 -0.0146132577477251,        -0.0103329296638442
 -0.0146570819235918,        -0.0102953404283873
 -0.0147133842240586,        -0.0102546440931203
 -0.0147799444742729,        -0.0102142609851104
 -0.0148491378987007,        -0.0101730267439684
 -0.0149177849190567,        -0.0101260695403275
 -0.0149863702840896,        -0.0100676420891570
 -0.0150555505607765,        -0.0099989825164276
 -0.0151271592345959,        -0.0099310483414472
 -0.0152023018021440,        -0.0098693386692211
 -0.0152791536638526,        -0.0098097907439122
 -0.0153541649384730,        -0.0097469792898200
 -0.0154243802402698,        -0.0096768564616447
 -0.0154915489114794,        -0.0095985851099671
 -0.0155620428377474,        -0.0095169299315048
 -0.0156371172823559,        -0.0094378200426246
 -0.0157118439004499,        -0.0093620212231029
 -0.0157840833702633,        -0.0092882137893663
 -0.0158524921385286,        -0.0092163045691483
 -0.0159139698207062,        -0.0091461277565683
 -0.0159687177519394,        -0.0090754002922381
 -0.0160193226566422,        -0.0090014274586304
 -0.0160614201982060,        -0.0089249452905899
 -0.0160942875286909,        -0.0088454103983452
 -0.0161281074863520,        -0.0087571498204634
 -0.0161650331013173,        -0.0086625032603613
 -0.0162015975467260,        -0.0085741872632271
 -0.0162365564536802,        -0.0084938513814203
 -0.0162658231670440,        -0.0084125093042351
 -0.0162809662844663,        -0.0083244533869913
 -0.0162804889907906,        -0.0082273789000114
 -0.0162713575782588,        -0.0081221201294484
 -0.0162595856724105,        -0.0080142225673347
 -0.0162473040420134,        -0.0079104769103798
 -0.0162339393441640,        -0.0078111625575525
 -0.0162183306654036,        -0.0077120973832297
 -0.0161954249662129,        -0.0076114142319983
 -0.0161628642948565,        -0.0075105002594198
 -0.0161252974821453,        -0.0074104435944180
 -0.0160864699593559,        -0.0073097203761182
 -0.0160404461840567,        -0.0072068202590179
 -0.0159865107875039,        -0.0071002521677164
 -0.0159373928839747,        -0.0069885634349503
 -0.0158982649551433,        -0.0068734330296841
 -0.0158673296824087,        -0.0067571547817174
 -0.0158423452186189,        -0.0066366594987579
 -0.0158155763393552,        -0.0065068038121628
 -0.0157762642494946,        -0.0063648307948363
 -0.0157257975910676,        -0.0062072713593210
 -0.0156750895174885,        -0.0060366419092842
 -0.0156316812719242,        -0.0058663289131088
 -0.0155982774054361,        -0.0057028367370892
 -0.0155738860323145,        -0.0055402008705845
 -0.0155548950232887,        -0.0053724520190941
 -0.0155344886242609,        -0.0051976447863129
 -0.0155123765063631,        -0.0050176748141835
 -0.0154968155011652,        -0.0048355456004559
 -0.0154903799955125,        -0.0046503612656283
 -0.0154870999685863,        -0.0044579261122521
 -0.0154861628949771,        -0.0042551131323017
 -0.0154921759254393,        -0.0040417840394706
 -0.0155057211215453,        -0.0038226280469838
 -0.0155264411992428,        -0.0036016692587741
 -0.0155540339784276,        -0.0033756982995475
 -0.0155828094857288,        -0.0031389594099408
 -0.0156055877593254,        -0.0028891946543260
 -0.0156212928957330,        -0.0026288684315670
 -0.0156326756721137,        -0.0023621136173657
 -0.0156442823513586,        -0.0020926757998476
 -0.0156630903996970,        -0.0018223955134760
 -0.0156911970926251,        -0.0015503924544395
 -0.0157219373134115,        -0.0012756759882687
 -0.0157481908042637,        -0.0009998861423946
 -0.0157693349255776,        -0.0007264986638811
 -0.0157897985494347,        -0.0004558508746851
 -0.0158122584886610,        -0.0001846661161402
 -0.0158353134350545,         0.0000889091784745
 -0.0158574960523166,         0.0003657630690573
 -0.0158776119921612,         0.0006496451308132
 -0.0158936417030098,         0.0009385806687402
 -0.0159036789310507,         0.0012208172562907
 -0.0159072940080157,         0.0014921378989817
 -0.0159056549644128,         0.0017585147776345
 -0.0158998991720316,         0.0020239938710925
 -0.0158896525660247,         0.0022894085982587
 -0.0158734689230651,         0.0025531258963542
 -0.0158529476129684,         0.0028103788288191
 -0.0158329015577425,         0.0030571775651670
 -0.0158144207225298,         0.0032952026574701
 -0.0157948832919873,         0.0035283645301027
 -0.0157728665660121,         0.0037568086360220
 -0.0157468993799682,         0.0039766952116749
 -0.0157154505095105,         0.0041859506753615
 -0.0156785992568671,         0.0043861698349033
 -0.0156375609903499,         0.0045790083066787
 -0.0155883579593910,         0.0047663958636811
 -0.0155303439802853,         0.0049504155118380
 -0.0154728316871075,         0.0051316931832020
 -0.0154176623422087,         0.0053095045499545
 -0.0153615399651349,         0.0054830188196621
 -0.0153031867399611,         0.0056506703705767
 -0.0152390377979253,         0.0058098874714221
 -0.0151636615594274,         0.0059600253905865
 -0.0150794183909246,         0.0061040453477326
 -0.0149930951417403,         0.0062458398344454
 -0.0149074072762177,         0.0063855719832409
 -0.0148247791005866,         0.0065194040285776
 -0.0147463170951470,         0.0066438829171637
 -0.0146684556284364,         0.0067583490704231
 -0.0145852148342460,         0.0068643297394521
 -0.0144964804215184,         0.0069662454941258
 -0.0144053039140413,         0.0070694509511551
 -0.0143124326358720,         0.0071744158139897
 -0.0142135884245458,         0.0072789650451623
 -0.0141114416297960,         0.0073836191178227
 -0.0140179574017274,         0.0074879377397334
 -0.0139360882368171,         0.0075897781480108
 -0.0138649277437555,         0.0076904744624062
 -0.0137999241255740,         0.0077935252107645
 -0.0137293895485666,         0.0079001762717917
 -0.0136425681130535,         0.0080093694322177
 -0.0135427071001461,         0.0081198843813085
 -0.0134415213936050,         0.0082304187965899
 -0.0133446614881373,         0.0083386880549963
 -0.0132538759577745,         0.0084427897643080
 -0.0131674020150140,         0.0085427429193630
 -0.0130788049483889,         0.0086391528276684
 -0.0129799743706290,         0.0087322407907477
 -0.0128719145430858,         0.0088235910569223
 -0.0127654982021625,         0.0089157255783107
 -0.0126673399131851,         0.0090096874128403
 -0.0125748042199890,         0.0091054109697340
 -0.0124844915436740,         0.0092028530081162
 -0.0123951742875793,         0.0093009346361830
 -0.0123063144265013,         0.0093973355468457
 -0.0122191894422882,         0.0094915929003231
 -0.0121336476940376,         0.0095871010445793
 -0.0120453523558007,         0.0096881109674179
 -0.0119504408398454,         0.0097953137494234
 -0.0118494471540749,         0.0099054789190446
 -0.0117460272397304,         0.0100144503072855
 -0.0116460697640460,         0.0101195885446998
 -0.0115523785846263,         0.0102215398228095
 -0.0114622741296158,         0.0103238660321326
 -0.0113728380312169,         0.0104276585804699
 -0.0112813971509171,         0.0105286404357128
 -0.0111881065052742,         0.0106230161395842
 -0.0110985534275987,         0.0107114921403652
 -0.0110144624381676,         0.0107964589341100
 -0.0109312576001632,         0.0108806563131684
 -0.0108465204300867,         0.0109666135997686
 -0.0107595058045004,         0.0110542384148766
 -0.0106684163713052,         0.0111417504085971
 -0.0105730605011878,         0.0112288364743415
 -0.0104749257105678,         0.0113166280104239
 -0.0103746409558154,         0.0114054355535661
 -0.0102724282539436,         0.0114940711902763
 -0.0101708080083914,         0.0115813554680430
 -0.0100724710125573,         0.0116670163713741
 -0.0099772808997169,         0.0117507903739495
 -0.0098845743751670,         0.0118320933463025
 -0.0097958820553832,         0.0119107372437172
 -0.0097125748835217,         0.0119863936140668
 -0.0096316806479858,         0.0120577770380963
 -0.0095484543673283,         0.0121237665517603
 -0.0094610746610189,         0.0121846996263944
 -0.0093703504978045,         0.0122420377480386
 -0.0092725118262042,         0.0122976750905142
 -0.0091680869011028,         0.0123535886230499
 -0.0090671429603569,         0.0124108527969582
 -0.0089712452466395,         0.0124685415420080
 -0.0088769211289880,         0.0125243334932551
 -0.0087819430411318,         0.0125763643926007
 -0.0086804959457721,         0.0126238973116924
 -0.0085657422605223,         0.0126668921923523
 -0.0084416731609420,         0.0127063002159911
 -0.0083181552550416,         0.0127431389967644
 -0.0081983050129833,         0.0127755751473278
 -0.0080808470014928,         0.0127996766531651
 -0.0079646223642546,         0.0128139648304150
 -0.0078477250082103,         0.0128202236987977
 -0.0077239441501618,         0.0128209829159942
 -0.0075915378685420,         0.0128185208082745
 -0.0074558198290634,         0.0128138667556090
 -0.0073211388367428,         0.0128063182480458
 -0.0071887575156407,         0.0127962265622623
 -0.0070599796431997,         0.0127865631273751
 -0.0069361884309996,         0.0127794510195876
 -0.0068172289583444,         0.0127730514760903
 -0.0067025067565121,         0.0127641316425889
 -0.0065889058765758,         0.0127526252972978
 -0.0064695346634279,         0.0127416731603210
 -0.0063389791440369,         0.0127338367380910
 -0.0061987791123617,         0.0127289438626602
 -0.0060552619109252,         0.0127248636963610
 -0.0059128603445984,         0.0127188779222390
 -0.0057720499477156,         0.0127089200225016
 -0.0056327127451474,         0.0126943477372697
 -0.0054941058213175,         0.0126753421604803
 -0.0053528257778811,         0.0126522290474479
 -0.0052093910829771,         0.0126262686504522
 -0.0050718766852287,         0.0126003729495378
 -0.0049438096714188,         0.0125780368067914
 -0.0048205745020167,         0.0125616323637114
 -0.0047002051242900,         0.0125516284669135
 -0.0045842803427921,         0.0125465840598583
 -0.0044743108851691,         0.0125441327726996
 -0.0043719370780805,         0.0125437585334404
 -0.0042760060374670,         0.0125486282791157
 -0.0041803483802052,         0.0125623966924388
 -0.0040785981420920,         0.0125844811784273
 -0.0039707204845171,         0.0126108461343862
 -0.0038618026896963,         0.0126381921611416
 -0.0037566127351784,         0.0126654635093624
 -0.0036578138699286,         0.0126931477520134
 -0.0035665307406785,         0.0127216715224725
 -0.0034810977000922,         0.0127486903944235
 -0.0033968334188574,         0.0127693368379248
 -0.0033102065227655,         0.0127811814797675
 -0.0032218029363902,         0.0127876011843026
 -0.0031344419392423,         0.0127951535124001
 -0.0030504613479037,         0.0128085027462637
 -0.0029705950277653,         0.0128279388835118
 -0.0028930023919354,         0.0128506803224658
 -0.0028138291277461,         0.0128739511438704
 -0.0027304369163412,         0.0128970946716765
 -0.0026435190063194,         0.0129211566713054
 -0.0025555941251596,         0.0129465415671764
 -0.0024684742268551,         0.0129713216624889
 -0.0023833983677577,         0.0129922387973609
 -0.0023022237681143,         0.0130071230652289
 -0.0022256415177146,         0.0130158665715105
 -0.0021521747263478,         0.0130194046634054
 -0.0020816820729146,         0.0130182714808673
 -0.0020148672473906,         0.0130118838241453
 -0.0019484116030975,         0.0129988795758294
 -0.0018777190657338,         0.0129783329592700
 -0.0018021030781813,         0.0129507487128431
 -0.0017232020976373,         0.0129176585886664
 -0.0016435372344314,         0.0128804528899124
 -0.0015662716560151,         0.0128400188317322
 -0.0014921105540980,         0.0127968593485164
 -0.0014181790361712,         0.0127506996097029
 -0.0013409558497630,         0.0127007103247319
 -0.0012583829058839,         0.0126466114335031
 -0.0011694311363620,         0.0125883218844374
 -0.0010743349381797,         0.0125245751198626
 -0.0009760539928491,         0.0124534324492114
 -0.0008791366544321,         0.0123736613981081
 -0.0007860937421284,         0.0122844735545458
 -0.0006969349350006,         0.0121850924428669
 -0.0006112965962816,         0.0120756894832458
 -0.0005277481769394,         0.0119580009098908
 -0.0004434929193522,         0.0118344658872666
 -0.0003579004147753,         0.0117069720007976
 -0.0002735924380563,         0.0115763984932990
 -0.0001928468213904,         0.0114432523179726
 -0.0001161315873505,         0.0113087342681147
 -0.0000444501486408,         0.0111746545339210
  0.0000195061426256,         0.0110416320990660
  0.0000729538000293,         0.0109079502980937
  0.0001157938051741,         0.0107714303687434
  0.0001527661925045,         0.0106321540280951
  0.0001924314484701,         0.0104920980913690
  0.0002420217612395,         0.0103523995505834
  0.0003012714190003,         0.0102121740639621
  0.0003624334299791,         0.0100697373961638
  0.0004182228818114,         0.0099239034843629
  0.0004667090143253,         0.0097739964735231
  0.0005084282499798,         0.0096191765121887
  0.0005453614959142,         0.0094582336754722
  0.0005814365274969,         0.0092905407998457
  0.0006174238940418,         0.0091176484316643
  0.0006483038717112,         0.0089438360800195
  0.0006693206587309,         0.0087745330320618
  0.0006806095089473,         0.0086138438847183
  0.0006847408282224,         0.0084631728785137
  0.0006831687702571,         0.0083210476398649
  0.0006754408661091,         0.0081838829670591
  0.0006607156281729,         0.0080485085365318
  0.0006403038265232,         0.0079147653868623
  0.0006181058671474,         0.0077844721068959
  0.0005979007642549,         0.0076578957265711
  0.0005807923345385,         0.0075327120294505
  0.0005651289559258,         0.0074063204045514
  0.0005481651774564,         0.0072780244753030
  0.0005279716283232,         0.0071487151333802
  0.0005045870389914,         0.0070185720184484
  0.0004800545924970,         0.0068853467753078
  0.0004571974581280,         0.0067457321818964
  0.0004374882391915,         0.0065988729693014
  0.0004198562470082,         0.0064480719529568
  0.0004020631212273,         0.0062986447389779
  0.0003829794810934,         0.0061541779376956
  0.0003629813196718,         0.0060148175509126
  0.0003432009651065,         0.0058786761311604
  0.0003255659834344,         0.0057443642768970
  0.0003121649317594,         0.0056121480545324
  0.0003031821957871,         0.0054829967734435
  0.0002970428003230,         0.0053566529215476
  0.0002928956289646,         0.0052306631794143
  0.0002903433100695,         0.0051015591003798
  0.0002873576083727,         0.0049671817330461
  0.0002813573518726,         0.0048277614581467
  0.0002714438289471,         0.0046848807005232
  0.0002584412372486,         0.0045398314446345
  0.0002445533949849,         0.0043928591082283
  0.0002330950766513,         0.0042433643846517
  0.0002269158787335,         0.0040907869223822
  0.0002271098084715,         0.0039356474717743
  0.0002334095184913,         0.0037795407168956
  0.0002447597747047,         0.0036239458282918
  0.0002593568706873,         0.0034694403349826
  0.0002753139056856,         0.0033159918189643
  0.0002917046524411,         0.0031633475836999
  0.0003085565383929,         0.0030110916691876
  0.0003262902424968,         0.0028587187320615
  0.0003459060426418,         0.0027056372946178
  0.0003689544928031,         0.0025510702047562
  0.0003957613256029,         0.0023943094991316
  0.0004236668771953,         0.0022352928827711
  0.0004484435942606,         0.0020747427155498
  0.0004675215831106,         0.0019135533013259
  0.0004807710342447,         0.0017521866269505
  0.0004894752556850,         0.0015908844979773
  0.0004964740553576,         0.0014303864882167
  0.0005051349602095,         0.0012721909627246
  0.0005157688378825,         0.0011179932900076
  0.0005250563011115,         0.0009689409072043
  0.0005298352014272,         0.0008257250511655
  0.0005288020555985,         0.0006894657413660
  0.0005210875707320,         0.0005616328673356
  0.0005062130201050,         0.0004421181340155
  0.0004848997115547,         0.0003280842319394
  0.0004591723184610,         0.0002162752594624
  0.0004334424302677,         0.0001063331759657
  0.0004141853025233,         0.0000006569357514
  0.0004050677787055,        -0.0000986543822041
  0.0004031549413361,        -0.0001916902026271
  0.0004022514519758,        -0.0002801687274448
  0.0003987129949681,        -0.0003660016431736
  0.0003925671902987,        -0.0004501072598818
  0.0003855365135150,        -0.0005321488350551
  0.0003802414433012,        -0.0006113636894213
  0.0003785146655604,        -0.0006870711926468
  0.0003778329986195,        -0.0007579992111871
  0.0003718937959261,        -0.0008218445276810
  0.0003562555241150,        -0.0008759909490090
  0.0003312910160602,        -0.0009184516174935
  0.0002999660228394,        -0.0009486834082044
  0.0002647267756944,        -0.0009684217032095
  0.0002258879315211,        -0.0009811155249463
  0.0001829090111366,        -0.0009892292602559
  0.0001379298374935,        -0.0009922775552101
  0.0000961011246855,        -0.0009884387382454
  0.0000613246364783,        -0.0009778339512403
  0.0000334426205504,        -0.0009634239941087
  0.0000096194096368,        -0.0009486596273930
 -0.0000132220466265,        -0.0009344844788997
 -0.0000369494486728,        -0.0009188992892976
 -0.0000615941439998,        -0.0009000703929760
 -0.0000855801376901,        -0.0008797368754451
 -0.0001070942317567,        -0.0008623429606789
 -0.0001259871204986,        -0.0008503896597239
 -0.0001440239308199,        -0.0008414536469699
 -0.0001626640438547,        -0.0008300649445773
 -0.0001812684756169,        -0.0008120093201862
 -0.0001977454218095,        -0.0007868258388414
 -0.0002100546099689,        -0.0007568352412970
 -0.0002175149126194,        -0.0007242879611500
 -0.0002217185510331,        -0.0006894863307198
 -0.0002256088435734,        -0.0006515056959763
 -0.0002311475733266,        -0.0006105432658732
 -0.0002383771825290,        -0.0005691316510801
 -0.0002464879028373,        -0.0005305702907762
 -0.0002551858094963,        -0.0004961453696964
 -0.0002652791152564,        -0.0004640691514277
 -0.0002780729219773,        -0.0004310555794032
 -0.0002937901886679,        -0.0003950161740910
 -0.0003104852399364,        -0.0003566954867545
 -0.0003246406925525,        -0.0003188876748565
 -0.0003329810761420,        -0.0002838589447233
 -0.0003343076281674,        -0.0002513516078792
 -0.0003301980206073,        -0.0002188578673884
 -0.0003237576177382,        -0.0001835431507967
 -0.0003172245036462,        -0.0001440866030322
 -0.0003106161963572,        -0.0001012962377007
 -0.0003023372512345,        -0.0000573503375404
 -0.0002905078305986,        -0.0000143159660542
 -0.0002736925866448,         0.0000269708217149
 -0.0002512027578013,         0.0000669022519289
 -0.0002238153799305,         0.0001061895558256
 -0.0001942783487270,         0.0001449536763012
 -0.0001658249358816,         0.0001824471629559
 -0.0001397580495679,         0.0002173885163922
 -0.0001153850665745,         0.0002486811466819
 -0.0000913848474206,         0.0002762144319327
 -0.0000655763453874,         0.0003011498814800
 -0.0000353509637172,         0.0003252503491307
 -0.0000006731555427,         0.0003496992230189
  0.0000351739827127,         0.0003745440897431
  0.0000688584532633,         0.0003994757816849
  0.0000989367467194,         0.0004251203621646
  0.0001247993574378,         0.0004528536089301
  0.0001457084932565,         0.0004827137128718
  0.0001608036951136,         0.0005122254881889
  0.0001702024609566,         0.0005385237307719
  0.0001767646799414,         0.0005614318115023
  0.0001852614038188,         0.0005834240196624
  0.0001987163980419,         0.0006066434543237
  0.0002165900553105,         0.0006306543704837
  0.0002364270986014,         0.0006531081658374
  0.0002560669481686,         0.0006722997324153
  0.0002745024930634,         0.0006888065704418
  0.0002915468220650,         0.0007042084495786
  0.0003069901982237,         0.0007184916339080
  0.0003199444018072,         0.0007298429468716
  0.0003286910669054,         0.0007372581649819
  0.0003313126062689,         0.0007423947729156
  0.0003270798678677,         0.0007483361937424
  0.0003172629016060,         0.0007569550391860
  0.0003042573991621,         0.0007678538808880
  0.0002899629773908,         0.0007796807806789
  0.0002749163574498,         0.0007919922072660
  0.0002586321651417,         0.0008055428373176
  0.0002407353814788,         0.0008208739572904
  0.0002218360268816,         0.0008368745556045
  0.0002032765372052,         0.0008508804168316
  0.0001861202935255,         0.0008603171893172
  0.0001703270659316,         0.0008643821142564
  0.0001546232433162,         0.0008642239690796
  0.0001372472866704,         0.0008615650937772
  0.0001172860186992,         0.0008570782737977
  0.0000955279950417,         0.0008498658490299
  0.0000739059712720,         0.0008383992132495
  0.0000539710223457,         0.0008220913821384
  0.0000358448692887,         0.0008021650773336
  0.0000185590454641,         0.0007811574118005
  0.0000013038709801,         0.0007615526654557
 -0.0000156148037819,         0.0007445325922527
 -0.0000308346582187,         0.0007295745430409
 -0.0000428231027065,         0.0007150454230840
 -0.0000508888531232,         0.0006992700666441
 -0.0000556244273358,         0.0006812221599337
 -0.0000584916394178,         0.0006604159019174
 -0.0000609004960255,         0.0006363866704656
 -0.0000635174399210,         0.0006084765484706
 -0.0000662654005605,         0.0005761862710973
 -0.0000688174028070,         0.0005396641473675
 -0.0000710036608338,         0.0004997308225169
 -0.0000727614706150,         0.0004573550014100
 -0.0000737703276970,         0.0004131031460935
 -0.0000732209512610,         0.0003671079955418
 -0.0000700300733262,         0.0003195339119685
 -0.0000634155705563,         0.0002709887315769
 -0.0000534380367029,         0.0002224057616820
 -0.0000411080852522,         0.0001745075486176
 -0.0000279418735649,         0.0001274104730752
 -0.0000152382684131,         0.0000807521160241
 -0.0000035658871758,         0.0000341711209086
  0.0000072205098885,        -0.0000123295885453
  0.0000175449757739,        -0.0000584104317181
  0.0000276614372872,        -0.0001037054637629
  0.0000375059668272,        -0.0001481170372939
  0.0000468474823880,        -0.0001918816190874
  0.0000555157997054,        -0.0002353940479589
  0.0000635135133589,        -0.0002789204264355
  0.0000709848735655,        -0.0003223614595695
  0.0000781365576661,        -0.0003651867262362
  0.0000851941072026,        -0.0004065834859490
  0.0000923841348116,        -0.0004457593010772
  0.0000998738216482,        -0.0004822374159531
  0.0001076457369797,        -0.0005159657387395
  0.0001153898366025,        -0.0005471746916891
  0.0001225371022755,        -0.0005761001252909
  0.0001284775668632,        -0.0006027850374738
  0.0001328604528177,        -0.0006270985044395
  0.0001357909224520,        -0.0006489280093500
  0.0001377903245324,        -0.0006683704908688
  0.0001395384279465,        -0.0006857698653302
  0.0001415550438813,        -0.0007015870177915
  0.0001440053499717,        -0.0007162144945323
  0.0001467145630097,        -0.0007298653198588
  0.0001493325366443,        -0.0007425830008631
  0.0001515062317819,        -0.0007543234581187
  0.0001529507898327,        -0.0007650237802995
  0.0001534166848660,        -0.0007746069437139
  0.0001526369044668,        -0.0007829333461909
  0.0001503396752373,        -0.0007897503940719
  0.0001463418992114,        -0.0007946900040911
  0.0001406642424751,        -0.0007973320329965
  0.0001335907289874,        -0.0007973143136074
  0.0001256398714415,        -0.0007944473403420
  0.0001174768791762,        -0.0007887913001620
  0.0001098249158375,        -0.0007806710914809
  0.0001034093326833,        -0.0007706303085104
  0.0000989196824536,        -0.0007593454272874
  0.0000969475543564,        -0.0007475279270738
  0.0000978795882086,        -0.0007358346274467
  0.0001017763551356,        -0.0007247939104308
  0.0001083039706051,        -0.0007147485937657
  0.0001167734546752,        -0.0007058182260519
  0.0001262890193446,        -0.0006978874250746
  0.0001359485812761,        -0.0006906235691786
  0.0001450165241332,        -0.0006835167267383
  0.0001530112947050,        -0.0006759275475934
  0.0001596982769241,        -0.0006671343932121
  0.0001650187002039,        -0.0006563856177135
  0.0001689982221622,        -0.0006429712456429
  0.0001716681158768,        -0.0006263184166687
  0.0001730152059494,        -0.0006060920914476
  0.0001729664547923,        -0.0005822659886490
  0.0001714091674811,        -0.0005551343234403
  0.0001682401495136,        -0.0005252596281275
  0.0001634249628104,        -0.0004933764823511
  0.0001570401353986,        -0.0004602779695435
  0.0001492769446383,        -0.0004267016801497
  0.0001404053348640,        -0.0003932216622392
  0.0001307183457463,        -0.0003601562061311
  0.0001204859892549,        -0.0003275148924699
  0.0001099373214099,        -0.0002950130305055
  0.0000992687294867,        -0.0002621631729849
  0.0000886600902693,        -0.0002284185150495
  0.0000782787163154,        -0.0001933156263270
  0.0000682630571574,        -0.0001565648608567
  0.0000586941654097,        -0.0001180658230542
  0.0000495719863361,        -0.0000778625258135
  0.0000408106533028,        -0.0000360756365078
  0.0000322554675688,         0.0000071516421560
  0.0000237123028120,         0.0000516747716049
  0.0000149751688472,         0.0000973368113164
  0.0000058418882278,         0.0001439390011773
 -0.0000038821524580,         0.0001912117616971
 -0.0000143829665419,         0.0002388034390570
 -0.0000258276065293,         0.0002862979619870
 -0.0000383376689135,         0.0003332623218426
 -0.0000519501273534,         0.0003793124670974
 -0.0000665785971059,         0.0004241764418958
 -0.0000819920552256,         0.0004677315446435
 -0.0000978242206916,         0.0005099999865784
 -0.0001136167911367,         0.0005511020700786
 -0.0001288875167282,         0.0005911809155085
 -0.0001432043167749,         0.0006303220793861
 -0.0001562430562668,         0.0006684921030160
 -0.0001678108466214,         0.0007055130645785
 -0.0001778277067911,         0.0007410789162873
 -0.0001862734667306,         0.0007748074765866
 -0.0001931189790218,         0.0008063123425627
 -0.0001982666447188,         0.0008352737528090
 -0.0002015227330122,         0.0008614879649184
 -0.0002026136768900,         0.0008848814602082
 -0.0002012438434197,         0.0009054879599864
 -0.0001971781898477,         0.0009233993188523
 -0.0001903246048711,         0.0009387108441811
 -0.0001807905475446,         0.0009514830936184
 -0.0001688966537722,         0.0009617344743627
 -0.0001551430789334,         0.0009694651177356
 -0.0001401377270096,         0.0009746987830561
 -0.0001245049324021,         0.0009775221327755
 -0.0001087964075333,         0.0009781024305789
 -0.0000934235072196,         0.0009766737682332
 -0.0000786228688777,         0.0009734934929733
 -0.0000644586096364,         0.0009687797720819
 -0.0000508557059407,         0.0009626458256887
 -0.0000376527941974,         0.0009550466601382
 -0.0000246598008213,         0.0009457517104977
 -0.0000117071766294,         0.0009343526063168
  0.0000013214596129,         0.0009203091650885
  0.0000144746226982,         0.0009030285419209
  0.0000277315683861,         0.0008819635427972
  0.0000410067696152,         0.0008567095189736
  0.0000541540835638,         0.0008270783387386
  0.0000669686159876,         0.0007931339876352
  0.0000791888418315,         0.0007551853654897
  0.0000905038818714,         0.0007137433284809
  0.0001005697894538,         0.0006694564556640
  0.0001090350761153,         0.0006230412677368
  0.0001155716650804,         0.0005752186732122
  0.0001199051525087,         0.0005266622281788
  0.0001218385947771,         0.0004779584165470
  0.0001212664128059,         0.0004295763881889
  0.0001181779203477,         0.0003818447468218
  0.0001126520921196,         0.0003349353010934
  0.0001048459586603,         0.0002888567886978
  0.0000949787579718,         0.0002434637361611
  0.0000833133940590,         0.0001984852540933
  0.0000701364427144,         0.0001535750171565
  0.0000557381073073,         0.0001083777890917
  0.0000403939602749,         0.0000626018667842
  0.0000243505646748,         0.0000160833326846
  0.0000078167093969,        -0.0000311713682114
 -0.0000090391724310,        -0.0000789734227691
 -0.0000260865345384,        -0.0001269722147813
 -0.0000432278731926,        -0.0001747034359308
 -0.0000603947267888,        -0.0002216543340625
 -0.0000775467780450,        -0.0002673329077310
 -0.0000946740635449,        -0.0003113279471630
 -0.0001117997037063,        -0.0003533495985296
 -0.0001289789189898,        -0.0003932449883650
 -0.0001462903452139,        -0.0004309892997538
 -0.0001638178964253,        -0.0004666580580816
 -0.0001816248093598,        -0.0005003897927383
 -0.0001997246790737,        -0.0005323488124332
 -0.0002180560306246,        -0.0005626956687448
 -0.0002364666888184,        -0.0005915690246321
 -0.0002547121233357,        -0.0006190786021154
 -0.0002724688355075,        -0.0006453060124077
 -0.0002893606498617,        -0.0006703092949233
 -0.0003049932480725,        -0.0006941278316289
 -0.0003189909058477,        -0.0007167862235592
 -0.0003310293417047,        -0.0007382976595516
 -0.0003408597796566,        -0.0007586683111735
 -0.0003483214422680,        -0.0007779038690533
 -0.0003533421964445,        -0.0007960177185763
 -0.0003559293515617,        -0.0008130383178986
 -0.0003561541358057,        -0.0008290122461282
 -0.0003541338955053,        -0.0008439999814606
 -0.0003500156322787,        -0.0008580637778949
 -0.0003439633978633,        -0.0008712501327507
 -0.0003361506648707,        -0.0008835718405110
 -0.0003267574055380,        -0.0008949952713420
 -0.0003159704959955,        -0.0009054369015322
 -0.0003039854187771,        -0.0009147699156944
 -0.0002910071806540,        -0.0009228382607714
 -0.0002772488758808,        -0.0009294732568130
 -0.0002629272056883,        -0.0009345075698271
 -0.0002482551846407,        -0.0009377829807787
 -0.0002334329156653,        -0.0009391511733008
 -0.0002186375686260,        -0.0009384696113171
 -0.0002040136512438,        -0.0009355964835964
 -0.0001896645428828,        -0.0009303890588975
 -0.0001756462437245,        -0.0009227085709364
 -0.0001619643626294,        -0.0009124324003081
 -0.0001485753486470,        -0.0008994716455720
 -0.0001353926665824,        -0.0008837900487848
 -0.0001222979722023,        -0.0008654193054675
 -0.0001091565040535,        -0.0008444662642687
 -0.0000958351407133,        -0.0008211091820287
 -0.0000822211026698,        -0.0007955825249088
 -0.0000682391864346,        -0.0007681521982825
 -0.0000538656340046,        -0.0007390850419718
 -0.0000391371316024,        -0.0007086175966916
 -0.0000241539052255,        -0.0006769293442116
 -0.0000090764214306,        -0.0006441248214983
  0.0000058841667440,        -0.0006102273759915
  0.0000204809746864,        -0.0005751852424080
  0.0000344501732835,        -0.0005388885953753
  0.0000475314694966,        -0.0005011947463603
  0.0000594878730889,        -0.0004619579584143
  0.0000701224844270,        -0.0004210603732143
  0.0000792906117667,        -0.0003784409543174
  0.0000869064407803,        -0.0003341197767951
  0.0000929445336443,        -0.0002882152411815
  0.0000974373496382,        -0.0002409519437991
  0.0001004704679882,        -0.0001926572933084
  0.0001021770741522,        -0.0001437458417561
  0.0001027325672909,        -0.0000946918261984
  0.0001023491251378,        -0.0000459924173453
  0.0001012691529995,         0.0000018738134830
  0.0000997561666907,         0.0000484872589246
  0.0000980820330436,         0.0000935201722005
  0.0000965105211258,         0.0001367567836134
  0.0000952784278464,         0.0001780975258915
  0.0000945766429405,         0.0002175471987102
  0.0000945340141668,         0.0002551898940440
  0.0000952066134668,         0.0002911558415708
  0.0000965741137184,         0.0003255865011150
  0.0000985437756949,         0.0003586040300552
  0.0001009613698246,         0.0003902898350940
  0.0001036274840438,         0.0004206746971015
  0.0001063172123786,         0.0004497404879848
  0.0001088011480619,         0.0004774313238400
  0.0001108657961970,         0.0005036705361999
  0.0001123318246551,         0.0005283793089478
  0.0001130688703496,         0.0005514932107582
  0.0001130058609393,         0.0005729739336876
  0.0001121360245575,         0.0005928149708668
  0.0001105160225684,         0.0006110413381307
  0.0001082590436255,         0.0006277044536392
  0.0001055222889108,         0.0006428737918442
  0.0001024900192280,         0.0006566269730021
  0.0000993540881335,         0.0006690397294361
  0.0000962944489292,         0.0006801769331524
  0.0000934622941688,         0.0006900857235828
  0.0000909681379627,         0.0006987917351783
  0.0000888762930149,         0.0007062993479025
  0.0000872059878385,         0.0007125965731903
  0.0000859380951352,         0.0007176645198745
  0.0000850254207080,         0.0007214904052447
  0.0000844039979653,         0.0007240820223380
  0.0000840029699601,         0.0007254807998437
  0.0000837513608898,         0.0007257704299937
  0.0000835811197297,         0.0007250786640454
  0.0000834269454859,         0.0007235712057073
  0.0000832242694334,         0.0007214383470046
  0.0000829071669807,         0.0007188766194260
  0.0000824078430922,         0.0007160688140430
  0.0000816587703257,         0.0007131659561783
  0.0000805977462906,         0.0007102741594430
  0.0000791752975130,         0.0007074479545536
  0.0000773631799616,         0.0007046901026823
  0.0000751623390831,         0.0007019565235593
  0.0000726086477469,         0.0006991641593372
  0.0000697750287637,         0.0006961995157871
  0.0000667691292784,         0.0006929261961646
  0.0000637264482387,         0.0006891907058826
  0.0000607995974592,         0.0006848268092881
  0.0000581450591392,         0.0006796594463528
  0.0000559092537993,         0.0006735094710445
  0.0000542158561045,         0.0006662002189489
  0.0000531560614741,         0.0006575662615826
  0.0000527829639075,         0.0006474638692739
  0.0000531104781562,         0.0006357819266390
  0.0000541164917764,         0.0006224515371025
  0.0000557493246308,         0.0006074524493573
  0.0000579362153633,         0.0005908147681323
  0.0000605924798547,         0.0005726150984688
  0.0000636301532139,         0.0005529671616607
  0.0000669652425023,         0.0005320078211717
  0.0000705230804014,         0.0005098801917292
  0.0000742416038622,         0.0004867159533738
  0.0000780726509160,         0.0004626191085354
  0.0000819815717442,         0.0004376532274205
  0.0000859455973413,         0.0004118337923861
  0.0000899515015021,         0.0003851266557821
  0.0000939931125422,         0.0003574529383012
  0.0000980691555293,         0.0003286999702612
  0.0001021817232145,         0.0002987371638112
  0.0001063354071962,         0.0002674350569140
  0.0001105368314573,         0.0002346852680864
  0.0001147941034799,         0.0002004188390013
  0.0001191156140104,         0.0001646205096787
  0.0001235077203946,         0.0001273369193015
  0.0001279711311628,         0.0000886775361144
  0.0001324962075244,         0.0000488081889758
  0.0001370578097936,         0.0000079382231309
  0.0001416106336391,        -0.0000336966825692
  0.0001460861125013,        -0.0000758533234641
  0.0001503918605091,        -0.0001182984891560
  0.0001544142991789,        -0.0001608226008911
  0.0001580246066001,        -0.0002032476385572
  0.0001610875444919,        -0.0002454285900140
  0.0001634721709031,        -0.0002872488016621
  0.0001650630447130,        -0.0003286106285052
  0.0001657703550980,        -0.0003694234986747
  0.0001655375018646,        -0.0004095918128273
  0.0001643449952638,        -0.0004490049660684
  0.0001622100733173,        -0.0004875312622080
  0.0001591820564457,        -0.0005250167044452
  0.0001553340698371,        -0.0005612887479596
  0.0001507522716476,        -0.0005961642497021
  0.0001455240628808,        -0.0006294601867276
  0.0001397268852190,        -0.0006610053288479
  0.0001334191258963,        -0.0006906509804516
  0.0001266343564599,        -0.0007182791328644
  0.0001193796679853,        -0.0007438068338796
  0.0001116382831009,        -0.0007671862009440
  0.0001033760008847,        -0.0007884001841762
  0.0000945504579172,        -0.0008074548303079
  0.0000851217664555,        -0.0008243693212800
  0.0000750629027755,        -0.0008391653873912
  0.0000643683109451,        -0.0008518577717557
  0.0000530595495462,        -0.0008624472296361
  0.0000411873711330,        -0.0008709171047325
  0.0000288302698264,        -0.0008772339038146
  0.0000160901260272,        -0.0008813516013508
  0.0000030859991119,        -0.0008832187790193
 -0.0000100527051282,        -0.0008827872656090
 -0.0000231925487209,        -0.0008800207762907
 -0.0000362010102056,        -0.0008749021797138
 -0.0000489496430697,        -0.0008674384008781
 -0.0000613154655438,        -0.0008576624950375
 -0.0000731809812068,        -0.0008456329733488
 -0.0000844334743929,        -0.0008314309031528
 -0.0000949643056002,        -0.0008151555624884
 -0.0001046688530272,        -0.0007969194742909
 -0.0001134475363987,        -0.0007768435117228
 -0.0001212080658123,        -0.0007550525234442
 -0.0001278687390327,        -0.0007316716623844
 -0.0001333623256066,        -0.0007068233885759
 -0.0001376398799054,        -0.0006806250007422
 -0.0001406737577104,        -0.0006531865401829
 -0.0001424591892688,        -0.0006246089792149
 -0.0001430139746276,        -0.0005949827111217
 -0.0001423761752364,        -0.0005643864532996
 -0.0001406000191597,        -0.0005328867264114
 -0.0001377505473675,        -0.0005005380663179
 -0.0001338977440880,        -0.0004673840685530
 -0.0001291109741492,        -0.0004334592761657
 -0.0001234544823765,        -0.0003987918229849
 -0.0001169845121312,        -0.0003634066527649
 -0.0001097483140470,        -0.0003273290585280
 -0.0001017849982908,        -0.0002905882272882
 -0.0000931278929082,        -0.0002532204335812
 -0.0000838078571561,        -0.0002152715058849
 -0.0000738568955830,        -0.0001767982053191
 -0.0000633114382830,        -0.0001378682227555
