timestep:         0.0063532800000000
yAxisLabel:vertical DOF [m]     
title:bogies vertical DOF       
uv1,    uv2,    
  0.0000000000000000,  0.0000000000000000,
  0.0000000000000000,  0.0000000000000000,
 -0.0000000529576057,  0.0000000517062469,
 -0.0000002121426190,  0.0000002050798510,
 -0.0000005042542518,  0.0000004821287432,
 -0.0000009823313803,  0.0000009296459748,
 -0.0000016833999425,  0.0000015768524282,
 -0.0000026436488642,  0.0000024508699643,
 -0.0000039152593320,  0.0000035931989958,
 -0.0000055729819538,  0.0000050655263002,
 -0.0000077206536157,  0.0000069552309387,
 -0.0000104745693883,  0.0000093580550262,
 -0.0000139522695477,  0.0000123667271010,
 -0.0000182665801793,  0.0000160651500302,
 -0.0000235283254997,  0.0000205312753572,
 -0.0000298458511597,  0.0000258367408723,
 -0.0000373217550222,  0.0000320437861481,
 -0.0000460540434777,  0.0000392066022044,
 -0.0000561337277705,  0.0000473691460213,
 -0.0000676358656670,  0.0000565566370370,
 -0.0000806109274964,  0.0000667677065550,
 -0.0000950854170487,  0.0000779759007967,
 -0.0001110688741151,  0.0000901373695510,
 -0.0001285592644791,  0.0001031966934265,
 -0.0001475433634049,  0.0001170876108981,
 -0.0001679938004526,  0.0001317304772818,
 -0.0001898665706929,  0.0001470303043181,
 -0.0002131002383349,  0.0001628765592670,
 -0.0002376184004400,  0.0001791461888156,
 -0.0002633363492200,  0.0001957106592920,
 -0.0002901690586622,  0.0002124440486062,
 -0.0003180356141389,  0.0002292273802750,
 -0.0003468577126023,  0.0002459470287299,
 -0.0003765558040477,  0.0002624909144590,
 -0.0004070485207671,  0.0002787480889095,
 -0.0004382567934734,  0.0002946129402560,
 -0.0004701091432880,  0.0003099904060586,
 -0.0005025447230604,  0.0003247988017404,
 -0.0005355143737183,  0.0003389706122320,
 -0.0005689810904930,  0.0003524526834304,
 -0.0006029201336468,  0.0003652060609271,
 -0.0006373194472845,  0.0003772061324716,
 -0.0006721818281093,  0.0003884444645984,
 -0.0007075286550059,  0.0003989320761486,
 -0.0007434023759640,  0.0004087013482635,
 -0.0007798655502195,  0.0004178044679833,
 -0.0008169981950135,  0.0004263102449505,
 -0.0008548969395067,  0.0004343027815109,
 -0.0008936765201684,  0.0004418824417001,
 -0.0009334708321225,  0.0004491663051986,
 -0.0009744309636688,  0.0004562856110887,
 -0.0010167195121757,  0.0004633796228286,
 -0.0010605016281163,  0.0004705864920448,
 -0.0011059361394107,  0.0004780345152783,
 -0.0011531682084303,  0.0004858351910702,
 -0.0012023238466113,  0.0004940783294063,
 -0.0012535063786559,  0.0005028292288290,
 -0.0013067932808596,  0.0005121263083427,
 -0.0013622324237148,  0.0005219782368724,
 -0.0014198390923730,  0.0005323619299668,
 -0.0014795960065924,  0.0005432235583629,
 -0.0015414569965549,  0.0005544830999642,
 -0.0016053529427071,  0.0005660409447166,
 -0.0016711980177675,  0.0005777845625065,
 -0.0017388949312201,  0.0005895939679954,
 -0.0018083387679447,  0.0006013456356387,
 -0.0018794201327199,  0.0006129156246990,
 -0.0019520290839993,  0.0006241833965443,
 -0.0020260603501612,  0.0006350367796649,
 -0.0021014179890322,  0.0006453762404277,
 -0.0021780165251882,  0.0006551155886196,
 -0.0022557770664093,  0.0006641777915450,
 -0.0023346194845984,  0.0006724871462345,
 -0.0024144533273733,  0.0006799605547499,
 -0.0024951700798410,  0.0006865004945053,
 -0.0025766382354136,  0.0006919910401242,
 -0.0026587011825833,  0.0006962968216794,
 -0.0027411770707541,  0.0006992639841768,
 -0.0028238600419808,  0.0007007224681299,
 -0.0029065230348474,  0.0007004897579000,
 -0.0029889228163169,  0.0006983766776354,
 -0.0030708074199116,  0.0006941953251626,
 -0.0031519250322922,  0.0006877681202487,
 -0.0032320324115613,  0.0006789360468483,
 -0.0033109009196512,  0.0006675642429908,
 -0.0033883193362112,  0.0006535442241242,
 -0.0034640941610738,  0.0006367935576771,
 -0.0035380491884948,  0.0006172548256394,
 -0.0036100261471158,  0.0005948956502055,
 -0.0036798871932661,  0.0005697105044957,
 -0.0037475186782207,  0.0005417236662614,
 -0.0038128347322675,  0.0005109918398804,
 -0.0038757792977526,  0.0004776051169584,
 -0.0039349174268988,  0.0004402460697193,
 -0.0039890664818962,  0.0003978045700979,
 -0.0040378948827838,  0.0003499974767781,
 -0.0040812197850709,  0.0002966800920793,
 -0.0041190289091123,  0.0002378705901622,
 -0.0041515065414629,  0.0001737767082959,
 -0.0041790289140495,  0.0001047892409211,
 -0.0042021125790340,  0.0000314282091668,
 -0.0042213431089814, -0.0000457287410481,
 -0.0042373340637216, -0.0001260864627861,
 -0.0042507239599103, -0.0002090347028876,
 -0.0042621723230323, -0.0002939514640492,
 -0.0042723495360545, -0.0003802121462498,
 -0.0042819193788537, -0.0004672057577358,
 -0.0042915155379366, -0.0005543571726971,
 -0.0043017269913313, -0.0006411406523765,
 -0.0043130915391230, -0.0007270856244247,
 -0.0043260919191542, -0.0008117802205442,
 -0.0043411555657523, -0.0008948710872585,
 -0.0043586513036766, -0.0009760657086917,
 -0.0043788795081270, -0.0010551407097426,
 -0.0044020635090585, -0.0011319488915997,
 -0.0044283481211457, -0.0012064196349057,
 -0.0044578055525489, -0.0012785524085808,
 -0.0044904437371450, -0.0013484079830998,
 -0.0045262122145002, -0.0014161018868681,
 -0.0045650077267995, -0.0014817978351479,
 -0.0046066825605183, -0.0015456982560720,
 -0.0046510544510323, -0.0016080334729287,
 -0.0046979160147248, -0.0016690519735033,
 -0.0047470436623123, -0.0017290119012004,
 -0.0047982067107958, -0.0017881726940765,
 -0.0048511752962476, -0.0018467877683094,
 -0.0049057242280894, -0.0019051009004116,
 -0.0049616325815192, -0.0019633467302936,
 -0.0050186828013301, -0.0020217519723191,
 -0.0050766626303841, -0.0020805341935324,
 -0.0051353684268787, -0.0021398994972234,
 -0.0051946059685277, -0.0022000427786272,
 -0.0052541879739361, -0.0022611510989676,
 -0.0053139316839913, -0.0023234067347835,
 -0.0053736596944973, -0.0023869867954230,
 -0.0054332042554112, -0.0024520594070944,
 -0.0054924136397779, -0.0025187780202694,
 -0.0055511590224496, -0.0025872753494531,
 -0.0056093395948842, -0.0026576590029426,
 -0.0056668835743270, -0.0027300109796552,
 -0.0057237453258135, -0.0028043908477529,
 -0.0057799020568675, -0.0028808393082707,
 -0.0058353539707333, -0.0029593783852663,
 -0.0058901293952590, -0.0030400067238163,
 -0.0059442927752136, -0.0031226919909202,
 -0.0059979490686066, -0.0032073667240251,
 -0.0060512420806698, -0.0032939300445043,
 -0.0061043490516340, -0.0033822529557030,
 -0.0061574755004711, -0.0034721833569343,
 -0.0062108538630063, -0.0035635473793188,
 -0.0062647459222975, -0.0036561470899383,
 -0.0063194442984268, -0.0037497592070141,
 -0.0063752684149136, -0.0038441392669030,
 -0.0064325555529143, -0.0039390305943672,
 -0.0064916472769550, -0.0040341778211222,
 -0.0065528727329660, -0.0041293434271057,
 -0.0066165313238888, -0.0042243247073953,
 -0.0066828758091452, -0.0043189699851812,
 -0.0067520963520336, -0.0044131934348905,
 -0.0068243063544661, -0.0045069876764693,
 -0.0068995312579372, -0.0046004330988580,
 -0.0069777021635923, -0.0046937022525984,
 -0.0070586570009945, -0.0047870567133079,
 -0.0071421511530608, -0.0048808345220061,
 -0.0072278767658905, -0.0049754289093813,
 -0.0073154875810822, -0.0050712614134040,
 -0.0074046251558984, -0.0051687535504867,
 -0.0074949426257391, -0.0052683009958437,
 -0.0075861233882838, -0.0053702530303098,
 -0.0076778936229202, -0.0054748984200146,
 -0.0077700285441665, -0.0055824578049616,
 -0.0078623524938019, -0.0056930823840009,
 -0.0079547332058385, -0.0058068584510736,
 -0.0080470715053836, -0.0059238164886220,
 -0.0081392891619646, -0.0060439421712900,
 -0.0082313187494865, -0.0061671855687992,
 -0.0083230989564505, -0.0062934652362279,
 -0.0084145765029941, -0.0064226660960694,
 -0.0085057128009133, -0.0065546329542221,
 -0.0085964914226676, -0.0066891635173350,
 -0.0086869223795088, -0.0068260048561607,
 -0.0087770410609924, -0.0069648554540420,
 -0.0088669023605177, -0.0071053723469233,
 -0.0089565724980880, -0.0072471808762493,
 -0.0090461213385584, -0.0073898842524318,
 -0.0091356167016093, -0.0075330713791780,
 -0.0092251202781232, -0.0076763232388555,
 -0.0093146834522821, -0.0078192194582221,
 -0.0094043412372352, -0.0079613467992628,
 -0.0094941035579812, -0.0081023103329103,
 -0.0095839445760070, -0.0082417466090511,
 -0.0096737919081080, -0.0083793369640554,
 -0.0097635180161175, -0.0085148186533048,
 -0.0098529368015784, -0.0086479906948386,
 -0.0099418073363537, -0.0087787123813037,
 -0.0100298420852381, -0.0089068970572733,
 -0.0101167185598775, -0.0090325022348313,
 -0.0102020933866652, -0.0091555170756712,
 -0.0102856164086096, -0.0092759496448777,
 -0.0103669433031893, -0.0093938154994382,
 -0.0104457459042916, -0.0095091284642238,
 -0.0105217184349419, -0.0096218953715336,
 -0.0105945801497152, -0.0097321141919730,
 -0.0106640787658881, -0.0098397711560273,
 -0.0107299944288248, -0.0099448371262486,
 -0.0107921428648813, -0.0100472645499153,
 -0.0108503778646814, -0.0101469848584852,
 -0.0109045930270497, -0.0102439064380017,
 -0.0109547226233699, -0.0103379133887677,
 -0.0110007417068325, -0.0104288650207643,
 -0.0110426655366315, -0.0105165960486419,
 -0.0110805476168663, -0.0106009181747674,
 -0.0111144754694152, -0.0106816238976803,
 -0.0111445637846609, -0.0107584928520725,
 -0.0111709450618956, -0.0108313005414474,
 -0.0111937584150526, -0.0108998288032033,
 -0.0112131377717529, -0.0109638768291563,
 -0.0112292008786877, -0.0110232713850986,
 -0.0112420402830149, -0.0110778750878211,
 -0.0112517168356176, -0.0111275921797793,
 -0.0112582557567454, -0.0111723717207563,
 -0.0112616452500565, -0.0112122081773926,
 -0.0112618377736734, -0.0112471393056346,
 -0.0112587541157738, -0.0112772412293901,
 -0.0112522903267753, -0.0113026207481878,
 -0.0112423272274799, -0.0113234052451836,
 -0.0112287415671283, -0.0113397311908943,
 -0.0112114172777604, -0.0113517328311617,
 -0.0111902551205406, -0.0113595327679931,
 -0.0111651794199850, -0.0113632357243017,
 -0.0111361413574620, -0.0113629260013947,
 -0.0111031191787631, -0.0113586682499183,
 -0.0110661163496441, -0.0113505104878966,
 -0.0110251589848272, -0.0113384879966248,
 -0.0109802937415457, -0.0113226268480634,
 -0.0109315868701264, -0.0113029463089033,
 -0.0108791244539955, -0.0112794600273803,
 -0.0108230133232720, -0.0112521764651670,
 -0.0107633818455292, -0.0112210993288801,
 -0.0107003797716375, -0.0111862287932678,
 -0.0106341764626148, -0.0111475641707725,
 -0.0105649570693479, -0.0111051084448583,
 -0.0104929165418955, -0.0110588747849756,
 -0.0104182526785293, -0.0110088938067105,
 -0.0103411598447123, -0.0109552198800434,
 -0.0102618218161064, -0.0108979379982229,
 -0.0101804044950141, -0.0108371704615399,
 -0.0100970502796068, -0.0107730815873459,
 -0.0100118745384812, -0.0107058799914342,
 -0.0099249644466363, -0.0106358182090601,
 -0.0098363801816313, -0.0105631896937125,
 -0.0097461568972919, -0.0104883247820381,
 -0.0096543067022566, -0.0104115863700824,
 -0.0095608232305172, -0.0103333627466826,
 -0.0094656879741784, -0.0102540584861866,
 -0.0093688765769604, -0.0101740852473924,
 -0.0092703646588271, -0.0100938529478326,
 -0.0091701327940218, -0.0100137617504748,
 -0.0090681703196861, -0.0099341952710706,
 -0.0089644781352747, -0.0098555149517505,
 -0.0088590712266207, -0.0097780549720456,
 -0.0087519814534066, -0.0097021172413774,
 -0.0086432608992878, -0.0096279662219743,
 -0.0085329859920830, -0.0095558233860667,
 -0.0084212620239465, -0.0094858616614702,
 -0.0083082272346427, -0.0094182006758928,
 -0.0081940556973485, -0.0093529035388515,
 -0.0080789584546768, -0.0092899757051794,
 -0.0079631826033914, -0.0092293662206470,
 -0.0078470083529435, -0.0091709713125727,
 -0.0077307444290169, -0.0091146399153540,
 -0.0076147223767743, -0.0090601805094162,
 -0.0074992902246418, -0.0090073687301240,
 -0.0073848058348017, -0.0089559553360001,
 -0.0072716301684813, -0.0089056742318300,
 -0.0071601205241536, -0.0088562504274334,
 -0.0070506237008023, -0.0088074079377982,
 -0.0069434691121550, -0.0087588775753944,
 -0.0068389620732647, -0.0087104044055290,
 -0.0067373777328299, -0.0086617543934372,
 -0.0066389562901796, -0.0086127196112201,
 -0.0065439000335642, -0.0085631214799859,
 -0.0064523723964200, -0.0085128118728622,
 -0.0063644988689564, -0.0084616722796629,
 -0.0062803693542140, -0.0084096114976552,
 -0.0062000414000817, -0.0083565624793592,
 -0.0061235436506014, -0.0083024790560045,
 -0.0060508788879991, -0.0082473332175378,
 -0.0059820262046511, -0.0081911134448192,
 -0.0059169420906039, -0.0081338243207672,
 -0.0058555604671109, -0.0080754873794949,
 -0.0057977918855315, -0.0080161429452501,
 -0.0057435222231170, -0.0079558525907615,
 -0.0056926122142971, -0.0078947008162879,
 -0.0056448993586558, -0.0078327943177948,
 -0.0056002004666819, -0.0077702605368573,
 -0.0055583150849879, -0.0077072452494151,
 -0.0055190309944294, -0.0076439079864605,
 -0.0054821315765303, -0.0075804154765215,
 -0.0054474043731695, -0.0075169337893723,
 -0.0054146498603848, -0.0074536201732771,
 -0.0053836880894589, -0.0073906169107048,
 -0.0053543617814355, -0.0073280485429355,
 -0.0053265381666552, -0.0072660201536033,
 -0.0053001092319610, -0.0072046170542506,
 -0.0052749895472784, -0.0071439066711600,
 -0.0052511124227829, -0.0070839418486774,
 -0.0052284253052244, -0.0070247646579043,
 -0.0052068851989928, -0.0069664099633099,
 -0.0051864548591974, -0.0069089080682904,
 -0.0051671004969939, -0.0068522857748137,
 -0.0051487911653447, -0.0067965657545471,
 -0.0051314995073039, -0.0067417645971788,
 -0.0051152034066489, -0.0066878900256268,
 -0.0050998877717374, -0.0066349380678916,
 -0.0050855456366408, -0.0065828910267650,
 -0.0050721782341686, -0.0065317166325087,
 -0.0050597941868543, -0.0064813682885241,
 -0.0050484082663922, -0.0064317860211888,
 -0.0050380402211235, -0.0063828976819777,
 -0.0050287140499867, -0.0063346200404997,
 -0.0050204579811771, -0.0062868594931597,
 -0.0050133051171543, -0.0062395123859512,
 -0.0050072942218029, -0.0061924654279629,
 -0.0050024698496080, -0.0061455969482489,
 -0.0049988811117621, -0.0060987796553297,
 -0.0049965786665784, -0.0060518852681133,
 -0.0049956098773940, -0.0060047910330693,
 -0.0049960124460423, -0.0059573877773515,
 -0.0049978071177037, -0.0059095888575507,
 -0.0050009902098991, -0.0058613392049823,
 -0.0050055267601342, -0.0058126236263470,
 -0.0050113450140197, -0.0057634735923086,
 -0.0050183328009187, -0.0057139719248501,
 -0.0050263361230181, -0.0056642550232871,
 -0.0050351600957574, -0.0056145124688900,
 -0.0050445722624333, -0.0055649839766414,
 -0.0050543081905626, -0.0055159537897316,
 -0.0050640790686540, -0.0054677428110404,
 -0.0050735808175477, -0.0054206989782296,
 -0.0050825041123348, -0.0053751865126658,
 -0.0050905447070897, -0.0053315746790449,
 -0.0050974135366205, -0.0052902266122742,
 -0.0051028466386247, -0.0052514881913953,
 -0.0051066161164682, -0.0052156757271636,
 -0.0051085403471199, -0.0051830642612903,
 -0.0051084920843329, -0.0051538778766391,
 -0.0051064047462250, -0.0051282817783092,
 -0.0051022766764178, -0.0051063763940745,
 -0.0050961728759257, -0.0050881940403865,
 -0.0050882238430874, -0.0050736985614874,
 -0.0050786206453063, -0.0050627888324369,
 -0.0050676055489301, -0.0050553067652983,
 -0.0050554609851867, -0.0050510470283671,
 -0.0050424980963161, -0.0050497672540950,
 -0.0050290447630856, -0.0050511988367325,
 -0.0050154338532626, -0.0050550575711073,
 -0.0050019925065429, -0.0050610533227338,
 -0.0049890327709701, -0.0050688984494672,
 -0.0049768436722000, -0.0050783149557264,
 -0.0049656850040048, -0.0050890401586785,
 -0.0049557829071297, -0.0051008308494172,
 -0.0049473270434424, -0.0051134661609728,
 -0.0049404692280706, -0.0051267492659153,
 -0.0049353232397704, -0.0051405081457816,
 -0.0049319653741855, -0.0051545958218335,
 -0.0049304354043584, -0.0051688903412741,
 -0.0049307377853800, -0.0051832946541664,
 -0.0049328431412633, -0.0051977363304217,
 -0.0049366901710997, -0.0052121669752990,
 -0.0049421881615241, -0.0052265611467497,
 -0.0049492204829158, -0.0052409143718114,
 -0.0049576494750729, -0.0052552398157924,
 -0.0049673227438263, -0.0052695635357526,
 -0.0049780804129930, -0.0052839187287167,
 -0.0049897626051243, -0.0052983396644503,
 -0.0050022163278737, -0.0053128561037975,
 -0.0050153009693557, -0.0053274889945500,
 -0.0050288918091551, -0.0053422480468679,
 -0.0050428813006729, -0.0053571314449597,
 -0.0050571782658127, -0.0053721275619301,
 -0.0050717054996011, -0.0053872181809051,
 -0.0050863965081987, -0.0054023824938521,
 -0.0051011921092019, -0.0054176011408344,
 -0.0051160374462432, -0.0054328597287355,
 -0.0051308797247709, -0.0054481515166501,
 -0.0051456667667963, -0.0054634791713160,
 -0.0051603463321788, -0.0054788556542814,
 -0.0051748660301161, -0.0054943044303723,
 -0.0051891735609506, -0.0055098592670996,
 -0.0052032170272351, -0.0055255638863733,
 -0.0052169451330826, -0.0055414716401350,
 -0.0052303072305611, -0.0055576452377516,
 -0.0052432536985478, -0.0055741560223400,
 -0.0052557387039454, -0.0055910806942067,
 -0.0052677243190363, -0.0056084964717781,
 -0.0052791849667303, -0.0056264757399960,
 -0.0052901128340283, -0.0056450795795747,
 -0.0053005241785496, -0.0056643502819010,
 -0.0053104656853357, -0.0056843037359528,
 -0.0053200198859470, -0.0057049227299935,
 -0.0053293080883462, -0.0057261527537650,
 -0.0053384893905411, -0.0057479017212119,
 -0.0053477578967784, -0.0057700415151094,
 -0.0053573389600232, -0.0057924105828203,
 -0.0053674840054987, -0.0058148180573632,
 -0.0053784644115847, -0.0058370489321332,
 -0.0053905651559052, -0.0058588695823878,
 -0.0054040785330698, -0.0058800333369892,
 -0.0054192979600344, -0.0059002861076421,
 -0.0054365119172782, -0.0059193720556605,
 -0.0054559978388942, -0.0059370395036496,
 -0.0054780157550392, -0.0059530472881985,
 -0.0055028017666961, -0.0059671714453482,
 -0.0055305614090544, -0.0059792121244553,
 -0.0055614630308293, -0.0059890005511424,
 -0.0055956316267362, -0.0059964055605501,
 -0.0056331436475760, -0.0060013391560356,
 -0.0056740231881763, -0.0060037606955970,
 -0.0057182397491977, -0.0060036795256150,
 -0.0057657076447169, -0.0060011560032210,
 -0.0058162871458704, -0.0059963008176511,
 -0.0058697872887125, -0.0059892726712457,
 -0.0059259699209366, -0.0059802747276739,
 -0.0059845544269853, -0.0059695503661174,
 -0.0060452227123909, -0.0059573786381202,
 -0.0061076241930894, -0.0059440696662724,
 -0.0061713806677396, -0.0059299601070312,
 -0.0062360911328630, -0.0059154086334857,
 -0.0063013367657955, -0.0059007912359267,
 -0.0063666863543272, -0.0058864960826460,
 -0.0064317024168530, -0.0058729177116062,
 -0.0064959481379626, -0.0058604504332812,
 -0.0065589950404556, -0.0058494810191523,
 -0.0066204310897179, -0.0058403809681620,
 -0.0066798687838757, -0.0058334987851079,
 -0.0067369527975579, -0.0058291526972276,
 -0.0067913668673784, -0.0058276241255773,
 -0.0068428397140876, -0.0058291521287393,
 -0.0068911498419350, -0.0058339289895092,
 -0.0069361290632449, -0.0058420970965703,
 -0.0069776645939659, -0.0058537472603495,
 -0.0070156995819617, -0.0058689185757073,
 -0.0070502320194135, -0.0058875998524024,
 -0.0070813141221729, -0.0059097304638486,
 -0.0071090514810719, -0.0059352012430383,
 -0.0071336005461273, -0.0059638568612448,
 -0.0071551652961327, -0.0059954988590096,
 -0.0071739938097288, -0.0060298886325566,
 -0.0071903746145368, -0.0060667505302949,
 -0.0072046324280273, -0.0061057754852975,
 -0.0072171224840558, -0.0061466260107125,
 -0.0072282217975532, -0.0061889441736285,
 -0.0072383190689358, -0.0062323608200325,
 -0.0072478046992309, -0.0062765045981486,
 -0.0072570607495196, -0.0063210109668732,
 -0.0072664513609098, -0.0063655306868689,
 -0.0072763145754362, -0.0064097368812760,
 -0.0072869560837811, -0.0064533301904961,
 -0.0072986450784374, -0.0064960419118726,
 -0.0073116121816024, -0.0065376352278556,
 -0.0073260489049145, -0.0065779051235738,
 -0.0073421079478896, -0.0066166777146294,
 -0.0073599037984951, -0.0066538095119095,
 -0.0073795130218291, -0.0066891872000571,
 -0.0074009738474932, -0.0067227282740924,
 -0.0074242851929178, -0.0067543823629263,
 -0.0074494054480568, -0.0067841329018761,
 -0.0074762512771917, -0.0068119989028919,
 -0.0075046967168120, -0.0068380365472247,
 -0.0075345730440983, -0.0068623401127851,
 -0.0075656699470324, -0.0068850416724620,
 -0.0075977382464288, -0.0069063092693293,
 -0.0076304941284310, -0.0069263435643163,
 -0.0076636246798096, -0.0069453731222674,
 -0.0076967943150030, -0.0069636487153889,
 -0.0077296515222052, -0.0069814371983469,
 -0.0077618353878974, -0.0069990154913050,
 -0.0077929815810835, -0.0070166649963357,
 -0.0078227278002072, -0.0070346664565180,
 -0.0078507189587674, -0.0070532949942516,
 -0.0078766124824942, -0.0070728149667636,
 -0.0079000839886004, -0.0070934743794969,
 -0.0079208333665498, -0.0071154988517593,
 -0.0079385909722901, -0.0071390854380148,
 -0.0079531234187346, -0.0071643968366059,
 -0.0079642383864781, -0.0071915565766660,
 -0.0079717880057877, -0.0072206456505746,
 -0.0079756706454138, -0.0072517007799443,
 -0.0079758312785149, -0.0072847141706894,
 -0.0079722608233591, -0.0073196343822177,
 -0.0079649948797101, -0.0073563679044149,
 -0.0079541121217631, -0.0073947811854635,
 -0.0079397323408215, -0.0074347031118575,
 -0.0079220162003405, -0.0074759258170399,
 -0.0079011656084057, -0.0075182048373222,
 -0.0078774225736227, -0.0075612607306748,
 -0.0078510669634408, -0.0076047817438806,
 -0.0078224136314400, -0.0076484270594787,
 -0.0077918087052688, -0.0076918308399751,
 -0.0077596247961094, -0.0077346073282026,
 -0.0077262545021087, -0.0077763576343738,
 -0.0076921009292656, -0.0078166794403960,
 -0.0076575672837425, -0.0078551775310422,
 -0.0076230468964241, -0.0078914737895165,
 -0.0075889134403801, -0.0079252168839074,
 -0.0075555119181160, -0.0079560910441039,
 -0.0075231513196254, -0.0079838230202857,
 -0.0074920994053030, -0.0080081867885432,
 -0.0074625797158375, -0.0080290059468586,
 -0.0074347706162217, -0.0080461540485961,
 -0.0074088057063269, -0.0080595535826110,
 -0.0073847749252760, -0.0080691742867505,
 -0.0073627259490752, -0.0080750311815816,
 -0.0073426656390731, -0.0080771825434647,
 -0.0073245616170251, -0.0080757277300745,
 -0.0073083442412694, -0.0080708045943326,
 -0.0072939091795779, -0.0080625863193068,
 -0.0072811207104645, -0.0080512775750526,
 -0.0072698157066162, -0.0080371100671868,
 -0.0072598079469729, -0.0080203378367225,
 -0.0072508922473814, -0.0080012328087604,
 -0.0072428480529946, -0.0079800809224472,
 -0.0072354425056208, -0.0079571788072750,
 -0.0072284332848858, -0.0079328307016089,
 -0.0072215715295246, -0.0079073453181232,
 -0.0072146049283976, -0.0078810325801566,
 -0.0072072808337066, -0.0078542003799659,
 -0.0071993491235155, -0.0078271516241630,
 -0.0071905645442890, -0.0078001818259188,
 -0.0071806884442279, -0.0077735773292568,
 -0.0071694900975728, -0.0077476139679399,
 -0.0071567480101072, -0.0077225557756569,
 -0.0071422515839894, -0.0076986533782295,
 -0.0071258033621759, -0.0076761418548479,
 -0.0071072218712146, -0.0076552380522746,
 -0.0070863448859795, -0.0076361375274583,
 -0.0070630327780458, -0.0076190114555620,
 -0.0070371715567557, -0.0076040038944133,
 -0.0070086753113645, -0.0075912296972892,
 -0.0069774879266282, -0.0075807732005413,
 -0.0069435840637418, -0.0075726876914647,
 -0.0069069694760068, -0.0075669955837056,
 -0.0068676807685296, -0.0075636891882606,
 -0.0068257869237730, -0.0075627297088600,
 -0.0067813918342295, -0.0075640451598589,
 -0.0067346359935900, -0.0075675290487563,
 -0.0066856977978410, -0.0075730393806482,
 -0.0066347947029879, -0.0075803977336026,
 -0.0065821836427927, -0.0075893890044039,
 -0.0065281599675272, -0.0075997625757929,
 -0.0064730537528526, -0.0076112360527650,
 -0.0064172220741727, -0.0076235029268110,
 -0.0063610394650813, -0.0076362419222075,
 -0.0063048879989028, -0.0076491265949523,
 -0.0062491469922723, -0.0076618351812306,
 -0.0061941831548865, -0.0076740598543366,
 -0.0061403420326050, -0.0076855145399085,
 -0.0060879410449597, -0.0076959410148892,
 -0.0060372641000832, -0.0077051133632428,
 -0.0059885575014503, -0.0077128411353008,
 -0.0059420266346321, -0.0077189717603263,
 -0.0058978331310262, -0.0077233925193809,
 -0.0058560924178642, -0.0077260321481634,
 -0.0058168716559265, -0.0077268620419095,
 -0.0057801883186892, -0.0077258967937938,
 -0.0057460097392333, -0.0077231937438859,
 -0.0057142538137748, -0.0077188513716720,
 -0.0056847910743436, -0.0077130063559712,
 -0.0056574483915973, -0.0077058290813897,
 -0.0056320143565399, -0.0076975175697723,
 -0.0056082460856839, -0.0076882900953283,
 -0.0055858770822590, -0.0076783768356372,
 -0.0055646256849861, -0.0076680110122218,
 -0.0055442035089097, -0.0076574201194685,
 -0.0055243234118074, -0.0076468177329657,
 -0.0055047067737169, -0.0076363961447611,
 -0.0054850899846754, -0.0076263199626879,
 -0.0054652300102422, -0.0076167208251743,
 -0.0054449088707891, -0.0076076934008393,
 -0.0054239369049586, -0.0075992927917296,
 -0.0054021547596133, -0.0075915333761995,
 -0.0053794341022892, -0.0075843890713251,
 -0.0053556771028409, -0.0075777949495124,
 -0.0053308148040280, -0.0075716500794186,
 -0.0053048045883051, -0.0075658213784899,
 -0.0052776270257249, -0.0075601481838857,
 -0.0052492823992051, -0.0075544472299461,
 -0.0052197871121904, -0.0075485178060880,
 -0.0051891700466534, -0.0075421470047108,
 -0.0051574688596809, -0.0075351150489362,
 -0.0051247262336877, -0.0075272006633964,
 -0.0050909861905247, -0.0075181863563315,
 -0.0050562907830054, -0.0075078632777658,
 -0.0050206794764774, -0.0074960332764666,
 -0.0049841902343583, -0.0074825090776689,
 -0.0049468606493375, -0.0074671142338967,
 -0.0049087296061927, -0.0074496823724953,
 -0.0048698394808883, -0.0074300557400606,
 -0.0048302381355274, -0.0074080838045526,
 -0.0047899799308283, -0.0073836227240481,
 -0.0047491243929422, -0.0073565370502556,
 -0.0047077315797567, -0.0073267045799003,
 -0.0046658570333790, -0.0072940214524199,
 -0.0046235474490057, -0.0072584063812210,
 -0.0045808369222304, -0.0072198041579064,
 -0.0045377444238890, -0.0071781877850337,
 -0.0044942726356271, -0.0071335591313082,
 -0.0044504078089485, -0.0070859484870474,
 -0.0044061201041884, -0.0070354136031225,
 -0.0043613635658087, -0.0069820390774422,
 -0.0043160752432221, -0.0069259365721240,
 -0.0042701742890250, -0.0068672450052186,
 -0.0042235624822351, -0.0068061292535177,
 -0.0041761267171212, -0.0067427768360974,
 -0.0041277429938868, -0.0066773930722724,
 -0.0040782810791025, -0.0066101955726884,
 -0.0040276087614824, -0.0065414091423580,
 -0.0039755949001292, -0.0064712618814800,
 -0.0039221115092905, -0.0063999822211271,
 -0.0038670357271053, -0.0063277960446730,
 -0.0038102521964320, -0.0062549233868295,
 -0.0037516559815238, -0.0061815746179256,
 -0.0036911558275728, -0.0061079463346827,
 -0.0036286772014905, -0.0060342175368136,
 -0.0035641645247839, -0.0059605466856406,
 -0.0034975824028939, -0.0058870698396454,
 -0.0034289159881728, -0.0058138997272310,
 -0.0033581706726406, -0.0057411255634637,
 -0.0032853712819686, -0.0056688134511857,
 -0.0032105608982228, -0.0055970072582665,
 -0.0031337993919718, -0.0055257299131317,
 -0.0030551618100238, -0.0054549849923490,
 -0.0029747368652150, -0.0053847583643151,
 -0.0028926257151750, -0.0053150197006643,
 -0.0028089410216859, -0.0052457238549823,
 -0.0027238060772185, -0.0051768123127681,
 -0.0026373536414408, -0.0051082150624864,
 -0.0025497241557929, -0.0050398532123293,
 -0.0024610632536961, -0.0049716424241190,
 -0.0023715187853450, -0.0049034969277920,
 -0.0022812377090319, -0.0048353337392910,
 -0.0021903631489043, -0.0047670767496909,
 -0.0020990321314303, -0.0046986601282461,
 -0.0020073758563981, -0.0046300290922038,
 -0.0019155210396809, -0.0045611394249243,
 -0.0018235910749773, -0.0044919569724342,
 -0.0017317076800623, -0.0044224564480925,
 -0.0016399930564330, -0.0043526195179231,
 -0.0015485720978429, -0.0042824326493606,
 -0.0014575740466961, -0.0042118853455055,
 -0.0013671319379802, -0.0041409704112222,
 -0.0012773791113627, -0.0040696869182448,
 -0.0011884450481382, -0.0039980435940699,
 -0.0011004506720132, -0.0039260625024098,
 -0.0010135038555263, -0.0038537822920736,
 -0.0009276968221646, -0.0037812593911765,
 -0.0008431057789021, -0.0037085669043613,
 -0.0007597923271146, -0.0036357917304383,
 -0.0006778057307262, -0.0035630308387114,
 -0.0005971855095610, -0.0034903872330090,
 -0.0005179644516960, -0.0034179655333053,
 -0.0004401717036017, -0.0033458675687149,
 -0.0003638352223008, -0.0032741887472466,
 -0.0002889834079801, -0.0032030154120675,
 -0.0002156462530093, -0.0031324228590283,
 -0.0001438562576070, -0.0030624737724078,
 -0.0000736491314631, -0.0029932170668053,
 -0.0000050644052245, -0.0029246870096827,
  0.0000618538692162, -0.0028569024336410,
  0.0001270564602860, -0.0027898661523275,
  0.0001904886285979, -0.0027235648497957,
  0.0002520901915303, -0.0026579694879766,
  0.0003117958804581, -0.0025930361189430,
  0.0003695358902392, -0.0025287069940009,
  0.0004252365590621, -0.0024649119028543,
  0.0004788212600580, -0.0024015698157169,
  0.0005302116233185, -0.0023385909315328,
  0.0005793290261635, -0.0022758790526467,
  0.0006260962304055, -0.0022133341515706,
  0.0006704391545422, -0.0021508551086267,
  0.0007122887822523, -0.0020883426125693,
  0.0007515831488742, -0.0020257021551793,
  0.0007882693390055, -0.0019628470411783,
  0.0008223054236908, -0.0018997013279653,
  0.0008536622544879, -0.0018362025954034,
  0.0008823250627911, -0.0017723044753964,
  0.0009082948589060, -0.0017079789190992,
  0.0009315896615482, -0.0016432182202379,
  0.0009522456017315, -0.0015780368291288,
  0.0009703179086615, -0.0015124729545677,
  0.0009858817385619, -0.0014465899016872,
  0.0009990328154398, -0.0013804771016665,
  0.0010098872866030, -0.0013142502111525,
  0.0010185792459278, -0.0012480486668941,
  0.0010252578573695, -0.0011820325798514,
  0.0010300851060330, -0.0011163799975713,
  0.0010332339295464, -0.0010512842971641,
  0.0010348948254601, -0.0009869596494106,
  0.0010352858956804, -0.0009236493971973,
  0.0010346383272410, -0.0008616100033797,
  0.0010331839805996, -0.0008010977510261,
  0.0010311553920282, -0.0007423683374858,
  0.0010287788770999, -0.0006856697376890,
  0.0010262541893276, -0.0006312213626522,
  0.0010237383931286, -0.0005791970383733,
  0.0010213501912983, -0.0005297285257034,
  0.0010191801637592, -0.0004829154238247,
  0.0010172953445229, -0.0004388297942417,
  0.0010157399902561, -0.0003975171419367,
  0.0010145313174186, -0.0003589923207109,
  0.0010136549148668, -0.0003232349519862,
  0.0010130639284941, -0.0002901885008636,
  0.0010126819617608, -0.0002597630621085,
  0.0010124095228281, -0.0002318417933599,
  0.0010121304370989, -0.0002062874422970,
  0.0010117153346080, -0.0001829459936554,
  0.0010110225119175, -0.0001616476229513,
  0.0010098989955794, -0.0001422077448094,
  0.0010081840885742, -0.0001244304948885,
  0.0010057148814993, -0.0001081142098140,
  0.0010023314611758, -0.0000930566649940,
  0.0009978804129429, -0.0000790586324802,
  0.0009922171577262, -0.0000659262606139,
  0.0009852082495725, -0.0000534733975665,
  0.0009767342012111, -0.0000415244535083,
  0.0009666927582706, -0.0000299177564913,
  0.0009550022772460, -0.0000185090829484,
  0.0009416047389222, -0.0000071749048721,
  0.0009264680114355,  0.0000041850373069,
  0.0009095873470395,  0.0000156458634427,
  0.0008909864149148,  0.0000272560870239,
  0.0008707179956191,  0.0000390364265464,
  0.0008488640449431,  0.0000509791919595,
  0.0008255347966632,  0.0000630485944365,
  0.0008008670003122,  0.0000751819051873,
  0.0007750216345830,  0.0000872911371146,
  0.0007481811550725,  0.0000992652005486,
  0.0007205460384823,  0.0001109727872980,
  0.0006923306476984,  0.0001222659799269,
  0.0006637589661171,  0.0001329840487767,
  0.0006350607775944,  0.0001429568526861,
  0.0006064683101001,  0.0001520078112340,
  0.0005782121773429,  0.0001599576279624,
  0.0005505147089948,  0.0001666307486320,
  0.0005235822986027,  0.0001718629928506,
  0.0004975978331826,  0.0001755093160224,
  0.0004727139965419,  0.0001774508990468,
  0.0004490489767432,  0.0001775999815852,
  0.0004266849084121,  0.0001759020271271,
  0.0004056679682528,  0.0001723362418357,
  0.0003860084598989,  0.0001669161052889,
  0.0003676806798013,  0.0001596901444822,
  0.0003506240503188,  0.0001507414570657,
  0.0003347463912704,  0.0001401850625550,
  0.0003199285883008,  0.0001281637757987,
  0.0003060292961409,  0.0001148439567147,
  0.0002928889883740,  0.0001004118493864,
  0.0002803338136747,  0.0000850700718961,
  0.0002681800624992,  0.0000690334464355,
  0.0002562394897716,  0.0000525238976058,
  0.0002443250085401,  0.0000357648820044,
  0.0002322558623470,  0.0000189762437286,
  0.0002198617037421,  0.0000023700937165,
  0.0002069858290004, -0.0000138525117380,
  0.0001934882393521, -0.0000295047590978,
  0.0001792488991592, -0.0000444175179062,
  0.0001641709637460, -0.0000584428225129,
  0.0001481833576839, -0.0000714567760162,
  0.0001312422875637, -0.0000833614426425,
  0.0001133318869840, -0.0000940859070736,
  0.0000944644722358, -0.0001035869733817,
  0.0000746805866502, -0.0001118496859919,
  0.0000540486262752, -0.0001188874666582,
  0.0000326637575875, -0.0001247415686633,
  0.0000106460135894, -0.0001294797169082,
 -0.0000118623170278, -0.0001331940302281,
 -0.0000346997980955, -0.0001359984217513,
 -0.0000576893106819, -0.0001380256086795,
 -0.0000806418238716, -0.0001394237735026,
 -0.0001033604470786, -0.0001403528918782,
 -0.0001256447345185, -0.0001409807461016,
 -0.0001472951930720, -0.0001414786619344,
 -0.0001681179112849, -0.0001420170406007,
 -0.0001879292135034, -0.0001427607729801,
 -0.0002065602660832, -0.0001438646013914,
 -0.0002238615976961, -0.0001454684596397,
 -0.0002397075152397, -0.0001476928021405,
 -0.0002540003922839, -0.0001506339371878,
 -0.0002666747916198, -0.0001543593951236,
 -0.0002777028214214, -0.0001589018932720,
 -0.0002870961182515, -0.0001642565469583,
 -0.0002948979970664, -0.0001703880381192,
 -0.0003011765545464, -0.0001772370602037,
 -0.0003060213128973, -0.0001847233419833,
 -0.0003095396090910, -0.0001927489848060,
 -0.0003118528320569, -0.0002012020076148,
 -0.0003130926069358, -0.0002099599964823,
 -0.0003133970200205, -0.0002188937604134,
 -0.0003129069704957, -0.0002278709022282,
 -0.0003117627260873, -0.0002367592222562,
 -0.0003101007493924, -0.0002454298828447,
 -0.0003080508504964, -0.0002537602730511,
 -0.0003057337096903, -0.0002616365248645,
 -0.0003032588021439, -0.0002689556446355,
 -0.0003007227444653, -0.0002756272356435,
 -0.0002982080715696, -0.0002815747996840,
 -0.0002957824413674, -0.0002867366168595,
 -0.0002934982547530, -0.0002910662132325,
 -0.0002913926693484, -0.0002945324354037,
 -0.0002894879776426, -0.0002971191593041,
 -0.0002877923136096, -0.0002988246673818,
 -0.0002863006466964, -0.0002996607338934,
 -0.0002849960182425, -0.0002996514621228,
 -0.0002838509729389, -0.0002988319200652,
 -0.0002828291367909, -0.0002972466224778,
 -0.0002818868931668, -0.0002949479072754,
 -0.0002809751097788, -0.0002919942531486,
 -0.0002800408717472, -0.0002884485831178,
 -0.0002790291791021, -0.0002843765956469,
 -0.0002778845710431, -0.0002798451610814,
 -0.0002765526438396, -0.0002749208166873,
 -0.0002749814342699, -0.0002696683886304,
 -0.0002731226458052, -0.0002641497639845,
 -0.0002709327001933, -0.0002584228304634,
 -0.0002683736025506, -0.0002525405961616,
 -0.0002654136133902, -0.0002465504963124,
 -0.0002620277260910, -0.0002404938890286,
 -0.0002581979530352, -0.0002344057373013,
 -0.0002539134279294, -0.0002283144702706,
 -0.0002491703356069, -0.0002222420130233,
 -0.0002439716838327, -0.0002162039709638,
 -0.0002383269342640, -0.0002102099521875,
 -0.0002322515117448, -0.0002042640092650,
 -0.0002257662125240, -0.0001983651804355,
 -0.0002188965328034, -0.0001925081093843,
 -0.0002116719392653, -0.0001866837225216,
 -0.0002041251029439, -0.0001808799429464,
 -0.0001962911170300, -0.0001750824210244,
 -0.0001882067180014, -0.0001692752626772,
 -0.0001799095278995, -0.0001634417380053,
 -0.0001714373337069, -0.0001575649546948,
 -0.0001628274176764, -0.0001516284827059,
 -0.0001541159501940, -0.0001456169189599,
 -0.0001453374543937, -0.0001395163830487,
 -0.0001365243493373, -0.0001333149373348,
 -0.0001277065761972, -0.0001270029271286,
 -0.0001189113095832, -0.0001205732388689,
 -0.0001101627539838, -0.0001140214763460,
 -0.0001014820232917, -0.0001073460569536,
 -0.0000928870995861, -0.0001005482317041,
 -0.0000843928657774, -0.0000936320342631,
 -0.0000760112054030, -0.0000866041655381,
 -0.0000677511618057, -0.0000794738213773,
 -0.0000596191481346, -0.0000722524717008,
 -0.0000516191990848, -0.0000649535998901,
 -0.0000437532550186, -0.0000575924115196,
 -0.0000360214690818, -0.0000501855215392,
 -0.0000284225281275, -0.0000427506288151,
 -0.0000209539786526, -0.0000353061865514,
 -0.0000136125495285, -0.0000278710765491,
 -0.0000063944640315, -0.0000204642945520,
  0.0000007042654809, -0.0000131046531100,
  0.0000076875659625, -0.0000058105074761,
  0.0000145590598604,  0.0000014004909136,
  0.0000213218527754,  0.0000085116098287,
  0.0000279783552515,  0.0000155072179608,
  0.0000345301403281,  0.0000223729314130,
  0.0000409778375089,  0.0000290957243541,
  0.0000473210628859,  0.0000356640041168,
  0.0000535583843166,  0.0000420676518292,
  0.0000596873198059,  0.0000482980303898,
  0.0000657043665981,  0.0000543479622179,
  0.0000716050579477,  0.0000602116797279,
  0.0000773840441160,  0.0000658847518802,
  0.0000830351938319,  0.0000713639904576,
  0.0000885517122572,  0.0000766473398987,
  0.0000939262714153,  0.0000817337546043,
  0.0000991511490506,  0.0000866230676108,
  0.0001042183720014,  0.0000913158544183,
  0.0001091198603575,  0.0000958132955710,
  0.0001138475689419,  0.0001001170413271,
  0.0001183936229816,  0.0001042290814417,
  0.0001227504452085,  0.0001081516227160,
  0.0001269108720411,  0.0001118869765747,
  0.0001308682569327,  0.0001154374585103,
  0.0001346165594164,  0.0001188053008026,
  0.0001381504188228,  0.0001219925794947,
  0.0001414652120819,  0.0001250011561860,
  0.0001445570954320,  0.0001278326348041,
  0.0001474230302501,  0.0001304883331473,
  0.0001500607935637,  0.0001329692686517,
  0.0001524689741201,  0.0001352761575382,
  0.0001546469551505,  0.0001374094262415,
  0.0001565948851893,  0.0001393692338162,
  0.0001583136384734,  0.0001411555038502,
  0.0001598047665730,  0.0001427679643072,
  0.0001610704429716,  0.0001442061936474,
  0.0001621134023439,  0.0001454696715573,
  0.0001629368762621,  0.0001465578326332,
  0.0001635445270048,  0.0001474701214241,
  0.0001639403810534,  0.0001482060473233,
  0.0001641287637392,  0.0001487652379210,
  0.0001641142363592,  0.0001491474895687,
  0.0001639015369145,  0.0001493528140685,
  0.0001634955254459,  0.0001493814805708,
  0.0001629011347527,  0.0001492340519497,
  0.0001621233270919,  0.0001489114151050,
  0.0001611670572626,  0.0001484148048277,
  0.0001600372422969,  0.0001477458210397,
  0.0001587387378050,  0.0001469064393900,
  0.0001572763208572,  0.0001458990153428,
  0.0001556546791406,  0.0001447262820344,
  0.0001538784060011,  0.0001433913423007,
  0.0001519520008690,  0.0001418976553780,
  0.0001498798744799,  0.0001402490188667,
  0.0001476663582344,  0.0001384495466112,
  0.0001453157169945,  0.0001365036431921,
  0.0001428321645860,  0.0001344159757530,
  0.0001402198812709,  0.0001321914438870,
  0.0001374830324658,  0.0001298351482992,
  0.0001346257880072,  0.0001273523589312,
  0.0001316523413097,  0.0001247484831951,
  0.0001285669278144,  0.0001220290349086,
  0.0001253738421924,  0.0001191996044615,
  0.0001220774538365,  0.0001162658306739,
  0.0001186822202559,  0.0001132333747306,
  0.0001151926980664,  0.0001101078964982,
  0.0001116135513522,  0.0001068950334521,
  0.0001079495572547,  0.0001036003823618,
  0.0001042056087237,  0.0001002294838099,
  0.0001003867144384,  0.0000967878095457,
  0.0000964979959740,  0.0000932807526114,
  0.0000925446823510,  0.0000897136201202,
  0.0000885321021561,  0.0000860916285129,
  0.0000844656734698,  0.0000824199010781,
  0.0000803508918705,  0.0000787034674864,
  0.0000761933168110,  0.0000749472650644,
  0.0000719985566826,  0.0000711561415147,
  0.0000677722528896,  0.0000673348587820,
  0.0000635200632588,  0.0000634880977640,
  0.0000592476451009,  0.0000596204635710,
  0.0000549606382292,  0.0000557364910528,
  0.0000506646482178,  0.0000518406503289,
  0.0000463652301615,  0.0000479373520821,
  0.0000420678731668,  0.0000440309524035,
  0.0000377779857739,  0.0000401257570062,
  0.0000335008824753,  0.0000362260246578,
  0.0000292417714616,  0.0000323359697157,
  0.0000250057436887,  0.0000284597636819,
  0.0000207977633271,  0.0000246015357283,
  0.0000166226596211,  0.0000207653721728,
  0.0000124851201523,  0.0000169553149190,
  0.0000083896854754,  0.0000131753588968,
  0.0000043407450664,  0.0000094294485678,
  0.0000003425345042,  0.0000057214735769,
 -0.0000036008662156,  0.0000020552636530,
 -0.0000074855333483, -0.0000015654171299,
 -0.0000113076991738, -0.0000051368766043,
 -0.0000150637510082, -0.0000086555011459,
 -0.0000187502295897, -0.0000121177625613,
 -0.0000223638269738, -0.0000155202250953,
 -0.0000259013840689, -0.0000188595524293,
 -0.0000293598879398, -0.0000221325145491,
 -0.0000327364689956, -0.0000253359943688,
 -0.0000360283981691, -0.0000284669940088,
 -0.0000392330841819, -0.0000315226406382,
 -0.0000423480709768, -0.0000345001918047,
 -0.0000453710353826, -0.0000373970401903,
 -0.0000482997850656, -0.0000402107177452,
 -0.0000511322568017, -0.0000429388991670,
 -0.0000538665150943, -0.0000455794047066,
 -0.0000565007511457, -0.0000481302022964,
 -0.0000590332821773, -0.0000505894090071,
 -0.0000614625510844, -0.0000529552918553,
 -0.0000637871263969, -0.0000552262679876,
 -0.0000660057025143, -0.0000574009042837,
 -0.0000681171001683, -0.0000594779164214,
 -0.0000701202670690, -0.0000614561674560,
 -0.0000720142786801, -0.0000633346659696,
 -0.0000737983390695, -0.0000651125638483,
 -0.0000754717817797, -0.0000667891537461,
 -0.0000770340706638, -0.0000683638662944,
 -0.0000784848006335, -0.0000698362671143,
 -0.0000798236982703, -0.0000712060536853,
 -0.0000810506222533, -0.0000724730521218,
 -0.0000821655635633, -0.0000736372139027,
 -0.0000831686454291, -0.0000746986125946,
 -0.0000840601229850, -0.0000756574406045,
 -0.0000848403826194, -0.0000765140059897,
 -0.0000855099409956, -0.0000772687293496,
 -0.0000860694437381, -0.0000779221408139,
 -0.0000865196637794, -0.0000784748771407,
 -0.0000868614993698, -0.0000789276789279,
 -0.0000870959717595, -0.0000792813879393,
 -0.0000872242225664, -0.0000795369445396,
 -0.0000872475108455, -0.0000796953852312,
 -0.0000871672098839, -0.0000797578402790,
 -0.0000869848037438, -0.0000797255314101,
 -0.0000867018835825, -0.0000795997695685,
 -0.0000863201437760, -0.0000793819527094,
 -0.0000858413778770, -0.0000790735636109,
 -0.0000852674744374, -0.0000786761676844,
 -0.0000846004127240, -0.0000781914107650,
 -0.0000838422583561, -0.0000776210168617,
 -0.0000829951588939, -0.0000769667858527,
 -0.0000820613394007, -0.0000762305911073,
 -0.0000810430980044, -0.0000754143770249,
 -0.0000799428014785, -0.0000745201564760,
 -0.0000787628808607, -0.0000735500081409,
 -0.0000775058271247, -0.0000725060737366,
 -0.0000761741869189, -0.0000713905551313,
 -0.0000747705583806, -0.0000702057113440,
 -0.0000732975870345, -0.0000689538554329,
 -0.0000717579617793, -0.0000676373512749,
 -0.0000701544109651, -0.0000662586102441,
 -0.0000684896985629, -0.0000648200877969,
 -0.0000667666204228, -0.0000633242799740,
 -0.0000649880006193, -0.0000617737198307,
 -0.0000631566878795, -0.0000601709738076,
 -0.0000612755520867, -0.0000585186380560,
 -0.0000593474808558, -0.0000568193347309,
 -0.0000573753761723, -0.0000550757082664,
 -0.0000553621510888, -0.0000532904216471,
 -0.0000533107264722, -0.0000514661526899,
 -0.0000512240277953, -0.0000496055903487,
 -0.0000491049819678, -0.0000477114310557,
 -0.0000469565142003, -0.0000457863751098,
 -0.0000447815448984, -0.0000438331231237,
 -0.0000425829865829, -0.0000418543725395,
 -0.0000403637408347, -0.0000398528142202,
 -0.0000381266952618, -0.0000378311291248,
 -0.0000358747204900, -0.0000357919850743,
 -0.0000336106671771, -0.0000337380336107,
 -0.0000313373630532, -0.0000316719069549,
 -0.0000290576099890, -0.0000295962150653,
 -0.0000267741810979, -0.0000275135427973,
 -0.0000244898178735, -0.0000254264471668,
 -0.0000222072273702, -0.0000233374547147,
 -0.0000199290794310, -0.0000212490589727,
 -0.0000176580039692, -0.0000191637180292,
 -0.0000153965883096, -0.0000170838521918,
 -0.0000131473745959, -0.0000150118417454,
 -0.0000109128572713, -0.0000129500248025,
 -0.0000086954806365, -0.0000109006952428,
 -0.0000064976364939, -0.0000088661007402,
 -0.0000043216618806, -0.0000068484408734,
 -0.0000021698368984, -0.0000048498653189,
 -0.0000000443826428, -0.0000028724721221,
  0.0000020525407629, -0.0000009183060477,
  0.0000041188360255,  0.0000010106429964,
  0.0000061524704290,  0.0000029124414586,
  0.0000081514774679,  0.0000047852135712,
  0.0000101139583659,  0.0000066271427042,
  0.0000120380834780,  0.0000084364726470,
  0.0000139220935755,  0.0000102115088164,
  0.0000157643010152,  0.0000119506193922,
  0.0000175630907913,  0.0000136522363780,
  0.0000193169214730,  0.0000153148565876,
  0.0000210243260278,  0.0000169370425548,
  0.0000226839125333,  0.0000185174233660,
  0.0000242943647792,  0.0000200546954140,
  0.0000258544427618,  0.0000215476230713,
  0.0000273629830740,  0.0000229950392822,
  0.0000288188991928,  0.0000243958460718,
  0.0000302211816685,  0.0000257490149706,
  0.0000315688982165,  0.0000270535873544,
  0.0000328611937166,  0.0000283086746974,
  0.0000340972901213,  0.0000295134587396,
  0.0000352764862761,  0.0000306671915660,
  0.0000363981576549,  0.0000317691955987,
  0.0000374617560130,  0.0000328188635027,
  0.0000384668089595,  0.0000338156580034,
  0.0000394129194523,  0.0000347591116197,
  0.0000402997652172,  0.0000356488263104,
  0.0000411270980933,  0.0000364844730378,
  0.0000418947433073,  0.0000372657912486,
  0.0000426025986767,  0.0000379925882745,
  0.0000432506337461,  0.0000386647386535,
  0.0000438388888560,  0.0000392821833754,
  0.0000443674741468,  0.0000398449290534,
  0.0000448365684989,  0.0000403530470235,
  0.0000452464184112,  0.0000408066723755,
  0.0000455973368187,  0.0000412060029182,
  0.0000458897018501,  0.0000415512980804,
  0.0000461239555291,  0.0000418428777525,
  0.0000463006024182,  0.0000420811210699,
  0.0000464202082087,  0.0000422664651425,
  0.0000464833982574,  0.0000423994037322,
  0.0000464908560723,  0.0000424804858815,
  0.0000464433217491,  0.0000425103144968,
  0.0000463415903603,  0.0000424895448880,
  0.0000461865102995,  0.0000424188832686,
  0.0000459789815818,  0.0000422990852172,
  0.0000457199541045,  0.0000421309541046,
  0.0000454104258688,  0.0000419153394879,
  0.0000450514411661,  0.0000416531354753,
  0.0000446440887307,  0.0000413452790623,
  0.0000441894998621,  0.0000409927484429,
  0.0000436888465193,  0.0000405965612975,
  0.0000431433393903,  0.0000401577730605,
  0.0000425542259392,  0.0000396774751676,
  0.0000419227884334,  0.0000391567932880,
  0.0000412503419554,  0.0000385968855403,
  0.0000405382323998,  0.0000379989406972,
  0.0000397878344599,  0.0000373641763778,
  0.0000390005496071,  0.0000366938372327,
  0.0000381778040639,  0.0000359891931212,
  0.0000373210467757,  0.0000352515372837,
  0.0000364317473822,  0.0000344821845117,
  0.0000355113941925,  0.0000336824693161,
  0.0000345614921655,  0.0000328537440967,
  0.0000335835608985,  0.0000319973773147,
  0.0000325791326265,  0.0000311147516697,
  0.0000315497502348,  0.0000302072622834,
  0.0000304969652866,  0.0000292763148921,
  0.0000294223360681,  0.0000283233240497,
  0.0000283274256534,  0.0000273497113436,
  0.0000272137999909,  0.0000263569036242,
  0.0000260830260136,  0.0000253463312519,
  0.0000249366697746,  0.0000243194263616,
  0.0000237762946098,  0.0000232776211475,
  0.0000226034593302,  0.0000222223461702,
  0.0000214197164437,  0.0000211550286871,
  0.0000202266104103,  0.0000200770910089,
  0.0000190256759300,  0.0000189899488833,
  0.0000178184362665,  0.0000178950099071,
  0.0000166064016067,  0.0000167936719700,
  0.0000153910674586,  0.0000156873217294,
  0.0000141739130880,  0.0000145773331197,
  0.0000129563999947,  0.0000134650658963,
  0.0000117399704317,  0.0000123518642161,
  0.0000105260459650,  0.0000112390552559,
  0.0000093160260781,  0.0000101279478695,
  0.0000081112868206,  0.0000090198312851,
  0.0000069131795020,  0.0000079159738438,
  0.0000057230294321,  0.0000068176217799,
  0.0000045421347084,  0.0000057259980448,
  0.0000033717650513,  0.0000046423011744,
  0.0000022131606879,  0.0000035677042009,
  0.0000010675312857,  0.0000025033536104,
 -0.0000000639450649,  0.0000014503683459,
 -0.0000011801228164,  0.0000004098388567,
 -0.0000022798898800, -0.0000006171738046,
 -0.0000033621684894, -0.0000016296388391,
 -0.0000044259160128, -0.0000026265565099,
 -0.0000054701257131, -0.0000036069589033,
 -0.0000064938274554, -0.0000045699106418,
 -0.0000074960883622, -0.0000055145095484,
 -0.0000084760134153, -0.0000064398872637,
 -0.0000094327460058, -0.0000073452098138,
 -0.0000103654684307, -0.0000082296781305,
 -0.0000112734023370, -0.0000090925285232,
 -0.0000121558091134, -0.0000099330331026,
 -0.0000130119902293, -0.0000107505001568,
 -0.0000138412875222, -0.0000115442744799,
 -0.0000146430834329, -0.0000123137376527,
 -0.0000154168011899, -0.0000130583082772,
 -0.0000161619049423, -0.0000137774421638,
 -0.0000168778998432, -0.0000144706324726,
 -0.0000175643320821, -0.0000151374098088,
 -0.0000182207888695, -0.0000157773422727,
 -0.0000188468983725, -0.0000163900354655,
 -0.0000194423296021, -0.0000169751324501,
 -0.0000200067922547, -0.0000175323136693,
 -0.0000205400365067, -0.0000180612968201,
 -0.0000210418527646, -0.0000185618366869,
 -0.0000215120713700, -0.0000190337249324,
 -0.0000219505622620, -0.0000194767898483,
 -0.0000223572345974, -0.0000198908960660,
 -0.0000227320363289, -0.0000202759442285,
 -0.0000230749537442, -0.0000206318706239,
 -0.0000233860109648, -0.0000209586467821,
 -0.0000236652694084, -0.0000212562790348,
 -0.0000239128272133, -0.0000215248080408,
 -0.0000241288186274, -0.0000217643082769,
 -0.0000243134133638, -0.0000219748874954,
 -0.0000244668159223, -0.0000221566861498,
 -0.0000245892648794, -0.0000223098767896,
 -0.0000246810321476, -0.0000224346634247,
 -0.0000247424222057, -0.0000225312808621,
 -0.0000247737713009, -0.0000225999940140,
 -0.0000247754466239, -0.0000226410971801,
 -0.0000247478454595, -0.0000226549133049,
 -0.0000246913943122, -0.0000226417932108,
 -0.0000246065480100, -0.0000226021148085,
 -0.0000244937887859, -0.0000225362822864,
 -0.0000243536253408, -0.0000224447252791,
 -0.0000241865918863, -0.0000223278980178,
 -0.0000239932471717, -0.0000221862784625,
 -0.0000237741734938, -0.0000220203674181,
 -0.0000235299756935, -0.0000218306876351,
 -0.0000232612801385, -0.0000216177828971,
 -0.0000229687336940, -0.0000213822170948,
 -0.0000226530026843, -0.0000211245732899,
 -0.0000223147718439, -0.0000208454527679,
 -0.0000219547432618, -0.0000205454740828,
 -0.0000215736353195, -0.0000202252720941,
 -0.0000211721816235, -0.0000198854969975,
 -0.0000207511299343, -0.0000195268133508,
 -0.0000203112410939, -0.0000191498990957,
 -0.0000198532879507, -0.0000187554445768,
 -0.0000193780542860, -0.0000183441515602,
 -0.0000188863337413, -0.0000179167322506,
 -0.0000183789287484, -0.0000174739083103,
 -0.0000178566494638, -0.0000170164098792,
 -0.0000173203127083, -0.0000165449745998,
 -0.0000167707409121, -0.0000160603466441,
 -0.0000162087610687, -0.0000155632757483,
 -0.0000156352036968, -0.0000150545162518,
 -0.0000150509018115, -0.0000145348261457,
 -0.0000144566899079, -0.0000140049661280,
 -0.0000138534029549, -0.0000134656986694,
 -0.0000132418754029, -0.0000129177870896,
 -0.0000126229402058, -0.0000123619946443,
 -0.0000119974278568, -0.0000117990836252,
 -0.0000113661654410, -0.0000112298144731,
 -0.0000107299757049, -0.0000106549449047,
 -0.0000100896761424, -0.0000100752290551,
 -0.0000094460781009, -0.0000094914166354,
 -0.0000087999859053, -0.0000089042521070,
 -0.0000081521960031, -0.0000083144738734,
 -0.0000075034961296, -0.0000077228134897,
 -0.0000068546644954, -0.0000071299948913,
 -0.0000062064689950, -0.0000065367336413,
 -0.0000055596664397, -0.0000059437361984,
 -0.0000049150018123, -0.0000053516992051,
 -0.0000042732075472, -0.0000047613087972,
 -0.0000036350028344, -0.0000041732399353,
 -0.0000030010929483, -0.0000035881557573,
 -0.0000023721686022, -0.0000030067069555,
 -0.0000017489053293, -0.0000024295311745,
 -0.0000011319628884, -0.0000018572524350,
 -0.0000005219846983, -0.0000012904805790,
  0.0000000804027032, -0.0000007298107415,
  0.0000006745901707, -0.0000001758228448,
  0.0000012599864374,  0.0000003709188814,
  0.0000018360185719,  0.0000009098663547,
  0.0000024021324084,  0.0000014404880707,
  0.0000029577929483,  0.0000019622695070,
  0.0000035024847340,  0.0000024747135026,
  0.0000040357121946,  0.0000029773406111,
  0.0000045569999636,  0.0000034696894289,
  0.0000050658931680,  0.0000039513168969,
  0.0000055619576899,  0.0000044217985768,
  0.0000060447803998,  0.0000048807289021,
  0.0000065139693621,  0.0000053277214027,
  0.0000069691540126,  0.0000057624089047,
  0.0000074099853083,  0.0000061844437037,
  0.0000078361358507,  0.0000065934977138,
  0.0000082472999803,  0.0000069892625912,
  0.0000086431938459,  0.0000073714498320,
  0.0000090235554455,  0.0000077397908463,
  0.0000093881446425,  0.0000080940370077,
  0.0000097367431547,  0.0000084339596773,
  0.0000100691545179,  0.0000087593502056,
  0.0000103852040246,  0.0000090700199096,
  0.0000106847386378,  0.0000093658000267,
  0.0000109676268794,  0.0000096465416461,
  0.0000112337586961,  0.0000099121156176,
  0.0000114830453009,  0.0000101624124381,
  0.0000117154189918,  0.0000103973421164,
  0.0000119308329479,  0.0000106168340173,
  0.0000121292610039,  0.0000108208366841,
  0.0000123106974033,  0.0000110093176415,
  0.0000124751565301,  0.0000111822631787,
  0.0000126226726214,  0.0000113396781131,
  0.0000127532994592,  0.0000114815855349,
  0.0000128671100447,  0.0000116080265346,
  0.0000129641962529,  0.0000117190599118,
  0.0000130446684701,  0.0000118147618678,
  0.0000131086552153,  0.0000118952256815,
  0.0000131563027433,  0.0000119605613691,
  0.0000131877746345,  0.0000120108953296,
  0.0000132032513677,  0.0000120463699747,
  0.0000132029298802,  0.0000120671433454,
  0.0000131870231136,  0.0000120733887152,
  0.0000131557595470,  0.0000120652941801,
  0.0000131093827182,  0.0000120430622378,
  0.0000130481507336,  0.0000120069093543,
  0.0000129723357670,  0.0000119570655204,
  0.0000128822235497,  0.0000118937737984,
  0.0000127781128498,  0.0000118172898593,
  0.0000126603149449,  0.0000117278815108,
  0.0000125291530856,  0.0000116258282184,
  0.0000123849619528,  0.0000115114206178,
  0.0000122280871089,  0.0000113849600224,
  0.0000120588844436,  0.0000112467579231,
  0.0000118777196141,  0.0000110971354837,
  0.0000116849674823,  0.0000109364230318,
  0.0000114810115485,  0.0000107649595453,
  0.0000112662433819,  0.0000105830921356,
  0.0000110410620502,  0.0000103911755286,
  0.0000108058735469,  0.0000101895715432,
  0.0000105610902193,  0.0000099786485686,
  0.0000103071301959,  0.0000097587810412,
  0.0000100444168149,  0.0000095303489207,
  0.0000097733780542,  0.0000092937371674,
  0.0000094944459638,  0.0000090493352203,
  0.0000092080561006,  0.0000087975364771,
  0.0000089146469672,  0.0000085387377760,
  0.0000086146594543,  0.0000082733388816,
  0.0000083085362883,  0.0000080017419728,
  0.0000079967214833,  0.0000077243511355,
  0.0000076796598001,  0.0000074415718604,
  0.0000073577962105,  0.0000071538105446,
  0.0000070315753693,  0.0000068614739998,
  0.0000067014410937,  0.0000065649689667,
  0.0000063678358500,  0.0000062647016350,
  0.0000060312002500,  0.0000059610771719,
  0.0000056919725549,  0.0000056544992570,
  0.0000053505881903,  0.0000053453696259,
  0.0000050074792696,  0.0000050340876218,
  0.0000046630741285,  0.0000047210497563,
  0.0000043177968702,  0.0000044066492793,
  0.0000039720669212,  0.0000040912757585,
  0.0000036262985996,  0.0000037753146691,
  0.0000032809006941,  0.0000034591469935,
  0.0000029362760558,  0.0000031431488318,
  0.0000025928212026,  0.0000028276910241,
  0.0000022509259359,  0.0000025131387823,
  0.0000019109729711,  0.0000021998513357,
  0.0000015733375809,  0.0000018881815865,
  0.0000012383872519,  0.0000015784757787,
  0.0000009064813562,  0.0000012710731787,
  0.0000005779708356,  0.0000009663057686,
  0.0000002531979011,  0.0000006644979522,
 -0.0000000675042542,  0.0000003659662739,
 -0.0000003838117266,  0.0000000710191508,
 -0.0000006954101596, -0.0000002200433823,
 -0.0000010019949869, -0.0000005069299142,
 -0.0000013032716596, -0.0000007893578856,
 -0.0000015989558597, -0.0000010670538034,
 -0.0000018887736983, -0.0000013397534416,
 -0.0000021724618981, -0.0000016072020289,
 -0.0000024497679621, -0.0000018691544222,
 -0.0000027204503261, -0.0000021253752665,
 -0.0000029842784976, -0.0000023756391409,
 -0.0000032410331780, -0.0000026197306913,
 -0.0000034905063720, -0.0000028574447495,
 -0.0000037325014803, -0.0000030885864377,
 -0.0000039668333786, -0.0000033129712611,
 -0.0000041933284820, -0.0000035304251850,
 -0.0000044118247947, -0.0000037407847006,
 -0.0000046221719451, -0.0000039438968754,
 -0.0000048242312071, -0.0000041396193925,
 -0.0000050178755072, -0.0000043278205750,
 -0.0000052029894177, -0.0000045083793987,
 -0.0000053794691365, -0.0000046811854917,
 -0.0000055472224531, -0.0000048461391214,
 -0.0000057061687014, -0.0000050031511686,
 -0.0000058562386998, -0.0000051521430909,
 -0.0000059973746785, -0.0000052930468723,
 -0.0000061295301936, -0.0000054258049621,
 -0.0000062526700303, -0.0000055503702022,
 -0.0000063667700929, -0.0000056667057429,
 -0.0000064718172837, -0.0000057747849477,
 -0.0000065678093707, -0.0000058745912871,
 -0.0000066547548438, -0.0000059661182227,
 -0.0000067326727607, -0.0000060493690797,
 -0.0000068015925822, -0.0000061243569111,
 -0.0000068615539972, -0.0000061911043507,
 -0.0000069126067385, -0.0000062496434579,
 -0.0000069548103889, -0.0000063000155529,
 -0.0000069882341781, -0.0000063422710432,
 -0.0000070129567714, -0.0000063764692420,
 -0.0000070290660498, -0.0000064026781782,
 -0.0000070366588823, -0.0000064209743988,
 -0.0000070358408902, -0.0000064314427642,
 -0.0000070267262052, -0.0000064341762355,
 -0.0000070094372198, -0.0000064292756565,
 -0.0000069841043316, -0.0000064168495281,
 -0.0000069508656818, -0.0000063970137772,
 -0.0000069098668879, -0.0000063698915201,
 -0.0000068612607708, -0.0000063356128202,
 -0.0000068052070781, -0.0000062943144410,
 -0.0000067418722016, -0.0000062461395946,
 -0.0000066714288918, -0.0000061912376856,
 -0.0000065940559684, -0.0000061297640516,
 -0.0000065099380272, -0.0000060618796997,
 -0.0000064192651447, -0.0000059877510405,
 -0.0000063222325801, -0.0000059075496185,
 -0.0000062190404742, -0.0000058214518406,
 -0.0000061098935484, -0.0000057296387026,
 -0.0000059950008007, -0.0000056322955132,
 -0.0000058745752015, -0.0000055296116181,
 -0.0000057488333889, -0.0000054217801209,
 -0.0000056179953633, -0.0000053089976056,
 -0.0000054822841826, -0.0000051914638570,
 -0.0000053419256574, -0.0000050693815821,
 -0.0000051971480476, -0.0000049429561312,
 -0.0000050481817598, -0.0000048123952198,
 -0.0000048952590465, -0.0000046779086520,
 -0.0000047386137067, -0.0000045397080439,
 -0.0000045784807896, -0.0000043980065502,
 -0.0000044150962994, -0.0000042530185910,
 -0.0000042486969048, -0.0000041049595823,
 -0.0000040795196496, -0.0000039540456677,
 -0.0000039078016685, -0.0000038004934538,
 -0.0000037337799056, -0.0000036445197478,
 -0.0000035576908371, -0.0000034863412993,
 -0.0000033797701987, -0.0000033261745446,
 -0.0000032002527166, -0.0000031642353559,
 -0.0000030193718448, -0.0000030007387935,
 -0.0000028373595057, -0.0000028358988632,
 -0.0000026544458373, -0.0000026699282773,
 -0.0000024708589455, -0.0000025030382215,
 -0.0000022868246620, -0.0000023354381256,
 -0.0000021025663083, -0.0000021673354398,
 -0.0000019183044655, -0.0000019989354168,
 -0.0000017342567512, -0.0000018304408986,
 -0.0000015506376020, -0.0000016620521096,
 -0.0000013676580635, -0.0000014939664554,
 -0.0000011855255863, -0.0000013263783276,
 -0.0000010044438295, -0.0000011594789150,
 -0.0000008246124716, -0.0000009934560204,
 -0.0000006462270281, -0.0000008284938853,
 -0.0000004694786762, -0.0000006647730193,
 -0.0000002945540882, -0.0000005024700380,
 -0.0000001216352713, -0.0000003417575061,
  0.0000000491005848, -0.0000001828037890,
  0.0000002174812518, -0.0000000257729095,
  0.0000003833395997,  0.0000001291755864,
  0.0000005465137253,  0.0000002818867586,
  0.0000007068470734,  0.0000004322103932,
  0.0000008641885495,  0.0000005800011165,
  0.0000010183926248,  0.0000007251185018,
  0.0000011693194329,  0.0000008674271681,
  0.0000013168348591,  0.0000010067968725,
  0.0000014608106213,  0.0000011431025949,
  0.0000016011243428,  0.0000012762246148,
  0.0000017376596175,  0.0000014060485820,
  0.0000018703060671,  0.0000015324655791,
  0.0000019989593900,  0.0000016553721768,
  0.0000021235214032,  0.0000017746704826,
  0.0000022439000753,  0.0000018902681815,
  0.0000023600095530,  0.0000020020785703,
  0.0000024717701789,  0.0000021100205842,
  0.0000025791085025,  0.0000022140188168,
  0.0000026819572830,  0.0000023140035330,
  0.0000027802554858,  0.0000024099106749,
  0.0000028739482703,  0.0000025016818612,
  0.0000029629869721,  0.0000025892643799,
  0.0000030473290766,  0.0000026726111738,
  0.0000031269381871,  0.0000027516808203,
  0.0000032017839849,  0.0000028264375046,
  0.0000032718421838,  0.0000028968509863,
  0.0000033370944774,  0.0000029628965603,
  0.0000033975284803,  0.0000030245550111,
  0.0000034531376628,  0.0000030818125622,
  0.0000035039212803,  0.0000031346608188,
  0.0000035498842960,  0.0000031830967055,
  0.0000035910372984,  0.0000032271223981,
  0.0000036273964129,  0.0000032667452506,
  0.0000036589832085,  0.0000033019777169,
  0.0000036858245989,  0.0000033328372672,
  0.0000037079527393,  0.0000033593463001,
  0.0000037254049169,  0.0000033815320499,
  0.0000037382234389,  0.0000033994264892,
  0.0000037464555143,  0.0000034130662273,
  0.0000037501531327,  0.0000034224924050,
  0.0000037493729380,  0.0000034277505846,
  0.0000037441760995,  0.0000034288906369,
  0.0000037346281784,  0.0000034259666243,
  0.0000037207989915,  0.0000034190366804,
  0.0000037027624711,  0.0000034081628868,
  0.0000036805965232,  0.0000033934111466,
  0.0000036543828809,  0.0000033748510550,
  0.0000036242069574,  0.0000033525557677,
  0.0000035901576951,  0.0000033266018665,
  0.0000035523274131,  0.0000032970692228,
  0.0000035108116531,  0.0000032640408590,
  0.0000034657090227,  0.0000032276028080,
  0.0000034171210384,  0.0000031878439714,
  0.0000033651519660,  0.0000031448559755,
  0.0000033099086605,  0.0000030987330269,
  0.0000032515004058,  0.0000030495717661,
  0.0000031900387520,  0.0000029974711210,
  0.0000031256373540,  0.0000029425321592,
  0.0000030584118085,  0.0000028848579397,
  0.0000029884794916,  0.0000028245533648,
  0.0000029159593961,  0.0000027617250311,
  0.0000028409719695,  0.0000026964810808,
  0.0000027636389519,  0.0000026289310535,
  0.0000026840832151,  0.0000025591857379,
  0.0000026024286023,  0.0000024873570242,
  0.0000025187997685,  0.0000024135577572,
  0.0000024333220227,  0.0000023379015900,
  0.0000023461211710,  0.0000022605028391,
  0.0000022573233614,  0.0000021814763408,
  0.0000021670549304,  0.0000021009373080,
  0.0000020754422508,  0.0000020190011893,
  0.0000019826115826,  0.0000019357835300,
  0.0000018886889252,  0.0000018513998335,
