timestep:         0.0063532800000000
yAxisLabel:velocity [m/s]       
title:bogies velocity   
vv1,    vv2,    
  0.0000000000000000,  0.0000000000000000,
  0.0000000000000000,  0.0000000000000000,
 -0.0000037253153042,  0.0000000000000000,
 -0.0000117967974208,  0.0000000000000000,
 -0.0000217094594333,  0.0000000000000000,
 -0.0000336814543428,  0.0000000000000000,
 -0.0000467593526383,  0.0000000000000000,
 -0.0000633417300933,  0.0000000000000000,
 -0.0000835847773163,  0.0000000000000000,
 -0.0001092615180677,  0.0000000000000000,
 -0.0001419026673082,  0.0000000000000000,
 -0.0001831403944799,  0.0000000000000000,
 -0.0002325222516357,  0.0000000000000000,
 -0.0002895943665194,  0.0000000000000000,
 -0.0003540337595854,  0.0000000000000000,
 -0.0004264448652964,  0.0000000000000000,
 -0.0005069480664272,  0.0000000000000000,
 -0.0005965375326931,  0.0000000000000000,
 -0.0006954795370149,  0.0000000000000000,
 -0.0008034700183739,  0.0000000000000000,
 -0.0009187854287955,  0.0000000000000000,
 -0.0010405571230414,  0.0000000000000000,
 -0.0011685749766155,  0.0000000000000000,
 -0.0013035815145829,  0.0000000000000000,
 -0.0014456393193766,  0.0000000000000000,
 -0.0015945566630721,  0.0000000000000000,
 -0.0017495518651183,  0.0000000000000000,
 -0.0019096968174703,  0.0000000000000000,
 -0.0020736647693083,  0.0000000000000000,
 -0.0022409586533673,  0.0000000000000000,
 -0.0024119493570575,  0.0000000000000000,
 -0.0025876702997003,  0.0000000000000000,
 -0.0027681177559721,  0.0000000000000000,
 -0.0029522400003683,  0.0000000000000000,
 -0.0031385138030112,  0.0000000000000000,
 -0.0033263686855079,  0.0000000000000000,
 -0.0035159519247705,  0.0000000000000000,
 -0.0037075445260899,  0.0000000000000000,
 -0.0039009947275528,  0.0000000000000000,
 -0.0040962272645235,  0.0000000000000000,
 -0.0042930988417561,  0.0000000000000000,
 -0.0044913968752429,  0.0000000000000000,
 -0.0046908357921532,  0.0000000000000000,
 -0.0048917987123035,  0.0000000000000000,
 -0.0050952937631155,  0.0000000000000000,
 -0.0053022425720376,  0.0000000000000000,
 -0.0055127132838789,  0.0000000000000000,
 -0.0057266088387700,  0.0000000000000000,
 -0.0059444795952756,  0.0000000000000000,
 -0.0061677244587351,  0.0000000000000000,
 -0.0063976922137077,  0.0000000000000000,
 -0.0066349553584579,  0.0000000000000000,
 -0.0068791105033258,  0.0000000000000000,
 -0.0071294685495217,  0.0000000000000000,
 -0.0073852419532193,  0.0000000000000000,
 -0.0076457840169116,  0.0000000000000000,
 -0.0079106584342288,  0.0000000000000000,
 -0.0081795437979679,  0.0000000000000000,
 -0.0084515808838501,  0.0000000000000000,
 -0.0087252072380350,  0.0000000000000000,
 -0.0089987166224948,  0.0000000000000000,
 -0.0092711735165485,  0.0000000000000000,
 -0.0095424350150301,  0.0000000000000000,
 -0.0098127568006920,  0.0000000000000000,
 -0.0100824437985058,  0.0000000000000000,
 -0.0103515841493421,  0.0000000000000000,
 -0.0106196957727457,  0.0000000000000000,
 -0.0108860190155832,  0.0000000000000000,
 -0.0111503116285732,  0.0000000000000000,
 -0.0114133340930543,  0.0000000000000000,
 -0.0116762078622386,  0.0000000000000000,
 -0.0119393470180392,  0.0000000000000000,
 -0.0122017820253834,  0.0000000000000000,
 -0.0124612517491572,  0.0000000000000000,
 -0.0127147502987760,  0.0000000000000000,
 -0.0129593109888634,  0.0000000000000000,
 -0.0131925140516243,  0.0000000000000000,
 -0.0134124761667360,  0.0000000000000000,
 -0.0136174118034903,  0.0000000000000000,
 -0.0138053235017849,  0.0000000000000000,
 -0.0139741020620298,  0.0000000000000000,
 -0.0141220187036020,  0.0000000000000000,
 -0.0142481967753181,  0.0000000000000000,
 -0.0143527068720435,  0.0000000000000000,
 -0.0144361071395168,  0.0000000000000000,
 -0.0144987267117358,  0.0000000000000000,
 -0.0145401085968780,  0.0000000000000000,
 -0.0145590070832778,  0.0000000000000000,
 -0.0145539392426305,  0.0000000000000000,
 -0.0145239456087123,  0.0000000000000000,
 -0.0144690333705995,  0.0000000000000000,
 -0.0143900801471965,  0.0000000000000000,
 -0.0142883053025433,  0.0000000000000000,
 -0.0141646688455153, -0.0001929083152191,
 -0.0140195377647243, -0.0003641863206892,
 -0.0138527561902434, -0.0005767394804284,
 -0.0136643250801694, -0.0007660165345312,
 -0.0134567496114256, -0.0009881170929875,
 -0.0132374459468610, -0.0011881473097861,
 -0.0130150820972812, -0.0014197551462944,
 -0.0127922534199888, -0.0016346608065260,
 -0.0125668465581880, -0.0018788912028079,
 -0.0123390063524934, -0.0021115676589536,
 -0.0121105528841646, -0.0023733091534350,
 -0.0118816353478795, -0.0026264409833012,
 -0.0116526303458309, -0.0029045645029227,
 -0.0114242012744635, -0.0031748969461697,
 -0.0111963616811176, -0.0034676022731309,
 -0.0109701507104228, -0.0037545462273882,
 -0.0107473478645056, -0.0040628017123215,
 -0.0105295913998433, -0.0043683723846760,
 -0.0103183732758155, -0.0046931608069478,
 -0.0101134799064060, -0.0050140843833388,
 -0.0099136720797920, -0.0053491833508130,
 -0.0097184811585548, -0.0056799117672054,
 -0.0095282592692252, -0.0060236113348505,
 -0.0093439035492503, -0.0063647815599397,
 -0.0091659488926140, -0.0067173240598012,
 -0.0089939021403498, -0.0070668224806472,
 -0.0088266541130962, -0.0074238975854406,
 -0.0086630232233403, -0.0077748664660768,
 -0.0085026382559652, -0.0081288382323752,
 -0.0083463358203107, -0.0084759611884836,
 -0.0081956820264355, -0.0088260207528764,
 -0.0080519345218658, -0.0091705742634330,
 -0.0079153578748354, -0.0095157782169462,
 -0.0077854068434612, -0.0098526046005141,
 -0.0076614194330126, -0.0101867416343979,
 -0.0075432582428281, -0.0105125935740616,
 -0.0074314640788224, -0.0108365832405022,
 -0.0073268882796206, -0.0111544171656672,
 -0.0072299660201053, -0.0114717700207678,
 -0.0071401474859488, -0.0117851365666303,
 -0.0070562027887090, -0.0120987905640171,
 -0.0069770387145705, -0.0124089064107045,
 -0.0069023596193761, -0.0127191008650902,
 -0.0068327799562322, -0.0130271648320013,
 -0.0067693462830539, -0.0133365949182951,
 -0.0067127885971963, -0.0136443450579923,
 -0.0066632195322028, -0.0139519696865441,
 -0.0066205404698001, -0.0142570131116106,
 -0.0065848888072545, -0.0145620865708651,
 -0.0065568421602383, -0.0148658879322653,
 -0.0065376055753619, -0.0151699297718139,
 -0.0065288643380936, -0.0154716708665387,
 -0.0065320607715468, -0.0157715916863954,
 -0.0065476946756600, -0.0160676877926148,
 -0.0065756065445986, -0.0163609830312500,
 -0.0066158948530321, -0.0166507476128980,
 -0.0066693696883447, -0.0169387016328453,
 -0.0067374609138906, -0.0172240752202230,
 -0.0068218585826846, -0.0175069837545874,
 -0.0069241432105252, -0.0177855749128842,
 -0.0070456427674635, -0.0180601705341765,
 -0.0071872209567051, -0.0183304843881047,
 -0.0073494479816147, -0.0185978857861563,
 -0.0075324039967252, -0.0188626965980926,
 -0.0077351891891107, -0.0191261404348896,
 -0.0079556850081405, -0.0193879279983397,
 -0.0081909787550431, -0.0196483744825976,
 -0.0084377932839335, -0.0199075715274265,
 -0.0086928344534550, -0.0201675017643523,
 -0.0089530352494669, -0.0204299007296908,
 -0.0092156952340194, -0.0206962538154701,
 -0.0094783767575515, -0.0209657169274954,
 -0.0097388923958277, -0.0212362011564236,
 -0.0099954371931638, -0.0215040160366646,
 -0.0102467801544363, -0.0217657836919498,
 -0.0104922557317246, -0.0220183420042576,
 -0.0107315846895941, -0.0222595795016467,
 -0.0109644370374495, -0.0224871905731451,
 -0.0111898906787314, -0.0226988139586709,
 -0.0114059439553249, -0.0228914582243013,
 -0.0116093937294745, -0.0230626170503043,
 -0.0117962035225411, -0.0232104575421322,
 -0.0119623149882151, -0.0233344801262498,
 -0.0121044480121337, -0.0234346007147098,
 -0.0122205167026336, -0.0235106162919882,
 -0.0123095244143841, -0.0235611122759559,
 -0.0123711283479812, -0.0235836918105782,
 -0.0124051034935784, -0.0235753497288815,
 -0.0124110138039945, -0.0235337217273695,
 -0.0123881875976671, -0.0234575073750114,
 -0.0123359646171549, -0.0233466746306361,
 -0.0122540069855402, -0.0232016855275041,
 -0.0121424594182504, -0.0230229493047914,
 -0.0120018453543551, -0.0228102183664276,
 -0.0118328424214510, -0.0225628768867000,
 -0.0116360951055071, -0.0222804060253500,
 -0.0114121399066221, -0.0219632003069608,
 -0.0111613366810319, -0.0216128125515195,
 -0.0108837420887787, -0.0212319035641075,
 -0.0105790295929947, -0.0208236165026602,
 -0.0102466475252893, -0.0203909463122060,
 -0.0098861803720121, -0.0199361937676243,
 -0.0094977190083828, -0.0194611876146830,
 -0.0090820639270330, -0.0189671480890668,
 -0.0086407208051273, -0.0184548999978870,
 -0.0081757119278555, -0.0179249979607514,
 -0.0076892987675795, -0.0173780857909149,
 -0.0071837322943244, -0.0168150054106663,
 -0.0066609425961331, -0.0162369341726438,
 -0.0061225291272970, -0.0156451756678819,
 -0.0055701031650906, -0.0150409689233619,
 -0.0050052475426140, -0.0144251970557000,
 -0.0044295959430922, -0.0137984069555917,
 -0.0038448038134525, -0.0131609362815983,
 -0.0032526113071702, -0.0125132437053340,
 -0.0026548629703918, -0.0118560369810097,
 -0.0020536051372057, -0.0111902296699540,
 -0.0014510021681056, -0.0105166536878450,
 -0.0008491568498158, -0.0098359333368699,
 -0.0002498208348466, -0.0091484690228316,
  0.0003457528884985, -0.0084546613946275,
  0.0009368499467349, -0.0077551656055717,
  0.0015231266739996, -0.0070510912651494,
  0.0021044135337171, -0.0063439396781966,
  0.0026805279442101, -0.0056354172359710,
  0.0032512695683198, -0.0049271819264275,
  0.0038165236658099, -0.0042207623073358,
  0.0043764410611360, -0.0035175734250427,
  0.0049314910507601, -0.0028189928503279,
  0.0054823822738557, -0.0021263297853720,
  0.0060298133392352, -0.0014407207616559,
  0.0065741858748618, -0.0007629550810697,
  0.0071153302689697, -0.0000933799568957,
  0.0076523811549479,  0.0005680600064575,
  0.0081838079958511,  0.0012216124286964,
  0.0087076212299826,  0.0018674668145894,
  0.0092216583233574,  0.0025055175886517,
  0.0097238963360114,  0.0031352411929810,
  0.0102126439360283,  0.0037556580091207,
  0.0106865661872343,  0.0043653679864176,
  0.0111445285198027,  0.0049626248658827,
  0.0115853725671729,  0.0055454795260516,
  0.0120077191674193,  0.0061119655442878,
  0.0124098964700634,  0.0066603059842057,
  0.0127899735424407,  0.0071890669035070,
  0.0131458700513125,  0.0076972183232041,
  0.0134754714246619,  0.0081840594771755,
  0.0137767332278685,  0.0086490474973857,
  0.0140477595798897,  0.0090915721036542,
  0.0142868845280729,  0.0095107453934547,
  0.0144927598538366,  0.0099053909704508,
  0.0146644554773970,  0.0102741521866484,
  0.0148015291543562,  0.0106153194745028,
  0.0149040392213211,  0.0109270259293137,
  0.0149724849974608,  0.0112073598700613,
  0.0150077071335522,  0.0114545639061024,
  0.0150107884870532,  0.0116671401049653,
  0.0149829990228957,  0.0118440248049901,
  0.0149259055799689,  0.0119846250989651,
  0.0148413493759265,  0.0120888859344753,
  0.0147310949697702,  0.0121572537320825,
  0.0145968242176161,  0.0121906751390105,
  0.0144401093896645,  0.0121905299706328,
  0.0142625728020985,  0.0121586136097437,
  0.0140660216318280,  0.0120970038962211,
  0.0138526175794419,  0.0120078745438738,
  0.0136248355639608,  0.0118932413722533,
  0.0133853258354127,  0.0117548388580825,
  0.0131366334424511,  0.0115940727250780,
  0.0128809700452679,  0.0114121727261858,
  0.0126200100823119,  0.0112104290462382,
  0.0123548880153759,  0.0109904162818402,
  0.0120862923639200,  0.0107540534423198,
  0.0118146576106863,  0.0105035234693108,
  0.0115402991457587,  0.0102410217485702,
  0.0112635346457731,  0.0099685032645814,
  0.0109847190018731,  0.0096875058739781,
  0.0107042546874935,  0.0093991663051703,
  0.0104225158001048,  0.0091043622573043,
  0.0101397856296097,  0.0088039275103758,
  0.0098561972248270,  0.0084988404243004,
  0.0095717561487212,  0.0081903519380325,
  0.0092864219271554,  0.0078799718626004,
  0.0090002659610120,  0.0075693563639707,
  0.0087136040558247,  0.0072601252075112,
  0.0084270844056333,  0.0069537096729188,
  0.0081416606913522,  0.0066512894661845,
  0.0078584883642668,  0.0063538693220491,
  0.0075787629028872,  0.0060624304741336,
  0.0073035788247062,  0.0057780821908057,
  0.0070338222191364,  0.0055021339001614,
  0.0067701338776194,  0.0052360820522715,
  0.0065129067916909,  0.0049815065779817,
  0.0062623072052893,  0.0047399093446377,
  0.0060182807855493,  0.0045125308325411,
  0.0057805656271124,  0.0043002113443162,
  0.0055487208475283,  0.0041033205287216,
  0.0053222045533442,  0.0039217736198566,
  0.0051004809762021,  0.0037551063551019,
  0.0048831388969924,  0.0036025619046055,
  0.0046699728449455,  0.0034632655788389,
  0.0044610007401088,  0.0033363878520543,
  0.0042563971440876,  0.0032209514080326,
  0.0040563749670280,  0.0031159618946262,
  0.0038610435709654,  0.0030204721006393,
  0.0036702790634560,  0.0029337249938261,
  0.0034836327225762,  0.0028551730037906,
  0.0033003208751679,  0.0027845393605723,
  0.0031194415095954,  0.0027217398032452,
  0.0029401588740625,  0.0026668374362316,
  0.0027616262264728,  0.0026199387910438,
  0.0025832316204035,  0.0025811697638318,
  0.0024047181717925,  0.0025506229295964,
  0.0022263196898555,  0.0025283847085268,
  0.0020487131136254,  0.0025144953638602,
  0.0018729515683760,  0.0025089335537487,
  0.0017002691852956,  0.0025115975580966,
  0.0015319307221939,  0.0025223932733403,
  0.0013690661787910,  0.0025413148217233,
  0.0012126274110865,  0.0025685888986309,
  0.0010633535157334,  0.0026047608505792,
  0.0009218452574701,  0.0026506926322897,
  0.0007886158442583,  0.0027074115860165,
  0.0006641416687524,  0.0027759037989986,
  0.0005488182968471,  0.0028568636474821,
  0.0004429076661912,  0.0029505411124282,
  0.0003464368245119,  0.0030566972817654,
  0.0002591497557310,  0.0031747204933592,
  0.0001804478868044,  0.0033038291341142,
  0.0001093820554875,  0.0034432950973850,
  0.0000446722932158,  0.0035925539764609,
 -0.0000151944104740,  0.0037511985988462,
 -0.0000718577219400,  0.0039188423424043,
 -0.0001269489693455,  0.0040949215427190,
 -0.0001819762091008,  0.0042784863446526,
 -0.0002381951938654,  0.0044680810684765,
 -0.0002965205192589,  0.0046617174304251,
 -0.0003574735394343,  0.0048569464722131,
 -0.0004212062153081,  0.0050509945513175,
 -0.0004875704878793,  0.0052409395682787,
 -0.0005562345114772,  0.0054238778536266,
 -0.0006267890830552,  0.0055970627854737,
 -0.0006988388114654,  0.0057579932352877,
 -0.0007720448899154,  0.0059044897082414,
 -0.0008461403887802,  0.0060347524195505,
 -0.0009209157168162,  0.0061473872958465,
 -0.0009962067092216,  0.0062413880734738,
 -0.0010718848719156,  0.0063161003596412,
 -0.0011478606455912,  0.0063711787535639,
 -0.0012240781780407,  0.0064065493511047,
 -0.0013005078149265,  0.0064224382604892,
 -0.0013771296184778,  0.0064195494728466,
 -0.0014539243343139,  0.0063988609634083,
 -0.0015308646239919,  0.0063615904726423,
 -0.0016079159295570,  0.0063091063295927,
 -0.0016850512753339,  0.0062429061277854,
 -0.0017622816743198,  0.0061645080778287,
 -0.0018396611719045,  0.0060754389243117,
 -0.0019171538607786,  0.0059771578876849,
 -0.0019944619783385,  0.0058710460639864,
 -0.0020711417335461,  0.0057583553724940,
 -0.0021464941894232,  0.0056402145903205,
 -0.0022195517801890,  0.0055175824574136,
 -0.0022890414828231,  0.0053912917330788,
 -0.0023534949227277,  0.0052620675105363,
 -0.0024113462910213,  0.0051305514757369,
 -0.0024611176888607,  0.0049972845655918,
 -0.0025015453046005,  0.0048627619720591,
 -0.0025317116212132,  0.0047274540455028,
 -0.0025510563759054,  0.0045918560221856,
 -0.0025593767414995,  0.0044564917907175,
 -0.0025567303402085,  0.0043218997640611,
 -0.0025433453112656,  0.0041885628741710,
 -0.0025194951250527,  0.0040568360263188,
 -0.0024854311419653,  0.0039268500864590,
 -0.0024413237830120,  0.0037984783039436,
 -0.0023872728197572,  0.0036713287780235,
 -0.0023233103244137,  0.0035448171047954,
 -0.0022494798138023,  0.0034182976236624,
 -0.0021659465392519,  0.0032912397159448,
 -0.0020731337679631,  0.0031633630414090,
 -0.0019717943697058,  0.0030347297955977,
 -0.0018630427063248,  0.0029057530498670,
 -0.0017483012576092,  0.0027771344980045,
 -0.0016292030732644,  0.0026497127255052,
 -0.0015074352197566,  0.0025242835305623,
 -0.0013845852188111,  0.0024014161315487,
 -0.0012620055178745,  0.0022813113360775,
 -0.0011407600731374,  0.0021637245220458,
 -0.0010216357149482,  0.0020479788127094,
 -0.0009052112053864,  0.0019330498951634,
 -0.0007919310249620,  0.0018177103660591,
 -0.0006821876358643,  0.0017006743845366,
 -0.0005763865781486,  0.0015807151889629,
 -0.0004750007499756,  0.0014567303620965,
 -0.0003785840953961,  0.0013277629711783,
 -0.0002877503025396,  0.0011929886200136,
 -0.0002031126267263,  0.0010516939664784,
 -0.0001252145004328,  0.0009032464209270,
 -0.0000544617782906,  0.0007470604829796,
  0.0000089138229118,  0.0005826152015468,
  0.0000648554627185,  0.0004097102645415,
  0.0001134341262645,  0.0002283782604918,
  0.0001547733996441,  0.0000389720206342,
  0.0001889587983809, -0.0001577902974568,
  0.0002159571178570, -0.0003607590533635,
  0.0002355653068128, -0.0005684480159030,
  0.0002474173330872, -0.0007790995956000,
  0.0002511237301891, -0.0009908561336975,
  0.0002464477656061, -0.0012018862641085,
  0.0002331583089628, -0.0014105283396323,
  0.0002110929976158, -0.0016153155573040,
  0.0001801316360518, -0.0018150023922526,
  0.0001402133745655, -0.0020084741737960,
  0.0000912458525905, -0.0021946713980189,
  0.0000330743695217, -0.0023725187742200,
 -0.0000345996978143, -0.0025409402994885,
 -0.0001122079070224, -0.0026988758093330,
 -0.0002002927681642, -0.0028453783928026,
 -0.0002993719233295, -0.0029796601707641,
 -0.0004098256224530, -0.0031011373538502,
 -0.0005317423923918, -0.0032094581958474,
 -0.0006648530576642, -0.0033045321666769,
 -0.0008085146526423, -0.0033865048160751,
 -0.0009618122229524, -0.0034557455256668,
 -0.0011236729718202, -0.0035127989703881,
 -0.0012930060321958, -0.0035583416431592,
 -0.0014687713829573, -0.0035930965245268,
 -0.0016500482804490, -0.0036177501502875,
 -0.0018360451566129, -0.0036328962541431,
 -0.0020260753026796, -0.0036390575155048,
 -0.0022194661467761, -0.0036367249975106,
 -0.0024154837556507, -0.0036264183463934,
 -0.0026132612796874, -0.0036087547159204,
 -0.0028117785970535, -0.0035845398327883,
 -0.0030098581162820, -0.0035548095426304,
 -0.0032062012379369, -0.0035208206231020,
 -0.0033994305995722, -0.0034839901104924,
 -0.0035881630053985, -0.0034458084668086,
 -0.0037710809789533, -0.0034077315131707,
 -0.0039470095763605, -0.0033710780880238,
 -0.0041149678917265, -0.0033369481254486,
 -0.0042742186895607, -0.0033061957611038,
 -0.0044243081490477, -0.0032794413946244,
 -0.0045651102266513, -0.0032571208179619,
 -0.0046968357519836, -0.0032395478521875,
 -0.0048199926224159, -0.0032269726556473,
 -0.0049352824355416, -0.0032196166651684,
 -0.0050434737009417, -0.0032177011121511,
 -0.0051452769272648, -0.0032214813675385,
 -0.0052412585510293, -0.0032312798187765,
 -0.0053317991035318, -0.0032472329888927,
 -0.0054171046349440, -0.0032693933328953,
 -0.0054972552752941, -0.0032977055255833,
 -0.0055722887366977, -0.0033319620408289,
 -0.0056422980726211, -0.0033717014176788,
 -0.0057075149441303, -0.0034162346617531,
 -0.0057683258134876, -0.0034646371121992,
 -0.0058251703295515, -0.0035158372885262,
 -0.0058782783877245, -0.0035686765283528,
 -0.0059277312684622, -0.0036220161733034,
 -0.0059733808887241, -0.0036747758372099,
 -0.0060148382944662, -0.0037260048671386,
 -0.0060514522370211, -0.0037748549329887,
 -0.0060824265654881, -0.0038205540963355,
 -0.0061069191143762, -0.0038623572556870,
 -0.0061242224186877, -0.0038995336935388,
 -0.0061338695403283, -0.0039313221043923,
 -0.0061357271619007, -0.0039569491652094,
 -0.0061299628569748, -0.0039756066148466,
 -0.0061169860147361, -0.0039864616477687,
 -0.0060972884751997, -0.0039887099564340,
 -0.0060713207748712, -0.0039816843877854,
 -0.0060393824905526, -0.0039649526324691,
 -0.0060015980367264, -0.0039384420156033,
 -0.0059578854251521, -0.0039025146903349,
 -0.0059079660709533, -0.0038579926394361,
 -0.0058513729494022, -0.0038060701095092,
 -0.0057875160144496, -0.0037481772386587,
 -0.0057157262808123, -0.0036858180926178,
 -0.0056353179461824, -0.0036204241120237,
 -0.0055456266415497, -0.0035532270790224,
 -0.0054460443059301, -0.0034852093830981,
 -0.0053360103331715, -0.0034171117526104,
 -0.0052150046966764, -0.0033495012419932,
 -0.0050825215085299, -0.0032828469190361,
 -0.0049380643542395, -0.0032175775081637,
 -0.0047811434034295, -0.0031540811179136,
 -0.0046113036751708, -0.0030926749242520,
 -0.0044281671820242, -0.0030335635618765,
 -0.0042314946477075, -0.0029768111949414,
 -0.0040212093378163, -0.0029223218174088,
 -0.0037973878724765, -0.0028698474166667,
 -0.0035602216712832, -0.0028190361518994,
 -0.0033099866213979, -0.0027695294954638,
 -0.0030470243464406, -0.0027210660406260,
 -0.0027717552407977, -0.0026735580504768,
 -0.0024847036749442, -0.0026271052216327,
 -0.0021865374978234, -0.0025819506913694,
 -0.0018781021930362, -0.0025384038238376,
 -0.0015604508563524, -0.0024967717350898,
 -0.0012348568774953, -0.0024570122692829,
 -0.0009028143366241, -0.0024188332195727,
 -0.0005660190594244, -0.0023817403308304,
 -0.0002263385285279, -0.0023451081249891,
  0.0001142280856469, -0.0023082151042726,
  0.0004535901124230, -0.0022703974486945,
  0.0007896223715847, -0.0022311208494698,
  0.0011202934396993, -0.0021900991177769,
  0.0014438977116551, -0.0021473201677892,
  0.0017589532872847, -0.0021030581437750,
  0.0020642758607478, -0.0020577735174219,
  0.0023589759985999, -0.0020120441917134,
  0.0026424654539695, -0.0019664243186260,
  0.0029143315880128, -0.0019213525954791,
  0.0031742507582250, -0.0018770766607030,
  0.0034218465242792, -0.0018336531796050,
  0.0036566646993754, -0.0017909406323785,
  0.0038781700992839, -0.0017486590330196,
  0.0040858484841149, -0.0017064059162547,
  0.0042792858674947, -0.0016637085769192,
  0.0044582720911786, -0.0016200847364837,
  0.0046228096506348, -0.0015751106339803,
  0.0047731142560322, -0.0015284530658936,
  0.0049095509365280, -0.0014799112546760,
  0.0050325883923612, -0.0014294011956261,
  0.0051427341564339, -0.0013769360529401,
  0.0052405355906572, -0.0013225820465708,
  0.0053265931691573, -0.0012664319427936,
  0.0054016076667612, -0.0012085724158680,
  0.0054663622282746, -0.0011490894510515,
  0.0055216804188702, -0.0010880836995126,
  0.0055683656836376, -0.0010256895050386,
  0.0056072037416044, -0.0009620755636911,
  0.0056389944003469, -0.0008974538952818,
  0.0056646096517684, -0.0008320968092963,
  0.0056850209360264, -0.0007663969488345,
  0.0057013233959390, -0.0007009080595963,
  0.0057147238195646, -0.0006363382197620,
  0.0057264984651659, -0.0005734936589910,
  0.0057379056632465, -0.0005132082013124,
  0.0057501093906852, -0.0004562585820918,
  0.0057641137965542, -0.0004032869480592,
  0.0057807223008050, -0.0003547484877521,
  0.0058005106413271, -0.0003109178878947,
  0.0058238363651215, -0.0002719440927962,
  0.0058508607507277, -0.0002379281444318,
  0.0058815817265308, -0.0002089902237970,
  0.0059158607161568, -0.0001853289109742,
  0.0059534459753158, -0.0001672575793422,
  0.0059939719627046, -0.0001552109943895,
  0.0060369432657397, -0.0001494223255671,
  0.0060817053379135, -0.0001499997594813,
  0.0061274269857437, -0.0001569082918344,
  0.0061730931941626, -0.0001699338206139,
  0.0062175041723662, -0.0001886043060882,
  0.0062592878029430, -0.0002122553778794,
  0.0062969632706968, -0.0002400657886285,
  0.0063291057444128, -0.0002711895603020,
  0.0063545844005708, -0.0003048260777691,
  0.0063724475363016, -0.0003403022083365,
  0.0063819909977429, -0.0003770573957262,
  0.0063827562402949, -0.0004146401981613,
  0.0063745676010769, -0.0004526084862653,
  0.0063574597307297, -0.0004904806426444,
  0.0063316292444908, -0.0005277214533737,
  0.0062973159653885, -0.0005638096924072,
  0.0062548112066252, -0.0005982647857639,
  0.0062044801200182, -0.0006306821405862,
  0.0061468646070448, -0.0006606970318308,
  0.0060827417245089, -0.0006879755456079,
  0.0060131945465935, -0.0007121934065229,
  0.0059395921662366, -0.0007330250393851,
  0.0058635682086479, -0.0007501205307915,
  0.0057869309879381, -0.0007631203501904,
  0.0057115745511029, -0.0007716478550711,
  0.0056393508882152, -0.0007752937238776,
  0.0055720214744886, -0.0007735513805484,
  0.0055112371134958, -0.0007657645934687,
  0.0054585494711041, -0.0007510690931302,
  0.0054153876424052, -0.0007284029259539,
  0.0053830464571440, -0.0006965808938447,
  0.0053626413223821, -0.0006543966406296,
  0.0053550849932779, -0.0006006875043491,
  0.0053610593749586, -0.0005343832700280,
  0.0053810227446567, -0.0004545299030370,
  0.0054152290406276, -0.0003603033109863,
  0.0054637682949256, -0.0002510035467068,
  0.0055265887400451, -0.0001260553458137,
  0.0056035255216720,  0.0000149891235235,
  0.0056943031800678,  0.0001724276652995,
  0.0057985339147320,  0.0003463778993315,
  0.0059157146863139,  0.0005367441176245,
  0.0060452485521337,  0.0007432127763726,
  0.0061864573629156,  0.0009652604050943,
  0.0063385944706685,  0.0012021610629673,
  0.0065008548774472,  0.0014529818993681,
  0.0066724007882421,  0.0017165861320183,
  0.0068523831379312,  0.0019916526102465,
  0.0070399551027191,  0.0022767181032724,
  0.0072342556531428,  0.0025702437693287,
  0.0074343749190639,  0.0028709449554850,
  0.0076393086955091,  0.0031776906918627,
  0.0078479260644212,  0.0034895348136636,
  0.0080589456953814,  0.0038057247208649,
  0.0082709222878812,  0.0041257239802061,
  0.0084822577932545,  0.0044490798876188,
  0.0086912698956343,  0.0047753474527507,
  0.0088963875817677,  0.0051039455036863,
  0.0090963521342865,  0.0054341231299880,
  0.0092900529751508,  0.0057649330271662,
  0.0094765863951444,  0.0060953061509515,
  0.0096551916033050,  0.0064240921708687,
  0.0098252403088521,  0.0067501513460155,
  0.0099861659024238,  0.0070723741419962,
  0.0101374736436296,  0.0073897136524676,
  0.0102787037913526,  0.0077011519434025,
  0.0104095126914520,  0.0080056733172747,
  0.0105297070054109,  0.0083022172457346,
  0.0106392703568205,  0.0085897568235867,
  0.0107382638718499,  0.0088673882252111,
  0.0108267751403883,  0.0091343938671063,
  0.0109048646859191,  0.0093902282197566,
  0.0109725999845273,  0.0096345136479598,
  0.0110301340998000,  0.0098669986334633,
  0.0110778370091514,  0.0100875275246876,
  0.0111162869302007,  0.0102960348104786,
  0.0111462112447975,  0.0104925761134779,
  0.0111683849054887,  0.0106773140133775,
  0.0111835710004609,  0.0108505426646500,
  0.0111924754319871,  0.0110127091227237,
  0.0111957796056332,  0.0111643990435542,
  0.0111941877759631,  0.0113062770678735,
  0.0111884826098660,  0.0114390499510319,
  0.0111795260547378,  0.0115634245938367,
  0.0111682467460461,  0.0116800698398944,
  0.0111555809362776,  0.0117895867948008,
  0.0111424111341103,  0.0118924986088631,
  0.0111294913838260,  0.0119892222993487,
  0.0111173957148125,  0.0120800685236037,
  0.0111064774880155,  0.0121652795800487,
  0.0110968626453550,  0.0122450746594770,
  0.0110884383075489,  0.0123196532167017,
  0.0110808554849193,  0.0123891594770996,
  0.0110735545965979,  0.0124536057654168,
  0.0110658331643588,  0.0125127873279162,
  0.0110569055595562,  0.0125662265835442,
  0.0110459433625404,  0.0126131733434270,
  0.0110320850411905,  0.0126526366303386,
  0.0110144445570736,  0.0126834445843866,
  0.0109921230728404,  0.0127043678370902,
  0.0109642338450700,  0.0127144362373255,
  0.0109299215845331,  0.0127128152404248,
  0.0108883661763727,  0.0126988416189383,
  0.0108387580815693,  0.0126720137302362,
  0.0107802693052660,  0.0126320390390517,
  0.0107120497955401,  0.0125787829325979,
  0.0106332858858429,  0.0125122901636482,
  0.0105434195945567,  0.0124327043949733,
  0.0104422941943951,  0.0123402563759340,
  0.0103300555349293,  0.0122352047786528,
  0.0102072597911766,  0.0121178492669630,
  0.0100747086348676,  0.0119885148612395,
  0.0099333083060723,  0.0118476158917076,
  0.0097839200309261,  0.0116956929448445,
  0.0096273570382932,  0.0115335000203389,
  0.0094644153055691,  0.0113620080034353,
  0.0092959133446796,  0.0111823781043197,
  0.0091225949889495,  0.0109958565526579,
  0.0089451324237275,  0.0108037039550776,
  0.0087641316622482,  0.0106071191979726,
  0.0085801793312935,  0.0104072500408167,
  0.0083938234324082,  0.0102052040506489,
  0.0082055695153760,  0.0100020472574000,
  0.0080158721586073,  0.0097987723635047,
  0.0078251644338720,  0.0095963247337604,
  0.0076338318385023,  0.0093956155910582,
  0.0074422245390787,  0.0091975370189086,
  0.0072506456345748,  0.0090029531592186,
  0.0070593483928830,  0.0088127090035272,
  0.0068685163002079,  0.0086276115209199,
  0.0066782559537160,  0.0084484144119763,
  0.0064885636481796,  0.0082757927960425,
  0.0062993494417541,  0.0081103231573124,
  0.0061104668833839,  0.0079524596199563,
  0.0059217225719944,  0.0078025388213089,
  0.0057328576511016,  0.0076607708853154,
  0.0055435659406144,  0.0075272344903956,
  0.0053535019844273,  0.0074018732558708,
  0.0051622885549250,  0.0072845018399980,
  0.0049695223932579,  0.0071748069122015,
  0.0047747944443987,  0.0070723733853010,
  0.0045776960128125,  0.0069767189593699,
  0.0043778385230092,  0.0068873277200321,
  0.0041748576445705,  0.0068036576537318,
  0.0039684162673304,  0.0067251256361133,
  0.0037582160929928,  0.0066510845582770,
  0.0035440291781891,  0.0065808258750003,
  0.0033257176191729,  0.0065135936909906,
  0.0031032472165374,  0.0064485973365263,
  0.0028766976905289,  0.0063850991830145,
  0.0026462840680897,  0.0063226452475324,
  0.0024123790323401,  0.0062608855867863,
  0.0021755384123517,  0.0061996127428893,
  0.0019365211929521,  0.0061386638375826,
  0.0016972264830622,  0.0060778658037635,
  0.0014600479692930,  0.0060169129109204,
  0.0012251067963288,  0.0059553126818788,
  0.0009928657306835,  0.0058921204861555,
  0.0007634456491034,  0.0058259254798916,
  0.0005372731761514,  0.0057559395934671,
  0.0003144674439446,  0.0056833000043659,
  0.0000954188339041,  0.0056093606577942,
 -0.0001197569903610,  0.0055337746631377,
 -0.0003307055479302,  0.0054556773162909,
 -0.0005373164557715,  0.0053741660218005,
 -0.0007392704823623,  0.0052885122015081,
 -0.0009364643138157,  0.0051990596351581,
 -0.0011286131065282,  0.0051064558169064,
 -0.0013156223024879,  0.0050115479231684,
 -0.0014972404434167,  0.0049149691649582,
 -0.0016733832600672,  0.0048168449663477,
 -0.0018438315835083,  0.0047172178693404,
 -0.0020085127801876,  0.0046163777411204,
 -0.0021672388144781,  0.0045151501172046,
 -0.0023199498304507,  0.0044145474187977,
 -0.0024664877305483,  0.0043154632858822,
 -0.0026068063664885,  0.0042184921255880,
 -0.0027407763582575,  0.0041242085631815,
 -0.0028683659829539,  0.0040333186878722,
 -0.0029894733403359,  0.0039466452318601,
 -0.0031040816433719,  0.0038649552065932,
 -0.0032121152215275,  0.0037888537310022,
 -0.0033135725364939,  0.0037187036611923,
 -0.0034084028866416,  0.0036545836102764,
 -0.0034966201085788,  0.0035963133162879,
 -0.0035781971996775,  0.0035435536031613,
 -0.0036531633243283,  0.0034958777624367,
 -0.0037215138999691,  0.0034527471410053,
 -0.0037832932121931,  0.0034134808349505,
 -0.0038385178105233,  0.0033772923544643,
 -0.0038872467504291,  0.0033433955287016,
 -0.0039295164172569,  0.0033110163350026,
 -0.0039654001542025,  0.0032793488500810,
 -0.0039949528781603,  0.0032475490905439,
 -0.0040182616218819,  0.0032148447329378,
 -0.0040353985228354,  0.0031805824801673,
 -0.0040464636028419,  0.0031441308530985,
 -0.0040515449039044,  0.0031047268612081,
 -0.0040507546475982,  0.0030614589667959,
 -0.0040441954613619,  0.0030134498269828,
 -0.0040319909014919,  0.0029601986204363,
 -0.0040142568615843,  0.0029015146013387,
 -0.0039911273039444,  0.0028376395342985,
 -0.0039627300716897,  0.0027691121353373,
 -0.0039292085527875,  0.0026965678014237,
 -0.0038907012294131,  0.0026204328595274,
 -0.0038473598942162,  0.0025409922982033,
 -0.0037993323678333,  0.0024586899202538,
 -0.0037467777964664,  0.0023743517437364,
 -0.0036898520524984,  0.0022889077030700,
 -0.0036287205643747,  0.0022030482911962,
 -0.0035635459873993,  0.0021170881422529,
 -0.0034944989499652,  0.0020312805617959,
 -0.0034217476436700,  0.0019461207768231,
 -0.0033454668122739,  0.0018623531026389,
 -0.0032658289634174,  0.0017806447477513,
 -0.0031830118774390,  0.0017013577770619,
 -0.0030971911883916,  0.0016245655992247,
 -0.0030085466476382,  0.0015503363737225,
 -0.0029172558606791,  0.0014789186201404,
 -0.0028234995045793,  0.0014107160379200,
 -0.0027274560400177,  0.0013460784589485,
 -0.0026293060509448,  0.0012851370663628,
 -0.0025292277794076,  0.0012277654753615,
 -0.0024274007297630,  0.0011737510390762,
 -0.0023240018976231,  0.0011229586973095,
 -0.0022192087588850,  0.0010753341124795,
 -0.0021131960843499,  0.0010307508914853,
 -0.0020061384147920,  0.0009889187576157,
 -0.0018982073700836,  0.0009493848693515,
 -0.0017895736958583,  0.0009116273669452,
 -0.0016804049901058,  0.0008751454874887,
 -0.0015708673934061,  0.0008394950800974,
 -0.0014611236683924,  0.0008042337755276,
 -0.0013513345940419,  0.0007688829919949,
 -0.0012416573437531,  0.0007329356166284,
 -0.0011322466345437,  0.0006959016968397,
 -0.0010232533578226,  0.0006573392812825,
 -0.0009148255264303,  0.0006168785088852,
 -0.0008071071198555,  0.0005742312905250,
 -0.0007002388646957,  0.0005292096057507,
 -0.0005943572620940,  0.0004817387085112,
 -0.0004895952316914,  0.0004318777720785,
 -0.0003860812941182,  0.0003798442361515,
 -0.0002839401036433,  0.0003260488310973,
 -0.0001832917629094,  0.0002711203552968,
 -0.0000842522649552,  0.0002161194071492,
  0.0000130670787191,  0.0001619341879942,
  0.0001085592691488,  0.0001085783187865,
  0.0002021220949194,  0.0000561563335508,
  0.0002936578216420,  0.0000046815388090,
  0.0003830735835720, -0.0000457511000640,
  0.0004702811195973, -0.0000951288134631,
  0.0005551970928391, -0.0001433661490357,
  0.0006377428632354, -0.0001904511791166,
  0.0007178447451237, -0.0002363077842675,
  0.0007954338079818, -0.0002809252219749,
  0.0008704460801030, -0.0003242364403823,
  0.0009428223710566, -0.0003662322316379,
  0.0010125084284650, -0.0004068542897313,
  0.0010794547766373, -0.0004460952752891,
  0.0011436168324993, -0.0004839052704118,
  0.0012049547560156, -0.0005202791075563,
  0.0012634335303416, -0.0005551748776350,
  0.0013190228205239, -0.0005885898483992,
  0.0013716970225728, -0.0006204897287898,
  0.0014214351274259, -0.0006508744402607,
  0.0014682207426875, -0.0006797169140581,
  0.0015120419599142, -0.0007070198961729,
  0.0015528913523861, -0.0007327631440713,
  0.0015907658439833, -0.0007569523513419,
  0.0016256666860245, -0.0007795737079249,
  0.0016575993264292, -0.0008006359314963,
  0.0016865733682870, -0.0008201312546568,
  0.0017126024386235, -0.0008380714514294,
  0.0017357041308883, -0.0008544544122225,
  0.0017558998726605, -0.0008692949582181,
  0.0017732148543568, -0.0008825962580690,
  0.0017876778955425, -0.0008943761329774,
  0.0017993213617196, -0.0009046426557931,
  0.0018081810291706, -0.0009134165661769,
  0.0018142959915211, -0.0009207104726729,
  0.0018177085231838, -0.0009265479210553,
  0.0018184639774101, -0.0009309456926798,
  0.0018166106484160, -0.0009339300000604,
  0.0018121996623273, -0.0009355214400420,
  0.0018052848384011, -0.0009357487289888,
  0.0017959225742119, -0.0009346359276873,
  0.0017841717063132, -0.0009322140734521,
  0.0017700933909372, -0.0009285103453908,
  0.0017537509645465, -0.0009235579021747,
  0.0017352098212003, -0.0009173867018326,
  0.0017145372734905, -0.0009100318112246,
  0.0016918024277089, -0.0009015256345313,
  0.0016670760456476, -0.0008919049230636,
  0.0016404304185593, -0.0008812042014232,
  0.0016119392304054, -0.0008694616737963,
  0.0015816774315520, -0.0008567136670943,
  0.0015497211039980, -0.0008429996015680,
  0.0015161473356920, -0.0008283572965102,
  0.0014810340882924, -0.0008128271485814,
  0.0014444600729215, -0.0007964481683394,
  0.0014065046209763, -0.0007792614885715,
  0.0013672475620940, -0.0007613070194535,
  0.0013267690985408, -0.0007426263910144,
  0.0012851496860711, -0.0007232601315284,
  0.0012424699123925, -0.0007032501326465,
  0.0011988103815651, -0.0006826372700108,
  0.0011542515970006, -0.0006614634662247,
  0.0011088738500165, -0.0006397696850040,
  0.0010627571077984, -0.0006175976557319,
  0.0010159809065742, -0.0005949881829393,
  0.0009686242450040, -0.0005719825864605,
  0.0009207654824864, -0.0005486212770298,
  0.0008724822382753, -0.0005249449576970,
  0.0008238512953465, -0.0005009934239382,
  0.0007749485055891, -0.0004768065649445,
  0.0007258486995927, -0.0004524233531155,
  0.0006766255981844, -0.0004278826778076,
  0.0006273517284986, -0.0004032224945932,
  0.0005780983420926, -0.0003784805189517,
  0.0005289353374606, -0.0003536935102659,
  0.0004799311850251, -0.0003288978486558,
  0.0004311528563703, -0.0003041289326916,
  0.0003826657561636, -0.0002794216588161,
  0.0003345336582842, -0.0002548099150574,
  0.0002868186448244, -0.0002303269794445,
  0.0002395810492042, -0.0002060050947914,
  0.0001928794023776, -0.0001818757998958,
  0.0001467703829949, -0.0001579695728421,
  0.0001013087707260, -0.0001343161064746,
  0.0000565474036114, -0.0001109440097182,
  0.0000125371385627, -0.0000878810370356,
 -0.0000306731842324, -0.0000651538388307,
 -0.0000730367736662, -0.0000427881529943,
 -0.0001145089162689, -0.0000208085969401,
 -0.0001550470015368,  0.0000007611720080,
 -0.0001946105434932,  0.0000218986292070,
 -0.0002331611991207,  0.0000425822478253,
 -0.0002706627831766,  0.0000627916414129,
 -0.0003070812797712,  0.0000825074497917,
 -0.0003423848505316,  0.0001017114560307,
 -0.0003765438396348,  0.0001203864892498,
 -0.0004095307755039,  0.0001385165197552,
 -0.0004413203694736,  0.0001560865755003,
 -0.0004718895112592,  0.0001730828185671,
 -0.0005012172615125,  0.0001894924726142,
 -0.0005292848412697,  0.0002053038833715,
 -0.0005560756186789,  0.0002205064548765,
 -0.0005815750928115,  0.0002350906963206,
 -0.0006057708747530,  0.0002490481652128,
 -0.0006286526660172,  0.0002623715024868,
 -0.0006502122344207,  0.0002750543811742,
 -0.0006704433874085,  0.0002870915314210,
 -0.0006893419430096,  0.0002984786934557,
 -0.0007069056984337,  0.0003092126339469,
 -0.0007231343964171,  0.0003192911022809,
 -0.0007380296894519,  0.0003287128394832,
 -0.0007515951019647,  0.0003374775370846,
 -0.0007638359904623,  0.0003455858396140,
 -0.0007747595018652,  0.0003530393054195,
 -0.0007843745300279,  0.0003598404036929,
 -0.0007926916705954,  0.0003659924767693,
 -0.0007997231742518,  0.0003714997324629,
 -0.0008054828985003,  0.0003763672074987,
 -0.0008099862579992,  0.0003806007558396,
 -0.0008132501736584,  0.0003842070129892,
 -0.0008152930205060,  0.0003871933809579,
 -0.0008161345744356,  0.0003895679932168,
 -0.0008157959579577,  0.0003913396968260,
 -0.0008142995850409,  0.0003925180179494,
 -0.0008116691051266,  0.0003931131416249,
 -0.0008079293464298,  0.0003931358777558,
 -0.0008031062586069,  0.0003925976389613,
 -0.0007972268548803,  0.0003915104070045,
 -0.0007903191537373,  0.0003898867091128,
 -0.0007824121202760,  0.0003877395848642,
 -0.0007735356072741,  0.0003850825613083,
 -0.0007637202961017,  0.0003819296203274,
 -0.0007529976375434,  0.0003782951728950,
 -0.0007413997926252,  0.0003741940269563,
 -0.0007289595735246,  0.0003696413611061,
 -0.0007157103846528,  0.0003646526930532,
 -0.0007016861639828,  0.0003592438529786,
 -0.0006869213247119,  0.0003534309526561,
 -0.0006714506973243,  0.0003472303587284,
 -0.0006553094721380,  0.0003406586625689,
 -0.0006385331424062,  0.0003337326536868,
 -0.0006211574480430,  0.0003264692904127,
 -0.0006032183200425,  0.0003188856736337,
 -0.0005847518256589,  0.0003109990183875,
 -0.0005657941144101,  0.0003028266281043,
 -0.0005463813649649,  0.0002943858671950,
 -0.0005265497329887,  0.0002856941359631,
 -0.0005063352999724,  0.0002767688442696,
 -0.0004857740231220,  0.0002676273872519,
 -0.0004649016863707,  0.0002582871201518,
 -0.0004437538525351,  0.0002487653349749,
 -0.0004223658166807,  0.0002390792365477,
 -0.0004007725607352,  0.0002292459202338,
 -0.0003790087093920,  0.0002192823492902,
 -0.0003571084873375,  0.0002092053337375,
 -0.0003351056778680,  0.0001990315090840,
 -0.0003130335828711,  0.0001887773164355,
 -0.0002909249842482,  0.0001784589826247,
 -0.0002688121068145,  0.0001680925016502,
 -0.0002467265826651,  0.0001576936162659,
 -0.0002246994170542,  0.0001472778007954,
 -0.0002027609558022,  0.0001368602442202,
 -0.0001809408542501,  0.0001264558344251,
 -0.0001592680477752,  0.0001160791428126,
 -0.0001377707238757,  0.0001057444100138,
 -0.0001164762958707,  0.0000954655320605,
 -0.0000954113781511,  0.0000852560475879,
 -0.0000746017630440,  0.0000751291255514,
 -0.0000540723993018,  0.0000650975539609,
 -0.0000338473721740,  0.0000551737291598,
 -0.0000139498850859,  0.0000453696460740,
  0.0000055977570831,  0.0000356968890509,
  0.0000247741631286,  0.0000261666236283,
  0.0000435588690728,  0.0000167895889152,
  0.0000619323501106,  0.0000075760908797,
  0.0000798760310368, -0.0000014640037515,
  0.0000973722951113, -0.0000103212727304,
  0.0001144044913691, -0.0000189867428745,
  0.0001309569404379, -0.0000274518938421,
  0.0001470149388562, -0.0000357086612664,
  0.0001625647619187, -0.0000437494391005,
  0.0001775936650714, -0.0000515670813319,
  0.0001920898838901, -0.0000591549029475,
  0.0002060426326312, -0.0000665066802636,
  0.0002194421014542, -0.0000736166505617,
  0.0002322794522901, -0.0000804795111132,
  0.0002445468133793, -0.0000870904175161,
  0.0002562372725516, -0.0000934449814595,
  0.0002673448692582, -0.0000995392678450,
  0.0002778645853927, -0.0001053697913515,
  0.0002877923349379, -0.0001109335123981,
  0.0002971249524759, -0.0001162278325790,
  0.0003058601806024, -0.0001212505895390,
  0.0003139966562575, -0.0001260000513398,
  0.0003215338960657, -0.0001304749103228,
  0.0003284722806842, -0.0001346742765018,
  0.0003348130381907, -0.0001385976704669,
  0.0003405582265883, -0.0001422450158693,
  0.0003457107154470, -0.0001456166314650,
  0.0003502741667275, -0.0001487132227669,
  0.0003542530148317, -0.0001515358733014,
  0.0003576524459244, -0.0001540860355125,
  0.0003604783765522, -0.0001563655213043,
  0.0003627374316383, -0.0001583764922807,
  0.0003644369218697, -0.0001601214496702,
  0.0003655848205138, -0.0001616032239681,
  0.0003661897397319, -0.0001628249643168,
  0.0003662609064178, -0.0001637901276473,
  0.0003658081376095, -0.0001645024675949,
  0.0003648418155142, -0.0001649660232175,
  0.0003633728621937, -0.0001651851075296,
  0.0003614127139420, -0.0001651642958731,
  0.0003589732954162, -0.0001649084141517,
  0.0003560669935481, -0.0001644225269433,
  0.0003527066312746, -0.0001637119255025,
  0.0003489054411405, -0.0001627821156876,
  0.0003446770388050, -0.0001616388058183,
  0.0003400353964950, -0.0001602878944902,
  0.0003349948164418, -0.0001587354583599,
  0.0003295699043413, -0.0001569877399219,
  0.0003237755428742, -0.0001550511352921,
  0.0003176268653224, -0.0001529321820166,
  0.0003111392293195, -0.0001506375469238,
  0.0003043281907674, -0.0001481740140346,
  0.0002972094779558, -0.0001455484725461,
  0.0002897989659163, -0.0001427679049070,
  0.0002821126510432, -0.0001398393749974,
  0.0002741666260138, -0.0001367700164297,
  0.0002659770550363, -0.0001335670209831,
  0.0002575601494549, -0.0001302376271871,
  0.0002489321437464, -0.0001267891090668,
  0.0002401092719222, -0.0001232287650619,
  0.0002311077443707, -0.0001195639071317,
  0.0002219437251701, -0.0001158018500610,
  0.0002126333098826, -0.0001119499009736,
  0.0002031925038617, -0.0001080153490679,
  0.0001936372010904, -0.0001040054555817,
  0.0001839831635718, -0.0000999274439991,
  0.0001742460012888, -0.0000957884905050,
  0.0001644411527631, -0.0000915957147020,
  0.0001545838662056, -0.0000873561705886,
  0.0001446891812931, -0.0000830768378124,
  0.0001347719115896, -0.0000787646132072,
  0.0001248466276080, -0.0000744263026150,
  0.0001149276405370, -0.0000700686130013,
  0.0001050289866391, -0.0000656981448694,
  0.0000951644123312, -0.0000613213849782,
  0.0000853473599535, -0.0000569446993665,
  0.0000755909542491, -0.0000525743266938,
  0.0000659079895296, -0.0000482163718888,
  0.0000563109175568, -0.0000438768001179,
  0.0000468118361477, -0.0000395614310770,
  0.0000374224784875, -0.0000352759336015,
  0.0000281542031632, -0.0000310258206002,
  0.0000190179849170, -0.0000268164443122,
  0.0000100244061202, -0.0000226529918884,
  0.0000011836489639, -0.0000185404812964,
 -0.0000074945116363, -0.0000144837575469,
 -0.0000160007144091, -0.0000104874892484,
 -0.0000243260174077, -0.0000065561654739,
 -0.0000324619029795, -0.0000026940929485,
 -0.0000404002820278,  0.0000010946064421,
 -0.0000481334975931,  0.0000048059978341,
 -0.0000556543277482,  0.0000084363352564,
 -0.0000629559878194,  0.0000119820631956,
 -0.0000700321319416,  0.0000154398178569,
 -0.0000768768539622,  0.0000188064281289,
 -0.0000834846876878,  0.0000220789162476,
 -0.0000898506065161,  0.0000252544981809,
 -0.0000959700224429,  0.0000283305837255,
 -0.0001018387844510,  0.0000313047763217,
 -0.0001074531763152,  0.0000341748726000,
 -0.0001128099138255,  0.0000369388616600,
 -0.0001179061414454,  0.0000395949240897,
 -0.0001227394284202,  0.0000421414307308,
 -0.0001273077643546,  0.0000445769411995,
 -0.0001316095542614,  0.0000469002021614,
 -0.0001356436131254,  0.0000491101453829,
 -0.0001394091599778,  0.0000512058855539,
 -0.0001429058114968,  0.0000531867178909,
 -0.0001461335751669,  0.0000550521155327,
 -0.0001490928420064,  0.0000568017267352,
 -0.0001517843788819,  0.0000584353718711,
 -0.0001542093204301,  0.0000599530402456,
 -0.0001563691606044,  0.0000613548867335,
 -0.0001582657438683,  0.0000626412282495,
 -0.0001599012560437,  0.0000638125400537,
 -0.0001612782148543,  0.0000648694519105,
 -0.0001623994601666,  0.0000658127441027,
 -0.0001632681439474,  0.0000666433433078,
 -0.0001638877199681,  0.0000673623183503,
 -0.0001642619332685,  0.0000679708758360,
 -0.0001643948094000,  0.0000684703556770,
 -0.0001642906434693,  0.0000688622265162,
 -0.0001639539890015,  0.0000691480810600,
 -0.0001633896466374,  0.0000693296313255,
 -0.0001626026526943,  0.0000694087038156,
 -0.0001615982676011,  0.0000693872346265,
 -0.0001603819642254,  0.0000692672644947,
 -0.0001589594161174,  0.0000690509337960,
 -0.0001573364856851,  0.0000687404775019,
 -0.0001555192123199,  0.0000683382201011,
 -0.0001535138004902,  0.0000678465704964,
 -0.0001513266078212,  0.0000672680168822,
 -0.0001489641331759,  0.0000666051216112,
 -0.0001464330047587,  0.0000658605160587,
 -0.0001437399682539,  0.0000650368954915,
 -0.0001408918750168,  0.0000641370139470,
 -0.0001378956703344,  0.0000631636791317,
 -0.0001347583817695,  0.0000621197473451,
 -0.0001314871076043,  0.0000610081184359,
 -0.0001280890053979,  0.0000598317307966,
 -0.0001245712806715,  0.0000585935564034,
 -0.0001209411757354,  0.0000572965959077,
 -0.0001172059586731,  0.0000559438737844,
 -0.0001133729124897,  0.0000545384335433,
 -0.0001094493244428,  0.0000530833330092,
 -0.0001054424755662,  0.0000515816396761,
 -0.0001013596303957,  0.0000500364261403,
 -0.0000972080269106,  0.0000484507656175,
 -0.0000929948666989,  0.0000468277275488,
 -0.0000887273053579,  0.0000451703732997,
 -0.0000844124431375,  0.0000434817519567,
 -0.0000800573158408,  0.0000417648962262,
 -0.0000756688859797,  0.0000400228184376,
 -0.0000712540342008,  0.0000382585066551,
 -0.0000668195509915,  0.0000364749209033,
 -0.0000623721286653,  0.0000346749895076,
 -0.0000579183536366,  0.0000328616055524,
 -0.0000534646989910,  0.0000310376234613,
 -0.0000490175173544,  0.0000292058556996,
 -0.0000445830340661,  0.0000273690696034,
 -0.0000401673406652,  0.0000255299843376,
 -0.0000357763886819,  0.0000236912679807,
 -0.0000314159837450,  0.0000218555347416,
 -0.0000270917800130,  0.0000200253423107,
 -0.0000228092749196,  0.0000182031893426,
 -0.0000185738042417,  0.0000163915130741,
 -0.0000143905374902,  0.0000145926870769,
 -0.0000102644736232,  0.0000128090191464,
 -0.0000062004370822,  0.0000110427493265,
 -0.0000022030741500,  0.0000092960480698,
  0.0000017231503636,  0.0000075710145360,
  0.0000055739561247,  0.0000058696750229,
  0.0000093452499559,  0.0000041939815335,
  0.0000130331281956,  0.0000025458104799,
  0.0000166338787476,  0.0000009269615181,
  0.0000201439828180, -0.0000006608434826,
  0.0000235601163441, -0.0000022159613398,
  0.0000268791511185, -0.0000037368283275,
  0.0000300981556151, -0.0000052219608176,
  0.0000332143955125, -0.0000066699557921,
  0.0000362253339345, -0.0000080794912331,
  0.0000391286314025, -0.0000094493263893,
  0.0000419221455024, -0.0000107783019186,
  0.0000446039302801, -0.0000120653399137,
  0.0000471722353681, -0.0000133094438116,
  0.0000496255048482, -0.0000145096981873,
  0.0000519623758583, -0.0000156652684372,
  0.0000541816769505, -0.0000167754003538,
  0.0000562824262022, -0.0000178394195917,
  0.0000582638290984, -0.0000188567310342,
  0.0000601252761837, -0.0000198268180578,
  0.0000618663404908, -0.0000207492416988,
  0.0000634867747590, -0.0000216236397263,
  0.0000649865084480, -0.0000224497256254,
  0.0000663656445544, -0.0000232272874909,
  0.0000676244562400, -0.0000239561868387,
  0.0000687633832807, -0.0000246363573350,
  0.0000697830283402, -0.0000252678034477,
  0.0000706841530855, -0.0000258505990251,
  0.0000714676741461, -0.0000263848858043,
  0.0000721346589245, -0.0000268708718503,
  0.0000726863212720, -0.0000273088299343,
  0.0000731240170354, -0.0000276990958507,
  0.0000734492394837, -0.0000280420666783,
  0.0000736636146234, -0.0000283381989891,
  0.0000737688964122, -0.0000285880070077,
  0.0000737669618787, -0.0000287920607259,
  0.0000736598061557, -0.0000289509839741,
  0.0000734495374401, -0.0000290654524562,
  0.0000731383718839, -0.0000291361917496,
  0.0000727286284252, -0.0000291639752726,
  0.0000722227235691, -0.0000291496222255,
  0.0000716231661272, -0.0000290939955077,
  0.0000709325519219, -0.0000289979996130,
  0.0000701535584662, -0.0000288625785092,
  0.0000692889396245, -0.0000286887135024,
  0.0000683415202647, -0.0000284774210916,
  0.0000673141909078, -0.0000282297508158,
  0.0000662099023837, -0.0000279467830970,
  0.0000650316605000, -0.0000276296270827,
  0.0000637825207310, -0.0000272794184894,
  0.0000624655829354, -0.0000268973174530,
  0.0000610839861080, -0.0000264845063858,
  0.0000596409031736, -0.0000260421878457,
  0.0000581395358293, -0.0000255715824189,
  0.0000565831094410, -0.0000250739266187,
  0.0000549748680020, -0.0000245504708047,
  0.0000533180691567, -0.0000240024771228,
  0.0000516159793002, -0.0000234312174702,
  0.0000498718687538, -0.0000228379714872,
  0.0000480890070262, -0.0000222240245775,
  0.0000462706581632, -0.0000215906659606,
  0.0000444200761919, -0.0000209391867572,
  0.0000425405006636, -0.0000202708781106,
  0.0000406351522999, -0.0000195870293450,
  0.0000387072287487, -0.0000188889261640,
  0.0000367599004485, -0.0000181778488898,
  0.0000347963066105, -0.0000174550707448,
  0.0000328195513198, -0.0000167218561790,
  0.0000308326997593, -0.0000159794592420,
  0.0000288387745586, -0.0000152291220033,
  0.0000268407522716, -0.0000144720730207,
  0.0000248415599861, -0.0000137095258590,
  0.0000228440720653, -0.0000129426776591,
  0.0000208511070281, -0.0000121727077602,
  0.0000188654245639, -0.0000114007763737,
  0.0000168897226868, -0.0000106280233113,
  0.0000149266350343, -0.0000098555667683,
  0.0000129787283041, -0.0000090845021610,
  0.0000110484998364, -0.0000083159010206,
  0.0000091383753391, -0.0000075508099428,
  0.0000072507067577, -0.0000067902495943,
  0.0000053877702892, -0.0000060352137756,
  0.0000035517645444, -0.0000052866685419,
  0.0000017448088503, -0.0000045455513800,
 -0.0000000310583013, -0.0000038127704425,
 -0.0000017738806582, -0.0000030892038400,
 -0.0000034817854725, -0.0000023756989894,
 -0.0000051529846200, -0.0000016730720196,
 -0.0000067857755799, -0.0000009821072334,
 -0.0000083785422729, -0.0000003035566254,
 -0.0000099297557610,  0.0000003618605443,
 -0.0000114379748106,  0.0000010134581209,
 -0.0000129018463168,  0.0000016505833713,
 -0.0000143201055984,  0.0000022726172465,
 -0.0000156915765601,  0.0000028789745913,
 -0.0000170151717225,  0.0000034691043006,
 -0.0000182898921281,  0.0000040424894243,
 -0.0000195148271215,  0.0000045986472215,
 -0.0000206891540079,  0.0000051371291649,
 -0.0000218121375926,  0.0000056575208965,
 -0.0000228831296045,  0.0000061594421349,
 -0.0000239015680037,  0.0000066425465362,
 -0.0000248669761834,  0.0000071065215092,
 -0.0000257789620622,  0.0000075510879869,
 -0.0000266372170718,  0.0000079760001537,
 -0.0000274415150457,  0.0000083810451309,
 -0.0000281917110111,  0.0000087660426219,
 -0.0000288877398864,  0.0000091308445180,
 -0.0000295296150899,  0.0000094753344657,
 -0.0000301174270621,  0.0000097994273982,
 -0.0000306513417040,  0.0000101030690305,
 -0.0000311315987394,  0.0000103862353218,
 -0.0000315585100013,  0.0000106489319052,
 -0.0000319324576463,  0.0000108911934863,
 -0.0000322538923023,  0.0000111130832124,
 -0.0000325233311535,  0.0000113146920138,
 -0.0000327413559655,  0.0000114961379187,
 -0.0000329086110553,  0.0000116575653433,
 -0.0000330258012093,  0.0000117991443582,
 -0.0000330936895543,  0.0000119210699331,
 -0.0000331130953836,  0.0000120235611608,
 -0.0000330848919452,  0.0000121068604626,
 -0.0000330100041931,  0.0000121712327765,
 -0.0000328894065061,  0.0000122169647293,
 -0.0000327241203793,  0.0000122443637937,
 -0.0000325152120912,  0.0000122537574339,
 -0.0000322637903496,  0.0000122454922387,
 -0.0000319710039213,  0.0000122199330446,
 -0.0000316380392488,  0.0000121774620517,
 -0.0000312661180571,  0.0000121184779308,
 -0.0000308564949547,  0.0000120433949260,
 -0.0000304104550323,  0.0000119526419529,
 -0.0000299293114629,  0.0000118466616933,
 -0.0000294144031062,  0.0000117259096895,
 -0.0000288670921205,  0.0000115908534366,
 -0.0000282887615866,  0.0000114419714783,
 -0.0000276808131452,  0.0000112797525026,
 -0.0000270446646520,  0.0000111046944429,
 -0.0000263817478534,  0.0000109173035831,
 -0.0000256935060854,  0.0000107180936683,
 -0.0000249813919989,  0.0000105075850241,
 -0.0000242468653132,  0.0000102863036821,
 -0.0000234913906027,  0.0000100547805168,
 -0.0000227164351166,  0.0000098135503911,
 -0.0000219234666350,  0.0000095631513144,
 -0.0000211139513654,  0.0000093041236126,
 -0.0000202893518793,  0.0000090370091110,
 -0.0000194511250936,  0.0000087623503326,
 -0.0000186007202957,  0.0000084806897097,
 -0.0000177395772184,  0.0000081925688131,
 -0.0000168691241623,  0.0000078985275965,
 -0.0000159907761703,  0.0000075991036597,
 -0.0000151059332566,  0.0000072948315286,
 -0.0000142159786849,  0.0000069862419549,
 -0.0000133222773089,  0.0000066738612344,
 -0.0000124261739655,  0.0000063582105463,
 -0.0000115289919285,  0.0000060398053119,
 -0.0000106320314202,  0.0000057191545750,
 -0.0000097365681860,  0.0000053967604039,
 -0.0000088438521271,  0.0000050731173147,
 -0.0000079551059983,  0.0000047487117170,
 -0.0000070715241691,  0.0000044240213835,
 -0.0000061942714436,  0.0000040995149402,
 -0.0000053244819506,  0.0000037756513818,
 -0.0000044632580941,  0.0000034528796098,
 -0.0000036116695708,  0.0000031316379942,
 -0.0000027707524503,  0.0000028123539589,
 -0.0000019415083230,  0.0000024954435915,
 -0.0000011249035101,  0.0000021813112763,
 -0.0000003218683419,  0.0000018703493520,
  0.0000004667035023,  0.0000015629377929,
  0.0000012399555881,  0.0000012594439144,
  0.0000019970692538,  0.0000009602221030,
  0.0000027372640805,  0.0000006656135685,
  0.0000034597982916,  0.0000003759461215,
  0.0000041639690953,  0.0000000915339738,
  0.0000048491129613, -0.0000001873224374,
  0.0000055146058394, -0.0000004603366029,
  0.0000061598633154, -0.0000007272360715,
  0.0000067843407089, -0.0000009877625571,
  0.0000073875331124, -0.0000012416720241,
  0.0000079689753708, -0.0000014887347496,
  0.0000085282420094, -0.0000017287353661,
  0.0000090649471014, -0.0000019614728807,
  0.0000095787440846, -0.0000021867606743,
  0.0000100693255240, -0.0000024044264807,
  0.0000105364228237, -0.0000026143123448,
  0.0000109798058881, -0.0000028162745619,
  0.0000113992827351, -0.0000030101835977,
  0.0000117946990618, -0.0000031959239900,
  0.0000121659377634, -0.0000033733942308,
  0.0000125129184112, -0.0000035425066337,
  0.0000128355966837, -0.0000037031871813,
  0.0000131339637603, -0.0000038553753581,
  0.0000134080456735, -0.0000039990239666,
  0.0000136579026241, -0.0000041340989284,
  0.0000138836282606, -0.0000042605790704,
  0.0000140853489240, -0.0000043784558970,
  0.0000142632228600, -0.0000044877333491,
  0.0000144174393996, -0.0000045884275490,
  0.0000145482181126, -0.0000046805665348,
  0.0000146558079316, -0.0000047641899817,
  0.0000147404862514, -0.0000048393489129,
  0.0000148025580038, -0.0000049061053999,
  0.0000148423547116, -0.0000049645322531,
  0.0000148602335205, -0.0000050147127035,
  0.0000148565762143, -0.0000050567400753,
  0.0000148317882116, -0.0000050907174515,
  0.0000147862975481, -0.0000051167573315,
  0.0000147205538462, -0.0000051349812824,
  0.0000146350272716, -0.0000051455195848,
  0.0000145302074811, -0.0000051485108725,
  0.0000144066025615, -0.0000051441017676,
  0.0000142647379624, -0.0000051324465125,
  0.0000141051554233, -0.0000051137065969,
  0.0000139284118985, -0.0000050880503829,
  0.0000137350784792, -0.0000050556527277,
  0.0000135257393160, -0.0000050166946043,
  0.0000133009905429, -0.0000049713627212,
  0.0000130614392039, -0.0000049198491415,
  0.0000128077021839, -0.0000048623509023,
  0.0000125404051460, -0.0000047990696338,
  0.0000122601814751, -0.0000047302111803,
  0.0000119676712310, -0.0000046559852228,
  0.0000116635201112, -0.0000045766049024,
  0.0000113483784243, -0.0000044922864483,
  0.0000110229000769, -0.0000044032488071,
  0.0000106877415732, -0.0000043097132764,
  0.0000103435610307, -0.0000042119031425,
  0.0000099910172103, -0.0000041100433220,
  0.0000096307685649, -0.0000040043600087,
  0.0000092634723054, -0.0000038950803257,
  0.0000088897834863, -0.0000037824319826,
  0.0000085103541106, -0.0000036666429395,
  0.0000081258322565, -0.0000035479410766,
  0.0000077368612256, -0.0000034265538715,
  0.0000073440787133, -0.0000033027080821,
  0.0000069481160042, -0.0000031766294383,
  0.0000065495971890, -0.0000030485423407,
  0.0000061491384087, -0.0000029186695667,
  0.0000057473471225, -0.0000027872319859,
  0.0000053448214029, -0.0000026544482831,
  0.0000049421492567, -0.0000025205346902,
  0.0000045399079725, -0.0000023857047268,
  0.0000041386634966, -0.0000022501689504,
  0.0000037389698362, -0.0000021141347149,
  0.0000033413684910, -0.0000019778059395,
  0.0000029463879122, -0.0000018413828862,
  0.0000025545429914, -0.0000017050619477,
  0.0000021663345781, -0.0000015690354446,
  0.0000017822490257, -0.0000014334914327,
  0.0000014027577669, -0.0000012986135199,
  0.0000010283169183, -0.0000011645806939,
  0.0000006593669144, -0.0000010315671585,
  0.0000002963321701, -0.0000008997421817,
 -0.0000000603792262, -0.0000007692699528,
 -0.0000004103757931, -0.0000006403094496,
 -0.0000007532829046, -0.0000005130143161,
 -0.0000010887430127, -0.0000003875327500,
 -0.0000014164158391, -0.0000002640074005,
 -0.0000017359785409, -0.0000001425752757,
 -0.0000020471258463, -0.0000000233676600,
 -0.0000023495701644,  0.0000000934899587,
 -0.0000026430416668,  0.0000002078779518,
 -0.0000029272883418,  0.0000003196826035,
 -0.0000032020760243,  0.0000004287961549,
 -0.0000034671883972,  0.0000005351168383,
 -0.0000037224269687,  0.0000006385489027,
 -0.0000039676110246,  0.0000007390026299,
 -0.0000042025775553,  0.0000008363943420,
 -0.0000044271811595,  0.0000009306463995,
 -0.0000046412939250,  0.0000010216871919,
 -0.0000048448052856,  0.0000011094511187,
 -0.0000050376218563,  0.0000011938785630,
 -0.0000052196672483,  0.0000012749158571,
 -0.0000053908818613,  0.0000013525152395,
 -0.0000055512226571,  0.0000014266348055,
 -0.0000057006629126,  0.0000014972384497,
 -0.0000058391919553,  0.0000015642958012,
 -0.0000059668148802,  0.0000016277821527,
 -0.0000060835522494,  0.0000016876783821,
 -0.0000061894397752,  0.0000017439708685,
 -0.0000062845279877,  0.0000017966514013,
 -0.0000063688818878,  0.0000018457170838,
 -0.0000064425805848,  0.0000018911702314,
 -0.0000065057169219,  0.0000019330182635,
 -0.0000065583970882,  0.0000019712735917,
 -0.0000066007402194,  0.0000020059535013,
 -0.0000066328779871,  0.0000020370800301,
 -0.0000066549541779,  0.0000020646798414,
 -0.0000066671242632,  0.0000020887840939,
 -0.0000066695549603,  0.0000021094283070,
 -0.0000066624237854,  0.0000021266522234,
 -0.0000066459185996,  0.0000021404996675,
 -0.0000066202371487,  0.0000021510184019,
 -0.0000065855865975,  0.0000021582599799,
 -0.0000065421830589,  0.0000021622795969,
 -0.0000064902511193,  0.0000021631359384,
 -0.0000064300233607,  0.0000021608910266,
 -0.0000063617398806,  0.0000021556100657,
 -0.0000062856478089,  0.0000021473612846,
 -0.0000062020008257,  0.0000021362157798,
 -0.0000061110586767,  0.0000021222473562,
 -0.0000060130866902,  0.0000021055323681,
 -0.0000059083552948,  0.0000020861495592,
 -0.0000057971395389,  0.0000020641799026,
 -0.0000056797186119,  0.0000020397064406,
 -0.0000055563753692,  0.0000020128141254,
 -0.0000054273958608,  0.0000019835896592,
 -0.0000052930688631,  0.0000019521213359,
 -0.0000051536854165,  0.0000019184988834,
 -0.0000050095383682,  0.0000018828133071,
 -0.0000048609219205,  0.0000018451567344,
 -0.0000047081311862,  0.0000018056222607,
 -0.0000045514617499,  0.0000017643037981,
 -0.0000043912092382,  0.0000017212959243,
 -0.0000042276688968,  0.0000016766937350,
 -0.0000040611351762,  0.0000016305926976,
 -0.0000038919013263,  0.0000015830885081,
 -0.0000037202590006,  0.0000015342769496,
 -0.0000035464978696,  0.0000014842537543,
 -0.0000033709052439,  0.0000014331144679,
 -0.0000031937657085,  0.0000013809543173,
 -0.0000030153607675,  0.0000013278680809,
 -0.0000028359684993,  0.0000012739499626,
 -0.0000026558632236,  0.0000012192934690,
 -0.0000024753151802,  0.0000011639912898,
 -0.0000022945902183,  0.0000011081351825,
 -0.0000021139494998,  0.0000010518158596,
 -0.0000019336492134,  0.0000009951228806,
 -0.0000017539403009,  0.0000009381445469,
 -0.0000015750681973,  0.0000008809678017,
 -0.0000013972725828,  0.0000008236781326,
 -0.0000012207871476,  0.0000007663594792,
 -0.0000010458393697,  0.0000007090941440,
 -0.0000008726503061,  0.0000006519627083,
 -0.0000007014343962,  0.0000005950439512,
 -0.0000005323992791,  0.0000005384147737,
 -0.0000003657456241,  0.0000004821501263,
 -0.0000002016669729,  0.0000004263229414,
 -0.0000000403495966,  0.0000003710040695,
  0.0000001180276352,  0.0000003162622199,
  0.0000002732933719,  0.0000002621639053,
  0.0000004252838869,  0.0000002087733914,
  0.0000005738431695,  0.0000001561526497,
  0.0000007188230040,  0.0000001043613150,
  0.0000008600830366,  0.0000000534566477,
  0.0000009974908292,  0.0000000034934989,
  0.0000011309219015, -0.0000000454757192,
  0.0000012602597608, -0.0000000934010595,
  0.0000013853959197, -0.0000001402350617,
  0.0000015062299020, -0.0000001859327704,
  0.0000016226692376, -0.0000002304517491,
  0.0000017346294452, -0.0000002737520903,
  0.0000018420340046, -0.0000003157964220,
  0.0000019448143182, -0.0000003565499099,
  0.0000020429096612, -0.0000003959802569,
  0.0000021362671222, -0.0000004340576978,
  0.0000022248415333, -0.0000004707549916,
  0.0000023085953912, -0.0000005060474097,
