timestep:   0.0070383061934551
yAxisLabel:deflection [m] 
title:bridge deflection 
matlab ub_mid 
  0.0000000000000000
 -0.0000000441287980
 -0.0000003484298524
 -0.0000011762444422
 -0.0000027826027282
 -0.0000054035018414
 -0.0000092559058837
 -0.0000145169163101
 -0.0000213674553852
 -0.0000299845692832
 -0.0000405034716851
 -0.0000530175437785
 -0.0000675783342580
 -0.0000841955593249
 -0.0001028371026871
 -0.0001234387772471
 -0.0001459351322657
 -0.0001702299052184
 -0.0001961953293649
 -0.0002236725462403
 -0.0002524716056557
 -0.0002823714656974
 -0.0003131199927276
 -0.0003444428453771
 -0.0003761136418965
 -0.0004078651380296
 -0.0004394259032860
 -0.0004705352642553
 -0.0005009433046067
 -0.0005304108650898
 -0.0005587103837764
 -0.0005856592385505
 -0.0006110589071001
 -0.0006347233175002
 -0.0006565074662581
 -0.0006763074183133
 -0.0006940603070378
 -0.0007097443342357
 -0.0007233787701437
 -0.0007349657723685
 -0.0007445195752080
 -0.0007522104900363
 -0.0007582831573282
 -0.0007630554800230
 -0.0007669186235248
 -0.0007703370157023
 -0.0007738478742070
 -0.0007779129726583
 -0.0007829495084307
 -0.0007894110427440
 -0.0007977091204388
 -0.0008082132699766
 -0.0008212510034403
 -0.0008371068395270
 -0.0008560215114314
 -0.0008782096984325
 -0.0009038231538350
 -0.0009329436393578
 -0.0009655829251343
 -0.0010016837681838
 -0.0010411482463441
 -0.0010838313562530
 -0.0011295297333149
 -0.0011779856415213
 -0.0012288869734509
 -0.0012818682862638
 -0.0013365486103929
 -0.0013925106988419
 -0.0014493132904763
 -0.0015065070717514
 -0.0015636346767128
 -0.0016202499919160
 -0.0016759133844311
 -0.0017301527750024
 -0.0017825404842009
 -0.0018326960916359
 -0.0018802864359548
 -0.0019250256148432
 -0.0019666785107786
 -0.0020050899284356
 -0.0020400758713982
 -0.0020715013988080
 -0.0020993095427491
 -0.0021235213082482
 -0.0021442356732743
 -0.0021616295887392
 -0.0021759579784969
 -0.0021875046785864
 -0.0021965103291284
 -0.0022033130496471
 -0.0022082828654408
 -0.0022118184521826
 -0.0022143449444524
 -0.0022162882800865
 -0.0022180976657552
 -0.0022202124618294
 -0.0022230519071921
 -0.0022270151192389
 -0.0022324710198227
 -0.0022397720296607
 -0.0022492441471578
 -0.0022611538504022
 -0.0022757078617255
 -0.0022930531543666
 -0.0023132896697474
 -0.0023364774508888
 -0.0023626126172414
 -0.0023916280629572
 -0.0024233936908201
 -0.0024577328034149
 -0.0024944219639807
 -0.0025331921684607
 -0.0025737351725874
 -0.0026157045496066
 -0.0026587342682893
 -0.0027024269973702
 -0.0027463788892041
 -0.0027901885545509
 -0.0028334589686798
 -0.0028758267999993
 -0.0029168951501401
 -0.0029562933511293
 -0.0029937031692743
 -0.0030288588051629
 -0.0030615468936633
 -0.0030916073191293
 -0.0031189401850356
 -0.0031434408763672
 -0.0031650520116637
 -0.0031837856477644
 -0.0031997232798076
 -0.0032130158412312
 -0.0032238837037721
 -0.0032326052440668
 -0.0032394137240103
 -0.0032446015657856
 -0.0032484954209843
 -0.0032514392465066
 -0.0032537924723356
 -0.0032559113804022
 -0.0032581641359590
 -0.0032608993070577
 -0.0032644378378619
 -0.0032690716282254
 -0.0032750495982237
 -0.0032826206970323
 -0.0032919869696589
 -0.0033032878414479
 -0.0033166001180810
 -0.0033319379855764
 -0.0033492688341780
 -0.0033685348202750
 -0.0033896178808161
 -0.0034123484674931
 -0.0034365057701889
 -0.0034618236360169
 -0.0034880177825752
 -0.0035147647885287
 -0.0035417274595116
 -0.0035685584301856
 -0.0035949013971356
 -0.0036204149434340
 -0.0036447437211832
 -0.0036675565349212
 -0.0036885624359004
 -0.0037075107220875
 -0.0037241949588186
 -0.0037384480021621
 -0.0037501193443694
 -0.0037591239985267
 -0.0037654468895685
 -0.0037691428542779
 -0.0037703343672239
 -0.0037691670933082
 -0.0037658352413584
 -0.0037605874197629
 -0.0037537185479214
 -0.0037455670226161
 -0.0037364901372272
 -0.0037268763666575
 -0.0037171217663384
 -0.0037076245231259
 -0.0036987805593165
 -0.0036909706704765
 -0.0036845731647429
 -0.0036799238070541
 -0.0036773114948073
 -0.0036769734287876
 -0.0036790717790271
 -0.0036837873168929
 -0.0036912397215631
 -0.0037014665568137
 -0.0037144232710185
 -0.0037299831971488
 -0.0037479375527737
 -0.0037680277406567
 -0.0037900044799200
 -0.0038135329805156
 -0.0038382348992386
 -0.0038636908693881
 -0.0038894519742109
 -0.0039150545354627
 -0.0039400145252642
 -0.0039638599074424
 -0.0039861316253035
 -0.0040063953488646
 -0.0040242344598795
 -0.0040392492334552
 -0.0040511059504969
 -0.0040595380145301
 -0.0040643459470471
 -0.0040653882890730
 -0.0040625685362870
 -0.0040558667194242
 -0.0040453458261675
 -0.0040311517992570
 -0.0040134946804596
 -0.0039926352523202
 -0.0039688983506224
 -0.0039426641172630
 -0.0039143680002515
 -0.0038844802622344
 -0.0038534975610536
 -0.0038219415293067
 -0.0037903331678424
 -0.0037591927995485
 -0.0037290220257404
 -0.0037003194792975
 -0.0036735563953380
 -0.0036491453706197
 -0.0036274403635396
 -0.0036087311399517
 -0.0035932528385838
 -0.0035812133281908
 -0.0035727343993294
 -0.0035678472733124
 -0.0035664926022092
 -0.0035685212885042
 -0.0035737449523659
 -0.0035819241233857
 -0.0035927491213910
 -0.0036058547516124
 -0.0036208203046833
 -0.0036371724329401
 -0.0036544358437675
 -0.0036720982445060
 -0.0036896415354075
 -0.0037065588957893
 -0.0037223547840334
 -0.0037365656594506
 -0.0037487350222779
 -0.0037584281676214
 -0.0037652798521416
 -0.0037689944001889
 -0.0037693457038043
 -0.0037661657476096
 -0.0037593265573824
 -0.0037487785724194
 -0.0037345502951462
 -0.0037167465047436
 -0.0036955276666582
 -0.0036711140314840
 -0.0036437828416638
 -0.0036138660289156
 -0.0035817377238759
 -0.0035478064525683
 -0.0035125078255661
 -0.0034762887600381
 -0.0034396019709286
 -0.0034028925589216
 -0.0033666274638036
 -0.0033312384604423
 -0.0032971150628263
 -0.0032646045240649
 -0.0032340002825027
 -0.0032055136927299
 -0.0031794089398709
 -0.0031558887399904
 -0.0031350736275456
 -0.0031170019553865
 -0.0031016298947555
 -0.0030888314352881
 -0.0030783983850120
 -0.0030701226234478
 -0.0030638064774544
 -0.0030591608459316
 -0.0030558640784824
 -0.0030535620226296
 -0.0030518844784065
 -0.0030504446534812
 -0.0030488497278601
 -0.0030467217665979
 -0.0030436977239760
 -0.0030394414733882
 -0.0030336239529930
 -0.0030259465468086
 -0.0030161655846469
 -0.0030040923421127
 -0.0029895925303208
 -0.0029725697965227
 -0.0029529656985263
 -0.0029307825077731
 -0.0029060846352668
 -0.0028789986315731
 -0.0028496948895170
 -0.0028183719020679
 -0.0027852734569621
 -0.0027506757531684
 -0.0027148873640144
 -0.0026782445143354
 -0.0026410812371972
 -0.0026037545913089
 -0.0025666129449849
 -0.0025299896621436
 -0.0024942031023073
 -0.0024595421250717
 -0.0024262817356713
 -0.0023946761096192
 -0.0023649259148836
 -0.0023371782178882
 -0.0023115264835122
 -0.0022880111254835
 -0.0022666434213345
 -0.0022474006094923
 -0.0022302048770571
 -0.0022149229461839
 -0.0022013660740817
 -0.0021892900530142
 -0.0021784281595699
 -0.0021685116566627
 -0.0021592253586911
 -0.0021502441940071
 -0.0021412335756177
 -0.0021318494011847
 -0.0021217427581557
 -0.0021105939407406
 -0.0020980774262864
 -0.0020838971393284
 -0.0020677950984317
 -0.0020495514161921
 -0.0020290005265630
 -0.0020060002640200
 -0.0019804139019958
 -0.0019521666343629
 -0.0019212463973719
 -0.0018877038696511
 -0.0018516524722066
 -0.0018132681778780
 -0.0017727346382761
 -0.0017302543213281
 -0.0016860860078423
 -0.0016405188373980
 -0.0015938723083446
 -0.0015464951245620
 -0.0014987336806145
 -0.0014509543782747
 -0.0014035235712933
 -0.0013567931838409
 -0.0013111007105077
 -0.0012667674260328
 -0.0012240860401445
 -0.0011833362431936
 -0.0011447552426626
 -0.0011085315338265
 -0.0010748048997526
 -0.0010436627025735
 -0.0010151643443113
 -0.0009893326345006
 -0.0009661329821302
 -0.0009454733371113
 -0.0009272041902774
 -0.0009111187395491
 -0.0008969904515955
 -0.0008845661494677
 -0.0008735513360975
 -0.0008636296486036
 -0.0008544628582926
 -0.0008456908706580
 -0.0008369317253809
 -0.0008278047922934
 -0.0008179558684970
 -0.0008070235783270
 -0.0007946709033004
 -0.0007805857719646
 -0.0007645205920898
 -0.0007463806753609
 -0.0007261633311282
 -0.0007039438476003
 -0.0006798611484701
 -0.0006540404788094
 -0.0006266429339240
 -0.0005978575062454
 -0.0005678975803870
 -0.0005370000198244
 -0.0005054058353490
 -0.0004733840442271
 -0.0004412103474933
 -0.0004091556672170
 -0.0003774861465032
 -0.0003464631494918
 -0.0003163432613582
 -0.0002873599350096
 -0.0002597263347484
 -0.0002336636734059
 -0.0002093558400822
 -0.0001869484512112
 -0.0001665488505596
 -0.0001482261092272
 -0.0001320122866183
 -0.0001179224747903
 -0.0001059429719631
 -0.0000960202445765
 -0.0000880622831901
 -0.0000819386024834
 -0.0000774806259434
 -0.0000745046741929
 -0.0000728016362426
 -0.0000721379328236
 -0.0000722657390996
 -0.0000729229846668
 -0.0000738333535543
 -0.0000747128034092
 -0.0000752859352588
 -0.0000752714261031
 -0.0000744091578841
 -0.0000724650497850
 -0.0000693304006857
 -0.0000650479144162
 -0.0000596880232384
 -0.0000533402204238
 -0.0000461089781670
 -0.0000381152197409
 -0.0000294911777658
 -0.0000203781095307
 -0.0000109262969926
 -0.0000012941065619
  0.0000083640460317
  0.0000178830634940
  0.0000271017559477
  0.0000358683781449
  0.0000440406294666
  0.0000514856539226
  0.0000580870690705
  0.0000637336288393
  0.0000683209572575
  0.0000717684930224
  0.0000740195391620
  0.0000750412630346
  0.0000748246963294
  0.0000733809470310
  0.0000707285377251
  0.0000669045187942
  0.0000619670507090
  0.0000559953539991
  0.0000490897092526
  0.0000413714571165
  0.0000329784033088
  0.0000240394030878
  0.0000147040061972
  0.0000051272301795
 -0.0000045341981620
 -0.0000141218427623
 -0.0000234759614715
 -0.0000324474878301
 -0.0000408826411130
 -0.0000486359143346
 -0.0000555785364314
 -0.0000615984722618
 -0.0000666004226065
 -0.0000705081445014
 -0.0000732574299360
 -0.0000747921765509
 -0.0000750809339455
 -0.0000741174643029
 -0.0000719207423894
 -0.0000685349555549
 -0.0000640251608515
 -0.0000584584913210
 -0.0000519247045713
 -0.0000445296924771
 -0.0000363940524264
 -0.0000276530873201
 -0.0000184567360975
 -0.0000089544649514
  0.0000006966507485
  0.0000103329550766
  0.0000197954881043
  0.0000289299858998
  0.0000375868805285
  0.0000456255554458
  0.0000529144115727
  0.0000593241167655
  0.0000647454536312
  0.0000690900005047
  0.0000722901314482
  0.0000742992375023
  0.0000750884651798
  0.0000746367156668
  0.0000729444529622
  0.0000700362680200
  0.0000659608787489
  0.0000607911300127
  0.0000546233051121
  0.0000475555485342
  0.0000397014306535
  0.0000311906981418
  0.0000221624994034
  0.0000127653845756
  0.0000031573055286
 -0.0000065052486264
 -0.0000160624580557
 -0.0000253499365775
 -0.0000342133224387
 -0.0000425082872964
 -0.0000501005362177
 -0.0000568670711553
 -0.0000626992728726
 -0.0000674924077047
 -0.0000711624413335
 -0.0000736485592539
 -0.0000749131667736
 -0.0000749418826514
 -0.0000737389570335
 -0.0000713186821317
 -0.0000677150603968
 -0.0000629838650201
 -0.0000572026399327
 -0.0000504706998060
 -0.0000429090716396
 -0.0000346416979244
 -0.0000258010259393
 -0.0000165350617885
 -0.0000069959019422
  0.0000026602667629
  0.0000122731671240
  0.0000216856564211
  0.0000307443720385
  0.0000392906043421
  0.0000471802891580
  0.0000542844874339
  0.0000604893852387
  0.0000656963234177
  0.0000698234021070
  0.0000727966161937
  0.0000745605478134
  0.0000750841287558
  0.0000743606404648
  0.0000724077140388
  0.0000692632636642
  0.0000649750581822
  0.0000596108567484
  0.0000532565618235
  0.0000460160540105
  0.0000380111920542
  0.0000293812154451
  0.0000202647034893
  0.0000108132417578
  0.0000011854491645
 -0.0000084605652564
 -0.0000179672023506
 -0.0000271773728434
 -0.0000359427833448
 -0.0000441188008970
 -0.0000515603886160
 -0.0000581411921984
 -0.0000637537111692
 -0.0000683092988816
 -0.0000717381634715
 -0.0000739878418909
 -0.0000750153510396
 -0.0000747976130956
 -0.0000733357530095
 -0.0000706550985050
 -0.0000668051800782
 -0.0000618559814637
 -0.0000558846005370
 -0.0000489886508708
 -0.0000412803808774
 -0.0000328858714410
 -0.0000239450359180
 -0.0000146103627568
 -0.0000050308611333
  0.0000046310717657
  0.0000142126844200
  0.0000235565262158
  0.0000325104474462
  0.0000409275993108
  0.0000486748380224
  0.0000556243293366
  0.0000616491416905
  0.0000666444668164
  0.0000705278110850
  0.0000732389955059
  0.0000747401557270
  0.0000750141624093
  0.0000740528744765
  0.0000718652120779
  0.0000684828516353
  0.0000639601226295
  0.0000583740076004
  0.0000518241421470
  0.0000444228152148
  0.0000362861128774
  0.0000275500564572
  0.0000183580648433
  0.0000088607263952
 -0.0000007842010569
 -0.0000104171050667
 -0.0000198827071721
 -0.0000290163458390
 -0.0000376643130079
 -0.0000456850440960
 -0.0000529491179973
 -0.0000593392976316
 -0.0000647609530896
 -0.0000691191526383
 -0.0000723285533990
 -0.0000743293096746
 -0.0000750870729495
 -0.0000745929918900
 -0.0000728637123436
 -0.0000699405114437
 -0.0000658678957388
 -0.0000607064220743
 -0.0000545382777333
 -0.0000474628923205
 -0.0000395969377617
 -0.0000310743283040
 -0.0000220428466188
 -0.0000126446550411
 -0.0000030387729334
  0.0000066144564511
  0.0000161569295005
  0.0000254327822443
  0.0000342885599055
  0.0000425852520809
  0.0000501802535617
  0.0000569390837649
  0.0000627474199967
  0.0000675110974523
  0.0000711561092161
  0.0000736286811573
  0.0000748949018086
  0.0000749262971997
  0.0000737132657755
  0.0000712707384142
  0.0000676381784274
  0.0000628795815598
  0.0000570834759897
  0.0000503540204268
  0.0000427917912181
  0.0000345223048577
  0.0000256812213250
  0.0000164132220136
  0.0000068720097310
 -0.0000027818849982
 -0.0000123948844797
 -0.0000218014104348
 -0.0000308422150502
 -0.0000393686071646
 -0.0000472424522681
 -0.0000543361725026
 -0.0000605405547872
 -0.0000657540460937
 -0.0000698762351165
 -0.0000728314160781
 -0.0000745688856759
 -0.0000750629430824
 -0.0000743128899446
 -0.0000723428382577
 -0.0000691862328762
 -0.0000648872776051
 -0.0000595123075234
 -0.0000531464569348
 -0.0000458936593682
 -0.0000378766475774
 -0.0000292369535414
 -0.0000201185613453
 -0.0000106660106650
 -0.0000010395643553
  0.0000086019052194
  0.0000181009617316
  0.0000273016048908
  0.0000360530803780
  0.0000442161465511
  0.0000516453724414
  0.0000582125820074
  0.0000638091477764
  0.0000683459908435
  0.0000717535808722
  0.0000739813033293
  0.0000749895045172
  0.0000747546620069
  0.0000732770733549
  0.0000705810154725
  0.0000667147446255
  0.0000617495772608
  0.0000557651770146
  0.0000488585977237
  0.0000411427467178
  0.0000327434707271
  0.0000237995558827
  0.0000144627277163
  0.0000048860274581
 -0.0000047729493741
 -0.0000143495894992
 -0.0000236854987028
 -0.0000326285043808
 -0.0000410326555399
 -0.0000487627162955
 -0.0000556945689518
 -0.0000617021120468
 -0.0000666803077471
 -0.0000705464733850
 -0.0000732402814588
 -0.0000747237596322
 -0.0000749811799368
 -0.0000740081872246
 -0.0000718109610023
 -0.0000684183575092
 -0.0000638823988651
 -0.0000582782730701
 -0.0000517043340048
 -0.0000442821014302
 -0.0000361370263186
 -0.0000273934223873
 -0.0000181981648268
 -0.0000087024052128
  0.0000009385017607
  0.0000105649982808
  0.0000200174414118
  0.0000291436761666
  0.0000377848591228
  0.0000457951827650
  0.0000530435229197
  0.0000594134387550
  0.0000648035538612
  0.0000691320910195
  0.0000723191463252
  0.0000743033185381
  0.0000750482980437
  0.0000745428668527
  0.0000728008986016
  0.0000698612017510
  0.0000657728882512
  0.0000605975253332
  0.0000544178506359
  0.0000473334876160
  0.0000394609455482
  0.0000309336195249
  0.0000218992242040
  0.0000125005043884
  0.0000028962736597
 -0.0000067528682615
 -0.0000162887797584
 -0.0000255557773183
 -0.0000344006698516
 -0.0000426818698090
 -0.0000502586184063
 -0.0000569986554854
 -0.0000627891951110
 -0.0000675369255698
 -0.0000711680093710
 -0.0000736290910522
 -0.0000748795220192
 -0.0000748891918158
 -0.0000736521267657
 -0.0000711870160647
 -0.0000675372117801
 -0.0000627707288511
 -0.0000569750566454
 -0.0000502379237523
 -0.0000426700226819
 -0.0000343951270750
 -0.0000255485329471
 -0.0000162770586883
 -0.0000067380796686
  0.0000029162140414
  0.0000125218011817
  0.0000219159421619
  0.0000309439032240
  0.0000394589564423
  0.0000473223797231
  0.0000544071837176
  0.0000605961395896
  0.0000657786888435
  0.0000698662176406
  0.0000727924719626
  0.0000745135576122
  0.0000750078607763
  0.0000742685848449
  0.0000723005749349
  0.0000691307367389
  0.0000648088113706
  0.0000594073753653
  0.0000530218406792
  0.0000457673848872
  0.0000377565124568
  0.0000291218290637
  0.0000200060113164
  0.0000105582174300
  0.0000009340872255
 -0.0000087050169103
 -0.0000182058486963
 -0.0000274055640639
 -0.0000361465980104
 -0.0000442842495599
 -0.0000516866817629
 -0.0000582349216962
 -0.0000638241795184
 -0.0000683625168394
 -0.0000717671458038
 -0.0000739781749075
 -0.0000749595676167
 -0.0000746991423678
 -0.0000732079994393
 -0.0000705108722393
 -0.0000666473923811
 -0.0000616774121273
 -0.0000556808086425
 -0.0000487574839938
 -0.0000410273651501
 -0.0000326242961438
 -0.0000236801723625
 -0.0000143458805379
 -0.0000047758328397
  0.0000048734576079
  0.0000144433767252
  0.0000237748552548
  0.0000327204515881
  0.0000411240212968
  0.0000488408365704
  0.0000557429631435
  0.0000617192602956
  0.0000666753808513
  0.0000705345684890
  0.0000732331826612
  0.0000747180997297
  0.0000749600124108
  0.0000739542559779
  0.0000717208082604
  0.0000683042865504
  0.0000637636551271
  0.0000581689757081
  0.0000516108537190
  0.0000441955438719
  0.0000360449501652
  0.0000272966258838
  0.0000181013323681
  0.0000086075047033
