f,amplitude_1,amplitude_2
0,0.00394428296017904,0.00339857635370607
0.0750591381942736,0.00629450376936674,0.00761098933217081
0.150118276388547,0.00268161125315442,0.00457018669076074
0.225177414582821,0.000337399653340135,0.000652874294597325
0.300236552777094,0.00110613475989892,0.0021344817439101
0.375295690971368,0.00041932330890776,0.000718821423555882
0.450354829165642,0.000150529792146717,0.000130504045864789
0.525413967359915,0.000154269617482976,0.000252902166829927
0.600473105554189,3.62371970255175e-05,0.000183150180481468
0.675532243748462,1.92156670824032e-06,3.01123133743946e-05
0.750591381942736,8.56473641754387e-06,1.94421484032546e-05
0.82565052013701,5.46073874196821e-06,3.49097277607737e-05
0.900709658331283,7.47914456405891e-06,2.61399018026135e-05
0.975768796525557,1.03363422272034e-05,3.88140996284783e-05
1.05082793471983,8.10636193369437e-06,5.10927488255864e-05
1.1258870729141,2.11086371712912e-06,7.82857090950984e-05
1.20094621110838,4.24096572146571e-05,0.000147228278132257
1.27600534930265,0.00011775146829707,0.000448135119352946
1.35106448749692,0.000133725332260933,0.000300769383767152
1.4261236256912,9.39859452798807e-05,0.000611741837170772
1.50118276388547,1.80839441044012e-05,0.000215968113019992
1.57624190207975,2.78330111854641e-05,0.000144112522760083
1.65130104027402,1.99596032672725e-05,7.8272484747482e-05
1.72636017846829,1.49102520736081e-05,3.4151389391338e-05
1.80141931666257,3.7404424049159e-05,3.59942310277983e-05
1.87647845485684,2.92899728663845e-05,1.98415070069834e-05
1.95153759305111,3.47457897621919e-05,2.06867358678788e-05
2.02659673124539,2.90160715857538e-05,1.05117577789114e-05
2.10165586943966,1.24591630790287e-05,1.51770805887161e-05
2.17671500763393,5.08963562600526e-06,9.9087286741104e-06
2.25177414582821,6.60090500224454e-07,1.01151598278571e-05
2.32683328402248,2.01057973631576e-06,1.22251549277425e-05
2.40189242221676,2.74971973673329e-07,9.07894435438839e-06
2.47695156041103,8.11712198888849e-07,1.01184994046582e-05
2.5520106986053,1.43363243909396e-06,6.48274342159234e-06
2.62706983679958,2.68864173558045e-07,7.68989185643946e-06
2.70212897499385,1.60612895267788e-06,4.91412664596912e-06
2.77718811318812,1.60778220958526e-06,6.29243956507196e-06
2.8522472513824,7.28520520158257e-07,5.66141750679768e-06
2.92730638957667,3.04357641379253e-06,4.47954434732268e-06
3.00236552777094,1.58880178896837e-06,6.09885686471664e-06
3.07742466596522,2.43524460273384e-06,5.62935990370586e-06
3.15248380415949,3.91750837564895e-05,3.67824027834109e-05
3.22754294235377,1.14884963545576e-05,1.0054925154454e-05
3.30260208054804,3.11747523017936e-06,6.95113596439145e-06
3.37766121874231,7.51299697896631e-06,8.95349683510837e-06
3.45272035693659,3.0805387069761e-06,7.97506766867238e-07
3.52777949513086,1.45459381667947e-06,6.58264054386273e-06
3.60283863332513,2.80966883356066e-06,5.99425968337624e-06
3.67789777151941,1.21285223898755e-06,1.68467276319508e-06
3.75295690971368,2.34238703924594e-06,6.2360306002263e-06
3.82801604790795,5.44707248066452e-06,5.02414258652205e-06
3.90307518610223,6.79499321707778e-06,3.20705567389026e-06
3.9781343242965,4.07988195445106e-06,3.98039457586093e-06
4.05319346249077,1.88605471456548e-06,3.85142102533985e-06
4.12825260068505,4.28150476766243e-07,3.42941104799493e-06
4.20331173887932,3.9212745404328e-07,3.01213621997856e-06
4.2783708770736,3.71699321381619e-07,3.2810356109445e-06
4.35343001526787,3.54117570875608e-07,3.30083730337582e-06
4.42848915346214,4.65026943074575e-07,3.55475799498401e-06
4.50354829165642,2.95240746290657e-07,3.25366855856285e-06
4.57860742985069,5.01141891736115e-07,3.37258723232254e-06
4.65366656804496,1.08290532824402e-06,3.49052229332969e-06
4.72872570623924,8.3606356176369e-07,2.14142777543399e-06
4.80378484443351,3.62367251445888e-07,2.9165233221856e-06
4.87884398262779,1.81027555769626e-06,4.35155700823508e-06
4.95390312082206,2.01693719717962e-06,1.9760774197146e-06
5.02896225901633,4.9379868374681e-07,2.60182253535726e-06
5.10402139721061,4.78674870789448e-06,4.22109920997683e-06
5.17908053540488,3.16267431703875e-06,5.02909406696262e-06
5.25413967359915,1.5948957018501e-06,2.97815636896969e-06
5.32919881179343,1.42255529813537e-06,3.35239153503584e-06
5.4042579499877,4.91048820820454e-08,2.20450950728829e-06
5.47931708818197,1.35900103385704e-07,2.11252389596571e-06
5.55437622637625,2.40356604328131e-07,2.27410054903438e-06
5.62943536457052,1.2475132102472e-07,2.12001406579935e-06
5.70449450276479,5.88245087756056e-08,2.03126055255784e-06
5.77955364095907,2.20947690534252e-07,2.13055038902009e-06
5.85461277915334,2.14430539622195e-07,2.04402000377057e-06
5.92967191734761,8.4058492828701e-08,2.11746127595403e-06
6.00473105554189,7.02764599032854e-08,2.0055204365107e-06
6.07979019373616,8.69814201247071e-08,2.00861657673791e-06
6.15484933193044,2.22659091668773e-07,2.03616889158296e-06
6.22990847012471,4.55322390177748e-07,1.95661031645943e-06
6.30496760831898,2.12540918159306e-07,2.12819798202836e-06
6.38002674651326,5.36932637954979e-07,2.80225636199989e-06
6.45508588470753,4.90028551462721e-07,3.80025383409213e-06
6.5301450229018,6.79670392032785e-07,3.01507371287074e-06
6.60520416109608,1.10907462433621e-06,7.44478604682791e-07
6.68026329929035,3.56107315865717e-07,1.26925041438739e-06
6.75532243748463,1.4151174503635e-07,1.78192744159255e-06
6.8303815756789,5.55957963339937e-07,9.37139621019605e-07
6.90544071387317,2.21431632092367e-07,1.68844182248771e-06
6.98049985206745,2.37428034092705e-07,1.788898760195e-06
7.05555899026172,6.25671879192523e-07,9.7736146981801e-07
7.13061812845599,2.60575408422377e-07,1.55165549552978e-06
7.20567726665027,4.00966831993632e-07,1.66624964404364e-06
7.28073640484454,9.79883250264734e-07,6.38895985159071e-07
7.35579554303881,3.70169391054169e-07,1.74662492662526e-06
7.43085468123309,6.75098297313117e-07,1.22381925022634e-06
7.50591381942736,9.1238403853656e-07,1.22135247896645e-06
7.58097295762163,1.18729714756519e-07,1.50130427962335e-06
7.65603209581591,3.80907149383949e-07,1.29290538334336e-06
7.73109123401018,3.24415874141473e-07,1.49779998862976e-06
7.80615037220446,1.43121710899485e-07,1.37996030483887e-06
7.88120951039873,3.66432330241519e-07,1.34922369745034e-06
7.956268648593,2.94748910952266e-07,1.48930612100392e-06
8.03132778678728,1.08224068441118e-07,1.40477047082138e-06
8.10638692498155,3.06838124183381e-07,1.32889533964456e-06
8.18144606317582,2.15641515461688e-07,1.41153578518673e-06
8.2565052013701,1.02527578334152e-07,1.38168983053976e-06
8.33156433956437,2.96308919218087e-07,1.24932790663541e-06
8.40662347775864,2.62047558632798e-07,1.34972154296186e-06
8.48168261595292,1.11181482675932e-07,1.34010320111108e-06
8.55674175414719,2.82568421432664e-07,1.26752218475707e-06
8.63180089234146,2.55120364871565e-07,1.36463292431795e-06
8.70686003053574,3.80162125606306e-08,1.33970255068309e-06
8.78191916873001,2.67776170620633e-07,1.33906250066462e-06
8.85697830692429,2.71588399054855e-07,1.17622831631543e-06
8.93203744511856,1.05272578836545e-07,1.35067326052042e-06
9.00709658331283,5.35655188828109e-07,1.16257281713606e-06
9.08215572150711,7.58179155787435e-07,7.05650233745917e-07
9.15721485970138,6.42374670305224e-07,1.07415773492241e-06
9.23227399789565,3.78698245430037e-07,1.60418570526937e-06
9.30733313608993,1.66884092328468e-07,1.3706088542979e-06
9.3823922742842,5.96893619612658e-08,1.26808775256347e-06
9.45745141247848,5.77376183321389e-08,1.2662892903685e-06
9.53251055067275,7.79963625657649e-08,1.27943840989895e-06
9.60756968886702,1.67367475368401e-07,1.35613585811607e-06
9.6826288270613,2.2045461742614e-07,1.10098845268978e-06
9.75768796525557,2.01216165985922e-07,9.62382067535223e-07
9.83274710344984,2.52418750303926e-07,6.77515396878202e-07
9.90780624164412,1.90103480252066e-07,7.51562866337422e-07
9.98286537983839,8.13561912256156e-08,1.08011176925226e-06
10.0579245180327,1.22717197751489e-07,7.44316184896055e-07
10.1329836562269,5.49326743688586e-08,9.73594986679252e-07
10.2080427944212,7.80035490760121e-08,1.07588259570802e-06
10.2831019326155,1.22677073115864e-07,6.47996227901163e-07
10.3581610708098,8.15534699311176e-08,1.1912590328652e-06
10.433220209004,3.39222549516845e-07,1.72465703746781e-06
10.5082793471983,2.37433594301887e-07,1.71821786168591e-06
10.5833384853926,6.78097092499378e-08,1.12841250874407e-06
10.6583976235869,2.7179452604901e-08,1.03321869503714e-06
10.7334567617811,5.00497483175208e-08,1.0936913693446e-06
10.8085158999754,2.00827730991522e-08,1.0153132450795e-06
10.8835750381697,4.15272164691477e-08,1.01515942960525e-06
10.9586341763639,1.20695220832983e-08,1.03982683533563e-06
11.0336933145582,3.75041665505896e-08,9.70657638412698e-07
11.1087524527525,9.45618760772083e-08,9.65451525308345e-07
11.1838115909468,7.97876262199137e-08,9.66940898214477e-07
11.258870729141,5.957010375319e-08,9.97466356063012e-07
11.3339298673353,5.72088385380157e-08,9.90426622100889e-07
11.4089890055296,1.30574353991407e-07,9.5074388356439e-07
11.4840481437239,1.12652433415124e-07,9.64582544859294e-07
11.5591072819181,1.09377757658233e-07,1.00415080194273e-06
11.6341664201124,4.48036036331889e-07,8.54832463562542e-07
11.7092255583067,6.18629632567388e-07,6.89352743171019e-07
11.784284696501,9.89519222379708e-07,6.61247486790523e-07
11.8593438346952,5.53789738680848e-07,1.27355454407679e-06
11.9344029728895,1.86001610664117e-08,9.5707151675106e-07
12.0094621110838,1.49966061913522e-07,9.64486894303281e-07
12.0845212492781,7.37548467639739e-08,1.01481931201197e-06
12.1595803874723,7.93874925487498e-08,8.6532271857214e-07
12.2346395256666,1.18980547670626e-07,9.38789641891831e-07
12.3096986638609,4.50801910620676e-08,9.72498968615619e-07
12.3847578020551,6.46643814845613e-08,8.58225728084113e-07
12.4598169402494,6.94549687469264e-08,9.02080883839955e-07
12.5348760784437,1.05590707104715e-08,9.20672274156646e-07
12.609935216638,5.49747693320313e-08,8.4799521179557e-07
12.6849943548322,4.78922876907239e-08,8.7828223153451e-07
12.7600534930265,1.6910590083964e-08,8.81529432442125e-07
12.8351126312208,4.98566347861526e-08,8.39208369742464e-07
12.9101717694151,3.61506078838141e-08,8.68076243186078e-07
12.9852309076093,4.13570767182249e-08,8.44256485603645e-07
13.0602900458036,6.6434901714356e-08,8.13112128392373e-07
13.1353491839979,4.09186260110542e-08,8.65300139681356e-07
13.2104083221922,2.47866491502463e-08,8.39527531454373e-07
13.2854674603864,5.77358478424141e-08,8.06046668302245e-07
13.3605265985807,3.57976154249319e-08,8.65850153478977e-07
13.435585736775,2.48104158071418e-08,8.18864678666145e-07
13.5106448749693,3.92674123744223e-08,7.82292557617249e-07
13.5857040131635,3.4628207434655e-08,8.59475094461659e-07
13.6607631513578,4.70346760454715e-09,8.32881144231922e-07
13.7358222895521,1.7741471398225e-08,8.12378075540837e-07
13.8108814277463,2.86453286917734e-08,8.77807345147819e-07
13.8859405659406,2.87773056235356e-08,8.12701409086165e-07
13.9609997041349,1.47708883288204e-08,7.61822243122411e-07
14.0360588423292,2.14305336847367e-08,8.64110396767696e-07
14.1111179805234,2.48729213141138e-08,8.06759692868501e-07
14.1861771187177,1.96402279772831e-08,7.68115036857115e-07
14.261236256912,6.70394081278175e-08,9.57430977241693e-07
14.3362953951063,1.01092458886677e-07,9.66534642847517e-07
14.4113545333005,6.65707085516321e-08,7.65803145832514e-07
14.4864136714948,6.64658958375017e-08,6.47188788783433e-07
14.5614728096891,2.48655359207006e-08,7.09173242331613e-07
14.6365319478834,2.86344444380026e-08,7.22151464463824e-07
14.7115910860776,3.414353160197e-08,7.25358133101045e-07
14.7866502242719,3.5474721613563e-08,7.10350143499904e-07
14.8617093624662,2.96018572171437e-08,7.13034481347967e-07
14.9367685006604,3.49768302197548e-08,7.53909529666502e-07
15.0118276388547,4.15516327378681e-08,7.65727517489528e-07
15.086886777049,5.02536065205045e-08,8.13598065258828e-07
15.1619459152433,3.68008468299415e-08,7.99536182062357e-07
15.2370050534375,2.40846486240461e-08,7.10267991493393e-07
15.3120641916318,5.97871339356487e-08,7.66386906375468e-07
15.3871233298261,7.43354336416609e-08,8.12746367642716e-07
15.4621824680204,4.0259430063986e-08,7.01795681580202e-07
15.5372416062146,1.4844255622531e-07,8.4396316930601e-07
15.6123007444089,1.96534779395627e-07,1.08598131579352e-06
15.6873598826032,1.75308109278621e-07,9.42247660841839e-07
15.7624190207975,1.05048703669726e-07,5.62438106109682e-07
15.8374781589917,3.52634166952475e-08,6.0000706301221e-07
15.912537297186,9.179042416928e-09,6.90730866011311e-07
15.9875964353803,1.2921910564506e-09,6.48184975893644e-07
16.0626555735746,9.17743154738708e-09,6.95095333215866e-07
16.1377147117688,9.34607499009011e-09,6.84490199733751e-07
16.2127738499631,1.19213210344227e-08,6.59060014860842e-07
16.2878329881574,2.33186066206415e-08,7.10045260483609e-07
16.3628921263516,2.75827918417368e-08,7.2952378293983e-07
16.4379512645459,2.22771937417567e-08,7.23070421021175e-07
16.5130104027402,1.57297231198343e-08,6.91843628439758e-07
16.5880695409345,1.98817674025604e-08,6.89920330495846e-07
16.6631286791287,3.71816157448408e-08,7.46013014458256e-07
16.738187817323,3.02675582370064e-08,7.05528799666197e-07
16.8132469555173,4.08196633146386e-08,7.11326154465412e-07
16.8883060937116,6.59641391281152e-08,8.95831585254262e-07
16.9633652319058,6.79893184892792e-08,8.45874106788481e-07
17.0384243701001,4.82675190472223e-08,6.37249870292968e-07
17.1134835082944,2.97555889091418e-09,5.6600683804038e-07
17.1885426464887,1.95132876889193e-08,6.60388849937458e-07
17.2636017846829,1.62568521386159e-08,6.29925944525798e-07
17.3386609228772,1.24840531853937e-08,6.39463070245767e-07
17.4137200610715,2.10879055043063e-08,6.70950094068758e-07
17.4887791992658,1.39338438788177e-08,6.30920245792394e-07
17.56383833746,1.30231052552741e-08,6.36242894470936e-07
17.6388974756543,2.32830427837322e-08,6.67059674707959e-07
17.7139566138486,1.74347215200377e-08,6.41491747765558e-07
17.7890157520428,1.40470360869565e-08,6.34890467067672e-07
17.8640748902371,2.12267900681582e-08,6.57436608709783e-07
17.9391340284314,1.75116246768459e-08,6.35308525983503e-07
18.0141931666257,1.97770311499644e-08,6.40316112391355e-07
18.0892523048199,2.55919135471086e-08,6.47566522678161e-07
18.1643114430142,2.02082770907391e-08,6.26844952996036e-07
18.2393705812085,2.71621482969056e-08,6.50871882751995e-07
18.3144297194028,2.99821823244013e-08,6.5739894199141e-07
18.389488857597,1.67341979058648e-08,6.12632495037374e-07
18.4645479957913,2.49827042748754e-08,6.30786140695243e-07
18.5396071339856,3.21417900172179e-08,6.40801134020353e-07
18.6146662721799,1.46815003776683e-08,6.03908768303479e-07
18.6897254103741,3.04917802914275e-08,6.38499630044803e-07
18.7647845485684,3.10592931167676e-08,6.46823244974755e-07
18.8398436867627,1.34985279326558e-08,5.95471607780504e-07
18.914902824957,2.21008242655785e-08,6.17066068370422e-07
18.9899619631512,2.30330006355131e-08,5.99193914320822e-07
19.0650211013455,4.5698434044891e-09,5.65446274943258e-07
19.1400802395398,2.49532982350704e-08,6.17441777261395e-07
19.215139377734,2.26862182816171e-08,6.11965113086442e-07
19.2901985159283,2.51807046304081e-09,5.60824233288055e-07
19.3652576541226,2.02909143671684e-08,6.09007901609726e-07
19.4403167923169,2.68950319105928e-08,5.95663356284674e-07
19.5153759305111,2.95490410626959e-08,4.73236304445059e-07
19.5904350687054,4.13379241199916e-08,5.16159333179486e-07
19.6654942068997,4.42036344505812e-08,6.2989105500328e-07
19.740553345094,3.12115935693351e-08,6.28916043386964e-07
19.8156124832882,2.1866188140269e-08,6.04101705978892e-07
19.8906716214825,2.01750089217467e-08,5.92257691777102e-07
19.9657307596768,2.02017713400394e-08,5.89429341151914e-07
20.0407898978711,2.26450790427022e-08,6.0425262945714e-07
20.1158490360653,1.92795849088251e-08,5.89845885824652e-07
20.1909081742596,1.17465363810403e-08,5.7271717639604e-07
20.2659673124539,8.94789206626255e-09,5.64898048473057e-07
20.3410264506482,2.28641404562562e-09,5.29428316816863e-07
20.4160855888424,1.34006077413608e-08,5.52164438079122e-07
20.4911447270367,1.63131930371426e-08,5.85689837195911e-07
20.566203865231,8.01884218975859e-09,5.32086979585801e-07
20.6412630034252,1.0072466401931e-08,5.34867956882472e-07
20.7163221416195,1.44970310673548e-08,5.82032452073279e-07
20.7913812798138,2.43782417630201e-08,4.70038168544941e-07
20.8664404180081,4.76098326446117e-08,3.89898483099904e-07
20.9414995562023,4.81276780544804e-08,5.45978234035382e-07
21.0165586943966,3.67336500677406e-08,6.18104282559148e-07
21.0916178325909,1.54735823215717e-08,5.65638272325385e-07
21.1666769707852,1.52288670620365e-08,5.57004345624476e-07
21.2417361089794,1.62408117455576e-08,5.59978833061377e-07
21.3167952471737,1.20955274542105e-08,5.42826880680731e-07
21.391854385368,1.55000365472584e-08,5.53662723604156e-07
21.4669135235623,1.50463346186171e-08,5.45881858648163e-07
21.5419726617565,5.06617511389114e-09,5.17859897760518e-07
21.6170317999508,4.18902091646149e-09,5.05401883786593e-07
21.6920909381451,6.75812431722031e-09,5.06968257618293e-07
21.7671500763393,9.96802830446043e-09,5.22876300553309e-07
21.8422092145336,5.62626892273668e-09,5.11818816302847e-07
21.9172683527279,2.81020716349774e-09,4.89173313552115e-07
21.9923274909222,7.94348058212841e-09,5.1415337344911e-07
22.0673866291164,8.83206925284747e-09,4.91566247076722e-07
22.1424457673107,2.2613369423318e-08,4.17642978667622e-07
22.217504905505,3.89803062569471e-08,4.69684707068449e-07
22.2925640436993,2.90447300088372e-08,5.45262217965517e-07
22.3676231818935,1.21714624817616e-08,5.21544484422871e-07
22.4426823200878,1.17658260557015e-08,5.00790798619944e-07
22.5177414582821,1.1951610534293e-08,5.15071200025934e-07
22.5928005964764,5.95502132362299e-09,4.95262869828931e-07
22.6678597346706,1.15148399235969e-08,4.92231228225454e-07
22.7429188728649,1.08186786402811e-08,5.06932471540058e-07
22.8179780110592,3.49504326686901e-09,4.88419903883135e-07
22.8930371492534,9.40193031976945e-09,4.83352906419827e-07
22.9680962874477,9.13108148741043e-09,4.92361340635163e-07
23.043155425642,6.45565858838164e-09,4.83543652094776e-07
23.1182145638363,8.93843999398827e-09,4.8216465181335e-07
23.1932737020305,7.44422855007175e-09,4.84611920537626e-07
23.2683328402248,6.52578963514062e-09,4.76409550886227e-07
23.3433919784191,8.87590989295631e-09,4.79681337117248e-07
23.4184511166134,6.52684291575143e-09,4.76507573288239e-07
23.4935102548076,9.98307638030823e-09,4.66420725201797e-07
23.5685693930019,1.3616986095765e-08,4.75315215693166e-07
23.6436285311962,8.30987634870311e-09,4.76385863473968e-07
23.7186876693905,9.5829907266284e-09,4.66367546552458e-07
23.7937468075847,1.29151236656612e-08,4.73778643005745e-07
23.868805945779,8.04184486124696e-09,4.71364441453096e-07
23.9438650839733,1.09560926342418e-08,4.6072790439971e-07
24.0189242221676,1.46206201971471e-08,4.68083718702443e-07
24.0939833603618,1.02810918813876e-08,4.69300118378468e-07
24.1690424985561,1.23125350591835e-08,4.63667547059028e-07
24.2441016367504,1.46631426722209e-08,4.7084278090211e-07
24.3191607749446,7.00593759684981e-09,4.68710635552833e-07
24.3942199131389,1.10033682371102e-08,4.55644747893982e-07
24.4692790513332,1.41560771957206e-08,4.62552353783534e-07
24.5443381895275,8.03867957246226e-09,4.64697270546401e-07
24.6193973277217,1.17622988947155e-08,4.5218593768946e-07
24.694456465916,2.03158473994574e-08,4.63266194660049e-07
24.7695156041103,9.5537646348086e-09,4.80422426569714e-07
24.8445747423046,1.22554303017264e-09,4.6005923815022e-07
24.9196338804988,9.52967005244775e-09,4.47985866917371e-07
24.9946930186931,1.11979060488169e-08,4.44927669240509e-07
25.0697521568874,9.98872744505221e-09,4.47738780313369e-07
25.1448112950817,1.10506056314476e-08,4.47707911446863e-07
25.2198704332759,1.11878881663165e-08,4.44370487527635e-07
25.2949295714702,1.23284917712946e-08,4.41433534072667e-07
25.3699887096645,1.43190016442649e-08,4.4087070888937e-07
25.4450478478588,1.22036999261502e-08,4.41808647485687e-07
25.520106986053,1.34652177168258e-08,4.44275775151128e-07
25.5951661242473,1.08264407699422e-08,4.48504523916069e-07
25.6702252624416,9.72540196742128e-09,4.4020992504827e-07
25.7452844006359,1.43605653027899e-08,4.36768234722672e-07
25.8203435388301,1.2730753096025e-08,4.42660408636143e-07
25.8954026770244,1.06973846123902e-08,4.37360608219844e-07
25.9704618152187,1.72706297485082e-08,4.29138639867879e-07
26.0455209534129,2.34779848833016e-08,4.44783080340098e-07
26.1205800916072,6.38563843214647e-09,4.60722421700402e-07
26.1956392298015,4.00392870262526e-09,4.43489094277319e-07
26.2706983679958,1.34707810713479e-08,4.26980312933487e-07
26.34575750619,1.00678981591345e-08,4.29603379579776e-07
26.4208166443843,9.97509328263979e-09,4.28483908713572e-07
26.4958757825786,1.26162721820131e-08,4.2572380948056e-07
26.5709349207729,1.13478986552394e-08,4.26267181051527e-07
26.6459940589671,1.36925585768392e-08,4.21866935772408e-07
26.7210531971614,1.67622968202302e-08,4.18891714579634e-07
26.7961123353557,1.18241709787271e-08,4.23527645905196e-07
26.87117147355,1.15266097673404e-08,4.23913353699849e-07
26.9462306117442,9.8718278245097e-09,4.24179023663015e-07
27.0212897499385,1.18911391056049e-08,4.1888804331522e-07
27.0963488881328,1.32204638085047e-08,4.17422316236324e-07
27.1714080263271,9.8279472527751e-09,4.21563702773606e-07
27.2464671645213,1.22982881495714e-08,4.14062932050118e-07
27.3215263027156,1.55655182838191e-08,4.1176198225976e-07
27.3965854409099,9.44136429062238e-09,4.33109306751331e-07
27.4716445791041,5.28530407370343e-09,4.27751049076631e-07
27.5467037172984,9.32203610714712e-09,4.15979982691733e-07
27.6217628554927,1.08869068235096e-08,4.12368815983229e-07
27.696821993687,9.75432769859141e-09,4.1374029175514e-07
27.7718811318812,1.10026972757767e-08,4.09282072043117e-07
27.8469402700755,1.01601949150863e-08,4.10672163939831e-07
27.9219994082698,9.93193014829768e-09,4.10319280473813e-07
27.9970585464641,1.17258513570374e-08,4.05009395150904e-07
28.0721176846583,1.06073175682438e-08,4.06595928898644e-07
28.1471768228526,9.225197572441e-09,4.07456723476078e-07
28.2222359610469,1.00388895952763e-08,4.04496858899291e-07
28.2972950992412,9.57760337805864e-09,4.05127566118657e-07
28.3723542374354,9.48516859404661e-09,4.04027492883957e-07
28.4474133756297,1.01102372825e-08,4.01714266872932e-07
28.522472513824,8.94860707348774e-09,4.02993036306093e-07
28.5975316520182,9.42935184052758e-09,4.00490553721798e-07
28.6725907902125,9.59332715654116e-09,3.98549088267046e-07
28.7476499284068,7.47978385750611e-09,4.02119449947787e-07
28.8227090666011,8.8121356941524e-09,3.99899713434629e-07
28.8977682047953,9.49300125794849e-09,3.96623201045172e-07
28.9728273429896,7.57144766080479e-09,3.98799034834292e-07
29.0478864811839,8.96916629604654e-09,3.96259714741817e-07
29.1229456193782,9.0419699356715e-09,3.93336117539341e-07
29.1980047575724,7.42509953706625e-09,3.96726466886577e-07
29.2730638957667,8.73240873471921e-09,3.94718564190608e-07
29.348123033961,8.89886448254604e-09,3.92526622360779e-07
29.4231821721553,7.3587773011451e-09,3.9411711225079e-07
29.4982413103495,9.46877588185332e-09,3.90617581119208e-07
29.5733004485438,8.90471392828557e-09,3.87303733917579e-07
29.6483595867381,7.21932062195961e-09,3.91177776036508e-07
29.7234187249323,8.85496805811915e-09,3.89055235182923e-07
29.7984778631266,8.91479171497194e-09,3.8548042324692e-07
29.8735370013209,6.36443089297378e-09,3.90523127641126e-07
29.9485961395152,1.01699083498516e-08,3.89361859310265e-07
30.0236552777094,1.06646018553058e-08,3.7831610757922e-07
30.0987144159037,9.25520473587775e-09,3.77667159673828e-07
30.173773554098,7.31946676010081e-09,3.80536927158669e-07
30.2488326922923,7.87290148771123e-09,3.82534221451381e-07
30.3238918304865,7.33295889310759e-09,3.82216042710297e-07
30.3989509686808,7.63511970884667e-09,3.80056420875555e-07
30.4740101068751,7.44692320540123e-09,3.80057247894208e-07
30.5490692450694,6.68074465187558e-09,3.80958707328425e-07
30.6241283832636,7.59607461824031e-09,3.80185897429193e-07
30.6991875214579,7.39691790639838e-09,3.80733230893066e-07
30.7742466596522,7.99770404220458e-09,3.78931836759168e-07
30.8493057978465,8.32426975879948e-09,3.74294681895962e-07
30.9243649360407,7.22105261503852e-09,3.75326442222931e-07
30.999424074235,7.57834815533952e-09,3.77786151757069e-07
31.0744832124293,8.23006450016266e-09,3.73214929242319e-07
31.1495423506235,7.49487222400721e-09,3.74523551746024e-07
31.2246014888178,7.33222807416812e-09,3.78858496646816e-07
31.2996606270121,1.1277989746787e-08,3.72028379404759e-07
31.3747197652064,9.86930037414695e-09,3.61450790274252e-07
31.4497789034006,6.93011563384241e-09,3.65151556099394e-07
31.5248380415949,6.92392921477405e-09,3.67861326003541e-07
31.5998971797892,7.43454569020573e-09,3.67460178553388e-07
31.6749563179835,6.74362696402112e-09,3.67249095925333e-07
31.7500154561777,7.07896569319451e-09,3.66464832745655e-07
31.825074594372,6.86686443782734e-09,3.65848969799673e-07
31.9001337325663,6.32314296721178e-09,3.66904216514965e-07
31.9751928707606,7.83560438624149e-09,3.67522766563478e-07
32.0502520089548,7.57675761919318e-09,3.66329244174295e-07
32.1253111471491,7.88524892811037e-09,3.6361491435967e-07
32.2003702853434,7.33811507779557e-09,3.61797356813412e-07
32.2754294235377,7.06591252715693e-09,3.63317441985428e-07
32.3504885617319,8.1138790029565e-09,3.62370496857405e-07
32.4255476999262,7.43975186570755e-09,3.59867744926976e-07
32.5006068381205,7.26922092223654e-09,3.62340770670531e-07
32.5756659763148,9.4777314266258e-09,3.63348958400812e-07
32.650725114509,9.21278438777188e-09,3.57316916085945e-07
32.7257842527033,7.82274089751666e-09,3.52486127907117e-07
32.8008433908976,6.2846868245476e-09,3.55221597048727e-07
32.8759025290918,7.32247817598243e-09,3.55514824747403e-07
32.9509616672861,7.17491517061909e-09,3.54475308071989e-07
33.0260208054804,7.05939876274655e-09,3.55172697907566e-07
33.1010799436747,7.40276296713506e-09,3.53819870700202e-07
33.1761390818689,6.9092953982438e-09,3.52966782525845e-07
33.2511982200632,7.26003605017323e-09,3.53801925335262e-07
33.3262573582575,7.91916667777718e-09,3.53065780239733e-07
33.4013164964518,7.43566727250189e-09,3.51578478903572e-07
33.476375634646,7.56161935457082e-09,3.51029784738441e-07
33.5514347728403,7.55717426468964e-09,3.50215247468104e-07
33.6264939110346,7.28448734718067e-09,3.49827775481571e-07
33.7015530492288,7.7831608782612e-09,3.4936332939833e-07
33.7766121874231,7.51515049372064e-09,3.48230421737272e-07
33.8516713256174,7.43003652908208e-09,3.48622325685112e-07
33.9267304638117,8.15788053815062e-09,3.48357593794405e-07
34.001789602006,7.5138103365891e-09,3.45671321036971e-07
34.0768487402002,7.27296882982564e-09,3.45276863296675e-07
34.1519078783945,7.95225317061927e-09,3.45517897676146e-07
34.2269670165888,7.31067052893234e-09,3.43954206845284e-07
34.302026154783,7.38921857064709e-09,3.43841555518726e-07
34.3770852929773,8.02050965066261e-09,3.44104960284229e-07
34.4521444311716,7.2650229008883e-09,3.42370279991066e-07
34.5272035693659,7.24380373218392e-09,3.41784767130601e-07
34.6022627075601,7.77685485758296e-09,3.41776086515683e-07
34.6773218457544,6.81998987523636e-09,3.39616688451536e-07
34.7523809839487,7.41351641556166e-09,3.39994031499914e-07
34.827440122143,8.06382508513213e-09,3.4076389460286e-07
34.9024992603372,7.0266172120176e-09,3.38369584512478e-07
34.9775583985315,7.25694386215625e-09,3.38180942571344e-07
35.0526175367258,8.1127557308709e-09,3.38752306564496e-07
35.1276766749201,6.34842814966134e-09,3.3577672341187e-07
35.2027358131143,6.73564418041425e-09,3.34614726351178e-07
35.2777949513086,8.30629759109067e-09,3.36107046663073e-07
35.3528540895029,8.60447073013506e-09,3.37496106088662e-07
35.4279132276971,7.8462290323041e-09,3.36619950094393e-07
35.5029723658914,8.07246510621334e-09,3.35601177912298e-07
35.5780315040857,7.68380989343047e-09,3.34388912705667e-07
35.65309064228,7.86637450767707e-09,3.34463730345797e-07
35.7281497804742,7.97175150674694e-09,3.34172106165978e-07
35.8032089186685,7.07459301421725e-09,3.32430767587426e-07
35.8782680568628,7.20739393455264e-09,3.31549057132712e-07
35.9533271950571,6.83029306734956e-09,3.29946897603209e-07
36.0283863332513,7.08741777880554e-09,3.29143656661619e-07
36.1034454714456,7.81997208882776e-09,3.3073665474548e-07
36.1785046096399,7.37136218705014e-09,3.30132761664599e-07
36.2535637478342,6.77191235007835e-09,3.27556645120665e-07
36.3286228860284,7.45322021572567e-09,3.28808185975636e-07
36.4036820242227,7.16739015316673e-09,3.28337682338116e-07
36.478741162417,5.48458894640578e-09,3.23037951057722e-07
36.5538003006113,7.78291930805117e-09,3.23813133879107e-07
36.6288594388055,9.60785854835668e-09,3.28579926577852e-07
36.7039185769998,8.17793298127532e-09,3.28400355857071e-07
36.7789777151941,7.5059113457269e-09,3.26415756251732e-07
36.8540368533883,7.69547766992449e-09,3.25714970731856e-07
36.9290959915826,7.30886058727227e-09,3.24688490502643e-07
37.0041551297769,7.44029330579327e-09,3.24345169993399e-07
37.0792142679712,7.38267218726119e-09,3.24048500269e-07
37.1542734061654,6.44892762253666e-09,3.22648172027101e-07
37.2293325443597,6.72389496776418e-09,3.21414896165593e-07
37.304391682554,6.73751855105046e-09,3.20331969193522e-07
37.3794508207483,7.27401603306706e-09,3.20700080323605e-07
37.4545099589425,7.1857386367493e-09,3.21229280612268e-07
37.5295690971368,6.44240349335747e-09,3.19452567935614e-07
37.6046282353311,6.97673713458216e-09,3.18728909700968e-07
37.6796873735253,6.85067304397287e-09,3.19632598948726e-07
37.7547465117196,5.93893266938926e-09,3.1674278109853e-07
37.8298056499139,6.90237539586526e-09,3.14485476985382e-07
37.9048647881082,7.91697672102227e-09,3.17098259448081e-07
37.9799239263024,8.01600634544546e-09,3.18700243408864e-07
38.0549830644967,6.86530966722411e-09,3.16913429118956e-07
38.130042202691,7.04342592214193e-09,3.16345727470091e-07
38.2051013408853,6.86816616786344e-09,3.15987806849819e-07
38.2801604790795,6.69896438950902e-09,3.14759314157096e-07
38.3552196172738,6.95436621638855e-09,3.14759613405051e-07
38.4302787554681,6.58427921381801e-09,3.14461236219183e-07
38.5053378936624,6.19874062616084e-09,3.12904706813885e-07
38.5803970318566,6.64489507933369e-09,3.12385139480483e-07
38.6554561700509,6.57677582242836e-09,3.12205518760039e-07
38.7305153082452,6.56021011722789e-09,3.11652678820154e-07
38.8055744464395,6.57991577394303e-09,3.11309991815696e-07
38.8806335846337,6.27972442727147e-09,3.10496427689892e-07
38.955692722828,6.46393915840539e-09,3.10064406123822e-07
39.0307518610223,6.38490744609566e-09,3.09822014464123e-07
39.1058109992166,6.16684633447908e-09,3.08613064805633e-07
39.1808701374108,6.63158229960615e-09,3.08124846281124e-07
39.2559292756051,6.61152048052153e-09,3.08619536302515e-07
39.3309884137994,6.19732055336075e-09,3.07816000475337e-07
39.4060475519936,6.49789258533756e-09,3.06963050023408e-07
39.4811066901879,6.39813257141547e-09,3.0712947164906e-07
39.5561658283822,6.05692025585686e-09,3.0605626401439e-07
39.6312249665765,6.49523908690642e-09,3.05253173094441e-07
39.7062841047707,6.42454491835982e-09,3.05474338547333e-07
39.781343242965,6.18802837513924e-09,3.046886551031e-07
39.8564023811593,6.56163694644444e-09,3.04311939960547e-07
39.9314615193536,6.24641612984611e-09,3.04592694799803e-07
40.0065206575478,5.78947744915709e-09,3.03436031989131e-07
40.0815797957421,6.41649178506122e-09,3.02570338465545e-07
40.1566389339364,6.26054741548429e-09,3.02885953585484e-07
40.2316980721307,5.86665128121828e-09,3.02042236339726e-07
40.3067572103249,6.50429656757344e-09,3.01043436982722e-07
40.3818163485192,6.44776245432941e-09,3.01897277046418e-07
40.4568754867135,5.61031368357254e-09,3.01938235406917e-07
40.5319346249077,5.4155814899832e-09,3.00349386194931e-07
40.606993763102,5.82257246248461e-09,2.99041752027253e-07
40.6820529012963,5.90579221043247e-09,2.98539184561279e-07
40.7571120394906,6.1651725625871e-09,2.9849521097707e-07
40.8321711776848,5.99524357974677e-09,2.98206637793499e-07
40.9072303158791,6.08156029770328e-09,2.973785146617e-07
40.9822894540734,6.47001474638128e-09,2.96948463072189e-07
41.0573485922677,6.30575176614599e-09,2.96711823866519e-07
41.1324077304619,6.4422966401507e-09,2.96407426875299e-07
41.2074668686562,6.29023048603834e-09,2.96733874970861e-07
41.2825260068505,5.70783756386524e-09,2.96448178861357e-07
41.3575851450448,6.053070979173e-09,2.94780044269442e-07
41.432644283239,6.43765754673137e-09,2.94744141717125e-07
41.5077034214333,5.95954394502506e-09,2.95033590660084e-07
41.5827625596276,6.06659191241652e-09,2.93473270211518e-07
41.6578216978219,6.81160875800567e-09,2.93610811199872e-07
41.7328808360161,5.87285574946858e-09,2.95050715539752e-07
41.8079399742104,4.6556280945782e-09,2.93983767295857e-07
41.8829991124047,5.86764035244684e-09,2.92022699188865e-07
41.9580582505989,6.1659468143665e-09,2.91300253174367e-07
42.0331173887932,6.12818856393702e-09,2.91132875117014e-07
42.1081765269875,6.28147365406955e-09,2.90731136306078e-07
42.1832356651818,6.20817154473534e-09,2.90408786866598e-07
42.258294803376,6.34134043765332e-09,2.89771329485796e-07
42.3333539415703,6.67287326082438e-09,2.89175203299749e-07
42.4084130797646,6.45063069653103e-09,2.89170311719891e-07
42.4834722179589,6.34329327303202e-09,2.89343019528175e-07
42.5585313561531,6.0316023223172e-09,2.89248846911503e-07
42.6335904943474,6.06626779107579e-09,2.88307431985226e-07
42.7086496325417,6.49148453570991e-09,2.87609936913668e-07
42.783708770736,6.24257415098243e-09,2.87764649843523e-07
42.8587679089302,6.15907072347604e-09,2.87246137522423e-07
42.9338270471245,6.50932238470942e-09,2.86265516473946e-07
43.0088861853188,6.24642461888162e-09,2.8689344061325e-07
43.0839453235131,5.62823970652575e-09,2.87608163453072e-07
43.1590044617073,5.60750533191342e-09,2.86014191685328e-07
43.2340635999016,6.43537121517718e-09,2.84715637175293e-07
43.3091227380959,6.28352883899214e-09,2.84696756915895e-07
43.3841818762901,6.33496220732698e-09,2.84157219306329e-07
43.4592410144844,6.38485874905768e-09,2.83873895399001e-07
43.5343001526787,6.23221369507762e-09,2.83766757521188e-07
43.609359290873,6.38382576930361e-09,2.8307707280738e-07
43.6844184290672,6.51433559472176e-09,2.82775226937356e-07
43.7594775672615,6.2418576782342e-09,2.82795059854241e-07
43.8345367054558,6.23189841657279e-09,2.82404444130257e-07
43.9095958436501,6.24503931111743e-09,2.81985159127368e-07
43.9846549818443,6.23183552731453e-09,2.81598879752865e-07
44.0597141200386,6.34190587129174e-09,2.81143044133448e-07
44.1347732582329,6.24327163943246e-09,2.80955604644672e-07
44.2098323964272,6.22170215874985e-09,2.80545389130927e-07
44.2848915346214,6.28738776930483e-09,2.80082121388433e-07
44.3599506728157,6.10622597368779e-09,2.8020794711947e-07
44.43500981101,6.10180719595861e-09,2.79797503955446e-07
44.5100689492043,6.27271574155594e-09,2.79052531941444e-07
44.5851280873985,6.16589649259275e-09,2.78959972582603e-07
44.6601872255928,6.13623824175773e-09,2.78620174025755e-07
44.7352463637871,6.25953590552933e-09,2.7805477327356e-07
44.8103055019813,6.09514668343796e-09,2.77998242346378e-07
44.8853646401756,6.07108977424323e-09,2.77737664596568e-07
44.9604237783699,6.17227474635399e-09,2.77172944053395e-07
45.0354829165642,6.04623156852324e-09,2.77051947501666e-07
45.1105420547584,6.12345265280014e-09,2.76596107675726e-07
45.1856011929527,6.30939356639989e-09,2.75838844952475e-07
45.260660331147,6.03131013802773e-09,2.75980365208597e-07
45.3357194693413,6.0251399074646e-09,2.75764673214231e-07
45.4107786075355,6.19178081445244e-09,2.75056677446794e-07
45.4858377457298,6.01269965022666e-09,2.75113010070174e-07
45.5608968839241,5.93288290956158e-09,2.74881657900421e-07
45.6359560221184,6.28890143084605e-09,2.73983657363765e-07
45.7110151603126,6.24077588363274e-09,2.73493130802289e-07
45.7860742985069,6.05362942764531e-09,2.73486444169244e-07
45.8611334367012,5.97463719491066e-09,2.73479750868137e-07
45.9361925748955,5.8470643724649e-09,2.73346734552556e-07
46.0112517130897,5.90549849454964e-09,2.72891190073842e-07
46.086310851284,5.87616207376033e-09,2.7254858953299e-07
46.1613699894783,5.73792211768296e-09,2.72568844893623e-07
46.2364291276725,5.81667903777764e-09,2.72295093116457e-07
46.3114882658668,5.78730408268338e-09,2.71982407058929e-07
46.3865474040611,5.83006577896502e-09,2.71514516171537e-07
46.4616065422554,6.03470983791808e-09,2.70666052153592e-07
46.5366656804496,5.94411761369344e-09,2.70516503228631e-07
46.6117248186439,5.66965100386376e-09,2.7075416012887e-07
46.6867839568382,5.86735112148207e-09,2.70140081919608e-07
46.7618430950325,5.87647596897578e-09,2.69669706855532e-07
46.8369022332267,5.63625218215966e-09,2.69994738461453e-07
46.911961371421,5.84541606474079e-09,2.69415162009764e-07
46.9870205096153,6.27978781005772e-09,2.67991195596985e-07
47.0620796478096,5.7765630648294e-09,2.67939180357651e-07
47.1371387860038,5.60922658407879e-09,2.68486960715837e-07
47.2121979241981,5.63898662300707e-09,2.68392084514194e-07
47.2872570623924,5.62465914334505e-09,2.68108570543781e-07
47.3623162005866,5.6186594829899e-09,2.67774975518792e-07
47.4373753387809,5.56944975167394e-09,2.67482507817889e-07
47.5124344769752,5.50166230478583e-09,2.67361823575941e-07
47.5874936151695,5.61027404976882e-09,2.67155866801406e-07
47.6625527533637,5.63703511835129e-09,2.66778367204686e-07
47.737611891558,5.71116025311628e-09,2.66198773185347e-07
47.8126710297523,5.71717056833067e-09,2.65680052498651e-07
47.8877301679466,5.52637786252475e-09,2.65758844469989e-07
47.9627893061408,5.60266964406404e-09,2.65674641544259e-07
48.0378484443351,5.65646079194175e-09,2.6500347905095e-07
48.1129075825294,5.54768858194801e-09,2.65023030366676e-07
48.1879667207237,5.59307492013507e-09,2.65016164414239e-07
48.2630258589179,5.75105217849692e-09,2.63884202730514e-07
48.3380849971122,5.78273167494865e-09,2.63337140369553e-07
48.4131441353065,5.3956991382289e-09,2.63751427469247e-07
48.4882032735008,5.48054060408737e-09,2.63683993538276e-07
48.563262411695,5.49938249493573e-09,2.6334071498142e-07
48.6383215498893,5.50529875331034e-09,2.63203993853191e-07
48.7133806880836,5.52423825047732e-09,2.62860632758355e-07
48.7884398262779,5.48534671218908e-09,2.62547176385215e-07
48.8634989644721,5.44171827108081e-09,2.62544517930048e-07
48.9385581026664,5.54971633420435e-09,2.62239941330103e-07
49.0136172408607,5.55601724411148e-09,2.61768704120779e-07
49.0886763790549,5.53190373651962e-09,2.61507571890975e-07
49.1637355172492,5.51915193887631e-09,2.61242907709077e-07
49.2387946554435,5.48250707476549e-09,2.61072888121971e-07
49.3138537936378,5.51066214610697e-09,2.60811805167368e-07
49.388912931832,5.52009390926173e-09,2.60451293449566e-07
49.4639720700263,5.50012935831445e-09,2.60321017910699e-07
49.5390312082206,5.54803182953358e-09,2.60051781729273e-07
49.6140903464149,5.51782805133465e-09,2.59549051848413e-07
49.6891494846091,5.4754793410016e-09,2.59404294304794e-07
49.7642086228034,5.48668971773776e-09,2.59325404446767e-07
49.8392677609977,5.50963004143361e-09,2.58911393085573e-07
49.9143268991919,5.46453610786771e-09,2.5876499950331e-07
49.9893860373862,5.52337235412796e-09,2.58605039644466e-07
50.0644451755805,5.49700469956942e-09,2.58113914485843e-07
50.1395043137748,5.47180319153274e-09,2.57949773621029e-07
50.214563451969,5.48551242991634e-09,2.57753345300899e-07
50.2896225901633,5.47023395614287e-09,2.57382058022477e-07
50.3646817283576,5.42852034174076e-09,2.57346926774366e-07
50.4397408665519,5.51588330292661e-09,2.57163825477954e-07
50.5148000047461,5.48094550429499e-09,2.5668046280664e-07
50.5898591429404,5.44509171107375e-09,2.56514963503286e-07
50.6649182811347,5.47068730932486e-09,2.56399989626096e-07
50.739977419329,5.49313159394682e-09,2.5592224275499e-07
50.8150365575232,5.39777628685103e-09,2.55707236851082e-07
50.8900956957175,5.47852285236695e-09,2.55873226008285e-07
50.9651548339118,5.47714590397513e-09,2.55680765216525e-07
51.0402139721061,5.47788081282675e-09,2.55200901619645e-07
51.1152731103003,5.48762527290379e-09,2.54738104229851e-07
51.1903322484946,5.47012146952008e-09,2.54469043196664e-07
51.2653913866889,5.46722143862874e-09,2.54350203688976e-07
51.3404505248831,5.46628253115638e-09,2.54034703951978e-07
51.4155096630774,5.42252862889605e-09,2.53698560511267e-07
51.4905688012717,5.42560537431443e-09,2.53490285831835e-07
51.565627939466,5.42167358639465e-09,2.53215787159278e-07
51.6406870776602,5.36996808953936e-09,2.53119648658934e-07
51.7157462158545,5.41632608753015e-09,2.53206476809766e-07
51.7908053540488,5.45988540961176e-09,2.52775305550466e-07
51.8658644922431,5.387347981317e-09,2.52300432781821e-07
51.9409236304373,5.40591340424222e-09,2.52397384560775e-07
52.0159827686316,5.40010766779282e-09,2.52006926026372e-07
52.0910419068259,5.39778412350716e-09,2.51503559474103e-07
52.1661010450202,5.29055719801617e-09,2.51825168383112e-07
52.2411601832144,5.48117535260375e-09,2.51868572821159e-07
52.3162193214087,5.43885074679659e-09,2.51260517399618e-07
52.391278459603,5.36453743743159e-09,2.50809487838128e-07
52.4663375977972,5.36006921398377e-09,2.50567785654058e-07
52.5413967359915,5.37754580835334e-09,2.50349281494545e-07
52.6164558741858,5.37724754308869e-09,2.5016943011298e-07
52.6915150123801,5.36646135821815e-09,2.49901495113964e-07
52.7665741505744,5.3165398885738e-09,2.49545801381342e-07
52.8416332887686,5.30903936842926e-09,2.49290441783175e-07
52.9166924269629,5.34269500164766e-09,2.49205386364218e-07
52.9917515651572,5.31259823122279e-09,2.49249432339051e-07
53.0668107033514,5.3444363677496e-09,2.48993253474679e-07
53.1418698415457,5.32217817684443e-09,2.48520982685255e-07
53.21692897974,5.29956885633161e-09,2.48433993889425e-07
53.2919881179343,5.31605671759699e-09,2.48302074398859e-07
53.3670472561285,5.29062120373502e-09,2.47870170937596e-07
53.4421063943228,5.30001135486269e-09,2.47741917676498e-07
53.5171655325171,5.27060131685959e-09,2.47910169103595e-07
53.5922246707114,5.34001937351505e-09,2.47657006834952e-07
53.6672838089056,5.28800633211985e-09,2.47155236216208e-07
53.7423429470999,5.26658184723075e-09,2.46931989452229e-07
53.8174020852942,5.25690129251801e-09,2.46683367222051e-07
53.8924612234884,5.27371177343166e-09,2.46445658082273e-07
53.9675203616827,5.26841363483003e-09,2.46327442854656e-07
54.042579499877,5.26867329131759e-09,2.4603198435881e-07
54.1176386380713,5.23314552067729e-09,2.45787034703653e-07
54.1926977762655,5.24002845582768e-09,2.45694665987464e-07
54.2677569144598,5.24552103659282e-09,2.45536128858558e-07
54.3428160526541,5.24051173438183e-09,2.45346668021946e-07
54.4178751908484,5.24070341163597e-09,2.45128804507181e-07
54.4929343290426,5.23579523997336e-09,2.44884510901688e-07
54.5679934672369,5.22127774000702e-09,2.44730149041088e-07
54.6430526054312,5.21762024335572e-09,2.44537154561165e-07
54.7181117436255,5.21185681720366e-09,2.44256727486385e-07
54.7931708818197,5.22513763614232e-09,2.44176637974447e-07
54.868230020014,5.2047468179712e-09,2.44049211775706e-07
54.9432891582083,5.21689515355753e-09,2.43722107513818e-07
55.0183482964026,5.19713744516123e-09,2.43567328787636e-07
55.0934074345968,5.19984809146933e-09,2.43398268738406e-07
55.1684665727911,5.18150169675616e-09,2.43142049982031e-07
55.2435257109854,5.19968025385521e-09,2.43021862417907e-07
55.3185848491797,5.18314706075921e-09,2.42863727268947e-07
55.3936439873739,5.19126467696509e-09,2.42624996702583e-07
55.4687031255682,5.17891608540833e-09,2.42476332237338e-07
55.5437622637625,5.17945639431778e-09,2.4229183312334e-07
55.6188214019567,5.14857116189976e-09,2.41995956137655e-07
55.693880540151,5.17969598196078e-09,2.41876681572791e-07
55.7689396783453,5.16078897876732e-09,2.41761392002036e-07
55.8439988165396,5.17624366972963e-09,2.41477470290975e-07
55.9190579547338,5.14597087032284e-09,2.41368827931462e-07
55.9941170929281,5.16390745305664e-09,2.41240868002579e-07
56.0691762311224,5.12604057160018e-09,2.40927036100336e-07
56.1442353693167,5.14271921022691e-09,2.40731718553611e-07
56.2192945075109,5.16919995251487e-09,2.40639355067599e-07
56.2943536457052,5.13658217594021e-09,2.40528245627076e-07
56.3694127838995,5.12176731836978e-09,2.40383107290847e-07
56.4444719220938,5.12824874759719e-09,2.40178421280103e-07
56.519531060288,5.12477062064464e-09,2.39987363135992e-07
56.5945901984823,5.13455601474812e-09,2.3987375798043e-07
56.6696493366766,5.11668882158578e-09,2.3972395119782e-07
56.7447084748709,5.10613486883911e-09,2.39562698381307e-07
56.8197676130651,5.12161101609373e-09,2.393659196006e-07
56.8948267512594,5.11440871297891e-09,2.39026799916418e-07
56.9698858894537,5.08681808920514e-09,2.3891449187015e-07
57.0449450276479,5.11260923316426e-09,2.38901876575152e-07
57.1200041658422,5.0889946265377e-09,2.38641026670923e-07
57.1950633040365,5.10912373299452e-09,2.38475826337269e-07
57.2701224422308,5.07625551031483e-09,2.38401385029128e-07
57.345181580425,5.11193437002408e-09,2.38180633292995e-07
57.4202407186193,5.05126523990478e-09,2.37905737713146e-07
57.4952998568136,5.07195171494923e-09,2.37748314695159e-07
57.5703589950079,5.1078189155701e-09,2.37697193735337e-07
57.6454181332021,5.07147176121312e-09,2.37593338016878e-07
57.7204772713964,5.05319449562789e-09,2.37449286667388e-07
57.7955364095907,5.0559031533349e-09,2.37279349256664e-07
57.870595547785,5.05669825205847e-09,2.37131815847369e-07
57.9456546859792,5.07493138830911e-09,2.37023048619544e-07
58.0207138241735,5.05634365558483e-09,2.36855473436093e-07
58.0957729623678,5.03243109569169e-09,2.36642251987032e-07
58.1708321005621,5.06093505551587e-09,2.36427836021343e-07
58.2458912387563,5.04538054665415e-09,2.36285246339884e-07
58.3209503769506,5.0261185243529e-09,2.36190616794695e-07
58.3960095151449,5.04767368260029e-09,2.36048618870302e-07
58.4710686533391,5.02779093044191e-09,2.35851035803053e-07
58.5461277915334,5.04023676065349e-09,2.35733280097132e-07
58.6211869297277,5.0110086998583e-09,2.356415209352e-07
58.696246067922,5.05690405867419e-09,2.35342507717532e-07
58.7713052061162,4.98553658391393e-09,2.35160615337917e-07
58.8463643443105,5.01107613246798e-09,2.3518035058168e-07
58.9214234825048,5.03180244651159e-09,2.35056492840164e-07
58.9964826206991,5.02050811533818e-09,2.34900301315975e-07
59.0715417588933,4.99637943370636e-09,2.34752733429069e-07
59.1466008970876,4.99904987395323e-09,2.34577466750336e-07
59.2216600352819,4.99073993817925e-09,2.34444075288157e-07
59.2967191734762,5.01286250352435e-09,2.34306891190952e-07
59.3717783116704,5.00006249384512e-09,2.34150675127925e-07
59.4468374498647,4.98827064185845e-09,2.33995045740328e-07
59.521896588059,4.98998004295135e-09,2.338489146989e-07
59.5969557262532,4.98398549828094e-09,2.3371298637354e-07
59.6720148644475,4.97707389829564e-09,2.3359906333329e-07
59.7470740026418,4.98627213896507e-09,2.33450255276387e-07
59.8221331408361,4.97805990265852e-09,2.33299140140703e-07
59.8971922790303,4.98075562668732e-09,2.33191033217189e-07
59.9722514172246,4.9630008946444e-09,2.33017064476201e-07
60.0473105554189,4.97633472346773e-09,2.3286802356788e-07
60.1223696936132,4.95507560904935e-09,2.32770963392463e-07
60.1974288318074,4.9666225948358e-09,2.32624156582097e-07
60.2724879700017,4.96000982253906e-09,2.32482663395649e-07
60.347547108196,4.96619429440368e-09,2.3235639857426e-07
60.4226062463903,4.94788955728916e-09,2.32220249898748e-07
60.4976653845845,4.95427512110405e-09,2.32074480837391e-07
60.5727245227788,4.94166464316561e-09,2.31955654667908e-07
60.6477836609731,4.94792784499876e-09,2.31825248223881e-07
60.7228427991674,4.9420520582311e-09,2.31688411860194e-07
60.7979019373616,4.95605315491931e-09,2.31595248947759e-07
60.8729610755559,4.92640986121557e-09,2.31434492479301e-07
60.9480202137502,4.93616542910894e-09,2.31284574225318e-07
61.0230793519444,4.92315626054304e-09,2.31182907122695e-07
61.0981384901387,4.93697002745551e-09,2.3103068396605e-07
61.173197628333,4.92424237309891e-09,2.30905245664653e-07
61.2482567665273,4.93664402228155e-09,2.30790505630843e-07
61.3233159047215,4.91998550205938e-09,2.30656234442145e-07
61.3983750429158,4.8978451280954e-09,2.3053378031666e-07
61.4734341811101,4.92218959263854e-09,2.30406808820239e-07
61.5484933193044,4.92392807320264e-09,2.30268668299513e-07
61.6235524574986,4.90660917825757e-09,2.30146483255414e-07
61.6986115956929,4.90884468585971e-09,2.30033619484818e-07
61.7736707338872,4.89565946898325e-09,2.29891309187704e-07
61.8487298720815,4.90841901593098e-09,2.29773846986986e-07
61.9237890102757,4.90380635443008e-09,2.29667042305887e-07
61.99884814847,4.88647655220917e-09,2.29564113879109e-07
62.0739072866643,4.89030058380708e-09,2.29454184903372e-07
62.1489664248586,4.91569600874926e-09,2.29287455264873e-07
62.2240255630528,4.87254661253586e-09,2.29172616474554e-07
62.2990847012471,4.89362701945779e-09,2.29070940940464e-07
62.3741438394414,4.86981657261854e-09,2.28948311980811e-07
62.4492029776356,4.89257961936745e-09,2.28837233685723e-07
62.5242621158299,4.86535036476243e-09,2.28707060188053e-07
62.5993212540242,4.90061090774883e-09,2.28633395924191e-07
62.6743803922185,4.87676078351587e-09,2.28520856271739e-07
62.7494395304127,4.83998449870765e-09,2.2834311949072e-07
62.824498668607,4.87521762701063e-09,2.28221219073981e-07
62.8995578068013,4.87987533614284e-09,2.2812554611973e-07
62.9746169449956,4.86621204128384e-09,2.28028392721578e-07
63.0496760831898,4.86051223286663e-09,2.27917011309301e-07
63.1247352213841,4.84776511947841e-09,2.27812660825558e-07
63.1997943595784,4.85856982163693e-09,2.27716783776129e-07
63.2748534977727,4.86777192681571e-09,2.27601541112515e-07
63.3499126359669,4.84060977907945e-09,2.27477149817878e-07
63.4249717741612,4.84644478569184e-09,2.27377074052862e-07
63.5000309123555,4.86339210364974e-09,2.27282792293864e-07
63.5750900505498,4.83418761124266e-09,2.27154584044029e-07
63.650149188744,4.84928036556259e-09,2.27062774187278e-07
63.7252083269383,4.8296013209851e-09,2.26951167262773e-07
63.8002674651326,4.84967585997189e-09,2.26834057242137e-07
63.8753266033268,4.81851597199986e-09,2.26771555560927e-07
63.9503857415211,4.85729853408791e-09,2.2662439149075e-07
64.0254448797154,4.83290229143845e-09,2.26493030996619e-07
64.1005040179097,4.81072913146859e-09,2.26431725590567e-07
64.1755631561039,4.82511840754016e-09,2.26338809594523e-07
64.2506222942982,4.83567754229553e-09,2.26244391586284e-07
64.3256814324925,4.82629275987103e-09,2.26137128281475e-07
64.4007405706868,4.82388767066044e-09,2.26036782579401e-07
64.475799708881,4.80817337436052e-09,2.25934265919574e-07
64.5508588470753,4.81501911329694e-09,2.2582430434867e-07
64.6259179852696,4.82018956971458e-09,2.25736220243825e-07
64.7009771234639,4.80967080675817e-09,2.25642778966332e-07
64.7760362616581,4.81144683592355e-09,2.25540716528593e-07
64.8510953998524,4.81332617158769e-09,2.2543718738633e-07
64.9261545380467,4.80031688205165e-09,2.25352340570501e-07
65.001213676241,4.80456995974459e-09,2.25255867964422e-07
65.0762728144352,4.79706477571731e-09,2.25160679778936e-07
65.1513319526295,4.80679229949941e-09,2.25076004784203e-07
65.2263910908238,4.79174136874817e-09,2.2496815976938e-07
65.301450229018,4.80535927787529e-09,2.24886178443286e-07
65.3765093672123,4.79006241094636e-09,2.24796303328502e-07
65.4515685054066,4.79004019580107e-09,2.24698005688883e-07
65.5266276436009,4.78332921613109e-09,2.24609482099252e-07
65.6016867817951,4.79433740884838e-09,2.24509612825911e-07
65.6767459199894,4.78474295054601e-09,2.24428193327298e-07
65.7518050581837,4.78996056115864e-09,2.24332889256786e-07
65.826864196378,4.77940534094459e-09,2.24244671437645e-07
65.9019233345722,4.77916182705191e-09,2.24158433829092e-07
65.9769824727665,4.76719103445277e-09,2.2406940065527e-07
66.0520416109608,4.7867792944484e-09,2.2400156279846e-07
66.127100749155,4.77503175574475e-09,2.23901963889904e-07
66.2021598873493,4.77695402316581e-09,2.23816732286752e-07
66.2772190255436,4.76576573783372e-09,2.23735260291351e-07
66.3522781637379,4.76764153349726e-09,2.23639185164379e-07
66.4273373019321,4.76158047277589e-09,2.23565490238905e-07
66.5023964401264,4.7669282944152e-09,2.23470239306914e-07
66.5774555783207,4.77807507715506e-09,2.23378019167131e-07
66.652514716515,4.75437371454542e-09,2.23309081119349e-07
66.7275738547092,4.75161158888531e-09,2.23238354665146e-07
66.8026329929035,4.76418045506078e-09,2.23149996961894e-07
66.8776921310978,4.75439879263285e-09,2.23064380554416e-07
66.9527512692921,4.75911544748927e-09,2.22989604563231e-07
67.0278104074863,4.74770589034279e-09,2.22900647250927e-07
67.1028695456806,4.7513106411085e-09,2.22822958923751e-07
67.1779286838749,4.75719141534747e-09,2.22748936079214e-07
67.2529878220692,4.74975081358895e-09,2.22686731350557e-07
67.3280469602634,4.72479834322668e-09,2.22600630998021e-07
67.4031060984577,4.76064213109126e-09,2.2249572390987e-07
67.478165236652,4.73938197391474e-09,2.22441231694463e-07
67.5532243748463,4.74993860706076e-09,2.22358090353902e-07
67.6282835130405,4.73183029935841e-09,2.22281304837045e-07
67.7033426512348,4.74202896889424e-09,2.22219579504711e-07
67.7784017894291,4.72347196608318e-09,2.22122182456288e-07
67.8534609276233,4.73444389624623e-09,2.22075678854438e-07
67.9285200658176,4.7585152327171e-09,2.22019849661248e-07
68.0035792040119,4.71964463768139e-09,2.21919594826053e-07
68.0786383422062,4.71961809940241e-09,2.21836542673478e-07
68.1536974804004,4.73142799703095e-09,2.21768232704364e-07
68.2287566185947,4.72968612122549e-09,2.21702345680686e-07
68.303815756789,4.73109938000947e-09,2.21629720788414e-07
68.3788748949833,4.72009986601961e-09,2.21567669254274e-07
68.4539340331775,4.71463923509843e-09,2.21506483763613e-07
68.5289931713718,4.73249723492893e-09,2.21428790702625e-07
68.6040523095661,4.72110097596011e-09,2.21340533090584e-07
68.6791114477604,4.7007822927053e-09,2.2128704194528e-07
68.7541705859546,4.72915266423574e-09,2.21238230264175e-07
68.8292297241489,4.71040425822248e-09,2.2115248879355e-07
68.9042888623432,4.72313766767082e-09,2.21098862889246e-07
68.9793480005374,4.70348079355183e-09,2.21027201302721e-07
69.0544071387317,4.71990154155968e-09,2.20956848116805e-07
69.129466276926,4.69284934728562e-09,2.20916617031465e-07
69.2045254151203,4.70872923682897e-09,2.20820946027141e-07
69.2795845533146,4.72620828473588e-09,2.20747408085733e-07
69.3546436915088,4.70099167223458e-09,2.20702910427521e-07
69.4297028297031,4.69449764031409e-09,2.20645795543771e-07
69.5047619678974,4.70125228978218e-09,2.20590123365699e-07
69.5798211060916,4.70215754236284e-09,2.20522819231313e-07
69.6548802442859,4.70669412766451e-09,2.20468094218502e-07
69.7299393824802,4.69923258476697e-09,2.20401930875591e-07
69.8049985206745,4.69117039696965e-09,2.20332838345944e-07
69.8800576588687,4.70045706355793e-09,2.20281305010982e-07
69.955116797063,4.69394464756776e-09,2.20227992617237e-07
70.0301759352573,4.68765824097157e-09,2.2016500110275e-07
70.1052350734516,4.69798058392228e-09,2.2010027251323e-07
70.1802942116458,4.69028410039814e-09,2.20050818618157e-07
70.2553533498401,4.69421859908215e-09,2.19989054904908e-07
70.3304124880344,4.68310992895016e-09,2.19937278673159e-07
70.4054716262286,4.69129712754488e-09,2.19884243142288e-07
70.4805307644229,4.67864540087313e-09,2.19819330652903e-07
70.5555899026172,4.68808715344848e-09,2.19779251884844e-07
70.6306490408115,4.68757554263755e-09,2.19723058700055e-07
70.7057081790057,4.68646116406769e-09,2.19669745016327e-07
70.7807673172,4.6762480619424e-09,2.19616150494436e-07
70.8558264553943,4.6800520247788e-09,2.19556404798296e-07
70.9308855935886,4.67569724272357e-09,2.19511811990248e-07
71.0059447317828,4.68091571982826e-09,2.19452083330665e-07
71.0810038699771,4.679733183456e-09,2.1940350332003e-07
71.1560630081714,4.68262088630848e-09,2.19349018211878e-07
71.2311221463656,4.66620172187283e-09,2.19301404839508e-07
71.3061812845599,4.67231910761545e-09,2.19266358782573e-07
71.3812404227542,4.67260072337343e-09,2.19206830574959e-07
71.4562995609485,4.67468505533855e-09,2.19165646816992e-07
71.5313586991428,4.67369482118217e-09,2.19116651477473e-07
71.606417837337,4.67090387933612e-09,2.19065287004446e-07
71.6814769755313,4.66738076303594e-09,2.19027364867969e-07
71.7565361137256,4.65740510980719e-09,2.1896822467051e-07
71.8315952519198,4.67442661151009e-09,2.18915531343453e-07
71.9066543901141,4.67128227544726e-09,2.18879327391508e-07
71.9817135283084,4.65782582146838e-09,2.18844545933173e-07
72.0567726665027,4.66704930944516e-09,2.18793091328482e-07
72.1318318046969,4.66120419616083e-09,2.18748464470968e-07
72.2068909428912,4.66514990454118e-09,2.18708476403917e-07
72.2819500810855,4.65842726619142e-09,2.18658218196611e-07
72.3570092192798,4.65461646123609e-09,2.18617546848449e-07
72.432068357474,4.66086997534675e-09,2.1857980606491e-07
72.5071274956683,4.67682466536469e-09,2.18559839532968e-07
72.5821866338626,4.64039590242804e-09,2.18505959912615e-07
72.6572457720569,4.65752754477471e-09,2.18445558395661e-07
72.7323049102511,4.65271180991832e-09,2.18425169917959e-07
72.8073640484454,4.65990808979009e-09,2.18371969274106e-07
72.8824231866397,4.65543371202644e-09,2.18338868724874e-07
72.9574823248339,4.6581556520759e-09,2.18304926706298e-07
73.0325414630282,4.65258249753587e-09,2.18246545996629e-07
73.1076006012225,4.63028327358993e-09,2.18237385011267e-07
73.1826597394168,4.66632458396459e-09,2.18214105060754e-07
73.2577188776111,4.65744590531356e-09,2.18160528509414e-07
73.3327780158053,4.64275989239035e-09,2.18115773140276e-07
73.4078371539996,4.64656433502578e-09,2.18082710167706e-07
73.4828962921939,4.6465062432085e-09,2.18050376211004e-07
73.5579554303881,4.65071115515766e-09,2.18013364681967e-07
73.6330145685824,4.64997260102466e-09,2.17987589321467e-07
73.7080737067767,4.63493688314422e-09,2.179630564789e-07
73.783132844971,4.6457507765161e-09,2.17921817039047e-07
73.8581919831652,4.66206066623169e-09,2.17867062776213e-07
73.9332511213595,4.62884817733855e-09,2.17851603938363e-07
74.0083102595538,4.64551049863043e-09,2.17832994352637e-07
74.083369397748,4.63608657415276e-09,2.17787809964041e-07
74.1584285359423,4.64834148375057e-09,2.17773621307025e-07
74.2334876741366,4.63818028563206e-09,2.17733194232429e-07
74.3085468123309,4.64991091121626e-09,2.17707339433389e-07
74.3836059505252,4.63860177113742e-09,2.17698898399686e-07
74.4586650887194,4.62021436545101e-09,2.17641605821338e-07
74.5337242269137,4.64839920848688e-09,2.17607350485744e-07
74.608783365108,4.64533343652459e-09,2.17588377835011e-07
74.6838425033022,4.63640160460379e-09,2.17567501429906e-07
74.7589016414965,4.63377185219891e-09,2.17545471874714e-07
74.8339607796908,4.63316289935202e-09,2.17516250534833e-07
74.9090199178851,4.63576588795953e-09,2.17499250132049e-07
74.9840790560793,4.64074622401536e-09,2.17467825898838e-07
75.0591381942736,4.62881480319073e-09,2.17437100199922e-07
75.1341973324679,4.63583843744738e-09,2.17420018521102e-07
75.2092564706622,4.64022059484044e-09,2.17404589448356e-07
75.2843156088564,4.62691640889078e-09,2.17376175352912e-07
75.3593747470507,4.632947432985e-09,2.17348774911383e-07
75.434433885245,4.62891015527557e-09,2.17332948869289e-07
75.5094930234392,4.63634499570819e-09,2.173037959235e-07
75.5845521616335,4.62978128337888e-09,2.17289848078065e-07
75.6596112998278,4.63639780315259e-09,2.17266830015238e-07
75.7346704380221,4.62784123958962e-09,2.17240143556419e-07
75.8097295762163,4.62458880407923e-09,2.17233968215626e-07
75.8847887144106,4.62901260145404e-09,2.17212450967781e-07
75.9598478526049,4.63386150556499e-09,2.17199543936205e-07
76.0349069907992,4.63046951354557e-09,2.17178821279458e-07
76.1099661289934,4.62975353956803e-09,2.17159087756323e-07
76.1850252671877,4.62581130463549e-09,2.17147527634373e-07
76.260084405382,4.62410442691595e-09,2.17123287695485e-07
76.3351435435763,4.62476238204696e-09,2.17110527379409e-07
76.4102026817705,4.63435740056836e-09,2.17085919708891e-07
76.4852618199648,4.62902786422629e-09,2.1707596106215e-07
76.5603209581591,4.62360404110435e-09,2.17070495286759e-07
76.6353800963534,4.62551759475083e-09,2.17048181074153e-07
76.7104392345476,4.62216041581194e-09,2.17043883181617e-07
76.7854983727419,4.62727907424988e-09,2.17027383718334e-07
76.8605575109362,4.62602196703908e-09,2.17016624804722e-07
76.9356166491305,4.63285352199582e-09,2.17011899275225e-07
77.0106757873247,4.61766899670061e-09,2.16990069337505e-07
77.085734925519,4.62146420396251e-09,2.16973009050105e-07
77.1607940637133,4.63125129303293e-09,2.16969049279509e-07
77.2358532019075,4.61978145974766e-09,2.16967342653551e-07
77.3109123401018,4.62436028486178e-09,2.16949962332012e-07
77.3859714782961,4.62360223170347e-09,2.16942796744747e-07
77.4610306164904,4.62725868816647e-09,2.16934019285751e-07
77.5360897546846,4.62678410874071e-09,2.16919845358812e-07
77.6111488928789,4.61862067454205e-09,2.16910860472598e-07
77.6862080310732,4.60875831052093e-09,2.16908644178123e-07
77.7612671692675,4.64106710801632e-09,2.169278366623e-07
77.8363263074617,4.62363003504231e-09,2.16905449823918e-07
77.911385445656,4.61976883272312e-09,2.16888228939421e-07
77.9864445838503,4.6210784775898e-09,2.1689831782589e-07
78.0615037220446,4.61809696903958e-09,2.16877476688886e-07
78.1365628602388,4.6239418716872e-09,2.16883825060385e-07
78.2116219984331,4.62159296618844e-09,2.16875664524164e-07
78.2866811366274,4.63998382301746e-09,2.1685470817762e-07
78.3617402748217,4.60521787061762e-09,2.16877812034834e-07
78.4367994130159,4.61842529541441e-09,2.16885991252619e-07
78.5118585512102,4.63132618965538e-09,2.16873314512329e-07
78.5869176894045,4.6220138099681e-09,2.16864313357149e-07
78.6619768275987,2.31021150312758e-09,1.08433171945998e-07
