uv1     ,       uv2     ,       uv3     ,       uv4     ,       uv5     ,       uv6     
timestep:         0.0105894777265745
yAxisLabel:vertical DOF [m]     
title:bogies vertical DOF  
  0.0000000000000000,         0.0000000000000000,         0.0000000000000000,         0.0000000000000000,         0.0000000000000000,         0.0000000000000000
  0.0000000000000000,         0.0000000000000000,         0.0000000000000000,         0.0000000000000000,         0.0000000000000000,         0.0000000000000000
 -0.0000000665127867,         0.0000000000000000,         0.0000000000000000,         0.0000000000000000,         0.0000000000000000,         0.0000000000000000
 -0.0000004580672959,         0.0000000000000000,         0.0000000000000000,         0.0000000000000000,         0.0000000000000000,         0.0000000000000000
 -0.0000016286156669,         0.0000000000000000,         0.0000000000000000,         0.0000000000000000,         0.0000000000000000,         0.0000000000000000
 -0.0000040953801187,         0.0000000000000000,         0.0000000000000000,         0.0000000000000000,         0.0000000000000000,         0.0000000000000000
 -0.0000082714648895,         0.0000000000000000,         0.0000000000000000,         0.0000000000000000,         0.0000000000000000,         0.0000000000000000
 -0.0000144483742158,         0.0000000000000000,         0.0000000000000000,         0.0000000000000000,         0.0000000000000000,         0.0000000000000000
 -0.0000229406845509,         0.0000000000000000,         0.0000000000000000,         0.0000000000000000,         0.0000000000000000,         0.0000000000000000
 -0.0000340170705944,         0.0000000000000000,         0.0000000000000000,         0.0000000000000000,         0.0000000000000000,         0.0000000000000000
 -0.0000477729647734,         0.0000000000000000,         0.0000000000000000,         0.0000000000000000,         0.0000000000000000,         0.0000000000000000
 -0.0000642653577502,         0.0000000000000000,         0.0000000000000000,         0.0000000000000000,         0.0000000000000000,         0.0000000000000000
 -0.0000836270430209,         0.0000000000000000,         0.0000000000000000,         0.0000000000000000,         0.0000000000000000,         0.0000000000000000
 -0.0001060541716247,         0.0000000000000000,         0.0000000000000000,         0.0000000000000000,         0.0000000000000000,         0.0000000000000000
 -0.0001318321373567,         0.0000000000000000,         0.0000000000000000,         0.0000000000000000,         0.0000000000000000,         0.0000000000000000
 -0.0001613710874159,         0.0000000000000000,         0.0000000000000000,         0.0000000000000000,         0.0000000000000000,         0.0000000000000000
 -0.0001952466940072,         0.0000000000000000,         0.0000000000000000,         0.0000000000000000,         0.0000000000000000,         0.0000000000000000
 -0.0002341769321949,         0.0000000000000000,         0.0000000000000000,         0.0000000000000000,         0.0000000000000000,         0.0000000000000000
 -0.0002788583650655,         0.0000000000000000,         0.0000000000000000,         0.0000000000000000,         0.0000000000000000,         0.0000000000000000
 -0.0003298869884217,         0.0000000000000000,         0.0000000000000000,         0.0000000000000000,         0.0000000000000000,         0.0000000000000000
 -0.0003878155198758,         0.0000000000000000,         0.0000000000000000,         0.0000000000000000,         0.0000000000000000,         0.0000000000000000
 -0.0004530987689332,         0.0000000000000000,         0.0000000000000000,         0.0000000000000000,         0.0000000000000000,         0.0000000000000000
 -0.0005259834018007,         0.0000000000000000,         0.0000000000000000,         0.0000000000000000,         0.0000000000000000,         0.0000000000000000
 -0.0006065545665220,         0.0000000000000000,         0.0000000000000000,         0.0000000000000000,         0.0000000000000000,         0.0000000000000000
 -0.0006948534903671,         0.0000000000000000,         0.0000000000000000,         0.0000000000000000,         0.0000000000000000,         0.0000000000000000
 -0.0007909207899026,         0.0000000000000000,         0.0000000000000000,         0.0000000000000000,         0.0000000000000000,         0.0000000000000000
 -0.0008947596444273,         0.0000000000000000,         0.0000000000000000,         0.0000000000000000,         0.0000000000000000,         0.0000000000000000
 -0.0010063222879412,         0.0000000000000000,         0.0000000000000000,         0.0000000000000000,         0.0000000000000000,         0.0000000000000000
 -0.0011256254515792,         0.0000000000000000,         0.0000000000000000,         0.0000000000000000,         0.0000000000000000,         0.0000000000000000
 -0.0012528570156854,         0.0000000000000000,         0.0000000000000000,         0.0000000000000000,         0.0000000000000000,         0.0000000000000000
 -0.0013883353456606,         0.0000000000000000,         0.0000000000000000,         0.0000000000000000,         0.0000000000000000,         0.0000000000000000
 -0.0015324698481795,         0.0000000000000000,         0.0000000000000000,         0.0000000000000000,         0.0000000000000000,         0.0000000000000000
 -0.0016857521267973,         0.0000000000000000,         0.0000000000000000,         0.0000000000000000,         0.0000000000000000,         0.0000000000000000
 -0.0018486573238192,         0.0000000000000000,         0.0000000000000000,         0.0000000000000000,         0.0000000000000000,         0.0000000000000000
 -0.0020215262720557,         0.0000000000000000,         0.0000000000000000,         0.0000000000000000,         0.0000000000000000,         0.0000000000000000
 -0.0022045389771464,         0.0000000000000000,         0.0000000000000000,         0.0000000000000000,         0.0000000000000000,         0.0000000000000000
 -0.0023977395465902,        -0.0000020142593054,         0.0000000000000000,         0.0000000000000000,         0.0000000000000000,         0.0000000000000000
 -0.0026010623012628,        -0.0000083397426926,         0.0000000000000000,         0.0000000000000000,         0.0000000000000000,         0.0000000000000000
 -0.0028143413357323,        -0.0000197247115884,         0.0000000000000000,         0.0000000000000000,         0.0000000000000000,         0.0000000000000000
 -0.0030373207978734,        -0.0000370728720543,         0.0000000000000000,         0.0000000000000000,         0.0000000000000000,         0.0000000000000000
 -0.0032697500704277,        -0.0000613140816535,        -0.0000023814352908,         0.0000000000000000,         0.0000000000000000,         0.0000000000000000
 -0.0035115239544861,        -0.0000933645546058,        -0.0000100441162778,         0.0000000000000000,         0.0000000000000000,         0.0000000000000000
 -0.0037627161529757,        -0.0001343110174867,        -0.0000242130134534,         0.0000000000000000,         0.0000000000000000,         0.0000000000000000
 -0.0040234728698555,        -0.0001855018561681,        -0.0000462959010150,         0.0000000000000000,         0.0000000000000000,         0.0000000000000000
 -0.0042938690861749,        -0.0002481592559119,        -0.0000777310671598,         0.0000000000000000,         0.0000000000000000,         0.0000000000000000
 -0.0045738704529586,        -0.0003231008288199,        -0.0001197480489072,         0.0000000000000000,         0.0000000000000000,         0.0000000000000000
 -0.0048634544871512,        -0.0004110564627700,        -0.0001733894962273,         0.0000000000000000,         0.0000000000000000,         0.0000000000000000
 -0.0051627227890286,        -0.0005128461603789,        -0.0002396682773736,         0.0000000000000000,         0.0000000000000000,         0.0000000000000000
 -0.0054718624318745,        -0.0006291508791332,        -0.0003194130588303,         0.0000000000000000,         0.0000000000000000,         0.0000000000000000
 -0.0057910366425128,        -0.0007604865645775,        -0.0004131371611897,         0.0000000000000000,         0.0000000000000000,         0.0000000000000000
 -0.0061202944632282,        -0.0009073990438108,        -0.0005212091152461,         0.0000000000000000,         0.0000000000000000,         0.0000000000000000
 -0.0064594436643397,        -0.0010705936307799,        -0.0006440133355919,         0.0000000000000000,         0.0000000000000000,         0.0000000000000000
 -0.0068079582223177,        -0.0012508958360761,        -0.0007820568864214,         0.0000000000000000,         0.0000000000000000,         0.0000000000000000
 -0.0071651042794680,        -0.0014490961612082,        -0.0009360304312293,         0.0000000000000000,         0.0000000000000000,         0.0000000000000000
 -0.0075301171644579,        -0.0016659369643275,        -0.0011067607933752,         0.0000000000000000,         0.0000000000000000,         0.0000000000000000
 -0.0079021828935915,        -0.0019021420572152,        -0.0012952005090286,         0.0000000000000000,         0.0000000000000000,         0.0000000000000000
 -0.0082803971132372,        -0.0021581841938839,        -0.0015023085884196,         0.0000000000000000,         0.0000000000000000,         0.0000000000000000
 -0.0086638868637957,        -0.0024340813694520,        -0.0017287652550625,         0.0000000000000000,         0.0000000000000000,         0.0000000000000000
 -0.0090518955752715,        -0.0027295497072659,        -0.0019748980167287,         0.0000000000000000,         0.0000000000000000,         0.0000000000000000
 -0.0094437551605014,        -0.0030441717235600,        -0.0022407887110029,         0.0000000000000000,         0.0000000000000000,         0.0000000000000000
 -0.0098388794922974,        -0.0033773418651917,        -0.0025262466643891,         0.0000000000000000,         0.0000000000000000,         0.0000000000000000
 -0.0102367791474979,        -0.0037282476702026,        -0.0028307672114483,         0.0000000000000000,         0.0000000000000000,         0.0000000000000000
 -0.0106370910747004,        -0.0040960315224121,        -0.0031536815366593,         0.0000000000000000,         0.0000000000000000,         0.0000000000000000
 -0.0110395356618226,        -0.0044799534253171,        -0.0034943130147067,         0.0000000000000000,         0.0000000000000000,         0.0000000000000000
 -0.0114436914814393,        -0.0048794290628949,        -0.0038519890744679,         0.0000000000000000,         0.0000000000000000,         0.0000000000000000
 -0.0118488989869987,        -0.0052940087972781,        -0.0042260086948649,         0.0000000000000000,         0.0000000000000000,         0.0000000000000000
 -0.0122543893775686,        -0.0057234675589605,        -0.0046157050802413,         0.0000000000000000,         0.0000000000000000,         0.0000000000000000
 -0.0126593072676351,        -0.0061679248045394,        -0.0050207032339829,         0.0000000000000000,         0.0000000000000000,         0.0000000000000000
 -0.0130626973099469,        -0.0066276411669624,        -0.0054410560644196,         0.0000000000000000,         0.0000000000000000,         0.0000000000000000
 -0.0134635891197559,        -0.0071026592041587,        -0.0058769749934657,         0.0000000000000000,         0.0000000000000000,         0.0000000000000000
 -0.0138610985211072,        -0.0075928109327100,        -0.0063286397196249,         0.0000000000000000,         0.0000000000000000,         0.0000000000000000
 -0.0142545120626612,        -0.0080978848985710,        -0.0067962632166167,         0.0000000000000000,         0.0000000000000000,         0.0000000000000000
 -0.0146432677531304,        -0.0086175641853093,        -0.0072800138914499,        -0.0000047063806876,         0.0000000000000000,         0.0000000000000000
 -0.0150268738989662,        -0.0091513201587999,        -0.0077798579841829,        -0.0000191973491927,         0.0000000000000000,         0.0000000000000000
 -0.0154049203286404,        -0.0096984117829480,        -0.0082955025632958,        -0.0000444970407115,         0.0000000000000000,         0.0000000000000000
 -0.0157770976308392,        -0.0102579983883186,        -0.0088264022614584,        -0.0000818002574169,         0.0000000000000000,         0.0000000000000000
 -0.0161430893261516,        -0.0108292574506288,        -0.0093718687663633,        -0.0001323297647631,        -0.0000049351785040,         0.0000000000000000
 -0.0165024384416387,        -0.0114114010334912,        -0.0099312117006869,        -0.0001972193574011,        -0.0000203590303518,         0.0000000000000000
 -0.0168544737646829,        -0.0120037918352615,        -0.0105038535731870,        -0.0002776570948216,        -0.0000477540793055,         0.0000000000000000
 -0.0171982087543045,        -0.0126061198126832,        -0.0110894117903314,        -0.0003750471435994,        -0.0000887226558551,         0.0000000000000000
 -0.0175323204332430,        -0.0132182998596583,        -0.0116875768879368,        -0.0004907562125406,        -0.0001449144003885,         0.0000000000000000
 -0.0178552646789454,        -0.0138402104283396,        -0.0122979292088541,        -0.0006257953120947,        -0.0002178127211214,         0.0000000000000000
 -0.0181653971238885,        -0.0144716192474339,        -0.0129200397124309,        -0.0007810123875518,        -0.0003086513821711,         0.0000000000000000
 -0.0184611060180157,        -0.0151122202518197,        -0.0135536563917765,        -0.0009573434863109,        -0.0004185966393887,         0.0000000000000000
 -0.0187409060944509,        -0.0157615467250920,        -0.0141986038609834,        -0.0011557135722720,        -0.0005487526313272,         0.0000000000000000
 -0.0190035274052749,        -0.0164188827627454,        -0.0148545731389708,        -0.0013769603882755,        -0.0007000290989932,         0.0000000000000000
 -0.0192480122120761,        -0.0170833091488362,        -0.0155210423398800,        -0.0016218638894199,        -0.0008731320983682,         0.0000000000000000
 -0.0194736295294907,        -0.0177537434486611,        -0.0161972777326430,        -0.0018911909482576,        -0.0010685897359894,         0.0000000000000000
 -0.0196797501819685,        -0.0184289220982110,        -0.0168823504235836,        -0.0021856373003804,        -0.0012868653137208,         0.0000000000000000
 -0.0198658802522874,        -0.0191074305279917,        -0.0175751476833025,        -0.0025055748768759,        -0.0015284104337816,         0.0000000000000000
 -0.0200318166538229,        -0.0197878483740304,        -0.0182744129654852,        -0.0028509989024154,        -0.0017935595324743,         0.0000000000000000
 -0.0201777768013689,        -0.0204688312239128,        -0.0189787995602206,        -0.0032217661866914,        -0.0020825812645351,         0.0000000000000000
 -0.0203042615070802,        -0.0211490351791021,        -0.0196868459888800,        -0.0036176298358473,        -0.0023957583208987,         0.0000000000000000
 -0.0204118286529620,        -0.0218270322423889,        -0.0203969197522904,        -0.0040380287731990,        -0.0027332288814119,         0.0000000000000000
 -0.0205009500562286,        -0.0225013662873610,        -0.0211072078995695,        -0.0044820670683738,        -0.0030948344118155,         0.0000000000000000
 -0.0205718526112019,        -0.0231708234072563,        -0.0218158883609882,        -0.0049487301518004,        -0.0034801817338816,         0.0000000000000000
 -0.0206245491957149,        -0.0238345792635836,        -0.0225214486386250,        -0.0054370197569843,        -0.0038887473638910,         0.0000000000000000
 -0.0206590239269911,        -0.0244919929264570,        -0.0232227364713922,        -0.0059458647510075,        -0.0043198433539146,         0.0000000000000000
 -0.0206751732257983,        -0.0251424510429581,        -0.0239188216669101,        -0.0064739723973460,        -0.0047724848934448,         0.0000000000000000
 -0.0206726609914800,        -0.0257852807092481,        -0.0246089780254276,        -0.0070199712681409,        -0.0052453775224778,         0.0000000000000000
 -0.0206509850679641,        -0.0264196339383576,        -0.0252925928494846,        -0.0075828062769941,        -0.0057372513612650,         0.0000000000000000
 -0.0206095786908232,        -0.0270445794492567,        -0.0259690271092417,        -0.0081618129406511,        -0.0062471640055757,         0.0000000000000000
 -0.0205478958791852,        -0.0276591418823517,        -0.0266375918355246,        -0.0087565454885732,        -0.0067743799043751,         0.0000000000000000
 -0.0204655200926784,        -0.0282621351265780,        -0.0272974520822382,        -0.0093667170059023,        -0.0073182812673316,         0.0000000000000000
 -0.0203621751411669,        -0.0288521573650343,        -0.0279475150674892,        -0.0099920592644740,        -0.0078784477594605,         0.0000000000000000
 -0.0202377333241385,        -0.0294277220823357,        -0.0285864663504065,        -0.0106322315348579,        -0.0084546683889256,         0.0000000000000000
 -0.0200923220612573,        -0.0299873132346018,        -0.0292128257407495,        -0.0112869471064307,        -0.0090470053387486,         0.0000000000000000
 -0.0199262443649088,        -0.0305294677157195,        -0.0298250321730433,        -0.0119559261376423,        -0.0096556560308407,         0.0000000000000000
 -0.0197397798729959,        -0.0310528468473400,        -0.0304215540586755,        -0.0126386499169447,        -0.0102805745977589,         0.0000000000000000
 -0.0195331196060390,        -0.0315562681546287,        -0.0310009034052236,        -0.0133342208100443,        -0.0109213401423888,        -0.0000054830009778
 -0.0193062310930081,        -0.0320388575295673,        -0.0315617084045109,        -0.0140413733440860,        -0.0115772087609168,        -0.0000222956740781
 -0.0190587835585884,        -0.0325001428194035,        -0.0321029209422726,        -0.0147586680490446,        -0.0122471451303726,        -0.0000514588883163
 -0.0187902933839007,        -0.0329398445844762,        -0.0326238490125141,        -0.0154847055192435,        -0.0129299671924541,        -0.0000940946428631
 -0.0185002689983685,        -0.0333576867329911,        -0.0331239622052629,        -0.0162180798549264,        -0.0136244454219759,        -0.0001513142006478
 -0.0181883850459585,        -0.0337532692250307,        -0.0336027347333208,        -0.0169573525916215,        -0.0143292276924172,        -0.0002240376627702
 -0.0178546152667500,        -0.0341258052930321,        -0.0340594858311293,        -0.0177012939464457,        -0.0150429255228516,        -0.0003129310111759
 -0.0174991968280205,        -0.0344740550600864,        -0.0344932456958010,        -0.0184489997773707,        -0.0157643206869843,        -0.0004186100940101
 -0.0171226670556606,        -0.0347964613094636,        -0.0349027789286689,        -0.0191997351312406,        -0.0164923329672435,        -0.0005415873168386
 -0.0167260130600681,        -0.0350913353651863,        -0.0352866399389546,        -0.0199527494094645,        -0.0172258785529344,        -0.0006820820792983
 -0.0163106943037902,        -0.0353571279019789,        -0.0356433540357293,        -0.0207070619765734,        -0.0179637981189483,        -0.0008402126300862
 -0.0158784427155452,        -0.0355925222477771,        -0.0359716098613555,        -0.0214612976282952,        -0.0187048092087918,        -0.0010161818910416
 -0.0154310123023468,        -0.0357963909827882,        -0.0362701866665957,        -0.0222137600640894,        -0.0194475693580772,        -0.0012101662934972
 -0.0149700819433565,        -0.0359679200884311,        -0.0365379275675641,        -0.0229625325322664,        -0.0201906647546638,        -0.0014222417965298
 -0.0144971897457156,        -0.0361067830404504,        -0.0367739508679133,        -0.0237055763314662,        -0.0209324742464620,        -0.0016524085292721
 -0.0140136073633856,        -0.0362131630779068,        -0.0369778195752283,        -0.0244408313427053,        -0.0216712111277248,        -0.0019005461158986
 -0.0135203419248676,        -0.0362875976565981,        -0.0371494502730606,        -0.0251661494572371,        -0.0224049753046395,        -0.0021663097543633
 -0.0130182614164461,        -0.0363308247057187,        -0.0372889096297309,        -0.0258793329710304,        -0.0231317184980564,        -0.0024490006986826
 -0.0125082026047328,        -0.0363437644017249,        -0.0373964846699898,        -0.0265783579076926,        -0.0238493249592931,        -0.0027475195482516
 -0.0119910138061544,        -0.0363274567751859,        -0.0374728614696598,        -0.0272615136087336,        -0.0245557787540724,        -0.0030605583052032
 -0.0114674729889292,        -0.0362829289785360,        -0.0375190277146808,        -0.0279274013963026,        -0.0252492964356443,        -0.0033867240227656
 -0.0109381724983444,        -0.0362111221182125,        -0.0375360925602170,        -0.0285748421007061,        -0.0259282619014141,        -0.0037243974478694
 -0.0104035660080608,        -0.0361128522242214,        -0.0375251423380672,        -0.0292028365227948,        -0.0265910632223415,        -0.0040717384891181
 -0.0098641016076179,        -0.0359888214437325,        -0.0374871288032975,        -0.0298106061748402,        -0.0272361873279089,        -0.0044269555584828
 -0.0093203111599650,        -0.0358396577293114,        -0.0374228674191451,        -0.0303975288999117,        -0.0278624145278438,        -0.0047885755868184
 -0.0087729807602671,        -0.0356658240434643,        -0.0373329964835622,        -0.0309630662831919,        -0.0284688459707515,        -0.0051554083503398
 -0.0082232784502985,        -0.0354675122422122,        -0.0372178451227409,        -0.0315067178528552,        -0.0290548494909378,        -0.0055262916594734
 -0.0076726413213550,        -0.0352447352720462,        -0.0370774176913120,        -0.0320279170308936,        -0.0296199361869261,        -0.0059001379325788
 -0.0071226747402753,        -0.0349974600884329,        -0.0369114855804802,        -0.0325260011048215,        -0.0301636361222837,        -0.0062761685830475
 -0.0065750844460182,        -0.0347256811292596,        -0.0367196661189273,        -0.0330002021030642,        -0.0306854769360307,        -0.0066539200750232
 -0.0060314723392140,        -0.0344295960879173,        -0.0365016288965097,        -0.0334495712516754,        -0.0311849049660803,        -0.0070331285965012
 -0.0054932463244825,        -0.0341097640687870,        -0.0362573444026280,        -0.0338729787221692,        -0.0316611527407363,        -0.0074135699383889
 -0.0049616879570471,        -0.0337670746166113,        -0.0359870881026063,        -0.0342692139428282,        -0.0321132486570000,        -0.0077949752641280
 -0.0044380394475446,        -0.0334026054219808,        -0.0356913588758275,        -0.0346370765055451,        -0.0325400903956048,        -0.0081771173976354
 -0.0039236075195601,        -0.0330174265299423,        -0.0353708431548498,        -0.0349754847501231,        -0.0329405105752971,        -0.0085597373283673
 -0.0034196820519213,        -0.0326124873092976,        -0.0350263492074996,        -0.0352836096426824,        -0.0333134143806862,        -0.0089423186154561
 -0.0029273156575721,        -0.0321886392870987,        -0.0346588298953395,        -0.0355609122918965,        -0.0336578734740508,        -0.0093240655264764
 -0.0024472906623540,        -0.0317466691352887,        -0.0342693726859900,        -0.0358071304026987,        -0.0339730944659019,        -0.0097040175418488
 -0.0019802974781235,        -0.0312874081905093,        -0.0338591130941333,        -0.0360222630584704,        -0.0342584424187542,        -0.0100810852202179
 -0.0015271223587675,        -0.0308118308408748,        -0.0334292619501943,        -0.0362064497833506,        -0.0345135109653223,        -0.0104540957490764
 -0.0010887174897753,        -0.0303208810682397,        -0.0329810398023276,        -0.0363599050557626,        -0.0347381494705075,        -0.0108219134187392
 -0.0006662077961359,        -0.0298152364284472,        -0.0325154134077137,        -0.0364829486607911,        -0.0349324929251619,        -0.0111834897174243
 -0.0002608764053786,        -0.0292953389627497,        -0.0320329673774952,        -0.0365759805291551,        -0.0350969331736572,        -0.0115377622831306
  0.0001260223993589,        -0.0287616861263198,        -0.0315340903763219,        -0.0366394885250931,        -0.0352320442683922,        -0.0118835549951757
  0.0004934926256330,        -0.0282150784163291,        -0.0310192849012967,        -0.0366740090379240,        -0.0353385216966904,        -0.0122196755201267
  0.0008408353022278,        -0.0276566398241104,        -0.0304893133390551,        -0.0366799150100653,        -0.0354169900612546,        -0.0125451348676328
  0.0011676686388977,        -0.0270878672841829,        -0.0299452386077933,        -0.0366572492754505,        -0.0354677562955335,        -0.0128591671135524
  0.0014739731378239,        -0.0265107020488318,        -0.0293885185357089,        -0.0366058244501873,        -0.0354907594031169,        -0.0131611121110824
  0.0017600494316543,        -0.0259273145210364,        -0.0288209769800611,        -0.0365255242767818,        -0.0354857333300246,        -0.0134504163800245
  0.0020265017589947,        -0.0253398481950867,        -0.0282446481050938,        -0.0364164712965259,        -0.0354524414137931,        -0.0137265609575425
  0.0022741768589177,        -0.0247503152071720,        -0.0276616862495721,        -0.0362790232168860,        -0.0353908021672390,        -0.0139887933528458
  0.0025039416811524,        -0.0241604378130670,        -0.0270742069522683,        -0.0361138961937225,        -0.0353010009776504,        -0.0142359563442518
  0.0027165202789989,        -0.0235715819436089,        -0.0264840762392101,        -0.0359222540399107,        -0.0351836187015478,        -0.0144666824766392
  0.0029124426790845,        -0.0229848116874248,        -0.0258928830196622,        -0.0357055927953781,        -0.0350395825873615,        -0.0146797664514173
  0.0030919990694640,        -0.0224008761395500,        -0.0253019019597794,        -0.0354656184798697,        -0.0348700760497045,        -0.0148742642215245
  0.0032552082461290,        -0.0218202468225925,        -0.0247120051258340,        -0.0352041028726602,        -0.0346765010582505,        -0.0150494145296600
  0.0034018069328033,        -0.0212432122343277,        -0.0241237388931580,        -0.0349226692069228,        -0.0344603326282851,        -0.0152047617608935
  0.0035313122592882,        -0.0206699550206838,        -0.0235374521535013,        -0.0346226820941399,        -0.0342230173879639,        -0.0153402709047889
  0.0036432100425925,        -0.0201007380748317,        -0.0229534371342142,        -0.0343051858439735,        -0.0339659261941449,        -0.0154562602684790
  0.0037370596506500,        -0.0195361077720646,        -0.0223721129057025,        -0.0339708724367194,        -0.0336901832453942,        -0.0155533117720701
  0.0038124051367738,        -0.0189769748111818,        -0.0217941329055616,        -0.0336202264606680,        -0.0333966213315745,        -0.0156321487080169
  0.0038687565017872,        -0.0184245996410304,        -0.0212203929190400,        -0.0332536535967461,        -0.0330859170689144,        -0.0156935188470459
  0.0039057299601412,        -0.0178804483893461,        -0.0206519272897341,        -0.0328715026217054,        -0.0327586348669131,        -0.0157381579803021
  0.0039231796626803,        -0.0173459857977697,        -0.0200897952543557,        -0.0324741515760454,        -0.0324152303344160,        -0.0157666445104850
  0.0039212156078223,        -0.0168226542076984,        -0.0195351691028507,        -0.0320621238282367,        -0.0320561394636193,        -0.0157792272324928
  0.0039001074534700,        -0.0163119779570669,        -0.0189895303534513,        -0.0316361461670891,        -0.0316818595963849,        -0.0157759012741160
  0.0038602173687340,        -0.0158155096336203,        -0.0184546834691653,        -0.0311971345801028,        -0.0312929575868697,        -0.0157565626391809
  0.0038020137855362,        -0.0153346765908980,        -0.0179325434768470,        -0.0307461345556893,        -0.0308900179689045,        -0.0157210889130333
  0.0037261228065332,        -0.0148706734763996,        -0.0174248945661634,        -0.0302843338671168,        -0.0304736428645929,        -0.0156693910826488
  0.0036333535414828,        -0.0144244255775595,        -0.0169332346765870,        -0.0298131148066060,        -0.0300445781146958,        -0.0156014143824539
  0.0035245743218840,        -0.0139966043002573,        -0.0164587290773651,        -0.0293340424341391,        -0.0296038665358765,        -0.0155171126955332
  0.0034005955428595,        -0.0135876688930116,        -0.0160022310081440,        -0.0288487738126029,        -0.0291529216533146,        -0.0154164387181008
  0.0032622225495010,        -0.0131979076149109,        -0.0155643050520530,        -0.0283589371641121,        -0.0286935048936468,        -0.0152993916522564
  0.0031103684657391,        -0.0128274081905298,        -0.0151452083524005,        -0.0278660594393188,        -0.0282275721689845,        -0.0151661628384559
  0.0029460475361085,        -0.0124760738399513,        -0.0147448643472346,        -0.0273715674089817,        -0.0277570555348673,        -0.0150172759042641
  0.0027702404535334,        -0.0121437613147397,        -0.0143629957866655,        -0.0268767870330674,        -0.0272837101011718,        -0.0148536483123330
  0.0025838291333768,        -0.0118303321771020,        -0.0139992601226030,        -0.0263829031835342,        -0.0268090498945056,        -0.0146765535303648
  0.0023877105621477,        -0.0115355946821949,        -0.0136532138741005,        -0.0258909283301555,        -0.0263343816160594,        -0.0144874619002323
  0.0021829409507310,        -0.0112592278680960,        -0.0133243271783286,        -0.0254017112910302,        -0.0258608278596939,        -0.0142878482482966
  0.0019707258869701,        -0.0110008202524475,        -0.0130121458110512,        -0.0249160434251561,        -0.0253893290538389,        -0.0140791060225964
  0.0017524212497713,        -0.0107600556626247,        -0.0127164824535832,        -0.0244347165542870,        -0.0249207066185237,        -0.0138625818601728
  0.0015296323780632,        -0.0105367534462853,        -0.0124374708952354,        -0.0239584318471985,        -0.0244556478191043,        -0.0136396134839855
  0.0013041456841698,        -0.0103306694634797,        -0.0121753523668019,        -0.0234878314985698,        -0.0239946650245100,        -0.0134114585389622
  0.0010776847254340,        -0.0101413052901809,        -0.0119301949870010,        -0.0230236650360718,        -0.0235382104994455,        -0.0131791769304948
  0.0008517303930390,        -0.0099678489620736,        -0.0117017770593595,        -0.0225668654886802,        -0.0230868419592841,        -0.0129436945134853
  0.0006274676036652,        -0.0098091497359207,        -0.0114895120676134,        -0.0221185787653597,        -0.0226414073650459,        -0.0127058915880319
  0.0004057833900359,        -0.0096637992537291,        -0.0112924025623867,        -0.0216801071025367,        -0.0222031544674781,        -0.0124665033078633
  0.0001872847206441,        -0.0095303435095763,        -0.0111092147712540,        -0.0212526957399407,        -0.0217735766902923,        -0.0122260654941744
 -0.0000275957587467,        -0.0094074762736653,        -0.0109387279529582,        -0.0208373209621205,        -0.0213540980045370,        -0.0119850055546040
 -0.0002383941024642,        -0.0092941934907441,        -0.0107798558973168,        -0.0204345626205035,        -0.0209458500500488,        -0.0117438422839167
 -0.0004445335871018,        -0.0091898485733101,        -0.0106316942788363,        -0.0200445895165383,        -0.0205495795557662,        -0.0115034223933748
 -0.0006454265918355,        -0.0090940901319162,        -0.0104935304886088,        -0.0196673268116176,        -0.0201656695581194,        -0.0112648801476851
 -0.0008405313778904,        -0.0090068312537626,        -0.0103648861450275,        -0.0193026275726795,        -0.0197942701541468,        -0.0110293518913956
 -0.0010293171238365,        -0.0089281856725503,        -0.0102455826529044,        -0.0189503212113157,        -0.0194353665755157,        -0.0107977712029323
 -0.0012112859404151,        -0.0088583133490874,        -0.0101356690000246,        -0.0186102772259769,        -0.0190888149386979,        -0.0105707719514547
 -0.0013860623545208,        -0.0087973431482815,        -0.0100353213833669,        -0.0182824565143004,        -0.0187544146798148,        -0.0103486701317546
 -0.0015534446631385,        -0.0087453247557324,        -0.0099448577755429,        -0.0179669385500910,        -0.0184319584763163,        -0.0101316107513726
 -0.0017134257708666,        -0.0087021355067495,        -0.0098646319847099,        -0.0176639681401352,        -0.0181213064124370,        -0.0099197602404101
 -0.0018662442853640,        -0.0086674528521943,        -0.0097948352336038,        -0.0173739069554628,        -0.0178224219960507,        -0.0097133674097618
 -0.0020124134913213,        -0.0086407829463029,        -0.0097354116624651,        -0.0170971231054856,        -0.0175353307680608,        -0.0095127037038305
 -0.0021526881947777,        -0.0086214456813119,        -0.0096860268000116,        -0.0168340296916793,        -0.0172602026726373,        -0.0093179502418092
 -0.0022874896636755,        -0.0086085477452605,        -0.0096460300346592,        -0.0165851133675388,        -0.0169974957156251,        -0.0091292430712279
 -0.0024167497368792,        -0.0086010358583020,        -0.0096144696586357,        -0.0163507407989944,        -0.0167478644336204,        -0.0089468746081887
 -0.0025403494726396,        -0.0085977992315892,        -0.0095901844520429,        -0.0161309720602124,        -0.0165118849424207,        -0.0087713436202630
 -0.0026581804740019,        -0.0085977081384819,        -0.0095718754601815,        -0.0159255870219035,        -0.0162898863733216,        -0.0086032933756687
 -0.0027701449015125,        -0.0085996192326351,        -0.0095581227267758,        -0.0157342130811814,        -0.0160819522778820,        -0.0084435433329844
 -0.0028761554693455,        -0.0086023934371209,        -0.0095474166407328,        -0.0155563297221508,        -0.0158879379237863,        -0.0082930850407098
 -0.0029761354250986,        -0.0086048934483465,        -0.0095381659547764,        -0.0153912032936677,        -0.0157074541596680,        -0.0081529318728408
 -0.0030700185135296,        -0.0086060514840030,        -0.0095287725932817,        -0.0152379364403823,        -0.0155399094206223,        -0.0080239571854768
 -0.0031577489245283,        -0.0086049322025373,        -0.0095178870897906,        -0.0150955985377617,        -0.0153846025165401,        -0.0079068364495660
 -0.0032392812256372,        -0.0086006335884269,        -0.0095045160897207,        -0.0149632753651461,        -0.0152407704808670,        -0.0078021027129491
 -0.0033145802794525,        -0.0085922191151363,        -0.0094879043006783,        -0.0148399962661524,        -0.0151075318212799,        -0.0077101904399365
 -0.0033836211462580,        -0.0085787191318451,        -0.0094673932684816,        -0.0147247642515780,        -0.0149837978602187,        -0.0076314184377765
 -0.0034463889722603,        -0.0085591194051827,        -0.0094423165112697,        -0.0146167991451805,        -0.0148683919667943,        -0.0075659712404881
 -0.0035028788638127,        -0.0085323689816438,        -0.0094119629027408,        -0.0145155641121496,        -0.0147603078480795,        -0.0075139101195329
 -0.0035530957480282,        -0.0084974245061563,        -0.0093755655092090,        -0.0144205526047680,        -0.0146587739018651,        -0.0074751889477370
 -0.0035970542201985,        -0.0084533217453461,        -0.0093323424877258,        -0.0143312367514009,        -0.0145632270662693,        -0.0074495637190046
 -0.0036347783784535,        -0.0083992776652644,        -0.0092815752179342,        -0.0142470398256911,        -0.0144732838483325,        -0.0074365610139069
 -0.0036663016461035,        -0.0083347535608040,        -0.0092226599454330,        -0.0141672882561396,        -0.0143885985668429,        -0.0074357014432792
 -0.0036916665821228,        -0.0082593389389227,        -0.0091550171405892,        -0.0140912858174975,        -0.0143088268362474,        -0.0074466458830420
 -0.0037109246802447,        -0.0081726149268677,        -0.0090779167873778,        -0.0140183804922050,        -0.0142336831916905,        -0.0074691281209958
 -0.0037241361571462,        -0.0080742028351597,        -0.0089904984504575,        -0.0139479516300191,        -0.0141628814665147,        -0.0075029060665661
 -0.0037313697302142,        -0.0079638631079148,        -0.0088919439890465,        -0.0138794304243852,        -0.0140960759328021,        -0.0075477038660596
 -0.0037327023853907,        -0.0078415259141372,        -0.0087816146632423,        -0.0138123011224642,        -0.0140329019806813,        -0.0076031999287843
 -0.0037282191356040,        -0.0077072923499177,        -0.0086591710424755,        -0.0137459718479396,        -0.0139728965600833,        -0.0076691113904815
 -0.0037180127703018,        -0.0075613467049690,        -0.0085246170856025,        -0.0136797278996994,        -0.0139153310922584,        -0.0077452295175201
 -0.0037021835966033,        -0.0074038834010835,        -0.0083781831038544,        -0.0136128107558786,        -0.0138592242197665,        -0.0078314235711350
 -0.0036808391725986,        -0.0072351114088549,        -0.0082201692244272,        -0.0135445239994414,        -0.0138034772506989,        -0.0079276482152528
 -0.0036540940333233,        -0.0070552040830532,        -0.0080508074131187,        -0.0134744103253620,        -0.0137470914428264,        -0.0080338140812005
 -0.0036220694099448,        -0.0068642759627556,        -0.0078701570910036,        -0.0134023013732682,        -0.0136894092806668,        -0.0081495370333366
 -0.0035848929426927,        -0.0066624859199998,        -0.0076781235694287,        -0.0133281487310946,        -0.0136301366852714,        -0.0082740884338546
 -0.0035426983880756,        -0.0064501527305899,        -0.0074745604558370,        -0.0132518611511838,        -0.0135691956039995,        -0.0084065581455701
 -0.0034956253209190,        -0.0062278407386611,        -0.0072593837582099,        -0.0131731794407509,        -0.0135065806785795,        -0.0085460390140296
 -0.0034438188317672,        -0.0059964378498505,        -0.0070327065762275,        -0.0130915918463898,        -0.0134421689751462,        -0.0086918009792770
 -0.0033874292201847,        -0.0057571721636620,        -0.0067949227942253,        -0.0130063809195466,        -0.0133756141587831,        -0.0088433181493950
 -0.0033266116844957,        -0.0055115682947500,        -0.0065467175328512,        -0.0129167043193631,        -0.0133063893691182,        -0.0090001554058809
 -0.0032615260084946,        -0.0052608580885649,        -0.0062890823761240,        -0.0128216528624225,        -0.0132338119091465,        -0.0091618528911757
 -0.0031923362456602,        -0.0050056785188655,        -0.0060232699724138,        -0.0127203504590650,        -0.0131570930986672,        -0.0093278095266346
 -0.0031192104013995,        -0.0047464917914622,        -0.0057506079555759,        -0.0126120695485673,        -0.0130754546874541,        -0.0094971884532136
 -0.0030423201138447,        -0.0044837595136212,        -0.0054724717174437,        -0.0124962652617297,        -0.0129881921040776,        -0.0096689245095322
 -0.0029618403337184,        -0.0042179419861012,        -0.0051898878141835,        -0.0123725164641128,        -0.0128946141717978,        -0.0098418148946064
 -0.0028779490037811,        -0.0039494975076669,        -0.0049034151253820,        -0.0122404658693347,        -0.0127939721543334,        -0.0100146410554919
 -0.0027908267383616,        -0.0036788816929753,        -0.0046135558817961,        -0.0120998659888850,        -0.0126855063872193,        -0.0101862603857027
 -0.0027006565034692,        -0.0034065468046953,        -0.0043208101612846,        -0.0119507216652869,        -0.0125685918779192,        -0.0103556390427465
 -0.0026076232979747,        -0.0031329411006897,        -0.0040256751440460,        -0.0117932447899397,        -0.0124428582363553,        -0.0105218521621004
 -0.0025119138363390,        -0.0028585081970485,        -0.0037286443833454,        -0.0116274941382530,        -0.0123080718614433,        -0.0106840630415060
 -0.0024137162333609,        -0.0025836864477311,        -0.0034302070926367,        -0.0114531982807286,        -0.0121639413708716,        -0.0108415205230709
 -0.0023132196914016,        -0.0023089083415344,        -0.0031308474499431,        -0.0112699678080343,        -0.0120102306658819,        -0.0109936026436829
 -0.0022106141905368,        -0.0020345999170668,        -0.0028310439203226,        -0.0110774308426018,        -0.0118468728954054,        -0.0111398646347350
 -0.0021060901820739,        -0.0017611801963733,        -0.0025312685972041,        -0.0108751618037850,        -0.0116738038850045,        -0.0112799576459642
 -0.0019998382858601,        -0.0014890606378126,        -0.0022319865633369,        -0.0106626588927881,        -0.0114908445636670,        -0.0114134782368882
 -0.0018920489917949,        -0.0012186446087550,        -0.0019336552720571,        -0.0104394309645655,        -0.0112977639876026,        -0.0115400256906959
 -0.0017829123659510,        -0.0009503268786241,        -0.0016367239495325,        -0.0102051398027495,        -0.0110943865304454,        -0.0116593286677685
 -0.0016726177616886,        -0.0006844931327727,        -0.0013416330186049,        -0.0099596451498928,        -0.0108806197864907,        -0.0117711503584442
 -0.0015613535361407,        -0.0004215195076375,        -0.0010488135448031,        -0.0097029201024313,        -0.0106563651448171,        -0.0118752198410260
 -0.0014493067724287,        -0.0001617721475821,        -0.0007586867050639,        -0.0094349975251089,        -0.0104214564901031,        -0.0119713056898689
 -0.0013366630079562,         0.0000943932162048,        -0.0004716632796470,        -0.0091560345039716,        -0.0101757414435800,        -0.0120592165127717
 -0.0012236059691122,         0.0003466316644258,        -0.0001881431676928,        -0.0088663809236354,        -0.0099191773142061,        -0.0121387442667616
 -0.0011103173127019,         0.0005946094657198,         0.0000914850731744,        -0.0085666101639282,        -0.0096518396673719,        -0.0122096225107329
 -0.0009969763744071,         0.0008380044297831,         0.0003668446628370,        -0.0082574585476103,        -0.0093739593493574,        -0.0122714850694079
 -0.0008837599245625,         0.0010765062373594,         0.0006375710099530,        -0.0079395859843024,        -0.0090859300737994,        -0.0123238639203167
 -0.0007708419315206,         0.0013098167469251,         0.0009033120982280,        -0.0076134499123176,        -0.0087881685032707,        -0.0123662226914576
 -0.0006583933328581,         0.0015376502779399,         0.0011637288474600,        -0.0072794227922015,        -0.0084810543201121,        -0.0123979866601045
 -0.0005465818146671,         0.0017597338705667,         0.0014184954491692,        -0.0069378357706635,        -0.0081649395963324,        -0.0124186241656766
 -0.0004355715991502,         0.0019758075218065,         0.0016672996766650,        -0.0065889391926799,        -0.0078400907575090,        -0.0124277083193558
 -0.0003255232407307,         0.0021856243980280,         0.0019098431694480,        -0.0062330129713048,        -0.0075067109601848,        -0.0124247900620132
 -0.0002165934308663,         0.0023889510239117,         0.0021458416918830,        -0.0058704674112204,        -0.0071650193540185,        -0.0124092728527754
 -0.0001089348117416,         0.0025855674478624,         0.0023750253661207,        -0.0055018541552594,        -0.0068152943301335,        -0.0123804667410254
 -0.0000026957989983,         0.0027752673839805,         0.0025971388792875,        -0.0051279199551616,        -0.0064579409594898,        -0.0123376266909970
  0.0001019795863556,         0.0029578583307178,         0.0028119416650007,        -0.0047496284791794,        -0.0060935069143171,        -0.0122799759628224
  0.0002049518767318,         0.0031331616663773,         0.0030192080593058,        -0.0043681258795879,        -0.0057226079408703,        -0.0122068640900253
  0.0003060863073345,         0.0033010127216513,         0.0032187274311724,        -0.0039847321665467,        -0.0053460111064167,        -0.0121178636306441
  0.0004052529560251,         0.0034612608294226,         0.0034103042877202,        -0.0036006331653536,        -0.0049647894921565,        -0.0120127000786819
  0.0005023268736036,         0.0036137693520884,         0.0035937583543858,        -0.0032166113157389,        -0.0045801919339325,        -0.0118911950721547
  0.0005971882044458,         0.0037584156866960,         0.0037689246302749,        -0.0028332617983704,        -0.0041933760061758,        -0.0117533301860735
  0.0006897222974496,         0.0038950912482074,         0.0039356534189793,        -0.0024511699665711,        -0.0038054107110546,        -0.0115994000293000
  0.0007798198072635,         0.0040237014312457,         0.0040938103351756,        -0.0020709105823926,        -0.0034172006506098,        -0.0114300575883553
  0.0008673767857811,         0.0041441655506966,         0.0042432762873493,        -0.0016930470804106,        -0.0030294132491947,        -0.0112461717279012
  0.0009522947639058,         0.0042564167615717,         0.0043839474370270,        -0.0013181308599719,        -0.0026426444359272,        -0.0110487513003138
  0.0010344808235996,         0.0043604019585623,         0.0045157351349234,        -0.0009467006065769,        -0.0022574797638594,        -0.0108390166807443
  0.0011138476602496,         0.0044560816557406,         0.0046385658344453,        -0.0005792816430175,        -0.0018744936538400,        -0.0106182606364705
  0.0011903136353973,         0.0045434298468878,         0.0047523809830199,        -0.0002163853108415,        -0.0014942486668207,        -0.0103874725139464
  0.0012638028198910,         0.0046224338469511,         0.0048571368917438,         0.0001414916173452,        -0.0011172948053185,        -0.0101472755793931
  0.0013342450275359,         0.0046930941151556,         0.0049528045838743,         0.0004938674942801,        -0.0007441688446868,        -0.0098981742360680
  0.0014015758393301,         0.0047554240603157,         0.0050393696227128,         0.0008402763227476,        -0.0003753936947962,        -0.0096405644576631
  0.0014657366183872,         0.0048094498289116,         0.0051168319194489,         0.0011802682482373,        -0.0000114777926644,        -0.0093745535172863
  0.0015266745156598,         0.0048552100765122,         0.0051852055215598,         0.0015134100192656,         0.0003470854734762,        -0.0090999887603056
  0.0015843424665919,         0.0048927557231484,         0.0052445183823818,         0.0018392854151221,         0.0006998183082432,        -0.0088166626161602
  0.0016386991788372,         0.0049221496932514,         0.0052948121124900,         0.0021574956408575,         0.0010462590209277,        -0.0085244643566223
  0.0016897091111962,         0.0049434666407877,         0.0053361417135377,         0.0024676596893841,         0.0013859625047557,        -0.0082234017160495
  0.0017373424439339,         0.0049567926602372,         0.0053685752952315,         0.0027694146706104,         0.0017185006833263,        -0.0079135943757690
  0.0017815750406499,         0.0049622249840710,         0.0053921937761272,         0.0030624161075866,         0.0020434629240153,        -0.0075953082028887
  0.0018223884018873,         0.0049598716673977,         0.0054070905689520,         0.0033463381996865,         0.0023604564181909,        -0.0072690514513341
  0.0018597696106721,         0.0049498512604593,         0.0054133712511689,         0.0036208740529056,         0.0026691065281419,        -0.0069356040018852
  0.0018937112701879,         0.0049322924696609,         0.0054111532215132,         0.0038857358774007,         0.0029690571006683,        -0.0065958612481452
  0.0019242114337989,         0.0049073338078347,         0.0054005653432412,         0.0041406551524498,         0.0032599707473424,        -0.0062506960025040
  0.0019512735276420,         0.0048751232344359,         0.0053817475748423,         0.0043853827590562,         0.0035415290914948,        -0.0059009306568096
  0.0019749062660185,         0.0048358177863787,         0.0053548505889688,         0.0046196890804664,         0.0038134329820332,        -0.0055473496758585
  0.0019951235598220,         0.0047895832002258,         0.0053200353803556,         0.0048433640709232,         0.0040754026742524,        -0.0051906510185422
  0.0020119444182498,         0.0047365935264443,         0.0052774728634951,         0.0050562172930127,         0.0043271779778409,        -0.0048313149675177
  0.0020253928440463,         0.0046770307364432,         0.0052273434608471,         0.0052580779240117,         0.0045685183723392,        -0.0044696526615836
  0.0020354977225397,         0.0046110843231113,         0.0051698366823614,         0.0054487947316839,         0.0047992030903498,        -0.0041060305031726
  0.0020422927047334,         0.0045389508955697,         0.0051051506970930,         0.0056282360200122,         0.0050190311688468,        -0.0037408724603252
  0.0020458160847230,         0.0044608337688551,         0.0050334918976947,         0.0057962895453957,         0.0052278214689746,        -0.0033745788517515
  0.0020461106717119,         0.0043769425492446,         0.0049550744585657,         0.0059528624038766,         0.0054254126647721,        -0.0030076461374087
  0.0020432236569051,         0.0042874927159310,         0.0048701198884378,         0.0060978808900015,         0.0056116632012964,        -0.0026407214561194
  0.0020372064755619,         0.0041927051997524,         0.0047788565781744,         0.0062312903279519,         0.0057864512226640,        -0.0022745119510718
  0.0020281146644949,         0.0040928059596719,         0.0046815193445572,         0.0063530548756184,         0.0059496744705640,        -0.0019097608604994
  0.0020160077153029,         0.0039880255577017,         0.0045783489708264,         0.0064631573023206,         0.0061012501538389,        -0.0015472122120963
  0.0020009489236281,         0.0038785987329508,         0.0044695917447373,         0.0065615987409073,         0.0062411147897601,        -0.0011875491652413
  0.0019830052347308,         0.0037647639754722,         0.0043554989948848,         0.0066483984149976,         0.0063692240176618,        -0.0008313497586639
  0.0019622470856768,         0.0036467631005753,         0.0042363266260440,         0.0067235933421578,         0.0064855523856338,        -0.0004791159937820
  0.0019387482444299,         0.0035248408242569,         0.0041123346542626,         0.0067872380138266,         0.0065900931109996,        -0.0001313363058163
  0.0019125856461486,         0.0033992443403926,         0.0039837867424288,         0.0068394040528302,         0.0066828578153386,         0.0002115149944631
  0.0018838392269789,         0.0032702229003208,         0.0038509497370311,         0.0068801798493495,         0.0067638762348410,         0.0005489782488181
  0.0018525917556406,         0.0031380273954360,         0.0037140932068100,         0.0069096701762227,         0.0068331959068076,         0.0008806089490787
  0.0018189286631008,         0.0030029099433946,         0.0035734889839913,         0.0069279957844853,         0.0068908818331339,         0.0012059782038110
  0.0017829378706258,         0.0028651234785241,         0.0034294107087748,         0.0069352929800680,         0.0069370161216418,         0.0015246731738486
  0.0017447096165050,         0.0027249213470072,         0.0032821333777372,         0.0069317131825865,         0.0069716976061397,         0.0018362974764695
  0.0017043362817328,         0.0025825569074024,         0.0031319328967938,         0.0069174224671756,         0.0069950414461205,         0.0021404715580559
  0.0016619122149366,         0.0024382831370388,         0.0029790856393457,         0.0068926010903252,         0.0070071787070129,         0.0024368330351203
  0.0016175335568320,         0.0022923522448125,         0.0028238680102200,         0.0068574430006926,         0.0070082559219289,         0.0027250370036374
  0.0015712980644870,         0.0021450152908898,         0.0026665560159978,         0.0068121553358729,         0.0069984346358601,         0.0030047563166686
  0.0015233049356683,         0.0019965218138067,         0.0025074248423007,         0.0067569579061160,         0.0069778909332900,         0.0032756818303152
  0.0014736546335441,         0.0018471194654345,         0.0023467484385913,         0.0066920826659836,         0.0069468149502003,         0.0035375226180875
  0.0014224487120080,         0.0016970536542616,         0.0021847991110190,         0.0066177731749454,         0.0069054103714586,         0.0037900061538203
  0.0013697896418869,         0.0015465671974231,         0.0020218471238272,         0.0065342840479154,         0.0068538939145848,         0.0040328784633184
  0.0013157806382903,         0.0013958999818901,         0.0018581603098133,         0.0064418803967287,         0.0067924948008979,         0.0042659042449542
  0.0012605254893514,         0.0012452886352081,         0.0016940036903126,         0.0063408372635621,         0.0067214542150516,         0.0044888669594922
  0.0012041283866058,         0.0010949662061564,         0.0015296391051561,         0.0062314390472942,         0.0066410247539679,         0.0047015688894518
  0.0011466937572470,         0.0009451618556775,         0.0013653248530294,         0.0061139789238038,         0.0065514698661833,         0.0049038311683680
  0.0010883260984915,         0.0007961005584037,         0.0012013153426385,         0.0059887582611928,         0.0064530632826173,         0.0050954937803483
  0.0010291298142790,         0.0006480028150905,         0.0010378607550625,         0.0058560860309169,         0.0063460884397732,         0.0052764155303625
  0.0009692090545285,         0.0005010843762395,         0.0008752067176552,         0.0057162782158011,         0.0062308378963817,         0.0054464739857475
  0.0009086675571594,         0.0003555559771770,         0.0007135939898293,         0.0055696572159034,         0.0061076127444877,         0.0056055653894395
  0.0008476084930850,         0.0002116230848298,         0.0005532581610378,         0.0054165512531823,         0.0059767220159764,         0.0057536045454875
  0.0007861343143738,         0.0000694856564186,         0.0003944293612389,         0.0052572937759082,         0.0058384820855298,         0.0058905246774334
  0.0007243466057670,        -0.0000706620897319,         0.0002373319841128,         0.0050922228637498,         0.0056932160709900,         0.0060162772601802
  0.0006623459397348,        -0.0002086318910886,         0.0000821844232698,         0.0049216806344474,         0.0055412532321026,         0.0061308318260001
  0.0006002317352434,        -0.0003442416453574,        -0.0000708011783316,         0.0047460126529718,         0.0053829283685944,         0.0062341757453654
  0.0005381021203974,        -0.0004773156023470,        -0.0002214191655623,         0.0045655673440502,         0.0052185812185318,         0.0063263139833141
  0.0004760537991133,        -0.0006076845431377,        -0.0003694705947259,         0.0043806954089200,         0.0050485558578897,         0.0064072688320900
  0.0004141819219728,        -0.0007351859464645,        -0.0005147634434398,         0.0041917492471553,         0.0048732001022443,         0.0064770796208210
  0.0003525799613939,        -0.0008596641422440,        -0.0006571128066723,         0.0039990823843889,         0.0046928649114898,         0.0065358024030289
  0.0002913395912491,        -0.0009809704521977,        -0.0007963410788343,         0.0038030489067309,         0.0045079037984571,         0.0065835096227785
  0.0002305505710545,        -0.0010989633175421,        -0.0009322781218487,         0.0036040029026626,         0.0043186722422935,         0.0066202897603020
  0.0001703006348392,        -0.0012135084137397,        -0.0010647614191443,         0.0034022979131637,         0.0041255271074487,         0.0066462469579525
  0.0001106753848009,        -0.0013244787523231,        -0.0011936362155419,         0.0031982863908045,         0.0039288260690825,         0.0066615006273564
  0.0000517581898408,        -0.0014317547698241,        -0.0013187556430245,         0.0029923191685105,         0.0037289270456933,         0.0066661850386529
 -0.0000063699109362,        -0.0015352244038618,        -0.0014399808324031,         0.0027847449386812,         0.0035261876397418,         0.0066604488927226
 -0.0000636302996793,        -0.0016347831564587,        -0.0015571810109148,         0.0025759097433204,         0.0033209645870209,         0.0066444548773205
 -0.0001199468661401,        -0.0017303341446773,        -0.0016702335858076,         0.0023661564758059,         0.0031136132154959,         0.0066183792080396
 -0.0001752460888534,        -0.0018217881386841,        -0.0017790242139900,         0.0021558243949010,         0.0029044869143186,         0.0065824111550432
 -0.0002294571110986,        -0.0019090635873675,        -0.0018834468578421,         0.0019452486515826,         0.0026939366136866,         0.0065367525565087
 -0.0002825118116039,        -0.0019920866316550,        -0.0019834038273065,         0.0017347598292298,         0.0024823102761979,         0.0064816173197377
 -0.0003343448699583,        -0.0020707911056888,        -0.0020788058083953,         0.0015246834976918,         0.0022699524003196,         0.0064172309108857
 -0.0003848938267096,        -0.0021451185260378,        -0.0021695718782705,         0.0013153397817209,         0.0020572035365629,         0.0063438298342730
 -0.0004340991381324,        -0.0022150180691390,        -0.0022556295070706,         0.0011070429442298,         0.0018443998169291,         0.0062616611022398
 -0.0004819042256607,        -0.0022804465371786,        -0.0023369145466788,         0.0009001009848016,         0.0016318724981606,         0.0061709816965078
 -0.0005282555199867,        -0.0023413683126335,        -0.0024133712066411,         0.0006948152538509,         0.0014199475193032,         0.0060720580220103
 -0.0005731024998353,        -0.0023977553017143,        -0.0024849520174612,         0.0004914800828028,         0.0012089450740550,         0.0059651653541485
 -0.0006163977254344,        -0.0024495868669587,        -0.0025516177815166,         0.0002903824306303,         0.0009991791983472,         0.0058505872804324
 -0.0006580968667049,        -0.0024968497492423,        -0.0026133375118547,         0.0000918015470544,         0.0007909573735739,         0.0057286151374527
 -0.0006981587262070,        -0.0025395379794818,        -0.0026700883591411,        -0.0001039913473128,         0.0005845801458550,         0.0055995474441296
 -0.0007365452568831,        -0.0025776527803221,        -0.0027218555270511,        -0.0002967333636384,         0.0003803407616869,         0.0054636893321714
 -0.0007732215746462,        -0.0026112024581067,        -0.0027686321764037,        -0.0004861702301330,         0.0001785248203052,         0.0053213519746715
 -0.0008081559658724,        -0.0026402022854421,        -0.0028104193183555,        -0.0006720565597264,        -0.0000205900569473,         0.0051728520137552
 -0.0008413198898580,        -0.0026646743746779,        -0.0028472256969789,        -0.0008541560999944,        -0.0002167345399854,         0.0050185109881800
 -0.0008726879763147,        -0.0026846475426332,        -0.0028790676615668,        -0.0010322419652150,        -0.0004096478858468,         0.0048586547617800
 -0.0009022380179775,        -0.0027001571669084,        -0.0029059690290111,        -0.0012060968504535,        -0.0005990782168567,         0.0046936129536295
 -0.0009299509584113,        -0.0027112450341301,        -0.0029279609366173,        -0.0013755132276117,        -0.0007847827809214,         0.0045237183707843
 -0.0009558108751041,        -0.0027179591804830,        -0.0029450816857234,        -0.0015402935234030,        -0.0009665281938104,         0.0043493064444442
 -0.0009798049579429,        -0.0027203537248907,        -0.0029573765765014,        -0.0017002502792410,        -0.0011440906633157,         0.0041707146703601
 -0.0010019234831745,        -0.0027184886952118,        -0.0029648977343287,        -0.0018552062930633,        -0.0013172561952088,         0.0039882820542937
 -0.0010221597829583,        -0.0027124298478273,        -0.0029677039281248,        -0.0020049947431361,        -0.0014858207809435,         0.0038023485633173
 -0.0010405102106235,        -0.0027022484809952,        -0.0029658603810526,        -0.0021494592939130,        -0.0016495905670837,         0.0036132545837189
 -0.0010569741017461,        -0.0026880212423516,        -0.0029594385739893,        -0.0022884541840471,        -0.0018083820064601,         0.0034213403862534
 -0.0010715537311709,        -0.0026698299309470,        -0.0029485160421806,        -0.0024218442966851,        -0.0019620219910932,         0.0032269455994657
 -0.0010842542661033,        -0.0026477612942063,        -0.0029331761654971,        -0.0025495052121963,        -0.0021103479669450,         0.0030304086917856
 -0.0010950837154013,        -0.0026219068201993,        -0.0029135079527069,        -0.0026713232435103,        -0.0022532080305882,         0.0028320664630647
 -0.0011040528752036,        -0.0025923625256149,        -0.0028896058201919,        -0.0027871954542678,        -0.0023904610079093,         0.0026322535462076
 -0.0011111752710321,        -0.0025592287398339,        -0.0028615693655337,        -0.0028970296600106,        -0.0025219765149911,         0.0024313019195243
 -0.0011164670965110,        -0.0025226098854920,        -0.0028295031363960,        -0.0030007444126591,        -0.0026476350013420,         0.0022295404304017
 -0.0011199471488462,        -0.0024826142559221,        -0.0027935163951286,        -0.0030982689685449,        -0.0027673277756626,         0.0020272943308642
 -0.0011216367612139,        -0.0024393537898719,        -0.0027537228795246,        -0.0031895432402925,        -0.0028809570143700,         0.0018248848255709
 -0.0011215597322101,        -0.0023929438438863,        -0.0027102405601602,        -0.0032745177328666,        -0.0029884357531225,         0.0016226286327708
 -0.0011197422525124,        -0.0023435029627412,        -0.0026631913947431,        -0.0033531534641144,        -0.0030896878616064,         0.0014208375587020
 -0.0011162128289092,        -0.0022911526483135,        -0.0026127010798918,        -0.0034254218701542,        -0.0031846480018695,         0.0012198180858988
 -0.0011110022058535,        -0.0022360171272700,        -0.0025588988007743,        -0.0034913046959823,        -0.0032732615705124,         0.0010198709758420
 -0.0011041432847007,        -0.0021782231179556,        -0.0025019169790251,        -0.0035507938716902,        -0.0033554846250652,         0.0008212908863565
 -0.0010956710407877,        -0.0021178995968501,        -0.0024418910193548,        -0.0036038913746882,        -0.0034312837948936,         0.0006243660041335
 -0.0010856224385155,        -0.0020551775649652,        -0.0023789590552666,        -0.0036506090783615,        -0.0035006361770037,         0.0004293776927228
 -0.0010740363445967,        -0.0019901898145465,        -0.0023132616942901,        -0.0036909685875948,        -0.0035635292171323,         0.0002366001563168
 -0.0010609534396293,        -0.0019230706964372,        -0.0022449417631324,        -0.0037250010616134,        -0.0036199605765218,         0.0000463001196128
 -0.0010464161281582,        -0.0018539558884524,        -0.0021741440531434,        -0.0037527470245994,        -0.0036699379847963,        -0.0001412634759866
 -0.0010304684473874,        -0.0017829821651123,        -0.0021010150664858,        -0.0037742561645610,        -0.0037134790793747,        -0.0003258397596029
 -0.0010131559747036,        -0.0017102871690710,        -0.0020257027633963,        -0.0037895871209427,        -0.0037506112318700,        -0.0005071862013404
 -0.0009945257341743,        -0.0016360091845705,        -0.0019483563109127,        -0.0037988072614691,        -0.0037813713619360,        -0.0006850688658023
 -0.0009746261021776,        -0.0015602869132405,        -0.0018691258334328,        -0.0038019924487268,        -0.0038058057390317,        -0.0008592626485181
 -0.0009535067123254,        -0.0014832592525589,        -0.0017881621654692,        -0.0037992267969995,        -0.0038239697725927,        -0.0010295514951709
 -0.0009312183598378,        -0.0014050650772785,        -0.0017056166069502,        -0.0037906024198804,        -0.0038359277911086,        -0.0011957286035345
 -0.0009078129055247,        -0.0013258430241142,        -0.0016216406814096,        -0.0037762191691880,        -0.0038417528106115,        -0.0013575966080657
 -0.0008833431795293,        -0.0012457312799767,        -0.0015363858973964,        -0.0037561843657155,        -0.0038415262930865,        -0.0015149677471162
 -0.0008578628849874,        -0.0011648673740300,        -0.0014500035134296,        -0.0037306125223576,        -0.0038353378953357,        -0.0016676640127657
 -0.0008314265017526,        -0.0010833879738397,        -0.0013626443068102,        -0.0036996250601564,        -0.0038232852088237,        -0.0018155172832981
 -0.0008040891903364,        -0.0010014286858669,        -0.0012744583465915,        -0.0036633500178087,        -0.0038054734910391,        -0.0019583694383697
 -0.0007759066962083,        -0.0009191238605532,        -0.0011855947709995,        -0.0036219217551827,        -0.0037820153889155,        -0.0020960724569480
 -0.0007469352546004,        -0.0008366064022344,        -0.0010962015695839,        -0.0035754806513980,        -0.0037530306548627,        -0.0022284884981229
 -0.0007172314959567,        -0.0007540075841037,        -0.0010064253703681,        -0.0035241727980137,        -0.0037186458559550,        -0.0023554899649187
 -0.0006868523521633,        -0.0006714568684387,        -0.0009164112322537,        -0.0034681496878712,        -0.0036789940768261,        -0.0024769595512551
 -0.0006558549636942,        -0.0005890817322930,        -0.0008263024429248,        -0.0034075679001426,        -0.0036342146168281,        -0.0025927902722349
 -0.0006242965878041,        -0.0005070074988436,        -0.0007362403224861,        -0.0033425887821299,        -0.0035844526820124,        -0.0027028854779607
 -0.0005922345078948,        -0.0004253571745715,        -0.0006463640330543,        -0.0032733781283570,        -0.0035298590724829,        -0.0028071588510972
 -0.0005597259441777,        -0.0003442512924425,        -0.0005568103945090,        -0.0032001058574879,        -0.0034705898656744,        -0.0029055343884247
 -0.0005268279657533,        -0.0002638077612427,        -0.0004677137066009,        -0.0031229456876115,        -0.0034068060961117,        -0.0029979463666487
 -0.0004935974042232,        -0.0001841417212133,        -0.0003792055775984,        -0.0030420748104189,        -0.0033386734321984,        -0.0030843392927533
 -0.0004600907689449,        -0.0001053654061139,        -0.0002914147596418,        -0.0029576735647934,        -0.0032663618505781,        -0.0031646678391985
 -0.0004263641640385,        -0.0000275880118356,        -0.0002044669909629,        -0.0028699251103299,        -0.0031900453086102,        -0.0032388967642889
 -0.0003924732072464,         0.0000490844283306,        -0.0001184848451127,        -0.0027790151012946,        -0.0031099014155002,        -0.0033070008180580
 -0.0003584729507470,         0.0001245491616731,        -0.0000335875873286,        -0.0026851313615220,        -0.0030261111026131,        -0.0033689646340260
 -0.0003244178040141,         0.0001987068272038,         0.0000501089618417,        -0.0025884635607394,        -0.0029388582934906,        -0.0034247826072051
 -0.0002903614588131,         0.0002714615598955,         0.0001324925555544,        -0.0024892028928006,        -0.0028483295740919,        -0.0034744587587482
 -0.0002563568164186,         0.0003427210879522,         0.0002134546422312,        -0.0023875417563043,        -0.0027547138637692,        -0.0035180065876483
 -0.0002224559171334,         0.0004123968230645,         0.0002928904795884,        -0.0022836734380542,        -0.0026582020874743,        -0.0035554489099096
 -0.0001887098721851,         0.0004804039436130,         0.0003706992410678,        -0.0021777917998094,        -0.0025589868496865,        -0.0035868176856221
 -0.0001551687980694,         0.0005466614707950,         0.0004467841146170,        -0.0020700909687657,        -0.0024572621105464,        -0.0036121538343893
 -0.0001218817534080,         0.0006110923376603,         0.0005210523937784,        -0.0019607650321941,        -0.0023532228646639,        -0.0036315070395699
 -0.0000888966783802,         0.0006736234510543,         0.0005934155610576,        -0.0018500077366452,        -0.0022470648230592,        -0.0036449355417969
 -0.0000562603367859,         0.0007341857464754,         0.0006637893635576,        -0.0017380121921218,        -0.0021389840986838,        -0.0036525059222551
 -0.0000240182607894,         0.0007927142358682,         0.0007320938808745,        -0.0016249705816076,        -0.0020291768959612,        -0.0036542928762084
  0.0000077853016079,         0.0008491480483806,         0.0007982535852639,        -0.0015110738763209,        -0.0019178392047655,        -0.0036503789772696
  0.0000391074363266,         0.0009034304641268,         0.0008621973940977,        -0.0013965115570516,        -0.0018051664992496,        -0.0036408544329124
  0.0000699066101616,         0.0009555089410050,         0.0009238587146447,        -0.0012814713419247,        -0.0016913534419169,        -0.0036258168317377
  0.0001001427148982,         0.0010053351346335,         0.0009831754812179,        -0.0011661389209200,        -0.0015765935933234,        -0.0036053708830101
  0.0001297771085639,         0.0010528649114737,         0.0010400901847454,        -0.0010506976974576,        -0.0014610791277740,        -0.0035796281489814
  0.0001587726537945,         0.0010980583552203,         0.0010945498948267,        -0.0009353285373484,        -0.0013450005553660,        -0.0035487067705196
  0.0001870937532984,         0.0011408797665489,         0.0011465062743559,        -0.0008202095253884,        -0.0012285464507192,        -0.0035127311865732
  0.0002147063824048,         0.0011812976563196,         0.0011959155867957,        -0.0007055157298658,        -0.0011119031887157,        -0.0034718318479973
  0.0002415781186910,         0.0012192847323425,         0.0012427386961999,        -0.0005914189752257,        -0.0009952546875543,        -0.0034261449262652
  0.0002676781686830,         0.0012548178798209,         0.0012869410600916,        -0.0004780876231269,        -0.0008787821594108,        -0.0033758120175944
  0.0002929773916341,         0.0012878781355976,         0.0013284927153141,        -0.0003656863621079,        -0.0007626638689823,        -0.0033209798430189
  0.0003174483203847,         0.0013184506563343,         0.0013673682569800,        -0.0002543760060595,        -0.0006470749001695,        -0.0032617999449283
  0.0003410651793171,         0.0013465246807625,         0.0014035468106521,        -0.0001443133016893,        -0.0005321869311423,        -0.0031984283805974
  0.0003638038994166,         0.0013720934861527,         0.0014370119978993,        -0.0000356507451415,        -0.0004181680180133,        -0.0031310254132271
  0.0003856421304623,         0.0013951543391551,         0.0014677518953807,         0.0000714635920754,        -0.0003051823873278,        -0.0030597552010158
  0.0004065592503682,         0.0014157084411723,         0.0014957589876150,         0.0001768862277213,        -0.0001933902375632,        -0.0029847854847714
  0.0004265363717024,         0.0014337608684259,         0.0015210301136018,         0.0002804784239026,        -0.0000829475498129,        -0.0029062872745673
  0.0004455563454171,         0.0014493205068916,         0.0015435664074689,         0.0003821063324929,         0.0000259940921886,        -0.0028244345359474
  0.0004636037618244,         0.0014623999822794,         0.0015633732333270,         0.0004816411308163,         0.0001332876725540,        -0.0027394038761743
  0.0004806649488562,         0.0014730155852390,         0.0015804601145162,         0.0005789591475235,         0.0002387909041248,        -0.0026513742310029
  0.0004967279676514,         0.0014811871919777,         0.0015948406574377,         0.0006739419786115,         0.0003423663796338,        -0.0025605265524611
  0.0005117826055178,         0.0014869381804826,         0.0016065324701704,         0.0007664765935524,         0.0004438817130609,        -0.0024670434981082
  0.0005258203663166,         0.0014902953425424,         0.0016155570760752,         0.0008564554315117,         0.0005432096711045,        -0.0023711091222315
  0.0005388344583234,         0.0014912887917649,         0.0016219398225925,         0.0009437764876527,         0.0006402282947120,        -0.0022729085694285
  0.0005508197796220,         0.0014899518677936,         0.0016257097854482,         0.0010283433895398,         0.0007348210106266,        -0.0021726277710192
  0.0005617729010894,         0.0014863210369298,         0.0016268996684845,         0.0011100654636691,         0.0008268767329250,        -0.0020704531447173
  0.0005716920470348,         0.0014804357893657,         0.0016255456993360,         0.0011888577921668,         0.0009162899545360,        -0.0019665712979790
  0.0005805770735563,         0.0014723385332377,         0.0016216875211710,         0.0012646412597138,         0.0010029608287446,        -0.0018611687354326
  0.0005884294446834,         0.0014620744857122,         0.0016153680807285,         0.0013373425907670,         0.0010867952407045,        -0.0017544315707871
  0.0005952522063750,         0.0014496915613184,         0.0016066335128778,         0.0014068943771639,         0.0011677048689952,        -0.0016465452435992
  0.0006010499584439,         0.0014352402577383,         0.0015955330219298,         0.0014732350962085,         0.0012456072372730,        -0.0015376942412668
  0.0006058288244835,         0.0014187735392716,         0.0015821187599343,         0.0015363091193500,         0.0013204257560843,        -0.0014280618266023
  0.0006095964198716,         0.0014003467181910,         0.0015664457021958,         0.0015960667115828,         0.0013920897549207,        -0.0013178297713300
  0.0006123618179307,         0.0013800173342023,         0.0015485715202431,         0.0016524640217031,         0.0014605345046096,        -0.0012071780958309
  0.0006141355143228,         0.0013578450322233,         0.0015285564524858,         0.0017054630635721,         0.0015257012301491,        -0.0010962848154476
  0.0006149293897611,         0.0013338914386982,         0.0015064631727936,         0.0017550316885482,         0.0015875371141058,        -0.0009853256936457
  0.0006147566711221,         0.0013082200366602,         0.0014823566572335,         0.0018011435492621,         0.0016459952907137,        -0.0008744740023164
  0.0006136318910405,         0.0012808960397554,         0.0014563040491999,         0.0018437780549187,         0.0017010348308179,        -0.0007639002894844
  0.0006115708460731,         0.0012519862654379,         0.0014283745231675,         0.0018829203183183,         0.0017526207178207,        -0.0006537721546739
  0.0006085905535167,         0.0012215590075450,         0.0013986391473015,         0.0019185610948028,         0.0018007238148019,        -0.0005442540321673
  0.0006047092069684,         0.0011896839084617,         0.0013671707451558,         0.0019506967133422,         0.0018453208229946,        -0.0004355069823783
  0.0005999461307156,         0.0011564318310776,         0.0013340437566856,         0.0019793289999836,         0.0018863942318093,        -0.0003276884915432
  0.0005943217330420,         0.0011218747307368,         0.0012993340988011,         0.0020044651938921,         0.0019239322606049,        -0.0002209522799172
  0.0005878574585402,         0.0010860855273822,         0.0012631190256853,         0.0020261178562254,         0.0019579287924230,        -0.0001154481186497
  0.0005805757395188,         0.0010491379780891,         0.0012254769890977,         0.0020443047720914,         0.0019883832999059,        -0.0000113216554948
  0.0005724999465932,         0.0010111065501785,         0.0011864874988789,         0.0020590488458378,         0.0020153007636268,         0.0000912857505044
  0.0005636543385470,         0.0009720662951012,         0.0011462309838703,         0.0020703779899385,         0.0020386915830725,         0.0001922371852308
  0.0005540640115565,         0.0009320927232757,         0.0011047886534612,         0.0020783250077437,         0.0020585714805262,         0.0002914003265021
  0.0005437548478621,         0.0008912616800607,         0.0010622423599653,         0.0020829274703664,         0.0020749613981033,         0.0003886475817787
  0.0005327534639780,         0.0008496492230374,         0.0010186744620305,         0.0020842275879801,         0.0020878873882004,         0.0004838562164956
  0.0005210871585249,         0.0008073315007732,         0.0009741676892778,         0.0020822720758126,         0.0020973804976249,         0.0005769084729567
  0.0005087838597738,         0.0007643846332335,         0.0009288050083618,         0.0020771120151231,         0.0021034766456808,         0.0006676916797462
  0.0004958720729870,         0.0007208845940035,         0.0008826694906410,         0.0020688027094514,         0.0021062164964876,         0.0007560983516275
  0.0004823808276386,         0.0006769070944735,         0.0008358441816358,         0.0020574035364296,         0.0021056453258136,         0.0008420262799144
  0.0004683396246012,         0.0006325274701423,         0.0007884119724554,         0.0020429777954564,         0.0021018128827147,         0.0009253786133152
  0.0004537783833794,         0.0005878205691812,         0.0007404554733611,         0.0020255925515299,         0.0020947732462694,         0.0010060639292648
  0.0004387273894725,         0.0005428606433997,         0.0006920568896309,         0.0020053184755358,         0.0020845846777027,         0.0010839962957739
  0.0004232172419443,         0.0004977212417456,         0.0006432978998860,         0.0019822296812939,         0.0020713094681984,         0.0011590953238396
  0.0004072788012816,         0.0004524751064690,         0.0005942595370297,         0.0019564035596637,         0.0020550137827003,         0.0012312862104753
  0.0003909431376149,         0.0004071940720714,         0.0005450220719471,         0.0019279206100103,         0.0020357675000041,         0.0013004997724324
  0.0003742414793782,         0.0003619489671544,         0.0004956649001035,         0.0018968642693282,         0.0020136440494394,         0.0013666724706962
  0.0003572051624803,         0.0003168095192804,         0.0004462664311758,         0.0018633207393262,         0.0019887202444499,         0.0014297464258568
  0.0003398655800596,         0.0002718442629456,         0.0003969039818436,         0.0018273788117713,         0.0019610761133753,         0.0014896694244643
  0.0003222541328917,         0.0002271204507653,         0.0003476536718601,         0.0017891296923886,         0.0019307947277382,         0.0015463949164935
  0.0003044021805166,         0.0001827039679587,         0.0002985903235145,         0.0017486668236103,         0.0018979620283377,         0.0015998820040492
  0.0002863409931510,         0.0001386592502201,         0.0002497873645931,         0.0017060857064673,         0.0018626666494556,         0.0016500954214630
  0.0002681017044499,         0.0000950492050532,         0.0002013167349383,         0.0016614837219145,         0.0018249997414747,         0.0016970055069383
  0.0002497152651762,         0.0000519351366379,         0.0001532487966965,         0.0016149599518710,         0.0017850547922062,         0.0017405881659107
  0.0002312123978386,         0.0000093766742972,         0.0001056522483407,         0.0015666150002616,         0.0017429274472242,         0.0017808248263041
  0.0002126235523538,        -0.0000325682953805,         0.0000585940425452,         0.0015165508143353,         0.0016987153295029,         0.0018177023858730
  0.0001939788627851,        -0.0000738436927109,         0.0000121393079833,         0.0014648705065357,         0.0016525178586438,         0.0018512131518277
  0.0001753081052113,        -0.0001143953053305,        -0.0000336487248888,         0.0014116781771896,         0.0016044360699804,         0.0018813547729500
  0.0001566406567722,        -0.0001541708448225,        -0.0000787087940051,         0.0013570787382782,         0.0015545724338433,         0.0019081301644157
  0.0001380054559381,        -0.0001931199995184,        -0.0001229816717707,         0.0013011777385493,         0.0015030306752651,         0.0019315474255500
  0.0001194309640477,        -0.0002311944834526,        -0.0001664102270085,         0.0012440811902223,         0.0014499155943980,         0.0019516197507466
  0.0001009451281530,        -0.0002683480814470,        -0.0002089394827363,         0.0011858953975288,         0.0013953328879106,         0.0019683653337884
  0.0000825753452126,        -0.0003045366903163,        -0.0002505166697460,         0.0011267267873317,         0.0013393889716289,         0.0019818072658172
  0.0000643484276665,        -0.0003397183561848,        -0.0002910912759644,         0.0010666817420535,         0.0012821908046792,         0.0019919734272060
  0.0000462905704273,        -0.0003738533079152,        -0.0003306150915797,         0.0010058664351381,         0.0012238457153802,         0.0019988963735885
  0.0000284273193168,        -0.0004069039866547,        -0.0003690422499275,         0.0009443866692658,         0.0011644612291330,         0.0020026132163099
  0.0000107835409772,        -0.0004388350715098,        -0.0004063292641355,         0.0008823477175320,         0.0011041448985440,         0.0020031654975700
 -0.0000066166057200,        -0.0004696135013671,        -0.0004424350595309,         0.0008198541677918,         0.0010430041360139,         0.0020005990605280
 -0.0000237496967433,        -0.0004992084928829,        -0.0004773210018249,         0.0007570097703651,         0.0009811460490132,         0.0019949639146439
 -0.0000405930684307,        -0.0005275915546701,        -0.0005109509210908,         0.0006939172892907,         0.0009186772782626,         0.0019863140965388
 -0.0000571248414611,        -0.0005547364977172,        -0.0005432911315622,         0.0006306783573060,         0.0008557038390270,         0.0019747075266547
 -0.0000733239432540,        -0.0005806194420787,        -0.0005743104472814,         0.0005673933347248,         0.0007923309657225,         0.0019602058620001
 -0.0000891701287869,        -0.0006052188198797,        -0.0006039801936352,         0.0005041611723724,         0.0007286629600287,         0.0019428743452643
 -0.0001046439998187,        -0.0006285153746875,        -0.0006322742148200,         0.0004410792787326,         0.0006648030426906,         0.0019227816505915
 -0.0001197270225163,        -0.0006504921573026,        -0.0006591688772870,         0.0003782433914505,         0.0006008532091876,         0.0018999997263029
 -0.0001344015434776,        -0.0006711345180287,        -0.0006846430692185,         0.0003157474533255,         0.0005369140894332,         0.0018746036348549
