vv1     ,       vv2     ,       vv3     ,       vv4     ,       vv5     ,       vv6     
timestep:         0.0105894777265745
yAxisLabel:velocity [m/s]       
title:bogies velocity   
  0.0000000000000000,         0.0000000000000000,         0.0000000000000000,         0.0000000000000000,         0.0000000000000000,         0.0000000000000000
  0.0000000000000000,         0.0000000000000000,         0.0000000000000000,         0.0000000000000000,         0.0000000000000000,         0.0000000000000000
 -0.0000062810261631,         0.0000000000000000,         0.0000000000000000,         0.0000000000000000,         0.0000000000000000,         0.0000000000000000
 -0.0000369758093197,         0.0000000000000000,         0.0000000000000000,         0.0000000000000000,         0.0000000000000000,         0.0000000000000000
 -0.0001105388198778,         0.0000000000000000,         0.0000000000000000,         0.0000000000000000,         0.0000000000000000,         0.0000000000000000
 -0.0002329448642778,         0.0000000000000000,         0.0000000000000000,         0.0000000000000000,         0.0000000000000000,         0.0000000000000000
 -0.0003943617313921,         0.0000000000000000,         0.0000000000000000,         0.0000000000000000,         0.0000000000000000,         0.0000000000000000
 -0.0005833063240576,         0.0000000000000000,         0.0000000000000000,         0.0000000000000000,         0.0000000000000000,         0.0000000000000000
 -0.0008019574292799,         0.0000000000000000,         0.0000000000000000,         0.0000000000000000,         0.0000000000000000,         0.0000000000000000
 -0.0010459803901094,         0.0000000000000000,         0.0000000000000000,         0.0000000000000000,         0.0000000000000000,         0.0000000000000000
 -0.0012990153560192,         0.0000000000000000,         0.0000000000000000,         0.0000000000000000,         0.0000000000000000,         0.0000000000000000
 -0.0015574321418504,         0.0000000000000000,         0.0000000000000000,         0.0000000000000000,         0.0000000000000000,         0.0000000000000000
 -0.0018283890641834,         0.0000000000000000,         0.0000000000000000,         0.0000000000000000,         0.0000000000000000,         0.0000000000000000
 -0.0021178691889188,         0.0000000000000000,         0.0000000000000000,         0.0000000000000000,         0.0000000000000000,         0.0000000000000000
 -0.0024343000096528,         0.0000000000000000,         0.0000000000000000,         0.0000000000000000,         0.0000000000000000,         0.0000000000000000
 -0.0027894624099427,         0.0000000000000000,         0.0000000000000000,         0.0000000000000000,         0.0000000000000000,         0.0000000000000000
 -0.0031989874728436,         0.0000000000000000,         0.0000000000000000,         0.0000000000000000,         0.0000000000000000,         0.0000000000000000
 -0.0036763133360173,         0.0000000000000000,         0.0000000000000000,         0.0000000000000000,         0.0000000000000000,         0.0000000000000000
 -0.0042194179943826,         0.0000000000000000,         0.0000000000000000,         0.0000000000000000,         0.0000000000000000,         0.0000000000000000
 -0.0048188045410522,         0.0000000000000000,         0.0000000000000000,         0.0000000000000000,         0.0000000000000000,         0.0000000000000000
 -0.0054703860709566,         0.0000000000000000,         0.0000000000000000,         0.0000000000000000,         0.0000000000000000,         0.0000000000000000
 -0.0061649167922155,         0.0000000000000000,         0.0000000000000000,         0.0000000000000000,         0.0000000000000000,         0.0000000000000000
 -0.0068827410330736,         0.0000000000000000,         0.0000000000000000,         0.0000000000000000,         0.0000000000000000,         0.0000000000000000
 -0.0076086060900895,         0.0000000000000000,         0.0000000000000000,         0.0000000000000000,         0.0000000000000000,         0.0000000000000000
 -0.0083383643768876,         0.0000000000000000,         0.0000000000000000,         0.0000000000000000,         0.0000000000000000,         0.0000000000000000
 -0.0090719582226799,         0.0000000000000000,         0.0000000000000000,         0.0000000000000000,         0.0000000000000000,         0.0000000000000000
 -0.0098058523003546,         0.0000000000000000,         0.0000000000000000,         0.0000000000000000,         0.0000000000000000,         0.0000000000000000
 -0.0105352356739883,         0.0000000000000000,         0.0000000000000000,         0.0000000000000000,         0.0000000000000000,         0.0000000000000000
 -0.0112661990249617,         0.0000000000000000,         0.0000000000000000,         0.0000000000000000,         0.0000000000000000,         0.0000000000000000
 -0.0120149045487824,         0.0000000000000000,         0.0000000000000000,         0.0000000000000000,         0.0000000000000000,         0.0000000000000000
 -0.0127936743882247,         0.0000000000000000,         0.0000000000000000,         0.0000000000000000,         0.0000000000000000,         0.0000000000000000
 -0.0136111058770347,         0.0000000000000000,         0.0000000000000000,         0.0000000000000000,         0.0000000000000000,         0.0000000000000000
 -0.0144749611430911,         0.0000000000000000,         0.0000000000000000,         0.0000000000000000,         0.0000000000000000,         0.0000000000000000
 -0.0153836856951942,         0.0000000000000000,         0.0000000000000000,         0.0000000000000000,         0.0000000000000000,         0.0000000000000000
 -0.0163245962360052,         0.0000000000000000,         0.0000000000000000,         0.0000000000000000,         0.0000000000000000,         0.0000000000000000
 -0.0172825053148252,         0.0000000000000000,         0.0000000000000000,         0.0000000000000000,         0.0000000000000000,         0.0000000000000000
 -0.0182445796131202,        -0.0001902132812780,         0.0000000000000000,         0.0000000000000000,         0.0000000000000000,         0.0000000000000000
 -0.0192004516107825,        -0.0005973366723547,         0.0000000000000000,         0.0000000000000000,         0.0000000000000000,         0.0000000000000000
 -0.0201406566004915,        -0.0010751209067916,         0.0000000000000000,         0.0000000000000000,         0.0000000000000000,         0.0000000000000000
 -0.0210567006134348,        -0.0016382451442704,         0.0000000000000000,         0.0000000000000000,         0.0000000000000000,         0.0000000000000000
 -0.0219490779957005,        -0.0022891789590638,        -0.0002248869446004,         0.0000000000000000,         0.0000000000000000,         0.0000000000000000
 -0.0228315210911379,        -0.0030266339643862,        -0.0007236127394407,         0.0000000000000000,         0.0000000000000000,         0.0000000000000000
 -0.0237209242018760,        -0.0038667122154747,        -0.0013380166181408,         0.0000000000000000,         0.0000000000000000,         0.0000000000000000
 -0.0246241338442461,        -0.0048341230798345,        -0.0020853613494283,         0.0000000000000000,         0.0000000000000000,         0.0000000000000000
 -0.0255344241993027,        -0.0059169490093549,        -0.0029685284729242,         0.0000000000000000,         0.0000000000000000,         0.0000000000000000
 -0.0264414708650813,        -0.0070769847997169,        -0.0039678049127946,         0.0000000000000000,         0.0000000000000000,         0.0000000000000000
 -0.0273463943803340,        -0.0083059463574362,        -0.0050655422963425,         0.0000000000000000,         0.0000000000000000,         0.0000000000000000
 -0.0282609123513590,        -0.0096123435203389,        -0.0062589282358959,         0.0000000000000000,         0.0000000000000000,         0.0000000000000000
 -0.0291930962818025,        -0.0109830457891692,        -0.0075305679388324,         0.0000000000000000,         0.0000000000000000,         0.0000000000000000
 -0.0301406942702465,        -0.0124024705311695,        -0.0088506822318719,         0.0000000000000000,         0.0000000000000000,         0.0000000000000000
 -0.0310929234865961,        -0.0138734395620427,        -0.0102055981273911,         0.0000000000000000,         0.0000000000000000,         0.0000000000000000
 -0.0320269998075946,        -0.0154110137612887,        -0.0115968155858748,         0.0000000000000000,         0.0000000000000000,         0.0000000000000000
 -0.0329114019573768,        -0.0170265437023173,        -0.0130359168217550,         0.0000000000000000,         0.0000000000000000,         0.0000000000000000
 -0.0337265034567298,        -0.0187167233597136,        -0.0145402397345349,         0.0000000000000000,         0.0000000000000000,         0.0000000000000000
 -0.0344693944701278,        -0.0204770063942917,        -0.0161226423582204,         0.0000000000000000,         0.0000000000000000,         0.0000000000000000
 -0.0351354182652326,        -0.0223056414099535,        -0.0177949961763045,         0.0000000000000000,         0.0000000000000000,         0.0000000000000000
 -0.0357160409050785,        -0.0241789201771647,        -0.0195579125560837,         0.0000000000000000,         0.0000000000000000,         0.0000000000000000
 -0.0362142270337038,        -0.0260538982839312,        -0.0213850647303117,         0.0000000000000000,         0.0000000000000000,         0.0000000000000000
 -0.0366409677128863,        -0.0279020689634562,        -0.0232431445649533,         0.0000000000000000,         0.0000000000000000,         0.0000000000000000
 -0.0370046186741107,        -0.0297108152467803,        -0.0251089525980130,         0.0000000000000000,         0.0000000000000000,         0.0000000000000000
 -0.0373129196735020,        -0.0314623771100251,        -0.0269567546914830,         0.0000000000000000,         0.0000000000000000,         0.0000000000000000
 -0.0375750027975361,        -0.0331372154577848,        -0.0287568995300793,         0.0000000000000000,         0.0000000000000000,         0.0000000000000000
 -0.0378028017564946,        -0.0347310662249620,        -0.0304938858694311,         0.0000000000000000,         0.0000000000000000,         0.0000000000000000
 -0.0380041960060273,        -0.0362550366333523,        -0.0321669762043701,         0.0000000000000000,         0.0000000000000000,         0.0000000000000000
 -0.0381657934463057,        -0.0377238281143291,        -0.0337765533859659,         0.0000000000000000,         0.0000000000000000,         0.0000000000000000
 -0.0382651076872834,        -0.0391501587791089,        -0.0353199307892589,         0.0000000000000000,         0.0000000000000000,         0.0000000000000000
 -0.0382918214703158,        -0.0405552353733822,        -0.0368003404359057,         0.0000000000000000,         0.0000000000000000,         0.0000000000000000
 -0.0382377583221433,        -0.0419715926559342,        -0.0382453378909636,         0.0000000000000000,         0.0000000000000000,         0.0000000000000000
 -0.0380934785196765,        -0.0434125623843830,        -0.0396953316575522,         0.0000000000000000,         0.0000000000000000,         0.0000000000000000
 -0.0378575620214896,        -0.0448575510012438,        -0.0411652907066609,         0.0000000000000000,         0.0000000000000000,         0.0000000000000000
 -0.0375381498139208,        -0.0462866763788815,        -0.0426522192898790,         0.0000000000000000,         0.0000000000000000,         0.0000000000000000
 -0.0371513639966131,        -0.0476958334397793,        -0.0441592596978009,         0.0000000000000000,         0.0000000000000000,         0.0000000000000000
 -0.0367115074517347,        -0.0490750630160113,        -0.0456822033459850,        -0.0004444393584919,         0.0000000000000000,         0.0000000000000000
 -0.0362252186312447,        -0.0504043718937325,        -0.0472019589293509,        -0.0013684308970902,         0.0000000000000000,         0.0000000000000000
 -0.0357001959336897,        -0.0516637022404881,        -0.0486940520039841,        -0.0023891349670002,         0.0000000000000000,         0.0000000000000000
 -0.0351459544850655,        -0.0528436453448813,        -0.0501346442072672,        -0.0035226682248712,         0.0000000000000000,         0.0000000000000000
 -0.0345618268211654,        -0.0539459147146287,        -0.0515102367641817,        -0.0047716713374312,        -0.0004660455058679,         0.0000000000000000
 -0.0339345456655763,        -0.0549737766010353,        -0.0528206346683175,        -0.0061277424924444,        -0.0014565262089454,         0.0000000000000000
 -0.0332438796448633,        -0.0559414559495882,        -0.0540764981320062,        -0.0075960061012929,        -0.0025870066174222,         0.0000000000000000
 -0.0324600512411488,        -0.0568798568705743,        -0.0552962320015951,        -0.0091968698827654,        -0.0038688004836036,         0.0000000000000000
 -0.0315512896448170,        -0.0578102209364719,        -0.0564867421274529,        -0.0109267965738172,        -0.0053063754402544,         0.0000000000000000
 -0.0304967113620690,        -0.0587291068303170,        -0.0576376226171813,        -0.0127521963821892,        -0.0068840336242350,         0.0000000000000000
 -0.0292868499231840,        -0.0596260585647055,        -0.0587479873549939,        -0.0146576705164225,        -0.0085782003036575,         0.0000000000000000
 -0.0279247855052533,        -0.0604941075401817,        -0.0598345542344849,        -0.0166515387549821,        -0.0103825004458696,         0.0000000000000000
 -0.0264224623404280,        -0.0613180829157190,        -0.0609045588328122,        -0.0187327544457887,        -0.0122910681054452,         0.0000000000000000
 -0.0248002137220534,        -0.0620744530208409,        -0.0619453853083998,        -0.0208930810108120,        -0.0142855456682655,         0.0000000000000000
 -0.0230875226440687,        -0.0627440184725407,        -0.0629369283469608,        -0.0231270613592050,        -0.0163466984722522,         0.0000000000000000
 -0.0213058021594810,        -0.0633113659743987,        -0.0638591826928350,        -0.0254334600621303,        -0.0184577221528792,         0.0000000000000000
 -0.0194646665114163,        -0.0637593908768057,        -0.0646937184844780,        -0.0278055594171466,        -0.0206124969868551,         0.0000000000000000
 -0.0175768885987409,        -0.0640738332239021,        -0.0654231754962107,        -0.0302127814757651,        -0.0228099181373889,         0.0000000000000000
 -0.0156699325330352,        -0.0642541458235603,        -0.0660339726130030,        -0.0326195525840455,        -0.0250389212328480,         0.0000000000000000
 -0.0137835076775987,        -0.0643075010369448,        -0.0665175953831801,        -0.0350128017499369,        -0.0272932942986848,         0.0000000000000000
 -0.0119443761984522,        -0.0642339473912197,        -0.0668632058106640,        -0.0373827358985304,        -0.0295743628203375,         0.0000000000000000
 -0.0101579273935180,        -0.0640255431658744,        -0.0670546538502487,        -0.0396996856886237,        -0.0318684801296989,         0.0000000000000000
 -0.0084160338751071,        -0.0636796320256522,        -0.0670748988400597,        -0.0419320297601198,        -0.0341476265157161,         0.0000000000000000
 -0.0066955667507041,        -0.0632190875868438,        -0.0669230796567335,        -0.0440685646144314,        -0.0363896437592081,         0.0000000000000000
 -0.0049763157233651,        -0.0626806980916155,        -0.0666284302072925,        -0.0461108298059367,        -0.0385822266743269,         0.0000000000000000
 -0.0032555648320305,        -0.0620817834314560,        -0.0662249688676699,        -0.0480519443132048,        -0.0407098443525451,         0.0000000000000000
 -0.0015250326053991,        -0.0614249477921573,        -0.0657336663328540,        -0.0498709813622937,        -0.0427444630620658,         0.0000000000000000
  0.0002372387367115,        -0.0607045675800308,        -0.0651737863129485,        -0.0515605098658220,        -0.0446568415594567,         0.0000000000000000
  0.0020469303657462,        -0.0599041091061123,        -0.0645560472110419,        -0.0531504030119179,        -0.0464493010408665,         0.0000000000000000
  0.0039101434659943,        -0.0590157066321378,        -0.0638779623719901,        -0.0546775467692795,        -0.0481527661209464,         0.0000000000000000
  0.0058249153764473,        -0.0580351976710574,        -0.0631348158564119,        -0.0561625949152887,        -0.0497867706427434,         0.0000000000000000
  0.0077790225952370,        -0.0569426802525967,        -0.0623128225726958,        -0.0576205487262012,        -0.0513624351455544,         0.0000000000000000
  0.0097592113775511,        -0.0557177845490570,        -0.0613876342191774,        -0.0590531728493497,        -0.0528984060019477,         0.0000000000000000
  0.0117514593487500,        -0.0543525121977391,        -0.0603383187929878,        -0.0604536207463108,        -0.0544144521895588,         0.0000000000000000
  0.0137316746524999,        -0.0528440747235166,        -0.0591492240236888,        -0.0618269935947703,        -0.0559363705290697,         0.0000000000000000
  0.0156832754774853,        -0.0511974712177909,        -0.0578127125908632,        -0.0631739400643621,        -0.0574769320836937,         0.0000000000000000
  0.0176084691547077,        -0.0494244518128608,        -0.0563315680937810,        -0.0644719028577936,        -0.0590131622213927,         0.0000000000000000
  0.0195156241217008,        -0.0475397673319973,        -0.0547099074673236,        -0.0656850990256102,        -0.0605096456288742,        -0.0005177782247018
  0.0214258454372568,        -0.0455725378908525,        -0.0529587023805629,        -0.0667787923352497,        -0.0619358796970778,        -0.0015876772711959
  0.0233673029783839,        -0.0435607214771819,        -0.0511085203384086,        -0.0677365516486781,        -0.0632643447348354,        -0.0027539804125565
  0.0253544302769485,        -0.0415225166364204,        -0.0491929898425644,        -0.0685621603770811,        -0.0644811840311910,        -0.0040262377095163
  0.0273879782384691,        -0.0394582395188734,        -0.0472273709489723,        -0.0692550052626776,        -0.0655819151287329,        -0.0054034353026808
  0.0294522506645725,        -0.0373561852863469,        -0.0452121002017316,        -0.0698120111098408,        -0.0665549603709619,        -0.0068675211375005
  0.0315190029033192,        -0.0351798339465332,        -0.0431325424730133,        -0.0702528844229323,        -0.0673968866890701,        -0.0083944978875214
  0.0335633586383115,        -0.0328863968598206,        -0.0409614029956548,        -0.0706083765631416,        -0.0681237718005948,        -0.0099796312493329
  0.0355569728821480,        -0.0304459065595009,        -0.0386736006668306,        -0.0708944646047901,        -0.0687486483334534,        -0.0116131527922145
  0.0374573709709124,        -0.0278459489066789,        -0.0362492863384971,        -0.0711096710968339,        -0.0692711769769404,        -0.0132673929807819
  0.0392199471023613,        -0.0250996832568623,        -0.0336857119855420,        -0.0712322728830989,        -0.0696842266509580,        -0.0149327997915423
  0.0408189713795146,        -0.0222290798353110,        -0.0309983017200588,        -0.0712250095043899,        -0.0699761696446967,        -0.0166173691941233
  0.0422523588746481,        -0.0192520103705803,        -0.0281956119980244,        -0.0710575587600435,        -0.0701413392108496,        -0.0183185996008800
  0.0435272041635878,        -0.0161980703932589,        -0.0252836738394067,        -0.0707091027065417,        -0.0701729977411280,        -0.0200270030787626
  0.0446568008216399,        -0.0131132956322118,        -0.0222884741290756,        -0.0701681252263379,        -0.0700515654267453,        -0.0217354187510770
  0.0456663109188515,        -0.0100458247520006,        -0.0192520077551514,        -0.0694326037812046,        -0.0697614084789949,        -0.0234324669293037
  0.0465807144841718,        -0.0070291076305416,        -0.0162076640854118,        -0.0684942292018353,        -0.0692918192814432,        -0.0250969542905564
  0.0474131511851107,        -0.0040820756449727,        -0.0131696161294487,        -0.0673483180387272,        -0.0686288041942980,        -0.0266954567183055
  0.0481665692004197,        -0.0012219390172317,        -0.0101586728860961,        -0.0660112759770943,        -0.0677659918426225,        -0.0281901390490528
  0.0488398778421777,         0.0015399840256575,        -0.0072125180903251,        -0.0645126906803532,        -0.0667128080364530,        -0.0295613027416922
  0.0494397203283565,         0.0042049096093008,        -0.0043596337999928,        -0.0628820235296350,        -0.0654912073549728,        -0.0308009257854035
  0.0499836256566777,         0.0067809633465925,        -0.0016114907625067,        -0.0611400034185595,        -0.0641169926696154,        -0.0318876373153294
  0.0504846890552441,         0.0092799566256672,         0.0010340663092653,        -0.0593036255709452,        -0.0625905581031648,        -0.0328005828254428
  0.0509434378514410,         0.0117126437857916,         0.0035897459488812,        -0.0573937325086563,        -0.0609212391984649,        -0.0335443426518862
  0.0513519610403665,         0.0140860312729817,         0.0060684186521347,        -0.0554250870747503,        -0.0591367408388205,        -0.0341489956041968
  0.0516862506187972,         0.0164156996535245,         0.0084868147328417,        -0.0534055973186459,        -0.0572673609186388,        -0.0346412517211157
  0.0519102380837026,         0.0187272504246736,         0.0108741303201617,        -0.0513388463246845,        -0.0553382834656436,        -0.0350237583675078
  0.0519985161838278,         0.0210375786151343,         0.0132610346850723,        -0.0492185914637212,        -0.0533630374017664,        -0.0353035610214475
  0.0519351940936207,         0.0233510273120272,         0.0156695273474582,        -0.0470357544336662,        -0.0513434136598759,        -0.0355098391231411
  0.0517107933361852,         0.0256650012579172,         0.0181141569495457,        -0.0447803952646918,        -0.0492791832818536,        -0.0356723439747825
  0.0513351197141670,         0.0279603063519618,         0.0205899882928536,        -0.0424354401807242,        -0.0471626687307056,        -0.0358099361714872
  0.0508264929233335,         0.0302028133387255,         0.0230686064213227,        -0.0399837915926030,        -0.0449736792458456,        -0.0359263555494263
  0.0501968445621633,         0.0323613176234077,         0.0255212114326869,        -0.0374178246453626,        -0.0426929380217823,        -0.0360173877869359
  0.0494498900723363,         0.0344180519607563,         0.0279267055859355,        -0.0347384991229322,        -0.0403081010816671,        -0.0360869670227848
  0.0485795372791109,         0.0363737383451775,         0.0302673776038410,        -0.0319570287898890,        -0.0378130244032206,        -0.0361320870217872
  0.0475873768896287,         0.0382397726403953,         0.0325317221722559,        -0.0290972699990733,        -0.0352145606249570,        -0.0361284377725959
  0.0464958147193243,         0.0400253943719307,         0.0347060848183107,        -0.0261866218877068,        -0.0325284307931578,        -0.0360496448339720
  0.0453303748884088,         0.0417367280258604,         0.0367777542392056,        -0.0232512043709441,        -0.0297673785233109,        -0.0358801468007167
  0.0440997371436543,         0.0433695557644805,         0.0387421931892903,        -0.0203157002948138,        -0.0269463669710731,        -0.0356077691558733
  0.0427948507997505,         0.0449103687560571,         0.0405922893496710,        -0.0173933719524209,        -0.0240869807892434,        -0.0352246388811398
  0.0414000463773530,         0.0463620383659790,         0.0423271250424266,        -0.0144912975289597,        -0.0212133696283749,        -0.0347342597208326
  0.0398990115045168,         0.0477497240986261,         0.0439706666028827,        -0.0116194214866432,        -0.0183525061077048,        -0.0341448660662143
  0.0382768065832117,         0.0490956663889877,         0.0455590013667798,        -0.0087853122473202,        -0.0155286457690545,        -0.0334551499945312
  0.0365361554863655,         0.0503946323141738,         0.0471106332205053,        -0.0059972736689932,        -0.0127589951292860,        -0.0326543688908623
  0.0347014494729868,         0.0516180045989407,         0.0486148125826161,        -0.0032598881382256,        -0.0100550216967680,        -0.0317409917306369
  0.0328007372566735,         0.0527352346015446,         0.0500469972104107,        -0.0005577208143666,        -0.0074100315983801,        -0.0307342208850739
  0.0308639713032974,         0.0537111040424740,         0.0513788068977611,         0.0021404015570971,        -0.0047940262579177,        -0.0296551212465906
  0.0289253641053142,         0.0545036545006103,         0.0525729489649191,         0.0048562192197836,        -0.0021722608212990,        -0.0285136817250425
  0.0270151466594471,         0.0550912465051381,         0.0535948580564598,         0.0075830154686440,         0.0004746289875799,        -0.0273199752067186
  0.0251619894975336,         0.0554764211341047,         0.0544246741764278,         0.0102982397311513,         0.0031438676288900,        -0.0260772612822076
  0.0233887927542861,         0.0556715829747911,         0.0550510488405563,         0.0129796844744193,         0.0058208013790409,        -0.0247634871212988
  0.0216974649899995,         0.0557041064097761,         0.0554776460627047,         0.0155935002109845,         0.0084802283839932,        -0.0233404326245197
  0.0200745120142258,         0.0556076404014024,         0.0557280281705744,         0.0180974131831655,         0.0110848031539815,        -0.0217882447411354
  0.0185016112356410,         0.0554106889248740,         0.0558283642321980,         0.0204600500730018,         0.0136018147358581,        -0.0201222364577418
  0.0169561138911420,         0.0551429978845309,         0.0558083292814030,         0.0226615817800110,         0.0160070724953307,        -0.0183670786349625
  0.0154123915153471,         0.0548307793783284,         0.0557059421792865,         0.0246957984106407,         0.0182799375429288,        -0.0165400327247479
  0.0138438070752453,         0.0544913170568074,         0.0555519590168036,         0.0265767276729069,         0.0204135119358052,        -0.0146699615641716
  0.0122296235781225,         0.0541346068659643,         0.0553650288328538,         0.0283287920829199,         0.0224104763661482,        -0.0127965842503567
  0.0105668840516481,         0.0537530707887112,         0.0551505026373045,         0.0299822388189830,         0.0242779861724261,        -0.0109532657497407
  0.0088625341570909,         0.0533199386547779,         0.0548964022137656,         0.0315703395281790,         0.0260393341268099,        -0.0091648999220731
  0.0071151276832783,         0.0528008061700389,         0.0545805954802118,         0.0331126789351876,         0.0277220389333258,        -0.0074448370337402
  0.0053214489390733,         0.0521626452610834,         0.0541801967326259,         0.0346167085277532,         0.0293408485935475,        -0.0057953886502805
  0.0034915280345903,         0.0513860329786316,         0.0536821214401661,         0.0360878019585124,         0.0309063591663171,        -0.0042154234995157
  0.0016478341037789,         0.0504711002163229,         0.0530840188622132,         0.0375231957533479,         0.0324288450633747,        -0.0026900788611534
 -0.0001854723064432,         0.0494199623044606,         0.0523752130015936,         0.0389091661031296,         0.0339101587508442,        -0.0011882287618606
 -0.0019933140139064,         0.0482248760342500,         0.0515265023911480,         0.0402265033410162,         0.0353445067734725,         0.0003140814365557
 -0.0037669548740691,         0.0468831736810503,         0.0505073902694815,         0.0414573407982651,         0.0367253248514053,         0.0018262123434628
 -0.0054963601322565,         0.0454066815321415,         0.0493074357206397,         0.0425894492682830,         0.0380509434335967,         0.0033499032779115
 -0.0071666404106578,         0.0438173748015984,         0.0479389941403513,         0.0436093923134248,         0.0393197016002671,         0.0048820000116526
 -0.0087605137331354,         0.0421406900663454,         0.0464290970972568,         0.0444988008547609,         0.0405180275152095,         0.0064192684426988
 -0.0102723875914881,         0.0404006022155879,         0.0448091597597074,         0.0452404155178248,         0.0416178767450806,         0.0079608918491999
 -0.0117077331126004,         0.0386171459825147,         0.0431086481324326,         0.0458255481588467,         0.0425842420377597,         0.0095069823112873
 -0.0130670271878713,         0.0368064684741322,         0.0413548210212449,         0.0462569223089738,         0.0433842698884850,         0.0110531481218068
 -0.0143400918990369,         0.0349875068391074,         0.0395767110025482,         0.0465441013730442,         0.0439995943797088,         0.0125812450094892
 -0.0155173780873250,         0.0331776844571674,         0.0378058309864671,         0.0466965456753574,         0.0444324683677662,         0.0140598939849643
 -0.0166020541441760,         0.0313813895068382,         0.0360611326100494,         0.0467237751180737,         0.0446996014267732,         0.0154519038762890
 -0.0176034479669119,         0.0295981677029376,         0.0343487822019486,         0.0466391131163874,         0.0448237598606957,         0.0167236559291094
 -0.0185201363365622,         0.0278330530095454,         0.0326783111913126,         0.0464588401885116,         0.0448245221060337,         0.0178565586533106
 -0.0193370831597145,         0.0260982478300508,         0.0310578769098783,         0.0461984105124972,         0.0447192740372003,         0.0188501885635732
 -0.0200401822677512,         0.0244023003136352,         0.0294803365508819,         0.0458632501445631,         0.0445252181485597,         0.0197122304886012
 -0.0206152411701063,         0.0227362100416558,         0.0279204853253495,         0.0454533153850622,         0.0442535928036511,         0.0204471049483608
 -0.0210387025177886,         0.0210871793779842,         0.0263479999252097,         0.0449771668996712,         0.0439170666795364,         0.0210556537295305
 -0.0212934669410137,         0.0194612036709220,         0.0247527342897873,         0.0444403738106625,         0.0435321558340289,         0.0215454388700172
 -0.0213854700470693,         0.0178822958212166,         0.0231510359746681,         0.0438328003026269,         0.0431045361112588,         0.0219351335792918
 -0.0213376276176415,         0.0163800644928863,         0.0215702732032115,         0.0431371177301071,         0.0426242494498831,         0.0222373966960243
 -0.0211778895205637,         0.0149865017190329,         0.0200448971353350,         0.0423332231197326,         0.0420638869771986,         0.0224565301135354
 -0.0209343859398263,         0.0137259349275368,         0.0186137135670126,         0.0414063539434628,         0.0413856952045865,         0.0226062404917130
 -0.0206335642827272,         0.0126026748059480,         0.0172990392786768,         0.0403618925911101,         0.0405664744076773,         0.0227053514721994
 -0.0202918864309547,         0.0116027663576482,         0.0160996436932787,         0.0392252374050339,         0.0396127832350661,         0.0227641009117435
 -0.0199063966288423,         0.0106976742239968,         0.0150028225889459,         0.0380338248983084,         0.0385522275063372,         0.0227738588166731
 -0.0194664448956121,         0.0098536415230575,         0.0139913999827121,         0.0368264719029997,         0.0374211556522912,         0.0227036589291378
 -0.0189710021514611,         0.0090427917095085,         0.0130472714325451,         0.0356261861691211,         0.0362539123797727,         0.0225263466101941
 -0.0184244011926344,         0.0082401493639811,         0.0121483180665752,         0.0344397758184943,         0.0350724949390583,         0.0222417254534081
 -0.0178276729807339,         0.0074267667625331,         0.0112662300449140,         0.0332694747050325,         0.0338924721216813,         0.0218689433457319
 -0.0171839274114441,         0.0065982785239330,         0.0103795159419395,         0.0321114972918313,         0.0327260367098326,         0.0214363028412497
 -0.0165047246538958,         0.0057576211386618,         0.0094761629656050,         0.0309572124462535,         0.0315785412196418,         0.0209738218857335
 -0.0158064744021951,         0.0049122717750853,         0.0085427827660429,         0.0297954226219889,         0.0304506238951988,         0.0204976473804118
 -0.0151075541078509,         0.0040785060508172,         0.0075759912721368,         0.0286105148694449,         0.0293359192870981,         0.0200057563208077
 -0.0144311663373030,         0.0032751997266283,         0.0065911419720871,         0.0273914533050547,         0.0282246607532151,         0.0194903692115353
 -0.0138032497665633,         0.0025185289189930,         0.0056115676970150,         0.0261376299307554,         0.0271109903059146,         0.0189493486942946
 -0.0132466120689210,         0.0018260829750307,         0.0046635786701300,         0.0248447959946186,         0.0259812714590389,         0.0183912244824447
 -0.0127297561200283,         0.0012179954842378,         0.0037770290835104,         0.0235060057320771,         0.0248083015796837,         0.0178202528447389
 -0.0122064634858501,         0.0007093727521301,         0.0029803524629244,         0.0221325899724206,         0.0235735216079804,         0.0172216673709609
 -0.0116719387822397,         0.0003056455470612,         0.0022933337431604,         0.0207535012071910,         0.0222843370837333,         0.0165759815977676
 -0.0111271777895713,         0.0000086022285201,         0.0017289796847536,         0.0193951999911667,         0.0209640715841951,         0.0158695498431021
 -0.0105731774882129,        -0.0001804710489574,         0.0012987168735614,         0.0180720849189648,         0.0196359160299086,         0.0150857338585618
 -0.0100109344927401,        -0.0002619774607793,         0.0010110117155394,         0.0167981239135308,         0.0183214280350005,         0.0142082826140807
 -0.0094414435097391,        -0.0002360844689576,         0.0008735733900447,         0.0155934440533080,         0.0170436889125731,         0.0132351350546058
 -0.0088656958213648,        -0.0001093572021634,         0.0008870467210222,         0.0144735044770731,         0.0158218132538462,         0.0121795135410980
 -0.0082846777965802,         0.0001056975135746,         0.0010279547086462,         0.0134414469056779,         0.0146661533356373,         0.0110601050339773
 -0.0076993694320096,         0.0004059325890694,         0.0012626685106734,         0.0124957222662136,         0.0135825429154210,         0.0098903590263077
 -0.0071107429242071,         0.0007946070153596,         0.0015687071139219,         0.0116416599738817,         0.0125821747802243,         0.0086795850924616
 -0.0065197612751191,         0.0012748488301080,         0.0019369257602987,         0.0108817467253546,         0.0116846141288673,         0.0074387051178459
 -0.0059273769323657,         0.0018508681134681,         0.0023680825305460,         0.0101955081435752,         0.0108981666900107,         0.0061803989751241
 -0.0053345304660953,         0.0025261324712712,         0.0028663933493886,         0.0095599646785980,         0.0102067468770072,         0.0049163067621877
 -0.0047421492836652,         0.0032999243579187,         0.0034371282958042,         0.0089722562183836,         0.0095881920559318,         0.0036565704934357
 -0.0041511463837367,         0.0041647720453193,         0.0040816953016211,         0.0084343964521443,         0.0090228090622429,         0.0024198765410460
 -0.0035624191512630,         0.0051035642622926,         0.0047941240448691,         0.0079509988956788,         0.0084936405986400,         0.0012278891776692
 -0.0029768481943948,         0.0060932282145054,         0.0055635673469912,         0.0075312089614473,         0.0079971159745740,         0.0000811721455874
 -0.0023952962246344,         0.0071216564053970,         0.0063877375816159,         0.0071771659192746,         0.0075331128366511,        -0.0010335202590145
 -0.0018186069812994,         0.0081896401592478,         0.0072808456849537,         0.0068846950883738,         0.0070960671052090,        -0.0021230733501963
 -0.0012476042013257,         0.0092933848343676,         0.0082552075916748,         0.0066508343474915,         0.0066860450537762,        -0.0031897650141435
 -0.0006830906353283,         0.0104197515773578,         0.0093068292842839,         0.0064706879227813,         0.0063086712524969,        -0.0042304068859875
 -0.0001258471107744,         0.0115527126961717,         0.0104187693343352,         0.0063392457734277,         0.0059657287877620,        -0.0052406798670913
  0.0004233683570071,         0.0126761269710813,         0.0115627629547340,         0.0062636964954473,         0.0056665136985357,        -0.0062242410248273
  0.0009638214051541,         0.0137821381485592,         0.0127063827270041,         0.0062556388474132,         0.0054361007512632,        -0.0071880907636777
  0.0014948021146218,         0.0148697894222159,         0.0138282534350754,         0.0063192109704261,         0.0052983606879032,        -0.0081395944012028
  0.0020156257518907,         0.0159377068998552,         0.0149217821225178,         0.0064485480965480,         0.0052643737969873,        -0.0090868168008313
  0.0025256334604804,         0.0169892539034481,         0.0159934054994478,         0.0066210700744471,         0.0053247014941113,        -0.0100255998160523
  0.0030241929021884,         0.0180299845967273,         0.0170594175444331,         0.0068094908885634,         0.0054471205897941,        -0.0109281076106029
  0.0035106988476622,         0.0190557124691238,         0.0181343713574248,         0.0070024834168643,         0.0055973105497593,        -0.0117618076862707
  0.0039845737161566,         0.0200513372701135,         0.0192231495119745,         0.0072040927683703,         0.0057548712831148,        -0.0125095604463178
  0.0044452680643960,         0.0209936691562143,         0.0203198593153568,         0.0074301785663602,         0.0059129380160954,        -0.0131716475600548
  0.0048922610245264,         0.0218521531264892,         0.0214058887355358,         0.0077045909597873,         0.0060826138074450,        -0.0137647926565449
  0.0053250606912353,         0.0225946635298179,         0.0224547223330365,         0.0080467544333537,         0.0062849951698861,        -0.0143082760104209
  0.0057432044581799,         0.0231931994432271,         0.0234388576833455,         0.0084684629874103,         0.0065371297293624,        -0.0148106696605338
  0.0061462593039608,         0.0236754080473630,         0.0243293544194962,         0.0089760287896038,         0.0068537336633292,        -0.0152696374146002
  0.0065338220279537,         0.0240974650769593,         0.0251015593567186,         0.0095663266851437,         0.0072448153214252,        -0.0156718432904861
  0.0069055194362586,         0.0244758744572344,         0.0257483913634012,         0.0102253305869868,         0.0077093897660517,        -0.0159950217520050
  0.0072610084784336,         0.0248106927107105,         0.0262653404930688,         0.0109357883200382,         0.0082404992606498,        -0.0162176134416542
  0.0075999763354016,         0.0251020432153068,         0.0266853484710596,         0.0116860151947225,         0.0088368788996028,        -0.0163266205886985
  0.0079221404589951,         0.0253501150260338,         0.0270525795698637,         0.0124699818241924,         0.0095039642240147,        -0.0163205556825304
  0.0082272485640044,         0.0255551616122236,         0.0273723833290233,         0.0132773196261504,         0.0102427872190463,        -0.0162065906026853
  0.0085150785733348,         0.0257174995133639,         0.0276449630539225,         0.0140842001323438,         0.0110406303614669,        -0.0159949962988972
  0.0087854385170547,         0.0258375069167976,         0.0278705923803958,         0.0148710710209999,         0.0118734506847660,        -0.0156960639273737
  0.0090381663861930,         0.0259156221607175,         0.0280496138119422,         0.0156523915500318,         0.0127283307441797,        -0.0153181189473164
  0.0092731299421590,         0.0259523421658149,         0.0281824371715488,         0.0164593440795517,         0.0136107270153685,        -0.0148692396009078
  0.0094902264827573,         0.0259482207991384,         0.0282695379718638,         0.0173030698420972,         0.0145154188864207,        -0.0143616261858075
  0.0096893825657982,         0.0259038671736541,         0.0283114557074030,         0.0181819132542687,         0.0154264237287751,        -0.0138120117751517
  0.0098705536912898,         0.0258199438870755,         0.0283087920725481,         0.0191009456782933,         0.0163434887791115,        -0.0132294542607727
  0.0100337239434602,         0.0256971652036931,         0.0282622091093475,         0.0200673646504338,         0.0172774641074440,        -0.0126087985046570
  0.0101789055936755,         0.0255362951828124,         0.0281724272889484,         0.0210801641012452,         0.0182332482346933,        -0.0119503017122515
  0.0103061386653683,         0.0253381457574181,         0.0280402235305109,         0.0221249024612453,         0.0192056173504050,        -0.0112661814069628
  0.0104154904623496,         0.0251035747668915,         0.0278664291617660,         0.0231828858037615,         0.0201867126476123,        -0.0105596983687964
  0.0105070550617169,         0.0248334839474920,         0.0276519278251965,         0.0242434097403387,         0.0211771201058292,        -0.0098276312835162
  0.0105809527726577,         0.0245288168842965,         0.0273976533338448,         0.0253008301485919,         0.0221832143925715,        -0.0090737098961776
  0.0106373295625186,         0.0241905569284113,         0.0271045874808936,         0.0263434163931714,         0.0232036983189927,        -0.0083017146995007
  0.0106763564514887,         0.0238197250831386,         0.0267737578070310,         0.0273529618565831,         0.0242282137040636,        -0.0075100733051597
  0.0106982288773265,         0.0234173778629025,         0.0264062353297605,         0.0283083611342766,         0.0252455931951515,        -0.0066932709810044
  0.0107031660315400,         0.0229846051285918,         0.0260031322386725,         0.0291942269770394,         0.0262411730955470,        -0.0058418894937362
  0.0106914101684580,         0.0225225279031193,         0.0255655995608347,         0.0300177753346726,         0.0271995732929475,        -0.0049463110704091
  0.0106632258887162,         0.0220322961707756,         0.0250948248002918,         0.0307981262537961,         0.0281186266421288,        -0.0040000812348481
  0.0106188993986206,         0.0215150866640975,         0.0245920295557687,         0.0315433044708014,         0.0290018253107873,        -0.0029995783991440
  0.0105587377468545,         0.0209721006418973,         0.0240584671206062,         0.0322572113902110,         0.0298517766354435,        -0.0019488690665339
  0.0104830680401076,         0.0204045616619531,         0.0234954200688656,         0.0329474773914514,         0.0306765684966844,        -0.0008578471869729
  0.0103922366391385,         0.0198137133519750,         0.0229041978316234,         0.0336113102614906,         0.0314821756022622,         0.0002755808565770
  0.0102866083367894,         0.0192008171822733,         0.0222861342672954,         0.0342363966803232,         0.0322670876684335,         0.0014653422612976
  0.0101665655195229,         0.0185671502436167,         0.0216425852299178,         0.0348093896109723,         0.0330257103244459,         0.0027202580234663
  0.0100325073139995,         0.0179140030336018,         0.0209749261391274,         0.0353118642630846,         0.0337460807672217,         0.0040455300189963
  0.0098848487202674,         0.0172426772548968,         0.0202845495556509,         0.0357233364807822,         0.0344147326792235,         0.0054441521728671
  0.0097240197330829,         0.0165544836285531,         0.0195728627659276,         0.0360265736840031,         0.0350252376012907,         0.0069042000639518
  0.0095504644529265,         0.0158507397256073,         0.0188412853795381,         0.0362051578879096,         0.0355633057812229,         0.0084046127372111
  0.0093646401882186,         0.0151327678199954,         0.0180912469429004,         0.0362717606203756,         0.0360000392940542,         0.0099309479350728
  0.0091670165502988,         0.0144018927659803,         0.0173241845728812,         0.0362644749373285,         0.0363188410377212,         0.0114741264550052
  0.0089580745426313,         0.0136594399027412,         0.0165415406134207,         0.0362009843418825,         0.0365283291343062,         0.0130190449086291
  0.0087383056457668,         0.0129067329891465,         0.0157447603186359,         0.0360822168633032,         0.0366368677604903,         0.0145361424565144
  0.0085082108995557,         0.0121450921715911,         0.0149352895657287,         0.0359091726709188,         0.0366599817732866,         0.0159915762908417
  0.0082682999840419,         0.0113758319873146,         0.0141145726005587,         0.0356829214564375,         0.0366200686594668,         0.0173649603126904
  0.0080190903005160,         0.0106002594059387,         0.0132840498190654,         0.0354045997469548,         0.0365238799546245,         0.0186430750113371
  0.0077611060541308,         0.0098196719116403,         0.0124451555873880,         0.0350754081537832,         0.0363723955055124,         0.0198059455796535
  0.0074948773394990,         0.0090353556283727,         0.0115993161035378,         0.0346966085624171,         0.0361666665635726,         0.0208467357856364
  0.0072209392306300,         0.0082485834903788,         0.0107479473032921,         0.0342695212687718,         0.0359078130987535,         0.0217940986782545
  0.0069398308765754,         0.0074606134601981,         0.0098924528129444,         0.0337955220670293,         0.0355970210463066,         0.0226826044452098
  0.0066520946040714,         0.0066726867961699,         0.0090342219513261,         0.0332760392942329,         0.0352355394917420,         0.0235234777159973
  0.0063582750285408,         0.0058860263716023,         0.0081746277837006,         0.0327125508369594,         0.0348246777992798,         0.0243269578591604
  0.0060589181746006,         0.0051018350470981,         0.0073150252294077,         0.0321065811051752,         0.0343658026890783,         0.0251203078419324
  0.0057545706073650,         0.0043212940979879,         0.0064567492256233,         0.0314596979785234,         0.0338603352685425,         0.0259280735150575
  0.0054457785757812,         0.0035455616986676,         0.0056011129494349,         0.0307735097301994,         0.0333097480229693,         0.0267554407744192
  0.0051330871690518,         0.0027757714650252,         0.0047494060997865,         0.0300496619334549,         0.0327155617708144,         0.0275932644727686
  0.0048170394873243,         0.0020130310565558,         0.0039028932412816,         0.0292898343558769,         0.0320793425888749,         0.0284303577897247
  0.0044981758277007,         0.0012584208394059,         0.0030628122114472,         0.0284957378463600,         0.0314026987125261,         0.0292561491963928
  0.0041770328866192,         0.0005129926115332,         0.0022303725930139,         0.0276691112197954,         0.0306872774162813,         0.0300568338777906
  0.0038541429795909,        -0.0002222316089620,         0.0014067542526084,         0.0268117181442680,         0.0299347618797219,         0.0308095224314879
  0.0035300332792607,        -0.0009462607313776,         0.0005931059471615,         0.0259253440356362,         0.0291468680439672,         0.0314885642199473
  0.0032052250726776,        -0.0016581356750328,        -0.0002094560008579,         0.0250117929641025,         0.0283253414635976,         0.0320830509787409
  0.0028802330387296,        -0.0023569303860507,        -0.0009998489581184,         0.0240728845776214,         0.0274719541591791,         0.0325951151278285
  0.0025555645464240,        -0.0030417527880502,        -0.0017770251644931,         0.0231104510463427,         0.0265885014749945,         0.0330295180485239
  0.0022317189748787,        -0.0037117456660380,        -0.0025399728454896,         0.0221263340327188,         0.0256767989469471,         0.0333898413199136
  0.0019091870558273,        -0.0043660874829380,        -0.0032877172521813,         0.0211223816917372,         0.0247386791854480,         0.0336842539855611
  0.0015884502391954,        -0.0050039931288183,        -0.0040193216284621,         0.0201004457052008,         0.0237759887776770,         0.0339333119444330
  0.0012699800824694,        -0.0056247146024618,        -0.0047338881049919,         0.0190623783543552,         0.0227905852139093,         0.0341529880200301
  0.0009542376644355,        -0.0062275416252509,        -0.0054305585195611,         0.0180100296347577,         0.0217843338422380,         0.0343380634814939
  0.0006416730238432,        -0.0068118021874220,        -0.0061085151636953,         0.0169452444172997,         0.0207591048560670,         0.0344831022148598
  0.0003327246234957,        -0.0073768630268266,        -0.0067669814554189,         0.0158698596590565,         0.0197167703185061,         0.0345903375059241
  0.0000278188402247,        -0.0079221300404667,        -0.0074052225382347,         0.0147857016676122,         0.0186592012278049,         0.0346506904133726
 -0.0002726305188415,        -0.0084470486291415,        -0.0080225458064638,         0.0136945834222683,         0.0175882646277179,         0.0346499318251032
 -0.0005682226733519,        -0.0089511039756738,        -0.0086183013572332,         0.0125983019555039,         0.0165058207666817,         0.0345823953270702
 -0.0008585702998492,        -0.0094338212572798,        -0.0091918823695120,         0.0114986357977705,         0.0154137203093944,         0.0344446723427172
 -0.0011432999345792,        -0.0098947657925787,        -0.0097427254105143,         0.0103973424889441,         0.0143138016046368,         0.0342366883206471
 -0.0014220523489147,        -0.0103335431242579,        -0.0102703106703879,         0.0092961561588286,         0.0132078880122841,         0.0339641912605738
 -0.0016944828971313,        -0.0107497990380554,        -0.0107741621256970,         0.0081967851797331,         0.0120977852930557,         0.0336371080590218
 -0.0019602618363300,        -0.0111432195188177,        -0.0112538476323250,         0.0071009098939294,         0.0109852790643414,         0.0332626191750656
 -0.0022190746185584,        -0.0115135306449017,        -0.0117089789490034,         0.0060101804179689,         0.0098721323246576,         0.0328420057103468
 -0.0024706221550121,        -0.0118604984218572,        -0.0121392116922976,         0.0049262145263977,         0.0087600830498213,         0.0323766014842276
 -0.0027146210523291,        -0.0121839285565507,        -0.0125442452241390,         0.0038505956169132,         0.0076508418634381,         0.0318677901846018
 -0.0029508038210278,        -0.0124836661729875,        -0.0129238224731027,         0.0027848707589396,         0.0065460897842562,         0.0313170024833585
 -0.0031789190561696,        -0.0127595954711038,        -0.0132777296906554,         0.0017305488274064,         0.0054474760527213,         0.0307257131214139
 -0.0033987315903830,        -0.0130116393299323,        -0.0136057961437443,         0.0006890987233829,         0.0043566160389635,         0.0300954379683703
 -0.0036100226194249,        -0.0132397588565684,        -0.0139078937451366,        -0.0003380523170161,         0.0032750892341875,         0.0294277310616472
 -0.0038125898004277,        -0.0134439528823576,        -0.0141839366229020,        -0.0013495203238468,         0.0022044373276461,         0.0287241816301312
 -0.0040062473232034,        -0.0136242574080383,        -0.0144338806308182,        -0.0023439661040185,         0.0011461623704079,         0.0279864111070051
 -0.0041908259548206,        -0.0137807449993559,        -0.0146577228012079,        -0.0033200966601392,         0.0001017250277873,         0.0272160701366663
 -0.0043661730577171,        -0.0139135241347169,        -0.0148555007417870,        -0.0042766665164280,        -0.0009274570779067,         0.0264148355805310
 -0.0045321525818265,        -0.0140227385067763,        -0.0150272919784955,        -0.0052124789514789,        -0.0019400109335435,         0.0255844075262342
 -0.0046886450310539,        -0.0141085662796448,        -0.0151732132460321,        -0.0061263871370741,        -0.0029346096089047,         0.0247265063049480
 -0.0048355474045363,        -0.0141712193035128,        -0.0152934197279567,        -0.0070172951827123,        -0.0039099736371116,         0.0238428695212461
 -0.0049727731131606,        -0.0142109422885728,        -0.0153881042483207,        -0.0078841590856297,        -0.0048648723009790,         0.0229352491000120
 -0.0051002518718235,        -0.0142280119400896,        -0.0154574964167583,        -0.0087259875862226,        -0.0057981248246846,         0.0220054083546564
 -0.0052179295679703,        -0.0142227360565693,        -0.0155018617290926,        -0.0095418429289530,        -0.0067086014703048,         0.0210551190809488
 -0.0053257681069632,        -0.0141954525929457,        -0.0155215006254818,        -0.0103308415289821,        -0.0075952245389638,         0.0200861586804969
 -0.0054237452348269,        -0.0141465286907452,        -0.0155167475081708,        -0.0110921545446603,        -0.0084569692761953,         0.0191003073181465
 -0.0055118543390559,        -0.0140763596772740,        -0.0154879697210499,        -0.0118250083568067,        -0.0092928646819926,         0.0180993451168323
 -0.0055901042280727,        -0.0139853680358117,        -0.0154355664931239,        -0.0125286849551555,        -0.0101019942254248,         0.0170850493939059
 -0.0056585188899510,        -0.0138740023487949,        -0.0153599678480062,        -0.0132025222325178,        -0.0108834964638758,         0.0160591919427887
 -0.0057171372311600,        -0.0137427362160907,        -0.0152616334817206,        -0.0138459141879756,        -0.0116365655678011,         0.0150235363631556
 -0.0057660127959959,        -0.0135920671503952,        -0.0151410516109953,        -0.0144583110399199,        -0.0123604517513416,         0.0139798354433014
 -0.0058052134674170,        -0.0134225154517816,        -0.0149987377942453,        -0.0150392192501062,        -0.0130544616095440,         0.0129298285979024
 -0.0058348211500352,        -0.0132346230634912,        -0.0148352337275166,        -0.0155882014600355,        -0.0137179583630690,         0.0118752393643780
 -0.0058549314360050,        -0.0130289524109829,        -0.0146511060175930,        -0.0161048763410194,        -0.0143503620113431,         0.0108177729608338
 -0.0058656532545969,        -0.0128060852263289,        -0.0144469449345454,        -0.0165889183594703,        -0.0149511493952994,         0.0097591139085089
 -0.0058671085062236,        -0.0125666213599610,        -0.0142233631459266,        -0.0170400574589975,        -0.0155198541709102,         0.0087009237214310
 -0.0058594316817333,        -0.0123111775818357,        -0.0139809944348853,        -0.0174580786610688,        -0.0160560666949037,         0.0076448386659085
 -0.0058427694677661,        -0.0120403863739951,        -0.0137204924043863,        -0.0178428215860503,        -0.0165594338241420,         0.0065924675922265
 -0.0058172803389895,        -0.0117548947165864,        -0.0134425291698088,        -0.0181941798964175,        -0.0170296586300859,         0.0055453898411310
 -0.0057831341380593,        -0.0114553628692433,        -0.0131477940420597,        -0.0185121006644207,        -0.0174665000303666,         0.0045051532267624
 -0.0057405116441276,        -0.0111424631498363,        -0.0128369922034246,        -0.0187965836661453,        -0.0178697723390723,         0.0034732720983245
 -0.0056896041307217,        -0.0108168787125523,        -0.0125108433783385,        -0.0190476806039960,        -0.0182393447374701,         0.0024512254825704
 -0.0056306129138599,        -0.0104793023271461,        -0.0121700805011616,        -0.0192654942601351,        -0.0185751406674751,         0.0014404553083462
 -0.0055637488912451,        -0.0101304351612957,        -0.0118154483831241,        -0.0194501775830871,        -0.0188771371497963,         0.0004423647149978
 -0.0054892320733726,        -0.0097709855678720,        -0.0114477023804838,        -0.0196019327098971,        -0.0191453640289228,        -0.0005416835540302
 -0.0054072911074142,        -0.0094016678789619,        -0.0110676070659792,        -0.0197210099263648,        -0.0193799031472499,        -0.0015103686711570
 -0.0053181627947108,        -0.0090232012083901,        -0.0106759349055618,        -0.0198077065678296,        -0.0195808874506250,        -0.0024624131571129
 -0.0052220916027295,        -0.0086363082645006,        -0.0102734649424149,        -0.0198623658631441,        -0.0197485000277637,        -0.0033965842249334
 -0.0051193291723110,        -0.0082417141748494,        -0.0098609814901497,        -0.0198853757244324,        -0.0198829730859742,        -0.0043116950347709
 -0.0050101338210630,        -0.0078401453245561,        -0.0094392728371757,        -0.0198771674852835,        -0.0199845868656619,        -0.0052066058586352
 -0.0048947700436998,        -0.0074323282097614,        -0.0090091299639327,        -0.0198382145902024,        -0.0200536684963583,        -0.0060802251550505
 -0.0047735080101675,        -0.0070189883078389,        -0.0085713452748816,        -0.0197690312380148,        -0.0200905907968244,        -0.0069315105530184
 -0.0046466230623717,        -0.0066008489659353,        -0.0081267113470691,        -0.0196701709819379,        -0.0200957710218165,        -0.0077594697448600
 -0.0045143952102900,        -0.0061786303091551,        -0.0076760196968262,        -0.0195422252892431,        -0.0200696695584114,        -0.0085631612883395
 -0.0043771086282793,        -0.0057530481698857,        -0.0072200595663403,        -0.0193858220633095,        -0.0200127885745958,        -0.0093416953179226
 -0.0042350511523446,        -0.0053248130395786,        -0.0067596167316540,        -0.0192016241308829,        -0.0199256706228961,        -0.0100942341654387
 -0.0040885137791452,        -0.0048946290443027,        -0.0062954723336481,        -0.0189903276974557,        -0.0198088972019295,        -0.0108199928905420
 -0.0039377901674825,        -0.0044631929452908,        -0.0058284017334634,        -0.0187526607735831,        -0.0196630872786811,        -0.0115182397214537
 -0.0037831761430145,        -0.0040311931656806,        -0.0053591733937986,        -0.0184893815750621,        -0.0194888957744325,        -0.0121882964066534
 -0.0036249692069046,        -0.0035993088445385,        -0.0048885477873984,        -0.0182012768997879,        -0.0192870120171807,        -0.0128295384783012
 -0.0034634680491477,        -0.0031682089193467,        -0.0044172763341505,        -0.0178891604842120,        -0.0190581581634783,        -0.0134413954280947
 -0.0032989720671988,        -0.0027385512377653,        -0.0039461003678117,        -0.0175538713421967,        -0.0188030875925845,        -0.0140233507969523
 -0.0031317808906098,        -0.0023109816997280,        -0.0034757501336502,        -0.0171962720891395,        -0.0185225832758388,        -0.0145749421794388
 -0.0029621939123498,        -0.0018861334308501,        -0.0030069438182030,        -0.0168172472541962,        -0.0182174561241367,        -0.0150957611439864
 -0.0027905098273765,        -0.0014646259877672,        -0.0025403866119671,        -0.0164177015833484,        -0.0178885433163982,        -0.0155854530706756
 -0.0026170261791389,        -0.0010470645963800,        -0.0020767698062196,        -0.0159985583361796,        -0.0175367066119497,        -0.0160437169076723
 -0.0024420389145287,        -0.0006340394235050,        -0.0016167699246535,        -0.0155607575789867,        -0.0171628306496092,        -0.0164703048482195
 -0.0022658419478596,        -0.0002261248825978,        -0.0011610478906962,        -0.0151052544769589,        -0.0167678212363344,        -0.0168650219298217
 -0.0020887267344705,         0.0001761210257116,        -0.0007102482314515,        -0.0146330175881512,        -0.0163526036282696,        -0.0172277255570975
 -0.0019109818544722,         0.0005721573377786,        -0.0002649983189443,        -0.0141450271619016,        -0.0159181208070041,        -0.0175583249502321
 -0.0017328926070731,         0.0009614607155255,         0.0001740923508923,        -0.0136422734441706,        -0.0154653317537325,        -0.0178567805212709
 -0.0015547406158957,         0.0013435259991989,         0.0006064328410856,        -0.0131257549921744,        -0.0149952097238875,        -0.0181231031804230
 -0.0013768034459570,         0.0017178667233993,         0.0010314514172204,        -0.0125964770012498,        -0.0145087405252719,        -0.0183573535737221
 -0.0011993542325998,         0.0020840155964749,         0.0014485961517285,        -0.0120554496460996,        -0.0140069208021083,        -0.0185596412547225
 -0.0010226613226491,         0.0024415249433982,         0.0018573354888690,        -0.0115036864385018,        -0.0134907563273601,        -0.0187301237928929
 -0.0008469879283824,         0.0027899671114347,         0.0022571587695039,        -0.0109422026042550,        -0.0129612603062235,        -0.0188690058203421
 -0.0006725917946467,         0.0031289348385691,         0.0026475767154993,        -0.0103720134815678,        -0.0124194516932404,        -0.0189765380193396
 -0.0004997248793114,         0.0034580415850043,         0.0030281218739659,        -0.0097941329427709,        -0.0118663535252114,        -0.0190530160534981
 -0.0003286330473530,         0.0037769218277434,         0.0033983490212266,        -0.0092095718413990,        -0.0113029912721939,        -0.0190987794449993
 -0.0001595557789852,         0.0040852313180273,         0.0037578355261230,        -0.0086193364870612,        -0.0107303912092164,        -0.0191142104001307
  0.0000072741079203,         0.0043826473017813,         0.0041061816727025,        -0.0080244271500563,        -0.0101495788109323,        -0.0190997325857303
  0.0001716307210405,         0.0046688687035974,         0.0044430109427462,        -0.0074258365972621,        -0.0095615771710617,        -0.0190558098594843
  0.0003332953422576,         0.0049436162745162,         0.0047679702583078,        -0.0068245486610130,        -0.0089674054486023,        -0.0189829449566428
  0.0004920566613629,         0.0052066327034376,         0.0050807301839354,        -0.0062215368433913,        -0.0083680773434689,        -0.0188816781355579
  0.0006477109948130,         0.0054576826928281,         0.0053809850892065,        -0.0056177629571497,        -0.0077645996030972,        -0.0187525857849523
  0.0008000624895518,         0.0056965529994110,         0.0056684532722196,        -0.0050141758044178,        -0.0071579705614900,        -0.0185962789957858
  0.0009489233115777,         0.0059230524398296,         0.0059428770439022,        -0.0044117098953830,        -0.0065491787131388,        -0.0184134021002176
  0.0010941138192068,         0.0061370118618352,         0.0062040227736314,        -0.0038112842082886,        -0.0059392013234756,        -0.0182046311804560
  0.0012354627211307,         0.0063382840818396,         0.0064516808969913,        -0.0032138009916367,        -0.0053290030770696,        -0.0179706725503993
  0.0013728072192384,         0.0065267437893881,         0.0066856658861784,        -0.0026201446098094,        -0.0047195347650762,        -0.0177122612127228
  0.0015059931360751,         0.0067022874189511,         0.0069058161833730,        -0.0020311804337301,        -0.0041117320138564,        -0.0174301592941717
  0.0016348750269677,         0.0068648329897216,         0.0071119940977325,        -0.0014477537776180,        -0.0035065140561278,        -0.0171251544618184
  0.0017593162770043,         0.0070143199143934,         0.0073040856669972,        -0.0008706888823481,        -0.0029047825454887,        -0.0167980583230688
  0.0018791891829325,         0.0071507087776355,         0.0074820004844072,        -0.0003007879462995,        -0.0023074204154932,        -0.0164497048120443
  0.0019943750199457,         0.0072739810848513,         0.0076456714914673,         0.0002611697950269,        -0.0017152907848706,        -0.0160809485651405
  0.0021047640934808,         0.0073841389820556,         0.0077950547373920,         0.0008144289399159,        -0.0011292359099025,        -0.0156926632884476
  0.0022102557762952,         0.0074812049479522,         0.0079301291063555,         0.0013582587417231,        -0.0005500761844213,        -0.0152857401196409
  0.0023107585309853,         0.0075652214590774,         0.0080508960134263,         0.0018919538800483,         0.0000213908117863,        -0.0148610859868531
  0.0024061899179415,         0.0076362506286601,         0.0081573790697935,         0.0024148351805678,         0.0005843912146200,        -0.0144196219674118
  0.0024964765890622,         0.0076943738203262,         0.0082496237184738,         0.0029262502836550,         0.0011381757271862,        -0.0139622816488258
  0.0025815542675516,         0.0077396912377634,         0.0083276968416821,         0.0034255742619577,         0.0016820204210766,        -0.0134900094943451
  0.0026613677138602,         0.0077723214910892,         0.0083916863405849,         0.0039122101859684,         0.0022152274861269,        -0.0130037592158745
  0.0027358706780425,         0.0077924011409674,         0.0084417006885314,         0.0043855896375445,         0.0027371259283173,        -0.0125044921566451
  0.0028050258389168,         0.0078000842216615,         0.0084778684590334,         0.0048451731718167,         0.0032470722159785,        -0.0119931756858151
  0.0028688047302984,         0.0077955417440321,         0.0085003378295538,         0.0052904507275047,         0.0037444508740453,        -0.0114707816072448
  0.0029271876545255,         0.0077789611794540,         0.0085092760621071,         0.0057209419853248,         0.0042286750257359,        -0.0109382845850084
  0.0029801635835990,         0.0077505459257402,         0.0085048689618245,         0.0061361966747052,         0.0046991868815994,        -0.0103966605878424
  0.0030277300483700,         0.0077105147562796,         0.0084873203147957,         0.0065357948295465,         0.0051554581764202,        -0.0098468853543973
  0.0030698930161150,         0.0076591012534518,         0.0084568513063262,         0.0069193469934000,         0.0055969905540996,        -0.0092899328812639
  0.0031066667567415,         0.0075965532273521,         0.0084136999206758,         0.0072864943738232,         0.0060233158999632,        -0.0087267739363704
  0.0031380736980774,         0.0075231321210031,         0.0083581203235741,         0.0076369089468544,         0.0064339966212191,        -0.0081583745993242
  0.0031641442706979,         0.0074391124032167,         0.0082903822287893,         0.0079702935125608,         0.0068286258763067,        -0.0075856948302165
  0.0031849167425704,         0.0073447809501632,         0.0082107702498585,         0.0082863817016508,         0.0072068277528394,        -0.0070096870692797
  0.0032004370439397,         0.0072404364167871,         0.0081195832382232,         0.0085849379339265,         0.0075682573946843,        -0.0064312948690759
  0.0032107585829358,         0.0071263885992341,         0.0080171336090619,         0.0088657573297438,         0.0079126010791669,        -0.0058514515604914
  0.0032159420523096,         0.0070029577893721,         0.0079037466560043,         0.0091286655752673,         0.0082395762449712,        -0.0052710789540733
  0.0032160552276852,         0.0068704741225426,         0.0077797598559526,         0.0093735187420727,         0.0085489314710437,        -0.0046910860786303
  0.0032111727577667,         0.0067292769196579,         0.0076455221652387,         0.0096002030620610,         0.0088404464072642,        -0.0041123679585011
  0.0032013759469985,         0.0065797140247494,         0.0075013933083609,         0.0098086346590475,         0.0091139316580985,        -0.0035358044304124
  0.0031867525311100,         0.0064221411390178,         0.0073477430604634,         0.0099987592380624,         0.0093692286200995,        -0.0029622590010985
  0.0031673964459578,         0.0062569211525586,         0.0071849505248329,         0.0101705517330083,         0.0096062092736497,        -0.0023925777475850
  0.0031434075901524,         0.0060844234747883,         0.0070134034065723,         0.0103240159141398,         0.0098247759302976,        -0.0018275882607580
  0.0031148915819518,         0.0059050233645670,         0.0068334972835903,         0.0104591839568255,         0.0100248609370374,        -0.0012680986327859
  0.0030819595108466,         0.0057191012611642,         0.0066456348761545,         0.0105761159723957,         0.0102064263381129,        -0.0007148964900468
  0.0030447276843073,         0.0055270421170877,         0.0064502253161632,         0.0106748995024096,         0.0103694634955500,        -0.0001687480723283
  0.0030033173701795,         0.0053292347337240,         0.0062476834172253,         0.0107556489779367,         0.0105139926699318,         0.0003696026413988
  0.0029578545351747,         0.0051260711007474,         0.0060384289466319,         0.0108185051451442,         0.0106400625625944,         0.0008994347599674
  0.0029084695799223,         0.0049179457403764,         0.0058228859004272,         0.0108636344583974,         0.0107477498202867,         0.0014200512587136
  0.0028552970710456,         0.0047052550574265,         0.0056014817826574,         0.0108912284422990,         0.0108371585036244,         0.0019307797093997
  0.0027984754707288,         0.0044883966959864,         0.0053746468897704,         0.0109015030243294,         0.0109084195209615,         0.0024309729614016
  0.0027381468642113,         0.0042677689035769,         0.0051428136011521,         0.0108946978395118,         0.0109616900290274,         0.0029200097738710
  0.0026744566856936,         0.0040437699038875,         0.0049064156770278,         0.0108710755083882,         0.0109971528014610,         0.0033972953978800
  0.0026075534430878,         0.0038167972788045,         0.0046658875645788,         0.0108309208899631,         0.0110150155668923,         0.0038622621088493
  0.0025375884420370,         0.0035872473604198,         0.0044216637130964,         0.0107745403112540,         0.0110155103182054,         0.0043143696895913
  0.0024647155096766,         0.0033555146340400,         0.0041741778993272,         0.0107022607748039,         0.0109988925942138,         0.0047531058632328
  0.0023890907185688,         0.0031219911529452,         0.0039238625638898,         0.0106144291457366,         0.0109654407353006,         0.0051779866761458
  0.0023108721112159,         0.0028870659654925,         0.0036711481594936,         0.0105114113200313,         0.0109154551147295,         0.0055885568314748
  0.0022302194255580,         0.0026511245552561,         0.0034164625117729,         0.0103935913755243,         0.0108492573471142,         0.0059843899734406
  0.0021472938219068,         0.0024145482950449,         0.0031602301937173,         0.0102613707071836,         0.0107671894755374,         0.0063650889222973
  0.0020622576117201,         0.0021777139154425,         0.0029028719144678,         0.0101151671482351,         0.0106696131388997,         0.0067302858603150
  0.0019752739885754,         0.0019409929883202,         0.0026448039230528,         0.0099554140787698,         0.0105569087211903,         0.0070796424696402
  0.0018865067617097,         0.0017047514258693,         0.0023864374277297,         0.0097825595233376,         0.0104294744842065,         0.0074128500225391
  0.0017961200925863,         0.0014693489959937,         0.0021281780319104,         0.0095970652391375,         0.0102877256852833,         0.0077296294239806
  0.0017042782348015,         0.0012351388543917,         0.0018704251871115,         0.0093994057963410,         0.0101320936816540,         0.0080297312075863
  0.0016111452776336,         0.0010024670936327,         0.0016135716633421,         0.0091900676520553,         0.0099630250230373,         0.0083129354859901
  0.0015168848936662,         0.0007716723099705,         0.0013580030378031,         0.0089695482195181,         0.0097809805340200,         0.0085790518557719
  0.0014216600908100,         0.0005430851882788,         0.0011040972023963,         0.0087383549340428,         0.0095864343878195,         0.0088279192578390
  0.0013256329689912,         0.0003170281053072,         0.0008522238903406,         0.0084970043171728,         0.0093798731729983,         0.0090594057944907
  0.0012289644818055,         0.0000938147515992,         0.0006027442223412,         0.0082460210404742,         0.0091617949546289,         0.0092734085040391
  0.0011318142035018,        -0.0001262502274277,         0.0003560102729305,         0.0079859369905381,         0.0089327083315197,         0.0094698530936654
  0.0010343401015796,        -0.0003428715709675,         0.0001123646573572,         0.0077172903366272,         0.0086931314910290,         0.0096486936315538
  0.0009366983152053,        -0.0005557637228232,        -0.0001278598608423,         0.0074406246022880,         0.0084435912629198,         0.0098099121996956
  0.0008390429396923,        -0.0007646511317270,        -0.0003643407413091,         0.0071564877422473,         0.0081846221736777,         0.0099535185084589
  0.0007415258174076,        -0.0009692685315050,        -0.0005967660167644,         0.0068654312261987,         0.0079167655029436,         0.0100795494736918
  0.0006442963352605,        -0.0011693612011415,        -0.0008248346213361,         0.0065680091306495,         0.0076405683433857,         0.0101880687578293
  0.0005475012289216,        -0.0013646852048113,        -0.0010482566973110,         0.0062647772399653,         0.0073565826652929,         0.0102791662764675
  0.0004512843940932,        -0.0015550076115067,        -0.0012667538798286,         0.0059562921581300,         0.0070653643874796,         0.0103529576713085
  0.0003557867050125,        -0.0017401066942457,        -0.0014800595594282,         0.0056431104324258,         0.0067674724558395,         0.0104095837508303
  0.0002611458402866,        -0.0019197721090355,        -0.0016879191225703,         0.0053257876900565,         0.0064634679307377,         0.0104492099002554
  0.0001674961162238,        -0.0020938050536041,        -0.0018900901700760,         0.0050048777888322,         0.0061539130844888,         0.0104720254621274
  0.0000749683278821,        -0.0022620184057787,        -0.0020863427132770,         0.0046809319832366,         0.0058393705103609,         0.0104782430887444
 -0.0000163104020298,        -0.0024242368415981,        -0.0022764593479036,         0.0043544981069432,         0.0055204022443167,         0.0104680980678745
 -0.0001062167663579,        -0.0025802969334540,        -0.0024602354059665,         0.0040261197726130,         0.0051975689005027,         0.0104418476233698
 -0.0001946314087081,        -0.0027300472283874,        -0.0026374790857081,         0.0036963355899371,         0.0048714288215902,         0.0103997701920755
 -0.0002814390504826,        -0.0028733483065522,        -0.0028080115595637,         0.0033656784030999,         0.0045425372452882,         0.0103421646784144
 -0.0003665286096712,        -0.0030100728200514,        -0.0029716670602919,         0.0030346745485624,         0.0042114454880803,         0.0102693496881393
 -0.0004497933114126,        -0.0031401055125404,        -0.0031282929456505,         0.0027038431337944,         0.0038787001469993,         0.0101816627428679
 -0.0005311307902820,        -0.0032633432198517,        -0.0032777497418383,         0.0023736953377177,         0.0035448423203570,         0.0100794594768515
 -0.0006104431841457,        -0.0033796948516858,        -0.0034199111656768,         0.0020447337340348,         0.0032104068487516,         0.0099631128174249
 -0.0006876372196401,        -0.0034890813548280,        -0.0035546641259870,         0.0017174516379001,         0.0028759215769860,         0.0098330121507012
 -0.0007626242893366,        -0.0035914356583540,        -0.0036819087046204,         0.0013923324763628,         0.0025419066375061,         0.0096895624740479
 -0.0008353205204763,        -0.0036867026009508,        -0.0038015581172134,         0.0010698491836127,         0.0022088737565411,         0.0095331835368126
 -0.0009056468353012,        -0.0037748388407499,        -0.0039135386540491,         0.0007504636215697,         0.0018773255836575,         0.0093643089708189
 -0.0009735290030883,        -0.0038558127482117,        -0.0040177896015742,         0.0004346260260913,         0.0015477550451828,         0.0091833854121557
 -0.0010388976839216,        -0.0039296042824542,        -0.0041142631449552,         0.0001227744792748,         0.0012206447221371,         0.0089908716157003
 -0.0011016884641888,        -0.0039962048513531,        -0.0042029242519727,        -0.0001846655914483,         0.0008964662535395,         0.0087872375639079
 -0.0011618418838705,        -0.0040556171558724,        -0.0042837505387148,        -0.0004872818870474,         0.0005756797656395,         0.0085729635713404
 -0.0012193034557709,        -0.0041078550192201,        -0.0043567321176847,        -0.0007846756833814,         0.0002587333273200,         0.0083485393863593
 -0.0012740236767805,        -0.0041529432013050,        -0.0044218714288112,        -0.0010764622501803,        -0.0000539375679056,         0.0081144632913568
 -0.0013259580311692,        -0.0041909171988572,        -0.0044791830536959,        -0.0013622712418510,        -0.0003619104924573,         0.0078712412031060
 -0.0013750669860888,        -0.0042218230318281,        -0.0045286935137519,        -0.0016417470601857,        -0.0006647765477301,         0.0076193857745327
 -0.0014213159794634,        -0.0042457170166851,        -0.0045704410528837,        -0.0019145491890704,        -0.0009621407995539,         0.0073594154991781
 -0.0014646754003015,        -0.0042626655270112,        -0.0046044754051054,        -0.0021803525006732,        -0.0012536226853771,         0.0070918538198749
 -0.0015051205615830,        -0.0042727447419821,        -0.0046308575477005,        -0.0024388475330919,        -0.0015388563929947,         0.0068172282429524
 -0.0015426316659310,        -0.0042760403833747,        -0.0046496594406198,        -0.0026897407397113,        -0.0018174912109174,         0.0065360694591540
 -0.0015771937642203,        -0.0042726474416597,        -0.0046609637527009,        -0.0029327547102828,        -0.0020891918502461,         0.0062489104724945
 -0.0016087967072427,        -0.0042626698917145,        -0.0046648635752609,        -0.0031676283635615,        -0.0023536387377178,         0.0059562857384596
 -0.0016374350906075,        -0.0042462203987547,        -0.0046614621236970,        -0.0033941171116245,        -0.0026105282798980,         0.0056587303127472
 -0.0016631081931145,        -0.0042234200151435,        -0.0046508724278126,        -0.0036119929962807,        -0.0028595730987911,         0.0053567790115695
 -0.0016858199087885,        -0.0041943978686658,        -0.0046332170114952,        -0.0038210447977793,        -0.0031005022389435,         0.0050509655845918
 -0.0017055786727081,        -0.0041592908428317,        -0.0046086275623336,        -0.0040210781156953,        -0.0033330613457425,         0.0047418219019257
 -0.0017223973808787,        -0.0041182432498562,        -0.0045772445918827,        -0.0042119154225092,        -0.0035570128153127,         0.0044298771560362
 -0.0017362933043990,        -0.0040714064969520,        -0.0045392170872758,        -0.0043933960904112,        -0.0037721359164227,         0.0041156570793864
 -0.0017472879980763,        -0.0040189387465154,        -0.0044947021547952,        -0.0045653763913298,        -0.0039782268842436,         0.0037996831791278
 -0.0017554072037216,        -0.0039610045708313,        -0.0044438646560809,        -0.0047277294706149,        -0.0041750989862643,         0.0034824719897482
 -0.0017606807483903,        -0.0038977746019328,        -0.0043868768376869,        -0.0048803452950200,        -0.0043625825609090,         0.0031645343443725
 -0.0017631424377914,        -0.0038294251772109,        -0.0043239179546328,        -0.0050231305754186,        -0.0045405250291744,         0.0028463746655501
 -0.0017628299450781,        -0.0037561379813961,        -0.0042551738886243,        -0.0051560086645640,        -0.0047087908794618,         0.0025284902765791
 -0.0017597846952612,        -0.0036780996855231,        -0.0041808367616155,        -0.0052789194304241,        -0.0048672616260271,         0.0022113707341298
 -0.0017540517455187,        -0.0035955015834840,        -0.0041011045453934,        -0.0053918191058427,        -0.0050158357417188,         0.0018954971826668
 -0.0017456796616379,        -0.0035085392267440,        -0.0040161806678219,        -0.0054946801150986,        -0.0051544285654825,         0.0015813417313051
 -0.0017347203908180,        -0.0034174120578638,        -0.0039262736164447,        -0.0055874908777220,        -0.0052829721848545,         0.0012693668541398
 -0.0017212291310985,        -0.0033223230433897,        -0.0038315965400804,        -0.0056702555903729,        -0.0054014152941882,         0.0009600248143809
 -0.0017052641976804,        -0.0032234783066537,        -0.0037323668490340,        -0.0057429939875859,        -0.0055097230293557,         0.0006537571125994
 -0.0016868868863704,        -0.0031210867611145,        -0.0036288058146070,        -0.0058057410818248,        -0.0056078767792493,         0.0003509939599836
 -0.0016661613344088,        -0.0030153597447949,        -0.0035211381685399,        -0.0058585468835823,        -0.0056958739747464,         0.0000521537770223
 -0.0016431543789454,        -0.0029065106563353,        -0.0034095917029806,        -0.0059014761023995,        -0.0057737278559697,        -0.0002423572822303
 -0.0016179354134102,        -0.0027947545931848,        -0.0032943968715733,        -0.0059346078295171,        -0.0058414672184918,        -0.0005321457799451
 -0.0015905762420327,        -0.0026803079925226,        -0.0031757863923267,        -0.0059580352028225,        -0.0058991361390606,        -0.0008168314177993
 -0.0015611509327651,        -0.0025633882754251,        -0.0030539948528535,        -0.0059718650548763,        -0.0059467936815774,        -0.0010960474334827
 -0.0015297356688629,        -0.0024442134947329,        -0.0029292583185099,        -0.0059762175449314,        -0.0059845135842185,        -0.0013694409704623
 -0.0014964085993646,        -0.0023230019870850,        -0.0028018139439765,        -0.0059712257757256,        -0.0060123839284424,        -0.0016366734208472
 -0.0014612496887329,        -0.0021999720297197,        -0.0026718995889496,        -0.0059570353957561,        -0.0060305067905070,        -0.0018974207408204
 -0.0014243405658968,        -0.0020753415024316,        -0.0025397534384094,        -0.0059338041879462,        -0.0060389978764010,        -0.0021513737388058
 -0.0013857643729254,        -0.0019493275550592,        -0.0024056136279116,        -0.0059017016455994,        -0.0060379861410876,        -0.0023982383365594
