timestep:         0.0049639963996400
yAxisLabel:vertical DOF [m]     
title:bogies vertical DOF       
uv1,    uv2,    
  0.0000000000000000,  0.0000000000000000,
  0.0000000000000000,  0.0000000000000000,
 -0.0000000016599066,  0.0000000000000000,
 -0.0000000113342428,  0.0000000000000000,
 -0.0000000398551577,  0.0000000000000000,
 -0.0000001013569155,  0.0000000000000000,
 -0.0000002140189560,  0.0000000000000000,
 -0.0000004003204462,  0.0000000000000000,
 -0.0000006847874137,  0.0000000000000000,
 -0.0000010900250827,  0.0000000000000000,
 -0.0000016364846856,  0.0000000000000000,
 -0.0000023457850863,  0.0000000000000000,
 -0.0000032434850687,  0.0000000000000000,
 -0.0000043589114615,  0.0000000000000000,
 -0.0000057212581277,  0.0000000000000000,
 -0.0000073565508394,  0.0000000000000000,
 -0.0000092886398998,  0.0000000000000000,
 -0.0000115411866482,  0.0000000000000000,
 -0.0000141375852526,  0.0000000000000000,
 -0.0000170990916294,  0.0000000000000000,
 -0.0000204439350104,  0.0000000000000000,
 -0.0000241895126036,  0.0000000000000000,
 -0.0000283558154209,  0.0000000000000000,
 -0.0000329660074743,  0.0000000000000000,
 -0.0000380431873695,  0.0000000000000000,
 -0.0000436059841772,  0.0000000000000000,
 -0.0000496667717480,  0.0000000000000000,
 -0.0000562339781641,  0.0000000000000000,
 -0.0000633164409157,  0.0000000000000000,
 -0.0000709264834879,  0.0000000000000000,
 -0.0000790793524410,  0.0000000000000000,
 -0.0000877906164672,  0.0000000000000000,
 -0.0000970741122075,  0.0000000000000000,
 -0.0001069418693756,  0.0000000000000000,
 -0.0001174056269355,  0.0000000000000000,
 -0.0001284766963011,  0.0000000000000000,
 -0.0001401651585701,  0.0000000000000000,
 -0.0001524810597400,  0.0000000000000000,
 -0.0001654359617037,  0.0000000000000000,
 -0.0001790446642566,  0.0000000000000000,
 -0.0001933259374098,  0.0000000000000000,
 -0.0002083002114825,  0.0000000000000000,
 -0.0002239874062568,  0.0000000000000000,
 -0.0002404065556265,  0.0000000000000000,
 -0.0002575764530154,  0.0000000000000000,
 -0.0002755173023160,  0.0000000000000000,
 -0.0002942524245718,  0.0000000000000000,
 -0.0003138093121026,  0.0000000000000000,
 -0.0003342183495642,  0.0000000000000000,
 -0.0003555108628782,  0.0000000000000000,
 -0.0003777193994853,  0.0000000000000000,
 -0.0004008772191378,  0.0000000000000000,
 -0.0004250172935857,  0.0000000000000000,
 -0.0004501748434643,  0.0000000000000000,
 -0.0004763890110303,  0.0000000000000000,
 -0.0005036999681698,  0.0000000000000000,
 -0.0005321441616746,  0.0000000000000000,
 -0.0005617518758877,  0.0000000000000000,
 -0.0005925513636166,  0.0000000000000000,
 -0.0006245726100517,  0.0000000000000000,
 -0.0006578448224033,  0.0000000000000000,
 -0.0006923947510184,  0.0000000000000000,
 -0.0007282496700391,  0.0000000000000000,
 -0.0007654408402654,  0.0000000000000000,
 -0.0008040010263044,  0.0000000000000000,
 -0.0008439568103246,  0.0000000000000000,
 -0.0008853249025019,  0.0000000000000000,
 -0.0009281165030795,  0.0000000000000000,
 -0.0009723435768415,  0.0000000000000000,
 -0.0010180194307200,  0.0000000000000000,
 -0.0010651551102307,  0.0000000000000000,
 -0.0011137585212003,  0.0000000000000000,
 -0.0011638372942803,  0.0000000000000000,
 -0.0012154000295557,  0.0000000000000000,
 -0.0012684515879827,  0.0000000000000000,
 -0.0013229873330288,  0.0000000000000000,
 -0.0013789938923698,  0.0000000000000000,
 -0.0014364540793782,  0.0000000000000000,
 -0.0014953516192325,  0.0000000000000000,
 -0.0015556757222494,  0.0000000000000000,
 -0.0016174236181447,  0.0000000000000000,
 -0.0016805972691794,  0.0000000000000000,
 -0.0017451963806042,  0.0000000000000000,
 -0.0018112160297293,  0.0000000000000000,
 -0.0018786493489748,  0.0000000000000000,
 -0.0019474893441048,  0.0000000000000000,
 -0.0020177306813965,  0.0000000000000000,
 -0.0020893733638326,  0.0000000000000000,
 -0.0021624252668925,  0.0000000000000000,
 -0.0022369011180395,  0.0000000000000000,
 -0.0023128180743395,  0.0000000000000000,
 -0.0023901897149227,  0.0000000000000000,
 -0.0024690227094803,  0.0000000000000000,
 -0.0025493181381764,  0.0000000000000000,
 -0.0026310738670716,  0.0000000000000000,
 -0.0027142853944485,  0.0000000000000000,
 -0.0027989473322311,  0.0000000000000000,
 -0.0028850553561738,  0.0000000000000000,
 -0.0029726047037479,  0.0000000000000000,
 -0.0030615869362084,  0.0000000000000000,
 -0.0031519891966032,  0.0000000000000000,
 -0.0032437940172818,  0.0000000000000000,
 -0.0033369791922889,  0.0000000000000000,
 -0.0034315209665230,  0.0000000000000000,
 -0.0035273972866485,  0.0000000000000000,
 -0.0036245873783231,  0.0000000000000000,
 -0.0037230695526710,  0.0000000000000000,
 -0.0038228175420074,  0.0000000000000000,
 -0.0039237966171003,  0.0000000000000000,
 -0.0040259623611262,  0.0000000000000000,
 -0.0041292608915907,  0.0000000000000000,
 -0.0042336310204076, -0.0000003123033939,
 -0.0043390099655715, -0.0000012577201151,
 -0.0044453381149921, -0.0000028680987058,
 -0.0045525594367815, -0.0000051786076351,
 -0.0046606191637149, -0.0000082256590243,
 -0.0047694616018352, -0.0000120467804809,
 -0.0048790297336093, -0.0000166798570898,
 -0.0049892661133753, -0.0000221614137028,
 -0.0051001150652375, -0.0000285249194707,
 -0.0052115246416994, -0.0000358017202443,
 -0.0053234454725662, -0.0000440243427881,
 -0.0054358292744632, -0.0000532294164094,
 -0.0055486288229083, -0.0000634575129125,
 -0.0056617951176430, -0.0000747486002940,
 -0.0057752735211670, -0.0000871362195877,
 -0.0058890050193039, -0.0001006452213859,
 -0.0060029296369674, -0.0001152950432750,
 -0.0061169879441652, -0.0001311050482296,
 -0.0062311249822317, -0.0001480968863867,
 -0.0063452955769950, -0.0001662923725288,
 -0.0064594636043860, -0.0001857105805604,
 -0.0065735958362414, -0.0002063684735978,
 -0.0066876554493756, -0.0002282824380217,
 -0.0068015986030716, -0.0002514671105553,
 -0.0069153772202622, -0.0002759332112829,
 -0.0070289457930019, -0.0003016877454477,
 -0.0071422651470813, -0.0003287368293018,
 -0.0072553011596488, -0.0003570883239830,
 -0.0073680228738575, -0.0003867531560115,
 -0.0074804025395157, -0.0004177451840388,
 -0.0075924153269544, -0.0004500784616239,
 -0.0077040381753653, -0.0004837629998954,
 -0.0078152490940189, -0.0005188030985959,
 -0.0079260262340216, -0.0005551995297283,
 -0.0080363484105162, -0.0005929536589505,
 -0.0081461986390183, -0.0006320718360422,
 -0.0082555675074313, -0.0006725660179283,
 -0.0083644533197754, -0.0007144500661519,
 -0.0084728572290116, -0.0007577368455929,
 -0.0085807768216794, -0.0008024361644702,
 -0.0086882047933037, -0.0008485532109512,
 -0.0087951334786263, -0.0008960909162843,
 -0.0089015610328808, -0.0009450536585392,
 -0.0090074918522884, -0.0009954485690471,
 -0.0091129326414370, -0.0010472854396082,
 -0.0092178918108655, -0.0011005753220838,
 -0.0093223799822524, -0.0011553288087711,
 -0.0094264087544243, -0.0012115558395588,
 -0.0095299878492784, -0.0012692667081787,
 -0.0096331222990015, -0.0013284721177444,
 -0.0097358151360684, -0.0013891818008146,
 -0.0098380724472424, -0.0014514067229851,
 -0.0099399031518459, -0.0015151656931393,
 -0.0100413149752268, -0.0015804859520185,
 -0.0101423125142376, -0.0016473955672174,
 -0.0102428991881912, -0.0017159167599253,
 -0.0103430771288762, -0.0017860660548635,
 -0.0104428415903891, -0.0018578632222476,
 -0.0105421771517814, -0.0019313373830938,
 -0.0106410613833336, -0.0020065212623540,
 -0.0107394703775303, -0.0020834454427386,
 -0.0108373792918256, -0.0021621405819793,
 -0.0109347604500555, -0.0022426411830859,
 -0.0110315845725035, -0.0023249817269317,
 -0.0111278260973157, -0.0024091861563426,
 -0.0112234672735251, -0.0024952630505060,
 -0.0113184956623457, -0.0025832126550882,
 -0.0114128998056890, -0.0026730369945456,
 -0.0115066694417420, -0.0027647413695473,
 -0.0115997988755567, -0.0028583280598986,
 -0.0116922895897967, -0.0029537912829509,
 -0.0117841500184523, -0.0030511174125256,
 -0.0118753930515635, -0.0031502875093004,
 -0.0119660318164133, -0.0032512765908983,
 -0.0120560780094919, -0.0033540515877983,
 -0.0121455481370085, -0.0034585746134160,
 -0.0122344689403613, -0.0035648094088390,
 -0.0123228729085529, -0.0036727267275835,
 -0.0124107909796924, -0.0037823077356605,
 -0.0124982490084333, -0.0038935432882152,
 -0.0125852679264100, -0.0040064275000587,
 -0.0126718660199962, -0.0041209503052830,
 -0.0127580591162363, -0.0042370967106266,
 -0.0128438583268409, -0.0043548506988269,
 -0.0129292688826447, -0.0044741987551120,
 -0.0130142914486798, -0.0045951341620375,
 -0.0130989257082936, -0.0047176602665880,
 -0.0131831727725067, -0.0048417891301665,
 -0.0132670340495491, -0.0049675374329645,
 -0.0133505106648235, -0.0050949222266596,
 -0.0134336043153298, -0.0052239568416322,
 -0.0135163167130236, -0.0053546489909832,
 -0.0135986489333148, -0.0054870023354694,
 -0.0136806012653467, -0.0056210193519112,
 -0.0137621733576046, -0.0057567034730177,
 -0.0138433651444118, -0.0058940602646053,
 -0.0139241755807947, -0.0060330972125687,
 -0.0140045990781985, -0.0061738206765679,
 -0.0140846236936635, -0.0063162326628997,
 -0.0141642317406508, -0.0064603307219708,
 -0.0142434023326063, -0.0066061080948108,
 -0.0143221134345399, -0.0067535542612621,
 -0.0144003409111334, -0.0069026586373194,
 -0.0144780590934736, -0.0070534124367785,
 -0.0145552440285393, -0.0072058055415080,
 -0.0146318729308086, -0.0073598224647326,
 -0.0147079191836381, -0.0075154403769805,
 -0.0147833486100669, -0.0076726300318099,
 -0.0148581195483917, -0.0078313572698665,
 -0.0149321852780793, -0.0079915809407560,
 -0.0150054958511466, -0.0081532512073772,
 -0.0150779976019988, -0.0083163143265190,
 -0.0151496331174493, -0.0084807183716711,
 -0.0152203439504045, -0.0086464126879380,
 -0.0152900731557376, -0.0088133427000040,
 -0.0153587645415107, -0.0089814459897488,
 -0.0154263605864481, -0.0091506524858234,
 -0.0154928031637057, -0.0093208856279067,
 -0.0155580353970662, -0.0094920616363630,
 -0.0156220015415515, -0.0096640881818382,
 -0.0156846462365696, -0.0098368656056206,
 -0.0157459153030255, -0.0100102907238364,
 -0.0158057578094915, -0.0101842581078728,
 -0.0158641263968014, -0.0103586588399278,
 -0.0159209772163203, -0.0105333828846091,
 -0.0159762712130141, -0.0107083234080965,
 -0.0160299727318541, -0.0108833771074551,
 -0.0160820456104438, -0.0110584414895147,
 -0.0161324503280175, -0.0112334124070099,
 -0.0161811424357433, -0.0114081825553733,
 -0.0162280724753620, -0.0115826405341987,
 -0.0162731873314378, -0.0117566713873348,
 -0.0163164327337113, -0.0119301590780920,
 -0.0163577567686291, -0.0121029888495653,
 -0.0163971116827194, -0.0122750509107015,
 -0.0164344526427103, -0.0124462449925690,
 -0.0164697351009367, -0.0126164793166026,
 -0.0165029130797813, -0.0127856646386186,
 -0.0165339401470230, -0.0129537085934384,
 -0.0165627715356113, -0.0131205122818723,
 -0.0165893642952654, -0.0132859709459723,
 -0.0166136761204674, -0.0134499783052451,
 -0.0166356668573248, -0.0136124314846369,
 -0.0166553032658530, -0.0137732344931435,
 -0.0166725623516493, -0.0139322985233611,
 -0.0166874286569465, -0.0140895392930639,
 -0.0166998877065456, -0.0142448743445771,
 -0.0167099230761762, -0.0143982217328972,
 -0.0167175180276390, -0.0145494992609290,
 -0.0167226573738795, -0.0146986244846101,
 -0.0167253284209105, -0.0148455178869002,
 -0.0167255201748005, -0.0149901087082012,
 -0.0167232216308424, -0.0151323388600284,
 -0.0167184219266054, -0.0152721613325405,
 -0.0167111106531038, -0.0154095353093580,
 -0.0167012758877848, -0.0155444226734958,
 -0.0166889024248846, -0.0156767857744542,
 -0.0166739734836078, -0.0158065851527746,
 -0.0166564743697144, -0.0159337779357643,
 -0.0166363942612763, -0.0160583177638701,
 -0.0166137250441106, -0.0161801573594252,
 -0.0165884591995652, -0.0162992516894876,
 -0.0165605891983107, -0.0164155573846741,
 -0.0165301086903123, -0.0165290293776906,
 -0.0164970141917628, -0.0166396198601590,
 -0.0164613053066455, -0.0167472807223121,
 -0.0164229836437517, -0.0168519646525259,
 -0.0163820532361345, -0.0169536222021759,
 -0.0163385221258101, -0.0170521989255548,
 -0.0162924022375284, -0.0171476361523458,
 -0.0162437067063605, -0.0172398737823981,
 -0.0161924466970262, -0.0173288531956967,
 -0.0161386308751194, -0.0174145198177142,
 -0.0160822678410905, -0.0174968246083970,
 -0.0160233684445355, -0.0175757252572769,
 -0.0159619453196752, -0.0176511872124336,
 -0.0158980121375045, -0.0177231826766699,
 -0.0158315863703295, -0.0177916870011750,
 -0.0157626917460323, -0.0178566743744095,
 -0.0156913559628010, -0.0179181166281500,
 -0.0156176075580520, -0.0179759866273203,
 -0.0155414760730170, -0.0180302625393918,
 -0.0154629943049115, -0.0180809285144978,
 -0.0153822012651463, -0.0181279724207876,
 -0.0152991450322804, -0.0181713851906235,
 -0.0152138829094558, -0.0182111620301990,
 -0.0151264784019884, -0.0182473018269124,
 -0.0150369982925286, -0.0182798052798031,
 -0.0149455127679946, -0.0183086744880661,
 -0.0148520979468585, -0.0183339131436515,
 -0.0147568364863707, -0.0183555265846417,
 -0.0146598149021302, -0.0183735232859254,
 -0.0145611213292543, -0.0183879167570518,
 -0.0144608450177863, -0.0183987261098718,
 -0.0143590752946371, -0.0184059757921571,
 -0.0142558992353030, -0.0184096947360221,
 -0.0141514005656652, -0.0184099160029566,
 -0.0140456616445249, -0.0184066777098483,
 -0.0139387661559931, -0.0184000242289031,
 -0.0138307992016270, -0.0183900072314997,
 -0.0137218446957235, -0.0183766858465521,
 -0.0136119824430587, -0.0183601249052165,
 -0.0135012867511478, -0.0183403923694676,
 -0.0133898257158895, -0.0183175579079522,
 -0.0132776588846634, -0.0182916928575169,
 -0.0131648349079765, -0.0182628701135670,
 -0.0130513933278562, -0.0182311635947866,
 -0.0129373691378251, -0.0181966477515370,
 -0.0128227946307953, -0.0181593974073987,
 -0.0127076981175864, -0.0181194885887656,
 -0.0125921033345936, -0.0180769990606158,
 -0.0124760303963424, -0.0180320061584998,
 -0.0123594973038238, -0.0179845824901658,
 -0.0122425210117065, -0.0179347934521342,
 -0.0121251178539566, -0.0178826979142327,
 -0.0120073046406828, -0.0178283490432425,
 -0.0118891004294282, -0.0177717938473292,
 -0.0117705276981575, -0.0177130728617509,
 -0.0116516117821001, -0.0176522206541671,
 -0.0115323790058277, -0.0175892674523226,
 -0.0114128556161848, -0.0175242417787020,
 -0.0112930686122047, -0.0174571718055431,
 -0.0111730473485819, -0.0173880847659188,
 -0.0110528244783432, -0.0173170059996345,
 -0.0109324352269088, -0.0172439586510679,
 -0.0108119148702368, -0.0171689649358513,
 -0.0106912968954925, -0.0170920481280737,
 -0.0105706125046465, -0.0170132332689521,
 -0.0104498887583511, -0.0169325471029740,
 -0.0103291462151632, -0.0168500191922099,
 -0.0102083991898919, -0.0167656838778976,
 -0.0100876578278006, -0.0166795807801094,
 -0.0099669306413693, -0.0165917535188621,
 -0.0098462276121058, -0.0165022491339415,
 -0.0097255619277952, -0.0164111183662958,
 -0.0096049494187778, -0.0163184130977812,
 -0.0094844079362929, -0.0162241818529702,
 -0.0093639575402800, -0.0161284680213932,
 -0.0092436204732233, -0.0160313106574093,
 -0.0091234213145099, -0.0159327465183040,
 -0.0090033875619024, -0.0158328128890428,
 -0.0088835497842151, -0.0157315490500333,
 -0.0087639416436698, -0.0156289962151670,
 -0.0086446000736826, -0.0155251972026068,
 -0.0085255653847319, -0.0154201946892376,
 -0.0084068807176759, -0.0153140282859497,
 -0.0082885907004137, -0.0152067332645418,
 -0.0081707404425423, -0.0150983418297376,
 -0.0080533755107663, -0.0149888853901703,
 -0.0079365423539549, -0.0148783963137631,
 -0.0078202887923003, -0.0147669088379482,
 -0.0077046648273961, -0.0146544590703936,
 -0.0075897225489207, -0.0145410843712778,
 -0.0074755134657758, -0.0144268227097934,
 -0.0073620845867049, -0.0143117120643957,
 -0.0072494764741597, -0.0141957892819893,
 -0.0071377248449655, -0.0140790882516158,
 -0.0070268635887885, -0.0139616385049408,
 -0.0069169258443942, -0.0138434659419287,
 -0.0068079429655931, -0.0137245960703586,
 -0.0066999434941444, -0.0136050563135311,
 -0.0065929535981198, -0.0134848744891127,
 -0.0064869982979633, -0.0133640756579150,
 -0.0063821017846832, -0.0132426813521567,
 -0.0062782870685720, -0.0131207120751931,
 -0.0061755760573640, -0.0129981897896926,
 -0.0060739903191813, -0.0128751379193974,
 -0.0059735521683616, -0.0127515803361531,
 -0.0058742846831307, -0.0126275415683131,
 -0.0057762099721116, -0.0125030480200194,
 -0.0056793480148323, -0.0123781281180417,
 -0.0055837182818063, -0.0122528104621432,
 -0.0054893425566597, -0.0121271217020402,
 -0.0053962462239500, -0.0120010863053709,
 -0.0053044576807675, -0.0118747281571273,
 -0.0052140073397024, -0.0117480718305074,
 -0.0051249269278317, -0.0116211419493627,
 -0.0050372488357644, -0.0114939617647040,
 -0.0049510059795824, -0.0113665530722535,
 -0.0048662325257231, -0.0112389372069933,
 -0.0047829643163189, -0.0111111352974594,
 -0.0047012379932297, -0.0109831681348324,
 -0.0046210897176304, -0.0108550569860770,
 -0.0045425548400723, -0.0107268244347310,
 -0.0044656686546358, -0.0105984934712548,
 -0.0043904674909016, -0.0104700855175982,
 -0.0043169892206311, -0.0103416196485054,
 -0.0042452729842439, -0.0102131129247465,
 -0.0041753593336683, -0.0100845806452218,
 -0.0041072920923785, -0.0099560369897940,
 -0.0040411208536505, -0.0098274958043660,
 -0.0039769014977624, -0.0096989707616043,
 -0.0039146944519662, -0.0095704763155587,
 -0.0038545623759391, -0.0094420295434013,
 -0.0037965688021086, -0.0093136505593006,
 -0.0037407776722950, -0.0091853616018194,
 -0.0036872526646990, -0.0090571868427112,
 -0.0036360564642816, -0.0089291539126316,
 -0.0035872500079543, -0.0088012965289055,
 -0.0035408910456169, -0.0086736563818318,
 -0.0034970328148595, -0.0085462831482298,
 -0.0034557238547053, -0.0084192329713898,
 -0.0034170080885258, -0.0082925666461589,
 -0.0033809240579266, -0.0081663485076433,
 -0.0033475038314583, -0.0080406459503486,
 -0.0033167732515926, -0.0079155289154600,
 -0.0032887538154579, -0.0077910692301926,
 -0.0032634641976971, -0.0076673402287543,
 -0.0032409198502228, -0.0075444162862109,
 -0.0032211317845979, -0.0074223716371899,
 -0.0032041064535927, -0.0073012782283617,
 -0.0031898468115274, -0.0071812031842179,
 -0.0031783532183157, -0.0070622072926195,
 -0.0031696232620617, -0.0069443453265752,
 -0.0031636514706975, -0.0068276676896833,
 -0.0031604305557529, -0.0067122219898191,
 -0.0031599533025575, -0.0065980538188298,
 -0.0031622125692908, -0.0064852071133737,
 -0.0031671994658842, -0.0063737242558798,
 -0.0031749023061536, -0.0062636461338858,
 -0.0031853070984340, -0.0061550123058335,
 -0.0031983975657006, -0.0060478607216689,
 -0.0032141535013874, -0.0059422280348264,
 -0.0032325493671435, -0.0058381516231027,
 -0.0032535553845644, -0.0057356711430294,
 -0.0032771398366058, -0.0056348278055404,
 -0.0033032693920589, -0.0055356631162937,
 -0.0033319072981226, -0.0054382191913424,
 -0.0033630129263522, -0.0053425399676823,
 -0.0033965444011340, -0.0052486708025501,
 -0.0034324612276776, -0.0051566560524350,
 -0.0034707243627586, -0.0050665376010359,
 -0.0035112951098686, -0.0049783556772102,
 -0.0035541344179714, -0.0048921492820552,
 -0.0035992030018318, -0.0048079541978926,
 -0.0036464622192525, -0.0047258002924420,
 -0.0036958749523962, -0.0046457109105837,
 -0.0037474062616043, -0.0045677041834065,
 -0.0038010243496496, -0.0044917941669434,
 -0.0038567018655518, -0.0044179914649123,
 -0.0039144165128551, -0.0043463037927396,
 -0.0039741497890633, -0.0042767364691050,
 -0.0040358842494085, -0.0042092929477080,
 -0.0040996006099569, -0.0041439747966857,
 -0.0041652759664267, -0.0040807808660208,
 -0.0042328841397258, -0.0040197071433459,
 -0.0043023975498043, -0.0039607484236273,
 -0.0043737880495598, -0.0039039009053030,
 -0.0044470249760320, -0.0038491642324880,
 -0.0045220722961345, -0.0037965421564345,
 -0.0045988875263718, -0.0037460417758872,
 -0.0046774222722539, -0.0036976718875351,
 -0.0047576228234859, -0.0036514418437805,
 -0.0048394305046752, -0.0036073620548326,
 -0.0049227821607145, -0.0035654451276466,
 -0.0050076105667229, -0.0035257057517219,
 -0.0050938447176147, -0.0034881593188685,
 -0.0051814103926796, -0.0034528205425705,
 -0.0052702310746536, -0.0034197022067416,
 -0.0053602289174218, -0.0033888138064561,
 -0.0054513255937186, -0.0033601606535436,
 -0.0055434431247372, -0.0033337438043047,
 -0.0056365044927207, -0.0033095601733029,
 -0.0057304339347466, -0.0032876023581424,
 -0.0058251579839622, -0.0032678583571129,
 -0.0059206076286787, -0.0032503116180263,
 -0.0060167194700397, -0.0032349421084467,
 -0.0061134345976517, -0.0032217283327319,
 -0.0062106970287260, -0.0032106489256363,
 -0.0063084535849274, -0.0032016821275359,
 -0.0064066545183091, -0.0031948033290016,
 -0.0065052527440443, -0.0031899840308899,
 -0.0066042011270769, -0.0031871944623735,
 -0.0067034497312028, -0.0031864070600519,
 -0.0068029445427316, -0.0031875973198290,
 -0.0069026271773816, -0.0031907428658886,
 -0.0070024345493174, -0.0031958236075842,
 -0.0071022986224067, -0.0032028234251142,
 -0.0072021471555253, -0.0032117311337848,
 -0.0073019055894087, -0.0032225392233434,
 -0.0074014993590314, -0.0032352418883880,
 -0.0075008558938629, -0.0032498342671800,
 -0.0075999056690446, -0.0032663122106902,
 -0.0076985819166494, -0.0032846711346795,
 -0.0077968195295602, -0.0033049043865538,
 -0.0078945543165364, -0.0033270023077552,
 -0.0079917235281138, -0.0033509518828578,
 -0.0080882677757485, -0.0033767364327368,
 -0.0081841335012754, -0.0034043357477703,
 -0.0082792746523852, -0.0034337270538190,
 -0.0083736526536100, -0.0034648861420077,
 -0.0084672353739318, -0.0034977875449529,
 -0.0085599966448299, -0.0035324035786737,
 -0.0086519158098170, -0.0035687034964489,
 -0.0087429760677101, -0.0036066544149282,
 -0.0088331624982290, -0.0036462243318069,
 -0.0089224611603952, -0.0036873853366724,
 -0.0090108590486693, -0.0037301147060371,
 -0.0090983437796307, -0.0037743939915675,
 -0.0091849026758736, -0.0038202081540729,
 -0.0092705216047082, -0.0038675454728976,
 -0.0093551842171264, -0.0039163969803587,
 -0.0094388723336574, -0.0039667551265370,
 -0.0095215677342407, -0.0040186124541623,
 -0.0096032547715434, -0.0040719605366794,
 -0.0096839221531663, -0.0041267895352952,
 -0.0097635623628060, -0.0041830886495743,
 -0.0098421693107508, -0.0042408466696466,
 -0.0099197362259758, -0.0043000517306905,
 -0.0099962548381827, -0.0043606905373975,
 -0.0100717154641144, -0.0044227480903992,
 -0.0101461073924968, -0.0044862085754178,
 -0.0102194193193622, -0.0045510566932866,
 -0.0102916399860136, -0.0046172783722132,
 -0.0103627591935334, -0.0046848607877738,
 -0.0104327684818609, -0.0047537922054923,
 -0.0105016605255039, -0.0048240619076450,
 -0.0105694280831137, -0.0048956598770202,
 -0.0106360642012151, -0.0049685760187026,
 -0.0107015631483645, -0.0050427991770741,
 -0.0107659203659178, -0.0051183165968483,
 -0.0108291313855102, -0.0051951146045012,
 -0.0108911906217621, -0.0052731801051248,
 -0.0109520903807181, -0.0053525014458917,
 -0.0110118202212737, -0.0054330681715909,
 -0.0110703671310249, -0.0055148703528450,
 -0.0111277168270591, -0.0055978975865105,
 -0.0111838558241634, -0.0056821373253033,
 -0.0112387732172641, -0.0057675735183143,
 -0.0112924610442162, -0.0058541866519917,
 -0.0113449132949032, -0.0059419544075546,
 -0.0113961250232157, -0.0060308515768828,
 -0.0114460924891144, -0.0061208489962138,
 -0.0114948135348815, -0.0062119125973670,
 -0.0115422870488336, -0.0063040040820030,
 -0.0115885114811885, -0.0063970831608658,
 -0.0116334837888535, -0.0064911093186473,
 -0.0116772004379148, -0.0065860416313950,
 -0.0117196599828511, -0.0066818375494928,
 -0.0117608647874577, -0.0067784525028945,
 -0.0118008204497088, -0.0068758410614188,
 -0.0118395335585373, -0.0069739587270492,
 -0.0118770094890166, -0.0070727628558368,
 -0.0119132509185851, -0.0071722125174432,
 -0.0119482564504085, -0.0072722687522373,
 -0.0119820191536748, -0.0073728960285897,
 -0.0120145257376340, -0.0074740638090023,
 -0.0120457572270742, -0.0075757468659282,
 -0.0120756907450271, -0.0076779241950512,
 -0.0121043008302105, -0.0077805777416926,
 -0.0121315592170204, -0.0078836921332537,
 -0.0121574335347737, -0.0079872545580549,
 -0.0121818863246866, -0.0080912536886227,
 -0.0122048754593068, -0.0081956781506906,
 -0.0122263558904709, -0.0083005156136007,
 -0.0122462817657334, -0.0084057530013917,
 -0.0122646080031832, -0.0085113766251125,
 -0.0122812911323992, -0.0086173707655975,
 -0.0122962896889667, -0.0087237149762574,
 -0.0123095642417219, -0.0088303814681858,
 -0.0123210770340528, -0.0089373338871028,
 -0.0123307915566245, -0.0090445279812896,
 -0.0123386726683922, -0.0091519134996944,
 -0.0123446877744209, -0.0092594362538290,
 -0.0123488085353597, -0.0093670395419121,
 -0.0123510117282381, -0.0094746648079280,
 -0.0123512789045939, -0.0095822520368731,
 -0.0123495955916833, -0.0096897402930713,
 -0.0123459500949134, -0.0097970682928838,
 -0.0123403314901284, -0.0099041749720788,
 -0.0123327276636892, -0.0100110004316057,
 -0.0123231249383967, -0.0101174868076606,
 -0.0123115092187240, -0.0102235779941567,
 -0.0122978671206860, -0.0103292187490008,
 -0.0122821861017347, -0.0104343549175620,
 -0.0122644539960898, -0.0105389349666503,
 -0.0122446588162948, -0.0106429110173722,
 -0.0122227889536967, -0.0107462381844956,
 -0.0121988334738454, -0.0108488731521048,
 -0.0121727823134139, -0.0109507733587423,
 -0.0121446261569677, -0.0110518967691020,
 -0.0121143563278624, -0.0111522011456256,
 -0.0120819655501143, -0.0112516423819451,
 -0.0120474495493856, -0.0113501728845620,
 -0.0120108082521416, -0.0114477411506436,
 -0.0119720455188250, -0.0115442926174340,
 -0.0119311679148304, -0.0116397708768466,
 -0.0118881838398607, -0.0117341181975263,
 -0.0118431034495323, -0.0118272753593632,
 -0.0117959388572084, -0.0119191817781983,
 -0.0117467039625189, -0.0120097762933633,
 -0.0116954137149958, -0.0120989980282840,
 -0.0116420834598249, -0.0121867868447664,
 -0.0115867283119773, -0.0122730834907228,
 -0.0115293616959976, -0.0123578296552318,
 -0.0114699932479561, -0.0124409678007334,
 -0.0114086275697100, -0.0125224408330974,
 -0.0113452650207193, -0.0126021922397090,
 -0.0112799037549309, -0.0126801669456928,
 -0.0112125412407151, -0.0127563122934355,
 -0.0111431745116282, -0.0128305784211321,
 -0.0110717994083855, -0.0129029174743286,
 -0.0109984090324875, -0.0129732823380213,
 -0.0109229919159606, -0.0130416261613884,
 -0.0108455312126812, -0.0131079025472759,
 -0.0107660059164431, -0.0131720653815921,
 -0.0106843937729552, -0.0132340677583553,
 -0.0106006745053838, -0.0132938606853899,
 -0.0105148319085061, -0.0133513925616191,
 -0.0104268541989182, -0.0134066095120606,
 -0.0103367330212916, -0.0134594561146081,
 -0.0102444622579260, -0.0135098763199572,
 -0.0101500377791622, -0.0135578144844234,
 -0.0100534584289751, -0.0136032161606306,
 -0.0099547277135725, -0.0136460282720138,
 -0.0098538550622190, -0.0136861986114825,
 -0.0097508555517017, -0.0137236747730695,
 -0.0096457481683190, -0.0137584029528087,
 -0.0095385536894884, -0.0137903274287271,
 -0.0094292933451192, -0.0138193912793433,
 -0.0093179890352249, -0.0138455382499341,
 -0.0092046648226834, -0.0138687152719028,
 -0.0090893484297874, -0.0138888747908833,
 -0.0089720716082905, -0.0139059757711922,
 -0.0088528690964159, -0.0139199828385113,
 -0.0087317765905061, -0.0139308641647685,
 -0.0086088286234756, -0.0139385894644636,
 -0.0084840573313671, -0.0139431293574666,
 -0.0083574923585054, -0.0139444562843346,
 -0.0082291614543115, -0.0139425460155878,
 -0.0080990915117525, -0.0139373787315144,
 -0.0079673098960533, -0.0139289392558633,
 -0.0078338456532436, -0.0139172164386535,
 -0.0076987302378957, -0.0139022021154467,
 -0.0075619979245436, -0.0138838902664001,
 -0.0074236866478631, -0.0138622767070315,
 -0.0072838393004475, -0.0138373592297603,
 -0.0071425044758845, -0.0138091379387401,
 -0.0069997362435216, -0.0137776156004805,
 -0.0068555934681586, -0.0137427978875015,
 -0.0067101387700466, -0.0137046934098845,
 -0.0065634370258231, -0.0136633138070316,
 -0.0064155544718016, -0.0136186746449614,
 -0.0062665587580364, -0.0135707971392055,
 -0.0061165188715665, -0.0135197092553115,
 -0.0059655042101344, -0.0134654450456868,
 -0.0058135830659479, -0.0134080430470758,
 -0.0056608213866048, -0.0133475454850822,
 -0.0055072822041619, -0.0132839991209380,
 -0.0053530254318387, -0.0132174568826845,
 -0.0051981078400127, -0.0131479784013297,
 -0.0050425833233745, -0.0130756281499644,
 -0.0048865032588155, -0.0130004724679033,
 -0.0047299168230364, -0.0129225775086643,
 -0.0045728711858903, -0.0128420079889271,
 -0.0044154112005281, -0.0127588258657164,
 -0.0042575789751254, -0.0126730891998433,
 -0.0040994144375362, -0.0125848520952337,
 -0.0039409569845028, -0.0124941656394647,
 -0.0037822469266306, -0.0124010789029974,
 -0.0036233255584415, -0.0123056395044258,
 -0.0034642341002649, -0.0122078938749223,
 -0.0033050128704961, -0.0121078870866150,
 -0.0031457016149035, -0.0120056621244148,
 -0.0029863405972979, -0.0119012591704093,
 -0.0028269713672495, -0.0117947155050445,
 -0.0026676367847721, -0.0116860660618367,
 -0.0025083808748999, -0.0115753442185666,
 -0.0023492490162581, -0.0114625824549079,
 -0.0021902881580736, -0.0113478128210421,
 -0.0020315465418066, -0.0112310673489184,
 -0.0018730731649120, -0.0111123785577763,
 -0.0017149176212893, -0.0109917799777205,
 -0.0015571305338385, -0.0108693063888931,
 -0.0013997641498173, -0.0107449933920805,
 -0.0012428725565864, -0.0106188762971828,
 -0.0010865115981606, -0.0104909888980067,
 -0.0009307385905261, -0.0103613626630458,
 -0.0007756118634276, -0.0102300265933088,
 -0.0006211904437412, -0.0100970079617460,
 -0.0004675339080935, -0.0099623338161439,
 -0.0003147022562107, -0.0098260326671052,
 -0.0001627557571166, -0.0096881357557236,
 -0.0000117546179002, -0.0095486775292676,
  0.0001382415974644, -0.0094076951623114,
  0.0002871746211196, -0.0092652272666894,
  0.0004349880615085, -0.0091213124589799,
  0.0005816294025249, -0.0089759887013055,
  0.0007270529373113, -0.0088292941283151,
  0.0008712172899859, -0.0086812691157025,
  0.0010140818035412, -0.0085319582127482,
  0.0011556065487837, -0.0083814112078359,
  0.0012957523329620, -0.0082296843195630,
  0.0014344807080821, -0.0080768421735664,
  0.0015717539789108, -0.0079229576406519,
  0.0017075352106645, -0.0077681067589431,
  0.0018417882363843, -0.0076123645511013,
  0.0019744776639976, -0.0074558075221268,
  0.0021055688830634, -0.0072985168428263,
  0.0022350280712049, -0.0071405786274922,
  0.0023628222002257, -0.0069820838324952,
  0.0024889190419121, -0.0068231256434869,
  0.0026132871735212, -0.0066637966741881,
  0.0027358959829544, -0.0065041879492378,
  0.0028567156736172, -0.0063443865300178,
  0.0029757172689663, -0.0061844730936541,
  0.0030928726167431, -0.0060245205097153,
  0.0032081543928967, -0.0058645940180802,
  0.0033215361051943, -0.0057047524306412,
  0.0034329920965230, -0.0055450492309899,
  0.0035424975478813, -0.0053855331287088,
  0.0036500284810632, -0.0052262473584164,
  0.0037555617610353, -0.0050672284850218,
  0.0038590750980088, -0.0049085053113307,
  0.0039605470492069, -0.0047500994307604,
  0.0040599570203302, -0.0045920273526723,
  0.0041572852667208, -0.0044343030030476,
  0.0042525128942274, -0.0042769396184369,
  0.0043456218597727, -0.0041199505615921,
  0.0044365949716257, -0.0039633490339090,
  0.0045254158893794, -0.0038071471071768,
  0.0046120691236380, -0.0036513550683165,
  0.0046965400354134, -0.0034959823069315,
  0.0047788148352365, -0.0033410398163637,
  0.0048588805819827, -0.0031865425500432,
  0.0049367251814125, -0.0030325103635236,
  0.0050123373844351, -0.0028789671763283,
  0.0050857067850931, -0.0027259386100061,
  0.0051568238182726, -0.0025734496415808,
  0.0052256797571407, -0.0024215240538810,
  0.0052922667103143, -0.0022701851483052,
  0.0053565776187612, -0.0021194560733068,
  0.0054186062524383, -0.0019693592965971,
  0.0054783472066691, -0.0018199158427224,
  0.0055357958982625, -0.0016711445714464,
  0.0055909485613784, -0.0015230614734623,
  0.0056438022431414, -0.0013756796357442,
  0.0056943547990055, -0.0012290101974141,
  0.0057426048878757, -0.0010830638250607,
  0.0057885519669866, -0.0009378521904303,
  0.0058321962865440, -0.0007933891778935,
  0.0058735388841312, -0.0006496918593098,
  0.0059125815788852, -0.0005067812768531,
  0.0059493269654449, -0.0003646828741816,
  0.0059837784076756, -0.0002234263416818,
  0.0060159400321735, -0.0000830450834376,
  0.0060458167215547,  0.0000564246985734,
  0.0060734141075305,  0.0001949453544421,
  0.0060987385637748,  0.0003324783222844,
  0.0061217971985869,  0.0004689836414297,
  0.0061425978473531,  0.0006044194266097,
  0.0061611490648118,  0.0007387414025103,
  0.0061774601171258,  0.0008719029120071,
  0.0061915409737653,  0.0010038559566869,
  0.0062034022992074,  0.0011345526982525,
  0.0062130554444539,  0.0012639469680347,
  0.0062205124383738,  0.0013919958953668,
  0.0062257859788724,  0.0015186606972464,
  0.0062288894238939,  0.0016439058327061,
  0.0062298367822580,  0.0017676975113699,
  0.0062286427043412,  0.0018900028799922,
  0.0062253224726002,  0.0020107904676235,
  0.0062198919919427,  0.0021300319103542,
  0.0062123677799552,  0.0022477025277106,
  0.0062027669569868,  0.0023637788434175,
  0.0061911072360965,  0.0024782354544284,
  0.0061774069128662,  0.0025910449067040,
  0.0061616848550854,  0.0027021812108543,
  0.0061439604923111,  0.0028116231971223,
  0.0061242538053083,  0.0029193543428719,
  0.0061025853153741,  0.0030253598900348,
  0.0060789760735514,  0.0031296241225457,
  0.0060534476497357,  0.0032321294133675,
  0.0060260221216799,  0.0033328569353886,
  0.0059967220639010,  0.0034317884960981,
  0.0059655705364944,  0.0035289079161014,
  0.0059325910738587,  0.0036242005141993,
  0.0058978076733368,  0.0037176515692024,
  0.0058612447837770,  0.0038092456767134,
  0.0058229272940188,  0.0038989671500445,
  0.0057828805213084,  0.0039868005212901,
  0.0057411301996467,  0.0040727307023186,
  0.0056977024680768,  0.0041567424726484,
  0.0056526238589132,  0.0042388195810343,
  0.0056059212859181,  0.0043189446758436,
  0.0055576220324293,  0.0043971004979868,
  0.0055077537394436,  0.0044732707304797,
  0.0054563443936611,  0.0045474393083257,
  0.0054034223154929,  0.0046195895828591,
  0.0053490161470388,  0.0046897046673623,
  0.0052931548400380,  0.0047577679998684,
  0.0052358676437970,  0.0048237634528841,
  0.0051771840930997,  0.0048876754499094,
  0.0051171339961035,  0.0049494890969185,
  0.0050557474222252,  0.0050091905865886,
  0.0049930546900236,  0.0050667679781178,
  0.0049290863550800,  0.0051222118868227,
  0.0048638731978776,  0.0051755159276147,
  0.0047974462116961,  0.0052266761881111,
  0.0047298365905108,  0.0052756900261306,
  0.0046610757169059,  0.0053225555533812,
  0.0045911951500129,  0.0053672716308745,
  0.0045202266134734,  0.0054098378641156,
  0.0044482019834216,  0.0054502545980638,
  0.0043751532764989,  0.0054885229118743,
  0.0043011126379097,  0.0055246446134336,
  0.0042261123295159,  0.0055586222336817,
  0.0041501847179678,  0.0055904590207197,
  0.0040733622628819,  0.0056201589337109,
  0.0039956775050753,  0.0056477266365904,
  0.0039171630548526,  0.0056731674915750,
  0.0038378515803460,  0.0056964875524722,
  0.0037577757959163,  0.0057176935577981,
  0.0036769684506231,  0.0057367929237167,
  0.0035954623167647,  0.0057537937367960,
  0.0035132901784833,  0.0057687047465764,
  0.0034304848204456,  0.0057815353579638,
  0.0033470790166068,  0.0057922956234590,
  0.0032631055190569,  0.0058009962352190,
  0.0031785970469459,  0.0058076485169462,
  0.0030935862754984,  0.0058122644156178,
  0.0030081058251237,  0.0058148564930662,
  0.0029221882506202,  0.0058154379174088,
  0.0028358660304731,  0.0058140224543201,
  0.0027491715562522,  0.0058106244581596,
  0.0026621371221181,  0.0058052588629692,
  0.0025747949144335,  0.0057979411733325,
  0.0024871770014808,  0.0057886874550957,
  0.0023993153232907,  0.0057775143259590,
  0.0023112416815900,  0.0057644389459540,
  0.0022229877298652,  0.0057494790078000,
  0.0021345849635443,  0.0057326527271375,
  0.0020460647102993,  0.0057139788326498,
  0.0019574581204777,  0.0056934765560861,
  0.0018687961576605,  0.0056711656221786,
  0.0017801095893480,  0.0056470662384596,
  0.0016914289777780,  0.0056211990849814,
  0.0016027846708768,  0.0055935853039434,
  0.0015142067933496,  0.0055642464892417,
  0.0014257252379081,  0.0055332046759355,
  0.0013373696566376,  0.0055004823296283,
  0.0012491694525060,  0.0054661023357752,
  0.0011611537710185,  0.0054300879889279,
  0.0010733514920198,  0.0053924629819150,
  0.0009857912216412,  0.0053532513949524,
  0.0008985012843986,  0.0053124776846973,
  0.0008115097154422,  0.0052701666732566,
  0.0007248442529603,  0.0052263435371462,
  0.0006385323307357,  0.0051810337961981,
  0.0005526010708582,  0.0051342633024273,
  0.0004670772765958,  0.0050860582288689,
  0.0003819874254245,  0.0050364450583834,
  0.0002973576622172,  0.0049854505724260,
  0.0002132137925940,  0.0049331018397911,
  0.0001295812764361,  0.0048794262053447,
  0.0000464852215621,  0.0048244512787398,
 -0.0000360496224309,  0.0047682049231122,
 -0.0001179988701601,  0.0047107152437684,
 -0.0001993385062844,  0.0046520105768760,
 -0.0002800448911634,  0.0045921194781532,
 -0.0003600947663495,  0.0045310707115550,
 -0.0004394652599097,  0.0044688932379668,
 -0.0005181338915794,  0.0044056162039153,
 -0.0005960785777461,  0.0043412689302946,
 -0.0006732776362617,  0.0042758809011040,
 -0.0007497097910839,  0.0042094817522086,
 -0.0008253541767466,  0.0041421012601315,
 -0.0009001903426592,  0.0040737693308753,
 -0.0009741982572331,  0.0040045159887734,
 -0.0010473583118356,  0.0039343713653787,
 -0.0011196513245712,  0.0038633656883903,
 -0.0011910585438915,  0.0037915292706297,
 -0.0012615616520332,  0.0037188924990653,
 -0.0013311427682814,  0.0036454858238810,
 -0.0013997844520609,  0.0035713397476000,
 -0.0014674697058562,  0.0034964848142714,
 -0.0015341819779603,  0.0034209515987171,
 -0.0015999051650497,  0.0033447706958381,
 -0.0016646236145865,  0.0032679727099885,
 -0.0017283221270533,  0.0031905882444247,
 -0.0017909859580162,  0.0031126478908278,
 -0.0018526008200155,  0.0030341822188987,
 -0.0019131528842864,  0.0029552217660329,
 -0.0019726287823139,  0.0028757970270822,
 -0.0020310156072180,  0.0027959384442025,
 -0.0020883009149694,  0.0027156763967856,
 -0.0021444727254376,  0.0026350411914827,
 -0.0021995195232759,  0.0025540630523257,
 -0.0022534302586406,  0.0024727721109462,
 -0.0023061943477432,  0.0023911983968895,
 -0.0023578016732383,  0.0023093718280312,
 -0.0024082425844532,  0.0022273222011026,
 -0.0024575078974550,  0.0021450791823223,
 -0.0025055888949544,  0.0020626722981356,
 -0.0025524773260503,  0.0019801309260651,
 -0.0025981654058195,  0.0018974842856796,
 -0.0026426458147503,  0.0018147614296797,
 -0.0026859116980157,  0.0017319912350988,
 -0.0027279566645939,  0.0016492023946274,
 -0.0027687747862385,  0.0015664234080611,
 -0.0028083605962975,  0.0014836825738759,
 -0.0028467090883795,  0.0014010079809276,
 -0.0028838157148698,  0.0013184275002809,
 -0.0029196763853047,  0.0012359687771729,
 -0.0029542874645992,  0.0011536592231075,
 -0.0029876457711297,  0.0010715260080862,
 -0.0030197485746739,  0.0009895960529738,
 -0.0030505935942088,  0.0009078960220028,
 -0.0030801789955752,  0.0008264523154194,
 -0.0031085033890040,  0.0007452910622704,
 -0.0031355658265042,  0.0006644381133327,
 -0.0031613657991173,  0.0005839190341863,
 -0.0031859032340442,  0.0005037590984352,
 -0.0032091784916436,  0.0004239832810749,
 -0.0032311923622971,  0.0003446162520071,
 -0.0032519460631502,  0.0002656823697047,
 -0.0032714412347326,  0.0001872056750280,
 -0.0032896799374585,  0.0001092098851924,
 -0.0033066646480013,  0.0000317183878884,
 -0.0033223982555516, -0.0000452457644440,
 -0.0033368840579645, -0.0001216598601868,
 -0.0033501257577936, -0.0001975015339593,
 -0.0033621274582084, -0.0002727487718779,
 -0.0033728936588042, -0.0003473799166583,
 -0.0033824292513086, -0.0004213736725602,
 -0.0033907395151841, -0.0004947091101747,
 -0.0033978301131237, -0.0005673656710512,
 -0.0034037070864465, -0.0006393231721663,
 -0.0034083768503994, -0.0007105618102322,
 -0.0034118461893647, -0.0007810621658467,
 -0.0034141222519689, -0.0008508052074808,
 -0.0034152125461001, -0.0009197722953060,
 -0.0034151249338432, -0.0009879451848617,
 -0.0034138676263277, -0.0010553060305624,
 -0.0034114491784869, -0.0011218373890414,
 -0.0034078784837364, -0.0011875222223345,
 -0.0034031647685779, -0.0012523439009035,
 -0.0033973175871263, -0.0013162862064988,
 -0.0033903468155579, -0.0013793333348600,
 -0.0033822626464866, -0.0014414698982551,
 -0.0033730755832760, -0.0015026809278619,
 -0.0033627964342825, -0.0015629518759884,
 -0.0033514363070338, -0.0016222686181330,
 -0.0033390066023427, -0.0016806174548852,
 -0.0033255190083614, -0.0017379851136662,
 -0.0033109854945828, -0.0017943587503143,
 -0.0032954183057867, -0.0018497259505115,
 -0.0032788299559298, -0.0019040747310512,
 -0.0032612332219855, -0.0019573935409491,
 -0.0032426411377404, -0.0020096712624009,
 -0.0032230669875474, -0.0020608972115847,
 -0.0032025243000301, -0.0021110611393068,
 -0.0031810268417480, -0.0021601532314937,
 -0.0031585886108290, -0.0022081641095344,
 -0.0031352238305659, -0.0022550848304716,
 -0.0031109469429767, -0.0023009068870387,
 -0.0030857726023338, -0.0023456222075475,
 -0.0030597156686704, -0.0023892231556308,
 -0.0030327912012616, -0.0024317025298368,
 -0.0030050144520771, -0.0024730535630753,
 -0.0029764008592148, -0.0025132699219174,
 -0.0029469660403197, -0.0025523457057562,
 -0.0029167257859869, -0.0025902754458239,
 -0.0028856960531470, -0.0026270541040654,
 -0.0028538929584411, -0.0026626770718707,
 -0.0028213327715902, -0.0026971401686740,
 -0.0027880319087589, -0.0027304396404146,
 -0.0027540069259107, -0.0027625721578599,
 -0.0027192745121616, -0.0027935348147929,
 -0.0026838514831381, -0.0028233251260726,
 -0.0026477547743383, -0.0028519410255631,
 -0.0026110014344936, -0.0028793808639287,
 -0.0025736086189383, -0.0029056434063032,
 -0.0025355935829922, -0.0029307278298356,
 -0.0024969736753546, -0.0029546337211130,
 -0.0024577663315091, -0.0029773610734563,
 -0.0024179890671444, -0.0029989102840953,
 -0.0023776594715962, -0.0030192821512295,
 -0.0023367952013093, -0.0030384778709709,
 -0.0022954139733211, -0.0030564990341699,
 -0.0022535335587681, -0.0030733476231281,
 -0.0022111717764189, -0.0030890260081973,
 -0.0021683464862391, -0.0031035369442749,
 -0.0021250755829861, -0.0031168835671908,
 -0.0020813769898336, -0.0031290693899847,
 -0.0020372686520311, -0.0031400982990807,
 -0.0019927685306024, -0.0031499745503637,
 -0.0019478945960824, -0.0031587027651578,
 -0.0019026648222917, -0.0031662879261018,
 -0.0018570971801527, -0.0031727353729300,
 -0.0018112096315534, -0.0031780507981649,
 -0.0017650201232554, -0.0031822402427178,
 -0.0017185465808485, -0.0031853100913971,
 -0.0016718069027529, -0.0031872670683297,
 -0.0016248189542763, -0.0031881182323017,
 -0.0015776005617226, -0.0031878709720180,
 -0.0015301695065529, -0.0031865330012763,
 -0.0014825435196025, -0.0031841123540637,
 -0.0014347402753575, -0.0031806173795816,
 -0.0013867773862908, -0.0031760567371982,
 -0.0013386723972557, -0.0031704393913238,
 -0.0012904427799428, -0.0031637746062187,
 -0.0012421059274015, -0.0031560719407374,
 -0.0011936791486272, -0.0031473412430099,
 -0.0011451796632121, -0.0031375926450548,
 -0.0010966245960652, -0.0031268365573336,
 -0.0010480309722019, -0.0031150836632517,
 -0.0009994157116042, -0.0031023449136035,
 -0.0009507956241518, -0.0030886315209605,
 -0.0009021874046253, -0.0030739549540090,
 -0.0008536076277854, -0.0030583269318426,
 -0.0008050727435273, -0.0030417594182100,
 -0.0007565990721100, -0.0030242646157133,
 -0.0007082027994637, -0.0030058549599654,
 -0.0006598999725766, -0.0029865431137125,
 -0.0006117064949613, -0.0029663419609182,
 -0.0005636381222011, -0.0029452646008119,
 -0.0005157104575784, -0.0029233243419035,
 -0.0004679389477846, -0.0029005346959678,
 -0.0004203388787157, -0.0028769093720040,
 -0.0003729253713501, -0.0028524622701703,
 -0.0003257133777130, -0.0028272074756909,
 -0.0002787176769252, -0.0028011592527417,
 -0.0002319528713396, -0.0027743320383213,
 -0.0001854333827660, -0.0027467404361057,
 -0.0001391734487818, -0.0027183992102838,
 -0.0000931871191329, -0.0026893232793813,
 -0.0000474882522239, -0.0026595277100787,
 -0.0000020905116979, -0.0026290277110207,
  0.0000429926368930, -0.0025978386266167,
  0.0000877479293266, -0.0025659759308378,
  0.0001321623058572, -0.0025334552210160,
  0.0001762229142711, -0.0025002922116446,
  0.0002199171128495, -0.0024665027281771,
  0.0002632324732381, -0.0024321027008319,
  0.0003061567832248, -0.0023971081584074,
  0.0003486780494231, -0.0023615352221065,
  0.0003907844998621, -0.0023254000993681,
  0.0004324645864829, -0.0022887190777127,
  0.0004737069875403, -0.0022515085186068,
  0.0005145006099117, -0.0022137848513435,
  0.0005548345913098, -0.0021755645669402,
  0.0005946983024014, -0.0021368642120571,
  0.0006340813488327, -0.0020977003829419,
  0.0006729735731591, -0.0020580897193997,
  0.0007113650566802, -0.0020180488987867,
  0.0007492461211806, -0.0019775946300333,
  0.0007866073305759, -0.0019367436477000,
  0.0008234394924657, -0.0018955127060661,
  0.0008597336595905, -0.0018539185732503,
  0.0008954811311942, -0.0018119780253668,
  0.0009306734542949, -0.0017697078407224,
  0.0009653024248602, -0.0017271247940522,
  0.0009993600888901, -0.0016842456507959,
  0.0010328387434057, -0.0016410871614167,
  0.0010657309373445, -0.0015976660557638,
  0.0010980294723648, -0.0015539990374841,
  0.0011297274035583, -0.0015101027784808,
  0.0011608180400685, -0.0014659939134200,
  0.0011912949456186, -0.0014216890342874,
  0.0012211519389496, -0.0013772046850007,
  0.0012503830941683, -0.0013325573560744,
  0.0012789827410030, -0.0012877634793391,
  0.0013069454649711, -0.0012428394227172,
  0.0013342661074583, -0.0011978014850587,
  0.0013609397657102, -0.0011526658910365,
  0.0013869617927347, -0.0011074487861007,
  0.0014123277971168, -0.0010621662314952,
  0.0014370336427493, -0.0010168341993400,
  0.0014610754484785, -0.0009714685677767,
  0.0014844495876615, -0.0009260851161801,
  0.0015071526876410, -0.0008806995204357,
  0.0015291816291380, -0.0008353273482877,
  0.0015505335455613, -0.0007899840547555,
  0.0015712058222345, -0.0007446849776200,
  0.0015911960955410, -0.0006994453329816,
  0.0016105022519909, -0.0006542802108912,
  0.0016291224272100, -0.0006092045710552,
  0.0016470550048465, -0.0005642332386141,
  0.0016642986154015, -0.0005193808999959,
  0.0016808521349851, -0.0004746620988476,
  0.0016967146839964, -0.0004300912320433,
  0.0017118856257275, -0.0003856825457697,
  0.0017263645648932, -0.0003414501316900,
  0.0017401513460910, -0.0002974079231894,
  0.0017532460521893, -0.0002535696916990,
  0.0017656490026431, -0.0002099490431017,
  0.0017773607517402, -0.0001665594142193,
  0.0017883820867808, -0.0001234140693821,
  0.0017987140261909, -0.0000805260970817,
  0.0018083578175672, -0.0000379084067071,
  0.0018173149356579,  0.0000044262746354,
  0.0018255870802777,  0.0000464654052174,
  0.0018331761741641,  0.0000881966316985,
  0.0018400843607711,  0.0001296077920518,
  0.0018463140020003,  0.0001706869184019,
  0.0018518676758734,  0.0002114222397783,
  0.0018567481741486,  0.0002518021847814,
  0.0018609584998809,  0.0002918153841614,
  0.0018645018649242,  0.0003314506733108,
  0.0018673816873792,  0.0003706970946684,
  0.0018696015889905,  0.0004095439000367,
  0.0018711653924929,  0.0004479805528108,
  0.0018720771189039,  0.0004859967301199,
  0.0018723409847671,  0.0005235823248794,
  0.0018719613993512,  0.0005607274477561,
  0.0018709429618008,  0.0005974224290455,
  0.0018692904582412,  0.0006336578204592,
  0.0018670088588378,  0.0006694243968244,
  0.0018641033148159,  0.0007047131576963,
  0.0018605791554397,  0.0007395153288819,
  0.0018564418849477,  0.0007738223638748,
  0.0018516971794501,  0.0008076259452020,
  0.0018463508837913,  0.0008409179856840,
  0.0018404090083764,  0.0008736906296072,
  0.0018338777259600,  0.0009059362538078,
  0.0018267633684027,  0.0009376474686681,
  0.0018190724233966,  0.0009688171190277,
  0.0018108115311619,  0.0009994382850072,
  0.0018019874811101,  0.0010295042827453,
  0.0017926072084804,  0.0010590086650486,
  0.0017826777909512,  0.0010879452219587,
  0.0017722064452269,  0.0011163079812324,
  0.0017612005235978,  0.0011440912087374,
  0.0017496675104778,  0.0011712894087618,
  0.0017376150189229,  0.0011978973242430,
  0.0017250507871302,  0.0012239099369115,
  0.0017119826749162,  0.0012493224673527,
  0.0016984186601782,  0.0012741303749845,
  0.0016843668353397,  0.0012983293579544,
  0.0016698354037822,  0.0013219153529560,
  0.0016548326762652,  0.0013448845349657,
  0.0016393670673309,  0.0013672333168974,
  0.0016234470916990,  0.0013889583491784,
  0.0016070813606538,  0.0014100565192484,
  0.0015902785784243,  0.0014305249509812,
  0.0015730475385542,  0.0014503610040267,
  0.0015553971202673,  0.0014695622730775,
  0.0015373362848310,  0.0014881265870617,
  0.0015188740719161,  0.0015060520082607,
  0.0015000195959540,  0.0015233368313520,
  0.0014807820424927,  0.0015399795823776,
  0.0014611706645563,  0.0015559790176443,
  0.0014411947790066,  0.0015713341225507,
  0.0014208637629057,  0.0015860441103431,
  0.0014001870498840,  0.0016001084208016,
  0.0013791741265151,  0.0016135267188595,
  0.0013578345286983,  0.0016262988931558,
  0.0013361778380473,  0.0016384250545180,
  0.0013142136782886,  0.0016499055343805,
  0.0012919517116714,  0.0016607408831390,
  0.0012694016353904,  0.0016709318684433,
  0.0012465731780190,  0.0016804794734232,
  0.0012234760959565,  0.0016893848948546,
  0.0012001201698925,  0.0016976495412662,
  0.0011765152012875,  0.0017052750309873,
  0.0011526710088688,  0.0017122631901353,
  0.0011285974251449,  0.0017186160505449,
  0.0011043042929416,  0.0017243358476449,
  0.0010798014619580,  0.0017294250182788,
  0.0010550987853424,  0.0017338861984697,
  0.0010302061162914,  0.0017377222211327,
  0.0010051333046737,  0.0017409361137374,
  0.0009798901936781,  0.0017435310959200,
  0.0009544866164868,  0.0017455105770452,
  0.0009289323929753,  0.0017468781537198,
  0.0009032373264384,  0.0017476376072580,
  0.0008774112003471,  0.0017477929011043,
  0.0008514637751339,  0.0017473481782114,
  0.0008254047850079,  0.0017463077583728,
  0.0007992439348003,  0.0017446761355124,
  0.0007729908968435,  0.0017424579749369,
  0.0007466553078826,  0.0017396581105479,
  0.0007202467660200,  0.0017362815420127,
  0.0006937748276938,  0.0017323334318992,
  0.0006672490046933,  0.0017278191027759,
  0.0006406787612098,  0.0017227440342784,
  0.0006140735109234,  0.0017171138601393,
  0.0005874426141277,  0.0017109343651859,
  0.0005607953748934,  0.0017042114823102,
  0.0005341410382707,  0.0016969512894081,
  0.0005074887875309,  0.0016891600062884,
  0.0004808477414479,  0.0016808439915548,
  0.0004542269516220,  0.0016720097394638,
  0.0004276353998448,  0.0016626638767585,
  0.0004010819955058,  0.0016528131594760,
  0.0003745755730419,  0.0016424644697336,
  0.0003481248894309,  0.0016316248124954,
  0.0003217386217288,  0.0016203013123198,
  0.0002954253646514,  0.0016085012100868,
  0.0002691936282002,  0.0015962318597068,
  0.0002430518353356,  0.0015835007248173,
  0.0002170083196942,  0.0015703153754638,
  0.0001910713233540,  0.0015566834847659,
  0.0001652489946456,  0.0015426128255706,
  0.0001395493860109,  0.0015281112670972,
  0.0001139804519100,  0.0015131867715717,
  0.0000885500467757,  0.0014978473908528,
  0.0000632659230166,  0.0014821012630487,
  0.0000381357290693,  0.0014659566091293,
  0.0000131670074991,  0.0014494217295337,
 -0.0000116328068487,  0.0014325050007752,
 -0.0000362563886490,  0.0014152148720414,
 -0.0000606965238463,  0.0013975598617932,
 -0.0000849461113540,  0.0013795485543652,
 -0.0001089981647031,  0.0013611895965675,
 -0.0001328458136405,  0.0013424916942883,
 -0.0001564823056761,  0.0013234636090983,
 -0.0001799010075783,  0.0013041141548632,
 -0.0002030954068198,  0.0012844521943608,
 -0.0002260591129703,  0.0012644866359031,
 -0.0002487858590381,  0.0012442264299669,
 -0.0002712695027612,  0.0012236805658340,
 -0.0002935040278451,  0.0012028580682427,
 -0.0003154835451503,  0.0011817679940476,
 -0.0003372022938262,  0.0011604194288923,
 -0.0003586546423952,  0.0011388214838968,
 -0.0003798350897834,  0.0011169832923590,
 -0.0004007382663008,  0.0010949140064703,
 -0.0004213589345673,  0.0010726227940468,
 -0.0004416919903902,  0.0010501188352805,
 -0.0004617324635872,  0.0010274113195079,
 -0.0004814755187595,  0.0010045094419966,
 -0.0005009164560122,  0.0009814224007527,
 -0.0005200507116235,  0.0009581593933499,
 -0.0005388738586638,  0.0009347296137822,
 -0.0005573816075620,  0.0009111422493366,
 -0.0005755698066211,  0.0008874064774911,
 -0.0005934344424838,  0.0008635314628388,
 -0.0006109716405472,  0.0008395263540367,
 -0.0006281776653266,  0.0008154002807817,
 -0.0006450489207687,  0.0007911623508120,
 -0.0006615819505164,  0.0007668216469400,
 -0.0006777734381225,  0.0007423872241129,
 -0.0006936202072150,  0.0007178681065030,
 -0.0007091192216123,  0.0006932732846292,
 -0.0007242675853895,  0.0006686117125089,
 -0.0007390625428970,  0.0006438923048441,
 -0.0007535014787313,  0.0006191239342395,
 -0.0007675819176562,  0.0005943154284543,
 -0.0007813015244776,  0.0005694755676882,
 -0.0007946581038711,  0.0005446130819029,
 -0.0008076496001637,  0.0005197366481803,
 -0.0008202740970674,  0.0004948548881154,
 -0.0008325298173675,  0.0004699763652473,
 -0.0008444151225664,  0.0004451095825280,
 -0.0008559285124818,  0.0004202629798297,
 -0.0008670686247996,  0.0003954449314905,
 -0.0008778342345832,  0.0003706637438995,
 -0.0008882242537387,  0.0003459276531224,
 -0.0008982377304389,  0.0003212448225682,
 -0.0009078738485018,  0.0002966233406956,
 -0.0009171319267278,  0.0002720712187621,
 -0.0009260114181962,  0.0002475963886148,
 -0.0009345119095207,  0.0002232067005242,
 -0.0009426331200629,  0.0001989099210601,
 -0.0009503749011057,  0.0001747137310117,
 -0.0009577372349889,  0.0001506257233514,
 -0.0009647202342055,  0.0001266534012426,
 -0.0009713241404586,  0.0001028041760926,
 -0.0009775493236803,  0.0000790853656495,
 -0.0009833962810153,  0.0000555041921455,
 -0.0009888656357675,  0.0000320677804856,
 -0.0009939581363094,  0.0000087831564811,
 -0.0009986746549563, -0.0000143427548686,
 -0.0010030161868075, -0.0000373031310498,
 -0.0010069838485529, -0.0000600912536604,
 -0.0010105788772453, -0.0000827005099889,
 -0.0010138026290396, -0.0001051243945464,
 -0.0010166565779018, -0.0001273565105513,
 -0.0010191423142860, -0.0001493905713666,
 -0.0010212615437800, -0.0001712204018888,
 -0.0010230160857211, -0.0001928399398895,
 -0.0010244078717820, -0.0002142432373089,
 -0.0010254389445288, -0.0002354244615010,
 -0.0010261114559522, -0.0002563778964309,
 -0.0010264276659689, -0.0002770979438239,
 -0.0010263899408971, -0.0002975791242653,
 -0.0010260007519071, -0.0003178160782532,
 -0.0010252626734471, -0.0003378035672021,
 -0.0010241783816429, -0.0003575364743983,
 -0.0010227506526740, -0.0003770098059066,
 -0.0010209823611279, -0.0003962186914289,
 -0.0010188764783322, -0.0004151583851151,
 -0.0010164360706642, -0.0004338242663244,
 -0.0010136642978386, -0.0004522118403389,
 -0.0010105644111777, -0.0004703167390298,
 -0.0010071397518615, -0.0004881347214750,
 -0.0010033937491576, -0.0005056616745291,
 -0.0009993299186340, -0.0005228936133443,
 -0.0009949518603556, -0.0005398266818460,
 -0.0009902632570642, -0.0005564571531596,
 -0.0009852678723414, -0.0005727814299903,
 -0.0009799695487572, -0.0005887960449553,
 -0.0009743722060050, -0.0006044976608701,
 -0.0009684798390233, -0.0006198830709880,
 -0.0009622965161038, -0.0006349491991932,
 -0.0009558263769866, -0.0006496931001466,
 -0.0009490736309465, -0.0006641119593876,
 -0.0009420425548680, -0.0006782030933898,
 -0.0009347374913096, -0.0006919639495712,
 -0.0009271628465586, -0.0007053921062582,
 -0.0009193230886796, -0.0007184852726074,
 -0.0009112227455546, -0.0007312412884822,
 -0.0009028664029154, -0.0007436581242847,
 -0.0008942587023696, -0.0007557338807441,
 -0.0008854043394228, -0.0007674667886627,
 -0.0008763080614954, -0.0007788552086195,
 -0.0008669746659349, -0.0007898976306301,
 -0.0008574089980254, -0.0008005926737651,
 -0.0008476159489930, -0.0008109390857265,
 -0.0008376004540116, -0.0008209357423839,
 -0.0008273674902073, -0.0008305816472701,
 -0.0008169220746600, -0.0008398759310353,
 -0.0008062692624071, -0.0008488178508616,
 -0.0007954141444473, -0.0008574067898395,
 -0.0007843618457473, -0.0008656422563048,
 -0.0007731175232489, -0.0008735238831374,
 -0.0007616863638792, -0.0008810514270208,
 -0.0007500735825655, -0.0008882247676666,
 -0.0007382844202543, -0.0008950439070018,
 -0.0007263241419336, -0.0009015089683185,
 -0.0007141980346621, -0.0009076201953884,
 -0.0007019114056038, -0.0009133779515428,
 -0.0006894695800706, -0.0009187827187185,
 -0.0006768778995707, -0.0009238350964680,
 -0.0006641417198653, -0.0009285358009370,
 -0.0006512664090347, -0.0009328856638094,
 -0.0006382573455538, -0.0009368856312206,
 -0.0006251199163761, -0.0009405367626377,
 -0.0006118595150283, -0.0009438402297087,
 -0.0005984815397173, -0.0009467973150826,
 -0.0005849913914477, -0.0009494094111992,
 -0.0005713944721514, -0.0009516780190491,
 -0.0005576961828296, -0.0009536047469046,
 -0.0005439019217087, -0.0009551913090241,
 -0.0005300170824102, -0.0009564395243292,
 -0.0005160470521340, -0.0009573513150539,
 -0.0005019972098564, -0.0009579287053674,
 -0.0004878729245445, -0.0009581738199734,
 -0.0004736795533862, -0.0009580888826843,
 -0.0004594224400355, -0.0009576762149702,
 -0.0004451069128755, -0.0009569382344840,
 -0.0004307382832985, -0.0009558774535665,
 -0.0004163218440041, -0.0009544964777269,
 -0.0004018628673156, -0.0009527980041040,
 -0.0003873666035141, -0.0009507848199044,
 -0.0003728382791926, -0.0009484598008214,
 -0.0003582830956296, -0.0009458259094358,
 -0.0003437062271825, -0.0009428861935978,
 -0.0003291128197018, -0.0009396437847892,
 -0.0003145079889649, -0.0009361018964696,
 -0.0002998968191323, -0.0009322638224057,
 -0.0002852843612251, -0.0009281329349860,
 -0.0002706756316243, -0.0009237126835181,
 -0.0002560756105919, -0.0009190065925121,
 -0.0002414892408153, -0.0009140182599509,
 -0.0002269214259750, -0.0009087513555476,
 -0.0002123770293346, -0.0009032096189891,
 -0.0001978608723548, -0.0008973968581682,
 -0.0001833777333320, -0.0008913169474052,
 -0.0001689323460605, -0.0008849738256598,
 -0.0001545293985192, -0.0008783714947316,
 -0.0001401735315835, -0.0008715140174518,
 -0.0001258693377621, -0.0008644055158673,
 -0.0001116213599591, -0.0008570501694181,
 -0.0000974340902619, -0.0008494522131053,
 -0.0000833119687544, -0.0008416159356533,
 -0.0000692593823572, -0.0008335456776683,
 -0.0000552806636930, -0.0008252458297902,
 -0.0000413800899794, -0.0008167208308406,
 -0.0000275618819478, -0.0008079751659660,
 -0.0000138302027893, -0.0007990133647800,
 -0.0000001891571280, -0.0007898399995025,
  0.0000133572099794, -0.0007804596830968,
  0.0000268049140152, -0.0007708770674048,
  0.0000401500319467, -0.0007610968412835,
  0.0000533887031424, -0.0007511237287423,
  0.0000665171302625, -0.0007409624870785,
  0.0000795315801200, -0.0007306179050160,
  0.0000924283845148, -0.0007200948008464,
  0.0001052039410389, -0.0007093980205727,
  0.0001178547138545, -0.0006985324360561,
  0.0001303772344431, -0.0006875029431668,
  0.0001427681023262, -0.0006763144599389,
  0.0001550239857583, -0.0006649719247319,
  0.0001671416223914, -0.0006534802943972,
  0.0001791178199108, -0.0006418445424511,
  0.0001909494566425, -0.0006300696572539,
  0.0002026334821323, -0.0006181606401982,
  0.0002141669176970, -0.0006061225039044,
  0.0002255468569460, -0.0005939602704250,
  0.0002367704662755, -0.0005816789694575,
  0.0002478349853338, -0.0005692836365682,
  0.0002587377274588, -0.0005567793114263,
  0.0002694760800866, -0.0005441710360477,
  0.0002800475051321, -0.0005314638530510,
  0.0002904495393414, -0.0005186628039251,
  0.0003006797946167, -0.0005057729273102,
  0.0003107359583121, -0.0004927992572905,
  0.0003206157935022, -0.0004797468217004,
  0.0003303171392227, -0.0004666206404449,
  0.0003398379106837, -0.0004534257238357,
  0.0003491760994546, -0.0004401670709394,
  0.0003583297736222, -0.0004268496679431,
  0.0003672970779212, -0.0004134784865350,
  0.0003760762338377, -0.0004000584823021,
  0.0003846655396860, -0.0003865945931430,
  0.0003930633706571, -0.0003730917376987,
  0.0004012681788422, -0.0003595548138011,
  0.0004092784932294, -0.0003459886969393,
  0.0004170929196732, -0.0003323982387437,
  0.0004247101408381, -0.0003187882654892,
  0.0004321289161171, -0.0003051635766172,
  0.0004393480815239, -0.0002915289432779,
  0.0004463665495595, -0.0002778891068915,
  0.0004531833090532, -0.0002642487777295,
  0.0004597974249794, -0.0002506126335173,
  0.0004662080382493, -0.0002369853180575,
  0.0004724143654778, -0.0002233714398736,
  0.0004784156987260, -0.0002097755708764,
  0.0004842114052196, -0.0001962022450509,
  0.0004898009270437, -0.0001826559571663,
  0.0004951837808149, -0.0001691411615084,
  0.0005003595573284, -0.0001556622706339,
  0.0005053279211832, -0.0001422236541483,
  0.0005100886103842, -0.0001288296375068,
  0.0005146414359230, -0.0001154845008390,
  0.0005189862813353, -0.0001021924777964,
  0.0005231231022362, -0.0000889577544248,
  0.0005270519258359, -0.0000757844680604,
  0.0005307728504325, -0.0000626767062503,
  0.0005342860448850, -0.0000496385056975,
  0.0005375917480649, -0.0000366738512311,
  0.0005406902682880, -0.0000237866748002,
  0.0005435819827271, -0.0000109808544949,
  0.0005462673368041,  0.0000017397864096,
  0.0005487468435632,  0.0000143714803817,
  0.0005510210830252,  0.0000269105165378,
  0.0005530907015245,  0.0000393532415202,
  0.0005549564110264,  0.0000516960603498,
  0.0005566189884270,  0.0000639354372521,
  0.0005580792748361,  0.0000760678964582,
  0.0005593381748440,  0.0000880900229788,
  0.0005603966557693,  0.0000999984633524,
  0.0005612557468923,  0.0001117899263668,
  0.0005619165386717,  0.0001234611837552,
  0.0005623801819466,  0.0001350090708650,
  0.0005626478871222,  0.0001464304873002,
  0.0005627209233413,  0.0001577223975381,
  0.0005626006176414,  0.0001688818315182,
  0.0005622883540985,  0.0001799058852060,
  0.0005617855729561,  0.0001907917211295,
  0.0005610937697412,  0.0002015365688887,
  0.0005602144943684,  0.0002121377256397,
  0.0005591493502307,  0.0002225925565514,
  0.0005578999932794,  0.0002328984952364,
  0.0005564681310908,  0.0002430530441545,
  0.0005548555219221,  0.0002530537749910,
  0.0005530639737576,  0.0002628983290073,
  0.0005510953433440,  0.0002725844173669,
  0.0005489515352150,  0.0002821098214336,
  0.0005466345007063,  0.0002914723930442,
  0.0005441462369625,  0.0003006700547553,
  0.0005414887859345,  0.0003097008000642,
  0.0005386642333688,  0.0003185626936039,
  0.0005356747077875,  0.0003272538713114,
  0.0005325223794627,  0.0003357725405721,
  0.0005292094593830,  0.0003441169803376,
  0.0005257381982124,  0.0003522855412186,
  0.0005221108852437,  0.0003602766455518,
  0.0005183298473455,  0.0003680887874428,
  0.0005143974479045,  0.0003757205327838,
  0.0005103160857617,  0.0003831705192465,
  0.0005060881941433,  0.0003904374562499,
  0.0005017162395890,  0.0003975201249043,
  0.0004972027208752,  0.0004044173779319,
  0.0004925501679350,  0.0004111281395617,
  0.0004877611407739,  0.0004176514054017,
  0.0004828382283845,  0.0004239862422873,
  0.0004777840476581,  0.0004301317881069,
  0.0004726012422938,  0.0004360872516031,
  0.0004672924817061,  0.0004418519121521,
  0.0004618604599318,  0.0004474251195198,
  0.0004563078945362,  0.0004528062935964,
  0.0004506375255181,  0.0004579949241075,
  0.0004448521142146,  0.0004629905703039,
  0.0004389544422070,  0.0004677928606301,
  0.0004329473102274,  0.0004724014923709,
  0.0004268335370653,  0.0004768162312775,
  0.0004206159584767,  0.0004810369111709,
  0.0004142974260937,  0.0004850634335273,
  0.0004078808063380,  0.0004888957670416,
  0.0004013689793358,  0.0004925339471714,
  0.0003947648378351,  0.0004959780756613,
  0.0003880712861268,  0.0004992283200466,
  0.0003812912389696,  0.0005022849131400,
  0.0003744276205183,  0.0005051481524982,
  0.0003674833632569,  0.0005078183998705,
  0.0003604614069348,  0.0005102960806281,
  0.0003533646975100,  0.0005125816831771,
