f,amplitude_1,amplitude_2
0,0.00269825613412566,0.00198259546190329
0.0750591381942736,0.00437977255568809,0.00860679791553691
0.150118276388547,0.00195108334930486,0.00595327933518664
0.225177414582821,0.000264645549413841,0.000830428273310084
0.300236552777094,0.000906387893358516,0.0025862053639654
0.375295690971368,0.000348898934414416,0.000746747003730679
0.450354829165642,0.000125176955651258,8.41535206070481e-05
0.525413967359915,0.000115968175119904,0.000452862817826926
0.600473105554189,1.70251525261871e-05,0.000318070774523255
0.675532243748462,1.12240620212341e-05,2.88633892966154e-05
0.750591381942736,5.8530085536493e-06,5.1525081679483e-05
0.82565052013701,1.72018490175555e-05,7.41690848795784e-05
0.900709658331283,1.04540118544202e-05,5.31207414294741e-05
0.975768796525557,1.96772632712861e-05,0.000178367398725966
1.05082793471983,3.16869641997933e-05,0.000506113323721235
1.1258870729141,5.22233536244044e-05,0.000950499386849094
1.20094621110838,2.06759859964017e-05,0.000938302363446156
1.27600534930265,5.97909756259709e-05,0.000428694744404174
1.35106448749692,6.26646957901577e-05,7.06587680710737e-05
1.4261236256912,1.15823365663723e-05,0.00031257523543964
1.50118276388547,1.28763798125752e-05,0.000172001038895996
1.57624190207975,3.14704015253801e-05,4.180679737877e-05
1.65130104027402,1.3545346675607e-05,4.00215826546312e-05
1.72636017846829,1.59980788299574e-05,4.01394467719656e-05
1.80141931666257,1.82705969384061e-05,4.37362241290101e-05
1.87647845485684,4.81331050530055e-05,3.61531022676817e-05
1.95153759305111,1.90166969789086e-05,3.24101761923564e-05
2.02659673124539,5.99628201860715e-06,2.98893726567071e-05
2.10165586943966,3.57180614162184e-06,2.17928741598198e-05
2.17671500763393,4.79104645504691e-06,2.35051871758929e-05
2.25177414582821,4.54395151264516e-06,2.97327613371425e-05
2.32683328402248,2.53424832930569e-06,2.09797436848526e-05
2.40189242221676,2.7015000135983e-06,2.45583401664384e-05
2.47695156041103,1.0418554642692e-05,2.8669181446377e-05
2.5520106986053,1.82446810304477e-05,4.41691366503286e-05
2.62706983679958,5.35981726578554e-05,8.37315924906555e-05
2.70212897499385,7.421796939787e-05,8.96294658993924e-05
2.77718811318812,1.80872862414266e-05,2.7309057169735e-05
2.8522472513824,1.62910060345785e-05,1.04643800069353e-05
2.92730638957667,1.27770275116092e-05,8.6179013476937e-06
3.00236552777094,1.72135488570152e-06,9.73512528751881e-06
3.07742466596522,4.59563999211154e-06,6.98007332670863e-06
3.15248380415949,5.43559868074687e-06,1.33106170031919e-05
3.22754294235377,4.86069470705437e-06,5.41720160267801e-06
3.30260208054804,2.48557714637313e-06,8.47620562366763e-06
3.37766121874231,2.39416596622634e-06,9.51860089110471e-06
3.45272035693659,4.18483203772028e-06,7.08232113254807e-06
3.52777949513086,1.62854385929494e-06,8.72650151785272e-06
3.60283863332513,6.47997545556275e-06,1.36025910808759e-05
3.67789777151941,3.19220263001425e-06,9.86735247194549e-06
3.75295690971368,2.91163602148812e-06,6.43632171979257e-06
3.82801604790795,3.51735116236741e-06,7.98908566213037e-06
3.90307518610223,2.38907694161331e-06,1.21777079549128e-05
3.9781343242965,2.42399579945446e-06,1.20696561517374e-05
4.05319346249077,2.05451734838643e-06,9.18369784641304e-06
4.12825260068505,1.01689446184119e-06,6.38973867989051e-06
4.20331173887932,1.05174169736657e-06,7.0830005076663e-06
4.2783708770736,1.22130900451728e-06,6.99897946682933e-06
4.35343001526787,1.13539405885285e-06,5.32710604048241e-06
4.42848915346214,2.37365831904486e-06,9.42236707480265e-06
4.50354829165642,1.27959886710222e-06,6.00640303592885e-06
4.57860742985069,2.24946357796587e-06,8.81398836206934e-06
4.65366656804496,4.42730453263128e-06,1.00910376285578e-05
4.72872570623924,9.30941165804112e-07,5.91393521317738e-06
4.80378484443351,1.87522322013031e-06,7.24975554366259e-06
4.87884398262779,2.67621769898559e-06,2.39756104475574e-07
4.95390312082206,1.60884654391604e-06,6.15998365214971e-06
5.02896225901633,1.05340908107199e-06,5.98644079934565e-06
5.10402139721061,6.32014212196993e-06,9.64211997026349e-07
5.17908053540488,7.51746269192171e-06,7.01747203975016e-06
5.25413967359915,9.94531936789282e-06,8.94295879350536e-06
5.32919881179343,1.03696517827254e-05,8.90682236051456e-06
5.4042579499877,9.7684192251664e-07,5.46624052514652e-06
5.47931708818197,5.02258416114022e-07,5.45350245522402e-06
5.55437622637625,2.10358345868326e-07,5.69900262190076e-06
5.62943536457052,7.5362338370039e-07,4.88132360933142e-06
5.70449450276479,6.76062149144081e-07,4.88618804424859e-06
5.77955364095907,2.30779885922836e-07,5.29977363006318e-06
5.85461277915334,1.11072557129274e-06,4.40326454583492e-06
5.92967191734761,4.89087650564625e-07,4.71352381282774e-06
6.00473105554189,7.63415191552212e-07,4.52087309270161e-06
6.07979019373616,5.70623517235695e-07,4.59465142104549e-06
6.15484933193044,8.14369089843062e-07,4.43149535176391e-06
6.22990847012471,2.27197823627205e-06,2.94862791666284e-06
6.30496760831898,5.22886813678536e-07,4.54441231116634e-06
6.38002674651326,2.64855323136459e-06,3.41255918881931e-06
6.45508588470753,8.26617664159416e-06,2.98002821110164e-06
6.5301450229018,2.4506291055152e-05,2.00170520132935e-05
6.60520416109608,4.58599824822062e-06,1.69192384772014e-06
6.68026329929035,5.94083360622742e-06,4.76859744353495e-06
6.75532243748463,1.44549944936559e-06,4.36116040528071e-06
6.8303815756789,2.33183666949763e-06,3.12958512828472e-06
6.90544071387317,1.08519791041972e-06,3.9410446206826e-06
6.98049985206745,5.58376678069001e-07,4.13576808548836e-06
7.05555899026172,2.97037762773819e-07,3.80565877641815e-06
7.13061812845599,1.26307162165795e-06,3.81189213309503e-06
7.20567726665027,5.18999654346324e-07,3.75090255910577e-06
7.28073640484454,1.19299158707215e-06,3.82265600211713e-06
7.35579554303881,8.72678245630738e-07,3.59037688440558e-06
7.43085468123309,4.34809951662047e-07,3.69016841993906e-06
7.50591381942736,1.06783536194922e-06,3.5963064784141e-06
7.58097295762163,6.62790751178055e-07,3.54258514149644e-06
7.65603209581591,7.58472173600856e-07,3.29465144183986e-06
7.73109123401018,4.75677705630619e-07,3.77311384787891e-06
7.80615037220446,4.82467982499497e-07,3.39227242406614e-06
7.88120951039873,6.22240219453854e-07,3.23880613457842e-06
7.956268648593,4.14621288104606e-07,3.76904925450755e-06
8.03132778678728,4.16651990931637e-07,3.39274712627763e-06
8.10638692498155,5.42537527998398e-07,3.24291411793651e-06
8.18144606317582,4.1574425071628e-07,3.70730038918455e-06
8.2565052013701,3.9365990819675e-07,3.11923381947502e-06
8.33156433956437,5.53400681011004e-07,3.03486432210322e-06
8.40662347775864,3.97338459556689e-07,4.23149292977091e-06
8.48168261595292,3.77723779821722e-07,3.50466873297405e-06
8.55674175414719,6.27778138372562e-07,3.02535261309195e-06
8.63180089234146,3.50609270580468e-07,4.41641343961642e-06
8.70686003053574,3.96213128474392e-07,3.21756254804129e-06
8.78191916873001,5.32709122794511e-07,4.84147567228298e-06
8.85697830692429,4.05101846637813e-07,4.16645101369849e-06
8.93203744511856,3.04379751982554e-07,3.61956400949256e-06
9.00709658331283,7.84547817596489e-07,3.0454996979811e-06
9.08215572150711,4.20039014178251e-07,4.151403952601e-06
9.15721485970138,1.06083835109784e-06,2.25734632130677e-06
9.23227399789565,4.89912298282868e-07,2.80675781914205e-06
9.30733313608993,4.5704124031343e-07,3.15963787914817e-06
9.3823922742842,3.59909632578923e-07,2.94020075017496e-06
9.45745141247848,3.51507434250988e-07,2.86364476582768e-06
9.53251055067275,3.90690271807093e-07,2.94053371200806e-06
9.60756968886702,2.61069935707949e-07,2.86773148491022e-06
9.6826288270613,3.61685452550533e-07,2.79868720140828e-06
9.75768796525557,2.67152155474652e-07,2.98062403494536e-06
9.83274710344984,2.72429711781761e-07,2.41941730467138e-06
9.90780624164412,8.68008637626353e-07,3.21927934942559e-06
9.98286537983839,2.45029053007473e-07,2.36806145428925e-06
10.0579245180327,2.86902597443092e-07,2.27357426509011e-06
10.1329836562269,1.95362817657757e-06,3.45620354205843e-06
10.2080427944212,4.20924278265662e-07,2.57426575281167e-06
10.2831019326155,8.36283889064562e-08,2.74880975458791e-06
10.3581610708098,1.63998126497724e-06,3.09705035930718e-06
10.433220209004,1.85425018482103e-06,2.73467494133922e-06
10.5082793471983,3.89567556416404e-06,4.40025027468357e-06
10.5833384853926,8.02440960876595e-07,1.92942770295436e-06
10.6583976235869,1.83323596068338e-07,2.42948186226339e-06
10.7334567617811,4.92471621158725e-07,2.54300343597612e-06
10.8085158999754,3.65547505703372e-07,2.44914364610029e-06
10.8835750381697,3.49166417707559e-07,2.50216114091588e-06
10.9586341763639,1.6270176504172e-07,2.4158028520139e-06
11.0336933145582,4.72890895460737e-07,2.50072913244114e-06
11.1087524527525,4.12559684730979e-07,2.51560045526255e-06
11.1838115909468,5.42278408851029e-07,2.57731636175597e-06
11.258870729141,3.22006304134443e-07,2.46806364647272e-06
11.3339298673353,3.72576149102557e-07,2.44168361322317e-06
11.4089890055296,5.72890891935319e-07,2.50550923049946e-06
11.4840481437239,4.10443751719747e-07,2.50892591013993e-06
11.5591072819181,3.93723382128271e-07,2.40557709506813e-06
11.6341664201124,1.03011631165149e-06,2.62851999015214e-06
11.7092255583067,4.5599500712714e-07,2.61653785596758e-06
11.784284696501,2.42945494565016e-06,3.6249704917532e-06
11.8593438346952,1.48431929376798e-06,1.24829153029482e-06
11.9344029728895,3.8854087749753e-07,2.3302122107169e-06
12.0094621110838,2.67222721576938e-07,2.22216797661538e-06
12.0845212492781,8.74018135517726e-08,2.20418106757513e-06
12.1595803874723,3.47535495233687e-07,2.26049474138463e-06
12.2346395256666,4.02171772862198e-07,2.28016489109665e-06
12.3096986638609,1.06996733770669e-07,2.21002743881635e-06
12.3847578020551,3.35452449576636e-07,2.22588894915837e-06
12.4598169402494,3.39725638341448e-07,2.13874037463229e-06
12.5348760784437,1.5103826719632e-07,2.22450504516145e-06
12.609935216638,2.81548951240263e-07,2.20677902026526e-06
12.6849943548322,4.00943967593704e-07,2.14040114515424e-06
12.7600534930265,2.28938759080497e-07,2.17595756089274e-06
12.8351126312208,2.62194872195234e-07,2.17304574024432e-06
12.9101717694151,4.95396158704082e-07,2.21631056540635e-06
12.9852309076093,4.00983569433083e-07,2.23992970947463e-06
13.0602900458036,1.69774917665722e-07,2.21381491568736e-06
13.1353491839979,7.03041327235129e-07,2.22914918908412e-06
13.2104083221922,1.76224805544909e-07,2.1006452737229e-06
13.2854674603864,9.06240064124095e-08,2.03581271365961e-06
13.3605265985807,5.28769919345068e-07,2.20956692942216e-06
13.435585736775,1.67087956018875e-07,2.01332634394523e-06
13.5106448749693,6.19874615637471e-08,1.99783356919616e-06
13.5857040131635,5.13898499388664e-07,2.12998559280033e-06
13.6607631513578,7.04540074520521e-08,2.06795805543455e-06
13.7358222895521,2.68076422656412e-07,2.06414809576012e-06
13.8108814277463,5.97261427833223e-07,1.944172872641e-06
13.8859405659406,4.09255640295884e-07,1.93619088854213e-06
13.9609997041349,2.28161528498892e-07,2.18939130110371e-06
14.0360588423292,5.93417128905662e-07,1.96776760794308e-06
14.1111179805234,4.77683906748411e-07,1.9139568029236e-06
14.1861771187177,2.2565526742584e-07,2.29951361578856e-06
14.261236256912,1.07591375847606e-06,2.01929546161188e-06
14.3362953951063,1.75865245480658e-06,1.10540254196774e-06
14.4113545333005,4.60223079366221e-07,1.65340781684498e-06
14.4864136714948,7.84680621250843e-07,2.02148881502022e-06
14.5614728096891,1.06218693071107e-07,2.12456845802424e-06
14.6365319478834,2.11746415830491e-07,1.99789860676984e-06
14.7115910860776,1.17495760839574e-07,1.8210364395526e-06
14.7866502242719,1.87345371578119e-08,1.90903032126295e-06
14.8617093624662,2.21774202543508e-07,1.88306057896964e-06
14.9367685006604,1.0764497686442e-07,1.65690449296398e-06
15.0118276388547,2.79521446631412e-07,1.61648665492658e-06
15.086886777049,3.16232091586547e-07,1.4863349209153e-06
15.1619459152433,4.08289918788012e-07,1.83970043157543e-06
15.2370050534375,1.35005090331476e-07,1.70065747972331e-06
15.3120641916318,4.2203477696291e-07,1.62958759047131e-06
15.3871233298261,5.19405397369499e-07,1.66368845223456e-06
15.4621824680204,2.15693350656516e-07,1.73947241031312e-06
15.5372416062146,4.82919616236081e-07,1.34561128474066e-06
15.6123007444089,6.6621889962769e-07,1.91682451502934e-06
15.6873598826032,1.71238681203437e-06,1.55021823964239e-06
15.7624190207975,7.83474441274228e-07,2.18481518241277e-06
15.8374781589917,1.57727007249792e-07,1.56207560773292e-06
15.912537297186,2.51209026237715e-07,1.74677183836801e-06
15.9875964353803,1.35900158237909e-07,1.74213043685457e-06
16.0626555735746,1.65036943980878e-07,1.71346106759506e-06
16.1377147117688,2.20403054859897e-07,1.68258997870001e-06
16.2127738499631,1.68311589129671e-07,1.69087916203645e-06
16.2878329881574,2.1766269807205e-07,1.66897154165931e-06
16.3628921263516,3.95523805667512e-07,1.52932014418123e-06
16.4379512645459,2.18809246035999e-07,1.70454543477277e-06
16.5130104027402,2.46548046505964e-07,1.61697109735097e-06
16.5880695409345,3.35327559943419e-07,1.64897679926932e-06
16.6631286791287,4.80286700483739e-07,1.69595127704307e-06
16.738187817323,2.24857382896439e-07,1.56899930356594e-06
16.8132469555173,3.31096372912012e-07,1.63101470157128e-06
16.8883060937116,4.78451537015432e-07,1.8848496982319e-06
16.9633652319058,7.33522584691837e-07,1.43153342343166e-06
17.0384243701001,5.62445104778161e-07,1.62526813825178e-06
17.1134835082944,2.30454532697113e-07,1.3741888461868e-06
17.1885426464887,2.93685282894486e-07,1.64813045089129e-06
17.2636017846829,2.53602762238116e-07,1.58204389517977e-06
17.3386609228772,2.64332255567372e-07,1.50682282597673e-06
17.4137200610715,2.43806837729965e-07,1.54650037436082e-06
17.4887791992658,2.93422235236868e-07,1.5060857111561e-06
17.56383833746,2.28943335960393e-07,1.53734263322263e-06
17.6388974756543,2.72687211124128e-07,1.49860979790938e-06
17.7139566138486,2.10867192422762e-07,1.56311465533044e-06
17.7890157520428,2.28714833701606e-07,1.49697689983446e-06
17.8640748902371,2.95814299188315e-07,1.66915898294354e-06
17.9391340284314,2.51446173481793e-07,1.54893606716867e-06
18.0141931666257,2.17276709513546e-07,1.54529634227985e-06
18.0892523048199,2.65150694549857e-07,1.64575797088172e-06
18.1643114430142,1.94896945488263e-07,1.45750800321474e-06
18.2393705812085,1.39592436217454e-07,1.48300796025902e-06
18.3144297194028,3.51110524277676e-07,1.61442476922113e-06
18.389488857597,3.57312320165147e-07,1.28888619470596e-06
18.4645479957913,2.09113947712573e-07,1.50179075176677e-06
18.5396071339856,3.52623208007997e-07,1.29860100345913e-06
18.6146662721799,2.95374237945981e-08,1.39089019698047e-06
18.6897254103741,1.07448092859848e-07,1.4395324075661e-06
18.7647845485684,4.59827108847729e-07,1.44032325942961e-06
18.8398436867627,3.46683523371964e-07,1.43431224944944e-06
18.914902824957,2.03417253974272e-07,1.52648909375579e-06
18.9899619631512,2.75529811779354e-07,1.32827532075243e-06
19.0650211013455,1.4505069839152e-07,1.231361469512e-06
19.1400802395398,1.53369700449317e-07,1.52893108173131e-06
19.215139377734,4.63977902270355e-07,1.19392788475385e-06
19.2901985159283,2.0338657540045e-07,1.24914118829483e-06
19.3652576541226,2.5181811760897e-07,1.44148786125647e-06
19.4403167923169,4.57354859008084e-07,8.59701072818062e-07
19.5153759305111,4.42861314794356e-07,1.24629879399929e-06
19.5904350687054,5.37745076838111e-07,1.10635220842619e-06
19.6654942068997,1.16897303883917e-07,1.89202494923196e-06
19.740553345094,2.90225944494245e-07,1.49310491862156e-06
19.8156124832882,1.75790798196547e-07,1.51265806657378e-06
19.8906716214825,2.37447972214063e-07,1.31907371284398e-06
19.9657307596768,1.63662416513193e-07,1.35925072237728e-06
20.0407898978711,1.18502616484041e-07,1.48433195836543e-06
20.1158490360653,2.94581846692716e-07,1.12940211850788e-06
20.1909081742596,1.65040251276103e-07,1.10615203842391e-06
20.2659673124539,1.87888229839841e-07,8.96433309393153e-07
20.3410264506482,2.01825545392853e-07,7.93668343680934e-07
20.4160855888424,1.5664067081451e-07,1.24295824024883e-06
20.4911447270367,1.57810922992841e-07,1.23417831947451e-06
20.566203865231,1.93810677881368e-07,5.80581486336392e-07
20.6412630034252,1.64368081066587e-07,1.216510035513e-06
20.7163221416195,1.44962659317989e-07,9.50085341381733e-07
20.7913812798138,3.3368428249256e-07,2.50982468812482e-07
20.8664404180081,7.91892346558534e-07,2.11462141454643e-06
20.9414995562023,3.74861898067731e-07,3.12876550462943e-06
21.0165586943966,2.24539768076747e-07,2.27873449049583e-06
21.0916178325909,1.47521817338755e-07,1.34092817294509e-06
21.1666769707852,1.64439089393977e-07,1.44576173953892e-06
21.2417361089794,1.82372944088172e-07,1.31447528273839e-06
21.3167952471737,1.50989369519995e-07,1.17177292689216e-06
21.391854385368,1.46394696348171e-07,1.31939578973729e-06
21.4669135235623,1.01079773199855e-07,7.73068930663699e-07
21.5419726617565,2.42475773840499e-07,7.40680225136298e-07
21.6170317999508,1.80157109199147e-07,1.05732756052321e-06
21.6920909381451,1.58108362512354e-07,1.352670423496e-06
21.7671500763393,1.59804637756242e-07,1.30073506285421e-06
21.8422092145336,1.5269635076611e-07,9.22898546638721e-07
21.9172683527279,3.37171721726589e-07,1.2635315525743e-06
21.9923274909222,1.92696512936212e-07,1.27566850064823e-06
22.0673866291164,2.72905325155247e-07,4.925227773924e-07
22.1424457673107,5.75742229267333e-07,1.78461421178754e-06
22.217504905505,1.31314976592669e-07,3.17819994928651e-06
22.2925640436993,4.09725381838168e-07,2.45798681633807e-06
22.3676231818935,1.05383792131256e-07,1.36537712142061e-06
22.4426823200878,1.26038773126066e-07,1.58528281374982e-06
22.5177414582821,9.52637272915405e-08,1.48465548180841e-06
22.5928005964764,2.26720632660188e-07,1.1283440487245e-06
22.6678597346706,1.05593115210313e-07,1.63984946891348e-06
22.7429188728649,1.27518516885345e-07,1.31044760796988e-06
22.8179780110592,2.65308659062743e-07,1.09835148167722e-06
22.8930371492534,4.6306127673062e-08,1.35966659082381e-06
22.9680962874477,1.05472179188111e-07,1.41681021111511e-06
23.043155425642,1.44095333771558e-07,1.18609881129525e-06
23.1182145638363,1.21360274546749e-07,1.48420111788544e-06
23.1932737020305,1.17264866588351e-07,1.28570055693165e-06
23.2683328402248,8.14395755635585e-08,1.39933265088483e-06
23.3433919784191,1.65065918537989e-07,1.49558398018053e-06
23.4184511166134,1.13342699822527e-07,1.11940571952354e-06
23.4935102548076,1.08740353596519e-07,1.71684192271894e-06
23.5685693930019,2.44501125500203e-07,1.90654614422541e-06
23.6436285311962,1.6853388244133e-07,1.33615637836427e-06
23.7186876693905,1.17915462909461e-07,1.61437493582073e-06
23.7937468075847,2.95672720651164e-07,1.74374227296304e-06
23.868805945779,1.66781001027674e-07,1.26506046599002e-06
23.9438650839733,1.80943033348903e-07,1.69273740924754e-06
24.0189242221676,3.60063725265432e-07,1.93086018168281e-06
24.0939833603618,1.26133288560667e-07,1.47228813257506e-06
24.1690424985561,3.06447448361137e-07,1.70497367565789e-06
24.2441016367504,3.20974488431876e-07,1.74980967205158e-06
24.3191607749446,2.5955485890324e-07,1.00456174890781e-06
24.3942199131389,2.25380600239246e-07,1.54069926120792e-06
24.4692790513332,4.10362506657086e-07,1.66555865394073e-06
24.5443381895275,2.10165607973378e-07,1.12334140293794e-06
24.6193973277217,3.13496765623193e-07,1.61574497124512e-06
24.694456465916,4.16588242619375e-07,2.1569784311314e-06
24.7695156041103,5.18953622637049e-07,9.45743012325583e-07
24.8445747423046,4.90835064103915e-07,4.39390627575691e-07
24.9196338804988,1.44264703765917e-07,1.34621473676909e-06
24.9946930186931,1.20843166796677e-07,1.66840236070995e-06
25.0697521568874,2.60580242836623e-07,1.49058885891752e-06
25.1448112950817,2.17565641919205e-07,1.32623156588144e-06
25.2198704332759,1.31013172907752e-07,1.361737603162e-06
25.2949295714702,2.02266131290684e-07,1.40136244414303e-06
25.3699887096645,2.5632699998604e-07,1.39718072393699e-06
25.4450478478588,2.10954288766716e-07,1.18015356250641e-06
25.520106986053,3.79167313778508e-07,1.43116933380124e-06
25.5951661242473,6.82690509310998e-08,1.0025775435664e-06
25.6702252624416,1.4222019650712e-07,1.07486857240517e-06
25.7452844006359,3.18698369510217e-07,1.61166170385994e-06
25.8203435388301,2.41172115071829e-07,9.77890023425829e-07
25.8954026770244,1.25130008020083e-07,1.11358920940696e-06
25.9704618152187,3.7962769658978e-07,1.66183559386661e-06
26.0455209534129,2.11048915968932e-07,1.25765819871189e-06
26.1205800916072,2.84018071081354e-07,3.42036489067864e-07
26.1956392298015,1.57541779731781e-07,8.06804763584906e-07
26.2706983679958,2.06979003146864e-07,1.45338076075853e-06
26.34575750619,1.55334502995588e-07,1.12891672099818e-06
26.4208166443843,1.50718247072432e-07,1.12837235912051e-06
26.4958757825786,1.58941390890918e-07,1.15204680424935e-06
26.5709349207729,1.50450833606217e-07,1.08991815399493e-06
26.6459940589671,2.06511115820318e-07,1.28212688163e-06
26.7210531971614,1.705467615049e-07,1.20980778986995e-06
26.7961123353557,1.38019519872218e-07,1.06627346794568e-06
26.87117147355,1.92185086304753e-07,9.57629761378834e-07
26.9462306117442,1.05546017207745e-07,9.17292150913857e-07
27.0212897499385,1.44093051382331e-07,1.09960031801043e-06
27.0963488881328,2.04924157335372e-07,1.14379769649462e-06
27.1714080263271,8.32899323890876e-08,8.74389139000532e-07
27.2464671645213,1.3360469725204e-07,1.15428349834998e-06
27.3215263027156,3.08322514271272e-07,1.2832328864586e-06
27.3965854409099,5.66950839523512e-08,2.92509690057498e-07
27.4716445791041,8.54136901098568e-08,5.79606109717704e-07
27.5467037172984,1.49784980690221e-07,1.13203463512627e-06
27.6217628554927,1.40656926780564e-07,1.02362860941055e-06
27.696821993687,1.1030502633531e-07,9.29937145938605e-07
27.7718811318812,1.61931631111532e-07,1.08146041667594e-06
27.8469402700755,9.55530636707244e-08,9.83175645838632e-07
27.9219994082698,1.35536988342677e-07,8.95875044214967e-07
27.9970585464641,1.46306172659859e-07,1.1153050451699e-06
28.0721176846583,1.30310170607188e-07,9.32148614855691e-07
28.1471768228526,1.04360203811508e-07,8.28083350239192e-07
28.2222359610469,1.13434494269574e-07,9.39131460298863e-07
28.2972950992412,8.60172697038983e-08,9.08227793864174e-07
28.3723542374354,1.37671571927194e-07,9.50719250843867e-07
28.4474133756297,1.12978734099702e-07,8.96429598623752e-07
28.522472513824,1.29661578294943e-07,9.81013232147857e-07
28.5975316520182,1.22023131368955e-07,9.45925704076304e-07
28.6725907902125,9.39181034770983e-08,9.00215002823653e-07
28.7476499284068,1.08814680852421e-07,8.46124724930004e-07
28.8227090666011,1.34446965744736e-07,9.11129615738174e-07
28.8977682047953,1.19092383408061e-07,9.23613453271943e-07
28.9728273429896,1.23449078073684e-07,8.71527397885818e-07
29.0478864811839,1.23130325174593e-07,9.26115311387426e-07
29.1229456193782,1.04083324426046e-07,9.14107763362818e-07
29.1980047575724,1.31413129656348e-07,8.61008780270009e-07
29.2730638957667,1.21559992056007e-07,8.41854571156606e-07
29.348123033961,1.00948079692078e-07,8.58765689748759e-07
29.4231821721553,1.4846112981649e-07,8.11252499216051e-07
29.4982413103495,1.32622857795944e-07,9.61722862843981e-07
29.5733004485438,1.11783480119185e-07,9.21945735987417e-07
29.6483595867381,1.63480014920231e-07,8.47097398625444e-07
29.7234187249323,1.06633646514239e-07,8.82012711094076e-07
29.7984778631266,1.07652890497425e-07,9.00812083756634e-07
29.8735370013209,1.78223545020972e-07,7.67613943145194e-07
29.9485961395152,1.74296558305852e-07,9.74058020180709e-07
30.0236552777094,1.3228273653207e-07,1.10875644424172e-06
30.0987144159037,8.97312930579995e-08,1.08379993510362e-06
30.173773554098,1.46578306781988e-07,9.0958137862573e-07
30.2488326922923,1.01433470155151e-07,8.6454639913756e-07
30.3238918304865,1.32825173646791e-07,8.71259409899935e-07
30.3989509686808,1.23144773026698e-07,8.87902599248424e-07
30.4740101068751,1.05841354270688e-07,8.59311705655761e-07
30.5490692450694,1.42415093791093e-07,7.95610501219999e-07
30.6241283832636,1.24699197850992e-07,7.98117600271639e-07
30.6991875214579,1.33766213597968e-07,8.27505562054355e-07
30.7742466596522,1.56097779437003e-07,8.5961992868105e-07
30.8493057978465,1.30541317060293e-07,9.65862380561984e-07
30.9243649360407,1.10334457367635e-07,8.71700536913033e-07
30.999424074235,1.5753815167893e-07,7.76907133994679e-07
31.0744832124293,1.3158713420696e-07,9.36520787671845e-07
31.1495423506235,1.14380280819748e-07,8.35146003476199e-07
31.2246014888178,1.82498469257237e-07,6.74415510335695e-07
31.2996606270121,9.41560788908013e-08,1.21230255914446e-06
31.3747197652064,1.63057085324556e-07,1.21541192592349e-06
31.4497789034006,7.38880386346283e-08,9.8764565176258e-07
31.5248380415949,1.25611330351381e-07,8.48130016607835e-07
31.5998971797892,1.12322186886152e-07,8.8787588335688e-07
31.6749563179835,1.32043709496325e-07,8.71670213698325e-07
31.7500154561777,1.2192311477176e-07,8.74119009175756e-07
31.825074594372,1.15378182113416e-07,8.8480997681609e-07
31.9001337325663,1.31383020145532e-07,8.15516118314711e-07
31.9751928707606,1.25813902380568e-07,8.19408641616129e-07
32.0502520089548,1.335093391259e-07,8.42302160662248e-07
32.1253111471491,1.21512650155409e-07,9.03905998317454e-07
32.2003702853434,1.16004150394006e-07,8.93596026794254e-07
32.2754294235377,1.24837070373111e-07,8.28070517501911e-07
32.3504885617319,1.23348452505763e-07,8.6549245664702e-07
32.4255476999262,1.10616309789756e-07,8.94287325382157e-07
32.5006068381205,1.26507665968433e-07,7.51722766216838e-07
32.5756659763148,1.06167521139488e-07,9.27012386224074e-07
32.650725114509,1.54100809236859e-07,1.10644664532006e-06
32.7257842527033,7.91069410446431e-08,9.92159896845321e-07
32.8008433908976,1.09564733749178e-07,8.7155193101556e-07
32.8759025290918,1.11510359218121e-07,8.94706840147834e-07
32.9509616672861,1.24009325742759e-07,8.90927370509523e-07
33.0260208054804,1.03770729984014e-07,8.49835754396652e-07
33.1010799436747,1.23732754281042e-07,8.9688734405651e-07
33.1761390818689,1.11673204893341e-07,8.78146808563014e-07
33.2511982200632,1.25329472656794e-07,8.51380672543604e-07
33.3262573582575,1.10126476306965e-07,8.80739643362898e-07
33.4013164964518,1.0855057192108e-07,8.77809708131266e-07
33.476375634646,1.04500870525724e-07,8.6048241842452e-07
33.5514347728403,1.16042809226992e-07,8.68338905467219e-07
33.6264939110346,1.13242179328559e-07,8.6120874158752e-07
33.7015530492288,1.10301502298003e-07,8.60159030996495e-07
33.7766121874231,1.15895792306993e-07,8.76356758711543e-07
33.8516713256174,1.07769729739042e-07,8.48544982707741e-07
33.9267304638117,1.1831472440066e-07,8.68721800363092e-07
34.001789602006,9.10680268517482e-08,8.78159162645788e-07
34.0768487402002,1.1633793080254e-07,8.49940758490982e-07
34.1519078783945,1.109850042822e-07,8.63314900985471e-07
34.2269670165888,1.0660212061016e-07,8.7871278426854e-07
34.302026154783,1.1226683200128e-07,8.43886720197394e-07
34.3770852929773,1.10851171471261e-07,8.48517670748451e-07
34.4521444311716,1.05492043668179e-07,8.90309697288289e-07
34.5272035693659,1.14100741328455e-07,8.68059648414137e-07
34.6022627075601,1.17118044346262e-07,8.8431925086009e-07
34.6773218457544,1.10617710617171e-07,8.89593290089984e-07
34.7523809839487,1.07277265269673e-07,8.28904250356291e-07
34.827440122143,1.15041794377963e-07,8.41795253024834e-07
34.9024992603372,1.09850615397816e-07,8.7307308037137e-07
34.9775583985315,1.09262950643282e-07,8.40358513185857e-07
35.0526175367258,1.21155600409196e-07,8.42497052955936e-07
35.1276766749201,1.13428204992882e-07,9.00805618067134e-07
35.2027358131143,1.11000809913929e-07,8.66545318067947e-07
35.2777949513086,1.06738096450945e-07,7.79074264527133e-07
35.3528540895029,9.70977310506795e-08,7.79476150205436e-07
35.4279132276971,1.18798976885054e-07,8.03422436650867e-07
35.5029723658914,1.12114406070386e-07,8.23559585517338e-07
35.5780315040857,1.06311642386016e-07,8.29675100654808e-07
35.65309064228,1.06198693830601e-07,8.14620819375242e-07
35.7281497804742,1.06146125169991e-07,8.47025520977076e-07
35.8032089186685,1.33915158252357e-07,8.62717966008919e-07
35.8782680568628,1.34140463218392e-07,8.51995588447822e-07
35.9533271950571,6.36934515228215e-08,8.62363913915144e-07
36.0283863332513,1.27638832256251e-07,8.4116487232378e-07
36.1034454714456,1.00985691286106e-07,8.01081208190535e-07
36.1785046096399,1.25345504402775e-07,8.40271892070917e-07
36.2535637478342,1.34873576281033e-07,8.48395197556068e-07
36.3286228860284,1.09154813466141e-07,8.07185850537135e-07
36.4036820242227,8.67707696722679e-08,8.43384923864143e-07
36.478741162417,1.33633272625335e-07,8.58485327510871e-07
36.5538003006113,1.48316665787978e-07,8.25282866889815e-07
36.6288594388055,1.00566383511697e-07,7.8116558875711e-07
36.7039185769998,8.32834616461497e-08,7.64032843449905e-07
36.7789777151941,1.18780339786643e-07,7.81085288077783e-07
36.8540368533883,1.10200591937852e-07,7.84562258314346e-07
36.9290959915826,1.05565385695372e-07,7.95437764070473e-07
37.0041551297769,1.09676472716748e-07,7.88709060365641e-07
37.0792142679712,9.8312090701966e-08,7.87778849386453e-07
37.1542734061654,1.15753824856037e-07,8.1068662398233e-07
37.2293325443597,1.07304752047461e-07,8.31259774171367e-07
37.304391682554,1.02000243642842e-07,8.33126676991523e-07
37.3794508207483,1.03131938753082e-07,8.08336669573724e-07
37.4545099589425,1.0862096822221e-07,7.83417623714233e-07
37.5295690971368,9.73681286354247e-08,8.20808989632647e-07
37.6046282353311,1.0486625532314e-07,8.18426655367906e-07
37.6796873735253,1.07797443182264e-07,7.79510838676821e-07
37.7547465117196,9.41389373976925e-08,8.64682938987803e-07
37.8298056499139,1.13492674811614e-07,8.98212066174104e-07
37.9048647881082,8.36878889025278e-08,7.81388811976972e-07
37.9799239263024,1.04907883225467e-07,7.34307446315525e-07
38.0549830644967,1.02105490585318e-07,7.74858362818989e-07
38.130042202691,1.02040085252786e-07,7.68840711155285e-07
38.2051013408853,9.88958774205552e-08,7.71119684930802e-07
38.2801604790795,1.02249387682954e-07,7.9556869197059e-07
38.3552196172738,1.00636817424506e-07,7.68059787115978e-07
38.4302787554681,9.66705120852773e-08,7.6635796186566e-07
38.5053378936624,1.0883415489152e-07,7.91332157520373e-07
38.5803970318566,9.27857114338406e-08,7.90794900918711e-07
38.6554561700509,9.8854492921034e-08,7.85086494148761e-07
38.7305153082452,9.47660331057908e-08,7.91917312675405e-07
38.8055744464395,9.67239698041431e-08,7.7700012393679e-07
38.8806335846337,1.05133610857574e-07,7.88448347046189e-07
38.955692722828,1.01380410963255e-07,7.77401302351358e-07
39.0307518610223,9.65964908639492e-08,7.66355534853862e-07
39.1058109992166,8.87541596981887e-08,7.98445940689869e-07
39.1808701374108,8.92742908646957e-08,7.97821794265219e-07
39.2559292756051,1.11833695646872e-07,7.58927110423759e-07
39.3309884137994,1.09667604371222e-07,7.74289451896683e-07
39.4060475519936,9.26216107242813e-08,7.68552640743961e-07
39.4811066901879,9.53203784952847e-08,7.44494742095416e-07
39.5561658283822,8.84714383589769e-08,7.73026597509988e-07
39.6312249665765,9.34857389288201e-08,7.70280200055614e-07
39.7062841047707,1.11308721615367e-07,7.42825080187588e-07
39.781343242965,1.09240643732236e-07,7.5454159600274e-07
39.8564023811593,9.08528800462105e-08,7.50314185737129e-07
39.9314615193536,9.80053939273873e-08,7.21577113932698e-07
40.0065206575478,9.93562828118365e-08,7.56908544480842e-07
40.0815797957421,8.66704957367073e-08,7.72746277275092e-07
40.1566389339364,1.05523869434888e-07,7.23022399575013e-07
40.2316980721307,9.85231905030197e-08,7.53423868212833e-07
40.3067572103249,9.41180898039168e-08,7.53013509791082e-07
40.3818163485192,1.09706219138787e-07,6.74775899834554e-07
40.4568754867135,8.81787306030295e-08,7.0171007961805e-07
40.5319346249077,9.98593020988477e-08,7.77856633579239e-07
40.606993763102,8.93962190530134e-08,7.8766300937382e-07
40.6820529012963,1.02284945568736e-07,7.71236971194569e-07
40.7571120394906,9.39812526830004e-08,7.42173994983776e-07
40.8321711776848,9.63626463068009e-08,7.41974146851193e-07
40.9072303158791,1.01412803386413e-07,7.64104835968566e-07
40.9822894540734,9.19084087975746e-08,7.42095222680544e-07
41.0573485922677,1.01508238318166e-07,7.22503974718354e-07
41.1324077304619,9.71088005722889e-08,7.06487236537258e-07
41.2074668686562,9.74691089126096e-08,6.63032687403893e-07
41.2825260068505,9.48483356803067e-08,7.03529080415168e-07
41.3575851450448,9.89547203647957e-08,7.52297314521773e-07
41.432644283239,9.26539197012166e-08,6.8773278699299e-07
41.5077034214333,9.90996201310507e-08,6.89374587301346e-07
41.5827625596276,9.80269054869845e-08,7.3443467822285e-07
41.6578216978219,1.02211713578569e-07,6.47818099203651e-07
41.7328808360161,7.77164432887377e-08,6.30489234387288e-07
41.8079399742104,1.16349003214518e-07,7.11233666517557e-07
41.8829991124047,8.70534774219822e-08,7.89501033158325e-07
41.9580582505989,9.04839118694787e-08,7.54233253404864e-07
42.0331173887932,1.05629500386651e-07,7.32506016870849e-07
42.1081765269875,1.00306865064782e-07,7.18253168884041e-07
42.1832356651818,9.24963929637101e-08,7.12532582318041e-07
42.258294803376,8.3609167091028e-08,7.21601895931534e-07
42.3333539415703,9.10008006750601e-08,7.05909211733637e-07
42.4084130797646,1.24939748797845e-07,6.80160644958834e-07
42.4834722179589,9.05272508957456e-08,6.57063033896855e-07
42.5585313561531,7.94708733653917e-08,6.73310937275998e-07
42.6335904943474,9.76466836293193e-08,7.11385188097148e-07
42.7086496325417,8.05460707148216e-08,6.89893347964057e-07
42.783708770736,1.1303518268475e-07,6.69216501915105e-07
42.8587679089302,9.42697555610013e-08,7.03782469059321e-07
42.9338270471245,1.13466240017461e-07,6.81235781422861e-07
43.0088861853188,7.12205998791836e-08,6.41369728784091e-07
43.0839453235131,8.43526951734945e-08,6.77943424572838e-07
43.1590044617073,1.19465656531424e-07,7.30354563537212e-07
43.2340635999016,8.62076033682484e-08,7.18508397141207e-07
43.3091227380959,9.32719667927105e-08,7.02513083268077e-07
43.3841818762901,9.18463014355511e-08,7.09396298121541e-07
43.4592410144844,9.47425647331697e-08,6.90407183906857e-07
43.5343001526787,9.21496112281264e-08,6.90565400634831e-07
43.609359290873,9.36368182783869e-08,7.07371932424126e-07
43.6844184290672,9.02052098716406e-08,6.83542677888805e-07
43.7594775672615,9.25165159486419e-08,6.7248190891814e-07
43.8345367054558,9.18905599321863e-08,6.81621214926422e-07
43.9095958436501,9.31607536638338e-08,6.81314763346038e-07
43.9846549818443,9.19568384336349e-08,6.85442814902137e-07
44.0597141200386,9.14821765998342e-08,6.80809837445261e-07
44.1347732582329,9.23245317566573e-08,6.78575414881704e-07
44.2098323964272,9.10409317175097e-08,6.88331949311576e-07
44.2848915346214,9.02092515596361e-08,6.739155703827e-07
44.3599506728157,9.55207904197104e-08,6.68391639510856e-07
44.43500981101,8.83454928323453e-08,6.84870519053575e-07
44.5100689492043,9.03229983714409e-08,6.85895413723695e-07
44.5851280873985,9.06261470571373e-08,6.74968533456553e-07
44.6601872255928,9.16303720254519e-08,6.92467979361858e-07
44.7352463637871,9.03329070286472e-08,6.807208413435e-07
44.8103055019813,9.20139975070157e-08,6.7702683030559e-07
44.8853646401756,8.30031162172157e-08,6.91123327985041e-07
44.9604237783699,9.17073070767485e-08,6.86287679466161e-07
45.0354829165642,9.7108045013414e-08,6.81161480798875e-07
45.1105420547584,8.25766018591192e-08,6.93100334507169e-07
45.1856011929527,9.28221358807575e-08,6.81671175002306e-07
45.260660331147,8.37513796517518e-08,6.65920546969698e-07
45.3357194693413,9.14438845816422e-08,6.87404379777911e-07
45.4107786075355,8.75723692528401e-08,6.80521033430819e-07
45.4858377457298,9.93096282188636e-08,6.72366184219918e-07
45.5608968839241,7.7379709452159e-08,6.92506406243898e-07
45.6359560221184,9.08076809695714e-08,6.89234693597441e-07
45.7110151603126,9.64241282232492e-08,6.62937578285479e-07
45.7860742985069,7.67913535100475e-08,6.53337140518651e-07
45.8611334367012,8.96946185842323e-08,6.63291376017903e-07
45.9361925748955,1.00605067688963e-07,6.74774763681268e-07
46.0112517130897,8.77729899631716e-08,6.76291787726547e-07
46.086310851284,8.84115798628434e-08,6.69883981659708e-07
46.1613699894783,7.9359878040537e-08,6.74223796448306e-07
46.2364291276725,8.13652690456469e-08,6.77840306417014e-07
46.3114882658668,9.64664372796429e-08,6.75862227158535e-07
46.3865474040611,9.35165798661914e-08,6.76347592152434e-07
46.4616065422554,8.21557150443378e-08,6.75252996259495e-07
46.5366656804496,8.90851934185602e-08,6.6534767458997e-07
46.6117248186439,8.55769273280159e-08,6.62725191169004e-07
46.6867839568382,8.40751413725207e-08,6.7346563607638e-07
46.7618430950325,8.74923969449616e-08,6.64747359369143e-07
46.8369022332267,8.35467984368416e-08,6.61741448491386e-07
46.911961371421,9.46198574391904e-08,6.87416448824764e-07
46.9870205096153,8.13160398108139e-08,6.83017030437307e-07
47.0620796478096,8.99490011486651e-08,6.49225691133809e-07
47.1371387860038,8.81564366888035e-08,6.41985167736471e-07
47.2121979241981,8.82525727360804e-08,6.53848702353882e-07
47.2872570623924,8.50337837900044e-08,6.59046584601609e-07
47.3623162005866,8.48490056718093e-08,6.61815135252957e-07
47.4373753387809,8.75108781222152e-08,6.59397038389424e-07
47.5124344769752,8.82217528127337e-08,6.60212705306341e-07
47.5874936151695,8.30889803551059e-08,6.57768745261752e-07
47.6625527533637,8.31803982270669e-08,6.60304719075872e-07
47.737611891558,8.94375978083614e-08,6.69895735675534e-07
47.8126710297523,8.58383642202943e-08,6.60754457912647e-07
47.8877301679466,8.9014150977696e-08,6.52284855463826e-07
47.9627893061408,7.822170678811e-08,6.6298973212068e-07
48.0378484443351,9.04523238780097e-08,6.57078130325615e-07
48.1129075825294,8.52443553180555e-08,6.52306266462506e-07
48.1879667207237,9.13874760716049e-08,6.58938584966373e-07
48.2630258589179,7.82539764651478e-08,6.66186289330897e-07
48.3380849971122,8.89883163556733e-08,6.52135248518639e-07
48.4131441353065,9.15370482711807e-08,6.41578688990356e-07
48.4882032735008,8.28520974407133e-08,6.47078877098058e-07
48.563262411695,8.47976043557847e-08,6.46891496607603e-07
48.6383215498893,8.67867824741794e-08,6.47535472338822e-07
48.7133806880836,8.50990904393087e-08,6.49668413657512e-07
48.7884398262779,8.62427444040974e-08,6.45523056287274e-07
48.8634989644721,7.99989697373383e-08,6.44828427912931e-07
48.9385581026664,8.70419279729181e-08,6.49176877976188e-07
49.0136172408607,8.71749248773767e-08,6.49110373487587e-07
49.0886763790549,8.56745298472771e-08,6.4687059531204e-07
49.1637355172492,8.37781162696816e-08,6.44549752523982e-07
49.2387946554435,8.39051527667455e-08,6.43997528931802e-07
49.3138537936378,8.26195422429834e-08,6.44747528831994e-07
49.388912931832,8.62066895689275e-08,6.41537768025579e-07
49.4639720700263,8.45139811801804e-08,6.41765480309569e-07
49.5390312082206,8.7775451640281e-08,6.44483116199419e-07
49.6140903464149,8.40301022472292e-08,6.40881744481314e-07
49.6891494846091,8.28844798654483e-08,6.37310058378427e-07
49.7642086228034,8.31001410180736e-08,6.37490164029532e-07
49.8392677609977,8.30806171359974e-08,6.37352512505593e-07
49.9143268991919,8.43045905205367e-08,6.35982075651273e-07
49.9893860373862,8.41017534759463e-08,6.36252728908667e-07
50.0644451755805,8.65767479799476e-08,6.38799221444358e-07
50.1395043137748,8.29651300653283e-08,6.36134690152768e-07
50.214563451969,8.34827069673479e-08,6.3635276918439e-07
50.2896225901633,8.0918423513514e-08,6.36005015178713e-07
50.3646817283576,8.49187287857349e-08,6.27113831032451e-07
50.4397408665519,8.11352533518082e-08,6.35992702685689e-07
50.5148000047461,8.57771292186494e-08,6.33981137629903e-07
50.5898591429404,8.18633472876485e-08,6.27498508578653e-07
50.6649182811347,8.39199812697879e-08,6.3049313803293e-07
50.739977419329,7.97570620163289e-08,6.27921854370979e-07
50.8150365575232,8.63448878971101e-08,6.28948243641996e-07
50.8900956957175,7.875966225112e-08,6.24439115887112e-07
50.9651548339118,8.5230812880044e-08,6.27548384676417e-07
51.0402139721061,8.30891671678464e-08,6.31901896470878e-07
51.1152731103003,8.03320616150112e-08,6.30182593949029e-07
51.1903322484946,8.2571833654654e-08,6.25539535113767e-07
51.2653913866889,8.3136893061156e-08,6.255191723415e-07
51.3404505248831,8.44052211037629e-08,6.25858877076525e-07
51.4155096630774,7.96315709034485e-08,6.23831898850287e-07
51.4905688012717,8.04966180763856e-08,6.23073693810528e-07
51.565627939466,8.29515146033636e-08,6.21107690067598e-07
51.6406870776602,8.37572585388045e-08,6.17374128164495e-07
51.7157462158545,7.94064833026901e-08,6.19146077623791e-07
51.7908053540488,8.39788225559261e-08,6.22726999628887e-07
51.8658644922431,7.86375742073009e-08,6.18930671498052e-07
51.9409236304373,8.27750517108556e-08,6.17430883818462e-07
52.0159827686316,8.04899224294313e-08,6.20098614153344e-07
52.0910419068259,8.51385752292123e-08,6.16809770743162e-07
52.1661010450202,7.75846732092639e-08,6.11945797730722e-07
52.2411601832144,8.112861079588e-08,6.15661729620472e-07
52.3162193214087,8.46363341124453e-08,6.20436106764189e-07
52.391278459603,8.00306066664575e-08,6.19188830849907e-07
52.4663375977972,7.96993495060257e-08,6.16996280322593e-07
52.5413967359915,8.11681219545461e-08,6.15862607420647e-07
52.6164558741858,8.18089991862135e-08,6.15031981821177e-07
52.6915150123801,8.27193329023566e-08,6.14812442625556e-07
52.7665741505744,8.15107003125291e-08,6.13186563072376e-07
52.8416332887686,7.7712895081259e-08,6.1066159728273e-07
52.9166924269629,7.81415348821907e-08,6.09429312591555e-07
52.9917515651572,8.37817974918118e-08,6.11854172465302e-07
53.0668107033514,7.9931008957428e-08,6.1174979551867e-07
53.1418698415457,8.25652107509282e-08,6.10728818412029e-07
53.21692897974,8.1126305528082e-08,6.13066734053201e-07
53.2919881179343,7.93881581279496e-08,6.0943806778749e-07
53.3670472561285,7.79306290684297e-08,6.14697626887337e-07
53.4421063943228,7.72878434796689e-08,6.08026503037226e-07
53.5171655325171,8.95041123335071e-08,5.93132707179235e-07
53.5922246707114,7.48153082797259e-08,6.10615383631628e-07
53.6672838089056,8.0871579377319e-08,6.13453254621382e-07
53.7423429470999,8.09838331224955e-08,6.07965692519355e-07
53.8174020852942,8.00665588173711e-08,6.06942199018377e-07
53.8924612234884,7.81806298880654e-08,6.04665398338152e-07
53.9675203616827,8.03154024750717e-08,6.05844313326182e-07
54.042579499877,8.02384591456379e-08,6.05978558633185e-07
54.1176386380713,8.08560544176299e-08,6.05892619562235e-07
54.1926977762655,7.77889637431318e-08,6.03708818534261e-07
54.2677569144598,7.93786967422674e-08,6.0298304034902e-07
54.3428160526541,8.00689258831962e-08,6.027405764016e-07
54.4178751908484,7.95963171813551e-08,6.02582012019605e-07
54.4929343290426,7.97118913638417e-08,6.02140961706672e-07
54.5679934672369,7.86615887484764e-08,6.01472006602606e-07
54.6430526054312,7.91371583695003e-08,6.01394779127513e-07
54.7181117436255,7.88126104562931e-08,6.00366902012481e-07
54.7931708818197,8.03109247015526e-08,5.99515226486372e-07
54.868230020014,7.85659407379473e-08,6.00236795947087e-07
54.9432891582083,7.90650186111628e-08,6.0020913758716e-07
55.0183482964026,7.84155757752654e-08,5.99117039107494e-07
55.0934074345968,7.90858892355821e-08,5.99163655818095e-07
55.1684665727911,7.85976766087738e-08,5.98521751068864e-07
55.2435257109854,7.94719857548668e-08,5.97288435460988e-07
55.3185848491797,7.85003436503127e-08,5.97730908241267e-07
55.3936439873739,7.84793354421654e-08,5.97402085035704e-07
55.4687031255682,7.80594851641675e-08,5.963841880784e-07
55.5437622637625,7.901806789613e-08,5.97040373125932e-07
55.6188214019567,7.78752973531972e-08,5.96491883544025e-07
55.693880540151,7.88610673293639e-08,5.94188906504973e-07
55.7689396783453,7.85324495787626e-08,5.94809446981584e-07
55.8439988165396,7.83217779618067e-08,5.95090751802924e-07
55.9190579547338,7.78171173751492e-08,5.92869780682959e-07
55.9941170929281,7.77680735095983e-08,5.94551380397699e-07
56.0691762311224,7.91717141287953e-08,5.94768218804287e-07
56.1442353693167,7.60401879817289e-08,5.90994725180671e-07
56.2192945075109,7.84951986314458e-08,5.90746191121162e-07
56.2943536457052,8.07887873630406e-08,5.93138812309834e-07
56.3694127838995,7.71767113764011e-08,5.9376243037371e-07
56.4444719220938,7.628883695314e-08,5.91551416279938e-07
56.519531060288,7.59382840530551e-08,5.91536867415591e-07
56.5945901984823,7.79297469976328e-08,5.88686240382371e-07
56.6696493366766,8.11713199592645e-08,5.86278397243081e-07
56.7447084748709,7.86255059848457e-08,5.86650242834406e-07
56.8197676130651,7.33449472271953e-08,5.90875133708457e-07
56.8948267512594,7.90663211620321e-08,5.93198428173832e-07
56.9698858894537,7.68907406372813e-08,5.85796488982749e-07
57.0449450276479,7.77560667057972e-08,5.88012790665829e-07
57.1200041658422,7.78911727333566e-08,5.89410982417437e-07
57.1950633040365,7.73757883371067e-08,5.86306582679659e-07
57.2701224422308,7.62798359897476e-08,5.87715927872138e-07
57.345181580425,7.6874875925629e-08,5.86832744934759e-07
57.4202407186193,7.90057112729299e-08,5.85453232421498e-07
57.4952998568136,7.49747870334565e-08,5.84757737641724e-07
57.5703589950079,7.77076762959248e-08,5.84131355986327e-07
57.6454181332021,7.77021257784477e-08,5.84030363886393e-07
57.7204772713964,7.65691593806339e-08,5.83832401533502e-07
57.7955364095907,7.64353924811083e-08,5.83756139941365e-07
57.870595547785,7.65289523901753e-08,5.8321485890975e-07
57.9456546859792,7.7025674125775e-08,5.82968236295729e-07
58.0207138241735,7.73136919574072e-08,5.83276541895922e-07
58.0957729623678,7.62155175436756e-08,5.83394105099465e-07
58.1708321005621,7.60993039187673e-08,5.82736559457118e-07
58.2458912387563,7.69269140002686e-08,5.81317100558782e-07
58.3209503769506,7.62123618396022e-08,5.80749962259509e-07
58.3960095151449,7.68811843687855e-08,5.81245867523413e-07
58.4710686533391,7.62505096668395e-08,5.80568083542164e-07
58.5461277915334,7.65473837096447e-08,5.79822137009888e-07
58.6211869297277,7.54689247043207e-08,5.8053569262429e-07
58.696246067922,7.66036342603731e-08,5.79419730289974e-07
58.7713052061162,7.6995991450948e-08,5.77832671170088e-07
58.8463643443105,7.5186081286736e-08,5.78128660372958e-07
58.9214234825048,7.63526925018913e-08,5.78063248844814e-07
58.9964826206991,7.64353848107616e-08,5.77616678721397e-07
59.0715417588933,7.59843141371334e-08,5.77216457055948e-07
59.1466008970876,7.54901653961914e-08,5.77165793240908e-07
59.2216600352819,7.55701314995654e-08,5.76408585085715e-07
59.2967191734762,7.57486359604561e-08,5.76829829036986e-07
59.3717783116704,7.75091395084735e-08,5.77782168676124e-07
59.4468374498647,7.54850875343223e-08,5.76323625693692e-07
59.521896588059,7.45056498692345e-08,5.74886059239712e-07
59.5969557262532,7.56659398743586e-08,5.7425400923165e-07
59.6720148644475,7.52008135948929e-08,5.74619567820798e-07
59.7470740026418,7.67776141604969e-08,5.73038085364258e-07
59.8221331408361,7.59084216061542e-08,5.73517418136235e-07
59.8971922790303,7.58962401067151e-08,5.73167725396353e-07
59.9722514172246,7.38307355606236e-08,5.73120544879067e-07
60.0473105554189,7.52849381693886e-08,5.74335996575097e-07
60.1223696936132,7.5872499247101e-08,5.72354753045437e-07
60.1974288318074,7.55806575123696e-08,5.72616355921985e-07
60.2724879700017,7.56035542180519e-08,5.7217258833006e-07
60.347547108196,7.52130944631662e-08,5.71537763308513e-07
60.4226062463903,7.47514238353879e-08,5.71682827846065e-07
60.4976653845845,7.48566566258169e-08,5.70420567010787e-07
60.5727245227788,7.5316136214835e-08,5.70396071098963e-07
60.6477836609731,7.54039800573262e-08,5.70074815211276e-07
60.7228427991674,7.48522383290479e-08,5.6977188333118e-07
60.7979019373616,7.50614182070551e-08,5.69833748288241e-07
60.8729610755559,7.48590864774924e-08,5.69209746414842e-07
60.9480202137502,7.46404022684718e-08,5.68941719122823e-07
61.0230793519444,7.49733750333033e-08,5.68680339121361e-07
61.0981384901387,7.48824105886402e-08,5.68429559116215e-07
61.173197628333,7.49769738539433e-08,5.680666137457e-07
61.2482567665273,7.43263868424671e-08,5.67669380409492e-07
61.3233159047215,7.5177936940427e-08,5.67533223669066e-07
61.3983750429158,7.42801292770256e-08,5.67224287822272e-07
61.4734341811101,7.41811785397713e-08,5.66812872281256e-07
61.5484933193044,7.51062891325312e-08,5.66470651115921e-07
61.6235524574986,7.47795620992539e-08,5.66203986731758e-07
61.6986115956929,7.4415468647651e-08,5.65923583165399e-07
61.7736707338872,7.40328924439917e-08,5.65610470988948e-07
61.8487298720815,7.40471377914685e-08,5.65070866336094e-07
61.9237890102757,7.48685596444085e-08,5.64687682187042e-07
61.99884814847,7.49364156692003e-08,5.64427442651365e-07
62.0739072866643,7.34331922779268e-08,5.64872547246642e-07
62.1489664248586,7.46893946468686e-08,5.64381276850131e-07
62.2240255630528,7.38320420831579e-08,5.63393404671842e-07
62.2990847012471,7.41672342592859e-08,5.64157820043315e-07
62.3741438394414,7.42770672943722e-08,5.63140756242192e-07
62.4492029776356,7.47169589368311e-08,5.63486630183934e-07
62.5242621158299,7.35080736497089e-08,5.62364500908843e-07
62.5993212540242,7.32736924547435e-08,5.6130605355221e-07
62.6743803922185,7.61763907881394e-08,5.63792669984133e-07
62.7494395304127,7.18289586269865e-08,5.62375414676823e-07
62.824498668607,7.37813440979264e-08,5.60419987072683e-07
62.8995578068013,7.53910959320746e-08,5.60305919816739e-07
62.9746169449956,7.40112556423553e-08,5.60927174659661e-07
63.0496760831898,7.33966410974435e-08,5.60854142608917e-07
63.1247352213841,7.25429403019979e-08,5.60939849842484e-07
63.1997943595784,7.36671313503253e-08,5.61370954188527e-07
63.2748534977727,7.52337475218397e-08,5.60641694901476e-07
63.3499126359669,7.39297031202939e-08,5.59391492671857e-07
63.4249717741612,7.24261671262871e-08,5.58641086556074e-07
63.5000309123555,7.42692489449843e-08,5.59484878384628e-07
63.5750900505498,7.26796527519364e-08,5.58827774236918e-07
63.650149188744,7.39926596468298e-08,5.58129522081559e-07
63.7252083269383,7.34513828608979e-08,5.58573350708532e-07
63.8002674651326,7.41636506681521e-08,5.57687779289604e-07
63.8753266033268,7.29459793094611e-08,5.58105632555515e-07
63.9503857415211,7.27763240901746e-08,5.58267526523646e-07
64.0254448797154,7.42704163437468e-08,5.57088949625782e-07
64.1005040179097,7.28338757823696e-08,5.5694068210043e-07
64.1755631561039,7.31977552374671e-08,5.56905058445819e-07
64.2506222942982,7.34560918145309e-08,5.56701340756619e-07
64.3256814324925,7.34418393607859e-08,5.56446433233523e-07
64.4007405706868,7.3123237778924e-08,5.56140070694817e-07
64.475799708881,7.28722211553994e-08,5.55890388247946e-07
64.5508588470753,7.29374390626448e-08,5.55654701065105e-07
64.6259179852696,7.34823607459865e-08,5.55436905973228e-07
64.7009771234639,7.3219566766025e-08,5.55181622321599e-07
64.7760362616581,7.27950342422874e-08,5.54888833577137e-07
64.8510953998524,7.31617969912952e-08,5.54732850443443e-07
64.9261545380467,7.25426949122937e-08,5.54419537033542e-07
65.001213676241,7.31759600139247e-08,5.54070263736698e-07
65.0762728144352,7.28478506079039e-08,5.54059998952229e-07
65.1513319526295,7.32907795120098e-08,5.53548279895943e-07
65.2263910908238,7.25892492798256e-08,5.53688818049035e-07
65.301450229018,7.27231428035099e-08,5.53424729369448e-07
65.3765093672123,7.25387265741726e-08,5.531186366705e-07
65.4515685054066,7.30252240934728e-08,5.53126156069552e-07
65.5266276436009,7.28750824543062e-08,5.52454546458937e-07
65.6016867817951,7.27897364352487e-08,5.52455893501478e-07
65.6767459199894,7.24442586662517e-08,5.51984657369981e-07
65.7518050581837,7.23939261679657e-08,5.51737796017433e-07
65.826864196378,7.27507170971605e-08,5.51702155631562e-07
65.9019233345722,7.29227135146918e-08,5.51690644309966e-07
65.9769824727665,7.22924798124916e-08,5.51489009947377e-07
66.0520416109608,7.26067523817663e-08,5.50985300732826e-07
66.127100749155,7.2433801757181e-08,5.50948355777039e-07
66.2021598873493,7.24705900804258e-08,5.50680465441035e-07
66.2772190255436,7.23415390643061e-08,5.5055594354365e-07
66.3522781637379,7.26441637778271e-08,5.50209516625518e-07
66.4273373019321,7.2165313498394e-08,5.49923083746929e-07
66.5023964401264,7.24425766340264e-08,5.50046440161425e-07
66.5774555783207,7.26658185585973e-08,5.49800783947601e-07
66.652514716515,7.20055995069647e-08,5.49296864376996e-07
66.7275738547092,7.18450687843718e-08,5.48854567162515e-07
66.8026329929035,7.27483136563692e-08,5.4901079901649e-07
66.8776921310978,7.22438799618814e-08,5.48952554441401e-07
66.9527512692921,7.23671292393762e-08,5.48618797886795e-07
67.0278104074863,7.19246946892215e-08,5.48604905060764e-07
67.1028695456806,7.19401884920937e-08,5.48351204487067e-07
67.1779286838749,7.21610412632939e-08,5.48106752575494e-07
67.2529878220692,7.25126617642915e-08,5.47801725245842e-07
67.3280469602634,7.18730079224569e-08,5.47568484454018e-07
67.4031060984577,7.19933829897859e-08,5.47521097797798e-07
67.478165236652,7.20291569490667e-08,5.47291171251691e-07
67.5532243748463,7.19455098294714e-08,5.47107473908799e-07
67.6282835130405,7.20486460050918e-08,5.46930630258816e-07
67.7033426512348,7.20104847903827e-08,5.46742039770344e-07
67.7784017894291,7.19420596344282e-08,5.46540330357883e-07
67.8534609276233,7.15278279202757e-08,5.46396111040409e-07
67.9285200658176,7.23692707356216e-08,5.46295242023077e-07
68.0035792040119,7.17927124681367e-08,5.45994727569932e-07
68.0786383422062,7.15899713655543e-08,5.45768935323495e-07
68.1536974804004,7.18111620547569e-08,5.45645152994796e-07
68.2287566185947,7.18776162947153e-08,5.45460082923467e-07
68.303815756789,7.18704109019168e-08,5.45336161712148e-07
68.3788748949833,7.17943573668146e-08,5.4516434971576e-07
68.4539340331775,7.15126084049571e-08,5.45094649385499e-07
68.5289931713718,7.15219983284128e-08,5.44950381546892e-07
68.6040523095661,7.20532737671728e-08,5.44514881134673e-07
68.6791114477604,7.15274001041846e-08,5.44392212281079e-07
68.7541705859546,7.16584587588212e-08,5.44355905582174e-07
68.8292297241489,7.15249839636478e-08,5.44085723029111e-07
68.9042888623432,7.16124311517358e-08,5.44018505233489e-07
68.9793480005374,7.1494869659405e-08,5.43795086533596e-07
69.0544071387317,7.17008971912536e-08,5.43665233775007e-07
69.129466276926,7.15495483684227e-08,5.43714134923123e-07
69.2045254151203,7.1187995708254e-08,5.432525469143e-07
69.2795845533146,7.17795422337424e-08,5.43044965756447e-07
69.3546436915088,7.14974339031571e-08,5.43056724199795e-07
69.4297028297031,7.13065355154246e-08,5.42951963214033e-07
69.5047619678974,7.13021079863658e-08,5.42853672228374e-07
69.5798211060916,7.15223281423334e-08,5.42568282349512e-07
69.6548802442859,7.14061877204317e-08,5.42494026064809e-07
69.7299393824802,7.16029919443244e-08,5.4227613663757e-07
69.8049985206745,7.10184695166744e-08,5.41978843032614e-07
69.8800576588687,7.12244660955769e-08,5.41947204323565e-07
69.955116797063,7.14693339915252e-08,5.41885963354582e-07
70.0301759352573,7.13833790597735e-08,5.41765970007441e-07
70.1052350734516,7.12522404253992e-08,5.41583879186677e-07
70.1802942116458,7.12269301371837e-08,5.41458101319664e-07
70.2553533498401,7.11223437291989e-08,5.41313715145919e-07
70.3304124880344,7.11562352107644e-08,5.41168699494592e-07
70.4054716262286,7.13595448414985e-08,5.410005933207e-07
70.4805307644229,7.12071846526301e-08,5.40851112862705e-07
70.5555899026172,7.10731921520637e-08,5.40759416979751e-07
70.6306490408115,7.11726853564235e-08,5.40616243064844e-07
70.7057081790057,7.11139694910572e-08,5.40487546378173e-07
70.7807673172,7.10229016907041e-08,5.40354886856169e-07
70.8558264553943,7.11554231240085e-08,5.40226322638219e-07
70.9308855935886,7.11186671725232e-08,5.40095347205163e-07
71.0059447317828,7.10536161489906e-08,5.39980555375782e-07
71.0810038699771,7.10307128399872e-08,5.39839973047052e-07
71.1560630081714,7.10266641087223e-08,5.39731739022384e-07
71.2311221463656,7.08995035885494e-08,5.39584143634261e-07
71.3061812845599,7.10209422485447e-08,5.39474809581433e-07
71.3812404227542,7.11166858800501e-08,5.39406940899135e-07
71.4562995609485,7.0915224100808e-08,5.39236255102498e-07
71.5313586991428,7.09463663238335e-08,5.39159493410283e-07
71.606417837337,7.08122844611918e-08,5.39012135310791e-07
71.6814769755313,7.10085811150018e-08,5.38877121429896e-07
71.7565361137256,7.07938902112814e-08,5.38817655367881e-07
71.8315952519198,7.10366235174057e-08,5.38657612767057e-07
71.9066543901141,7.09432491330469e-08,5.38505768150051e-07
71.9817135283084,7.06799998603366e-08,5.38423520212115e-07
72.0567726665027,7.08065877704348e-08,5.38362992506699e-07
72.1318318046969,7.08465218864791e-08,5.38248332991383e-07
72.2068909428912,7.09409286697116e-08,5.38167956565958e-07
72.2819500810855,7.08231359215907e-08,5.38059455813755e-07
72.3570092192798,7.0670205131945e-08,5.3792460094349e-07
72.432068357474,7.06978229774602e-08,5.37781491275086e-07
72.5071274956683,7.09588613860085e-08,5.37688082215062e-07
72.5821866338626,7.05837259362416e-08,5.37673362979362e-07
72.6572457720569,7.08148578986313e-08,5.37507636158857e-07
72.7323049102511,7.07185128428571e-08,5.37406494483491e-07
72.8073640484454,7.07198240002719e-08,5.3734216402808e-07
72.8824231866397,7.06416943395466e-08,5.37214115995347e-07
72.9574823248339,7.07081686630022e-08,5.37168655605725e-07
73.0325414630282,7.07087250100603e-08,5.37043658974984e-07
73.1076006012225,7.05176727144862e-08,5.36930064029207e-07
73.1826597394168,7.08165012843747e-08,5.36887342052933e-07
73.2577188776111,7.06511359092915e-08,5.36801595250987e-07
73.3327780158053,7.0512326007034e-08,5.36697956014912e-07
73.4078371539996,7.0586453211547e-08,5.36601214436313e-07
73.4828962921939,7.06304026341193e-08,5.365178053992e-07
73.5579554303881,7.06661543143294e-08,5.36432801030063e-07
73.6330145685824,7.06049855393177e-08,5.36351484977481e-07
73.7080737067767,7.04557866653913e-08,5.36277266782477e-07
73.783132844971,7.05483746944268e-08,5.36201268847791e-07
73.8581919831652,7.06411647853526e-08,5.36118582511415e-07
73.9332511213595,7.04705803856223e-08,5.36039756092625e-07
74.0083102595538,7.05825491930749e-08,5.35963807441371e-07
74.083369397748,7.04846146839941e-08,5.35889799872353e-07
74.1584285359423,7.05246575114171e-08,5.3581597944541e-07
74.2334876741366,7.04522930035194e-08,5.35743294225264e-07
74.3085468123309,7.05419835077382e-08,5.35676011395277e-07
74.3836059505252,7.04695772596149e-08,5.35598379646174e-07
74.4586650887194,7.04325861744465e-08,5.35531036548229e-07
74.5337242269137,7.05091790947791e-08,5.35469777209888e-07
74.608783365108,7.04559353846016e-08,5.35401884036291e-07
74.6838425033022,7.04153679890965e-08,5.35335368793259e-07
74.7589016414965,7.04294943017861e-08,5.35268259792794e-07
74.8339607796908,7.04335933119366e-08,5.35206973360719e-07
74.9090199178851,7.04406614434143e-08,5.35143880987606e-07
74.9840790560793,7.04212208136394e-08,5.35083817542234e-07
75.0591381942736,7.03757915896407e-08,5.35029047852137e-07
75.1341973324679,7.03921335173314e-08,5.34971995769351e-07
75.2092564706622,7.04008120579158e-08,5.3491354605703e-07
75.2843156088564,7.03789740586906e-08,5.348572905946e-07
75.3593747470507,7.03855555697223e-08,5.34804668930973e-07
75.434433885245,7.03612702355169e-08,5.3475000955839e-07
75.5094930234392,7.03600137166856e-08,5.34698600218583e-07
75.5845521616335,7.0343302322472e-08,5.34647593446189e-07
75.6596112998278,7.03571275947102e-08,5.34597408732666e-07
75.7346704380221,7.0341030037803e-08,5.34551380470651e-07
75.8097295762163,7.03362196824653e-08,5.34503609955761e-07
75.8847887144106,7.03282820624625e-08,5.34458099941381e-07
75.9598478526049,7.03232413923569e-08,5.34413707960236e-07
76.0349069907992,7.03127614670112e-08,5.34370340893411e-07
76.1099661289934,7.03133232871919e-08,5.34328877286686e-07
76.1850252671877,7.03078491298427e-08,5.34287428376224e-07
76.260084405382,7.0302553200371e-08,5.34247958295634e-07
76.3351435435763,7.02945287012809e-08,5.34209326361606e-07
76.4102026817705,7.02931484516479e-08,5.34172197004164e-07
76.4852618199648,7.0283934837915e-08,5.3413630835519e-07
76.5603209581591,7.02799853980494e-08,5.3410109904934e-07
76.6353800963534,7.02794259986413e-08,5.34067660143316e-07
76.7104392345476,7.02737638061949e-08,5.34035235915725e-07
76.7854983727419,7.02701062093793e-08,5.34004022854014e-07
76.8605575109362,7.02633357833366e-08,5.33974093920941e-07
76.9356166491305,7.02620596323183e-08,5.33945233585187e-07
77.0106757873247,7.02553777454141e-08,5.33917633497687e-07
77.085734925519,7.02537641272565e-08,5.33891245403123e-07
77.1607940637133,7.0253635571742e-08,5.33866046060903e-07
77.2358532019075,7.02476279620735e-08,5.33842055837167e-07
77.3109123401018,7.02437032706679e-08,5.3381925772186e-07
77.3859714782961,7.0240768169157e-08,5.33797664089474e-07
77.4610306164904,7.02385984568765e-08,5.3377729210199e-07
77.5360897546846,7.02375666122252e-08,5.33758084322102e-07
77.6111488928789,7.023501784226e-08,5.33740077255351e-07
77.6862080310732,7.02307092684438e-08,5.33723243954503e-07
77.7612671692675,7.02297127072651e-08,5.33707680227935e-07
77.8363263074617,7.02289783116875e-08,5.33693351318178e-07
77.911385445656,7.02252202412539e-08,5.33680099369706e-07
77.9864445838503,7.02250425887462e-08,5.33668109641543e-07
78.0615037220446,7.02227853867798e-08,5.33657336332146e-07
78.1365628602388,7.02225150214254e-08,5.33647708577441e-07
78.2116219984331,7.02204144050519e-08,5.33639358173693e-07
78.2866811366274,7.0219929539161e-08,5.33632161704015e-07
78.3617402748217,7.02197901967641e-08,5.33626112868889e-07
78.4367994130159,7.0217921824043e-08,5.3362132975763e-07
78.5118585512102,7.02174554393393e-08,5.33617764938387e-07
78.5869176894045,7.02178154404341e-08,5.33615381943841e-07
78.6619768275987,3.51089009630452e-08,2.66807088994686e-07
