timestep:         0.0063532800000000
yAxisLabel:acceleration [m/s2]  
title:bogies acceleration       
av1,    av2,    
  0.0000000000000000,  0.0000000000000000,
  0.0000000000000000,  0.0000000000000000,
 -0.0000721372800188,  0.0000177467466074,
 -0.0001914217797628,  0.0000466649181680,
 -0.0003544283218117,  0.0000855926597069,
 -0.0006079114508530,  0.0001458150653774,
 -0.0008457810379015,  0.0002006451710439,
 -0.0011458528409166,  0.0002693439502965,
 -0.0014745167711610,  0.0003432978075625,
 -0.0019215626300038,  0.0004443596082337,
 -0.0024690287249557,  0.0005674927290563,
 -0.0031582107661159,  0.0007221018970552,
 -0.0039537866305614,  0.0008987921534545,
 -0.0048749022104018,  0.0011014344222525,
 -0.0059013564971812,  0.0013244807287293,
 -0.0070454030802017,  0.0015700831313108,
 -0.0082845488754814,  0.0018321711104487,
 -0.0096290048898429,  0.0021124386738385,
 -0.0110562929988027,  0.0024048654219328,
 -0.0125527992701512,  0.0027053428646593,
 -0.0140794813868969,  0.0030039514386600,
 -0.0156225475749644,  0.0032968488856683,
 -0.0171629724841595,  0.0035793113272351,
 -0.0186984446922306,  0.0038505074321631,
 -0.0202118716790828,  0.0041062624522705,
 -0.0216912011691538,  0.0043434566516710,
 -0.0231137805352239,  0.0045566776488369,
 -0.0244635785519840,  0.0047420394068382,
 -0.0257241324042577,  0.0048958545320042,
 -0.0268933215958979,  0.0050178705142497,
 -0.0279729980865618,  0.0051090017179393,
 -0.0289688797939918,  0.0051709515722108,
 -0.0298769166128643,  0.0052031380792252,
 -0.0306903842157713,  0.0052042368088904,
 -0.0314023200590124,  0.0051730414643532,
 -0.0320145536466810,  0.0051104772008567,
 -0.0325323888209155,  0.0050184317524466,
 -0.0329637488804736,  0.0048993576119992,
 -0.0333156117521529,  0.0047555317367921,
 -0.0335959152593642,  0.0045894002507902,
 -0.0338112475212722,  0.0044031226024967,
 -0.0339699700981640,  0.0041992464522487,
 -0.0340843340632309,  0.0039813080277231,
 -0.0341726269518862,  0.0037542567538967,
 -0.0342542572686091,  0.0035232768779485,
 -0.0343457707994051,  0.0032927380564280,
 -0.0344607006865893,  0.0030662271402360,
 -0.0346145064110072,  0.0028477332052632,
 -0.0348260147022287,  0.0026420268320937,
 -0.0351150798380310,  0.0024540244972493,
 -0.0354977774317057,  0.0022876255353573,
 -0.0359841889877990,  0.0021451592485062,
 -0.0365760838705162,  0.0020268692139486,
 -0.0372635456377465,  0.0019301085282355,
 -0.0380301043324547,  0.0018506848639523,
 -0.0388551542382885,  0.0017834756898938,
 -0.0397170862773893,  0.0017232276822103,
 -0.0405912335244106,  0.0016640435452166,
 -0.0414499087625309,  0.0015994093423110,
 -0.0422637113876319,  0.0015225271419900,
 -0.0430066618854479,  0.0014275867908952,
 -0.0436591545170113,  0.0013104691377034,
 -0.0442094148154635,  0.0011690635647590,
 -0.0446518744698935,  0.0010028226838160,
 -0.0449854958129509,  0.0008123120025929,
 -0.0452113507414137,  0.0005985930874738,
 -0.0453325840682388,  0.0003632032935080,
 -0.0453558506920377,  0.0001085054914496,
 -0.0452926720711292, -0.0001619973022200,
 -0.0451566514042765, -0.0004443679012231,
 -0.0449576962536348, -0.0007356669269206,
 -0.0446959810524231, -0.0010354071580436,
 -0.0443592762636014, -0.0013461494021189,
 -0.0439238499760923, -0.0016731983948914,
 -0.0433582720125737, -0.0020235971131958,
 -0.0426277571344808, -0.0024050080473621,
 -0.0416976201902617, -0.0028248453782680,
 -0.0405351691207492, -0.0032898087946157,
 -0.0391112551870176, -0.0038055172036375,
 -0.0374024092061683, -0.0043760037167024,
 -0.0353937855940048, -0.0050030276992404,
 -0.0330815606356918, -0.0056855355049685,
 -0.0304733262734668, -0.0064196310468858,
 -0.0275856653992999, -0.0071992390623426,
 -0.0244398708523584, -0.0080172117316239,
 -0.0210577404892236, -0.0088663880123284,
 -0.0174594364795967, -0.0097401211295959,
 -0.0136640729064488, -0.0106321207722532,
 -0.0096922361795604, -0.0115358256915001,
 -0.0055685557011950, -0.0124437793893967,
 -0.0013226800253387, -0.0133474160075118,
  0.0030118812525391, -0.0142373773610364,
  0.0074002040101897, -0.0151041413981989,
  0.0118082238875193, -0.0159385933968348,
  0.0162036318717253, -0.0167322454539582,
  0.0214292773984771, -0.0210245043802595,
  0.0264439459693628, -0.0247783800983359,
  0.0316286833591268, -0.0296744445008397,
  0.0364631448185711, -0.0339097554731174,
  0.0411223610176059, -0.0387588437806511,
  0.0451325139395409, -0.0428304900872451,
  0.0487215890995335, -0.0472094058173032,
  0.0516689869380478, -0.0508600303209798,
  0.0541974159400965, -0.0546358022854687,
  0.0561283507170215, -0.0577564120196435,
  0.0576361008362870, -0.0608591170759101,
  0.0586045379384646, -0.0633475973165034,
  0.0591794145963806, -0.0657129713458242,
  0.0593013248101816, -0.0675337531268031,
  0.0590883374030467, -0.0691941308864659,
  0.0584944980622807, -0.0703973561187397,
  0.0576078921335292, -0.0714386636812017,
  0.0564061140247381, -0.0720946651598111,
  0.0549784562409711, -0.0725737754272947,
  0.0533391706273414, -0.0727161052945189,
  0.0515663868275981, -0.0726930335253719,
  0.0496678992692772, -0.0724067946546322,
  0.0476929444786359, -0.0719891409011391,
  0.0456470252164273, -0.0713638118746131,
  0.0435745670145894, -0.0706190757699933,
  0.0414897465747358, -0.0696913149357898,
  0.0394255630157901, -0.0686380953645054,
  0.0373809563038301, -0.0674149061592788,
  0.0353596072375383, -0.0660750584220127,
  0.0333427220842185, -0.0645988375372208,
  0.0313257564954751, -0.0630269512320310,
  0.0293008989974383, -0.0613378594560987,
  0.0272768734774943, -0.0595571927626596,
  0.0252580395621009, -0.0576787992791512,
  0.0232526841853847, -0.0557390329561653,
  0.0212592829193623, -0.0537488677818308,
  0.0192792413427021, -0.0517433258039463,
  0.0173145424024766, -0.0497359678207107,
  0.0153772421953203, -0.0477564726005042,
  0.0134802648843692, -0.0458168460279065,
  0.0116351059684455, -0.0439388169980558,
  0.0098425231856981, -0.0421317846451370,
  0.0080951907341371, -0.0404115097238765,
  0.0063788482881944, -0.0387803757565243,
  0.0046803967100559, -0.0372408988087479,
  0.0029899342479597, -0.0357882307651543,
  0.0013022921794262, -0.0344254060044612,
 -0.0003875125452623, -0.0331556467040119,
 -0.0020871419595497, -0.0319857629317368,
 -0.0038098388080019, -0.0309162417458769,
 -0.0055722863990507, -0.0299439071907115,
 -0.0073916954422935, -0.0290557854237865,
 -0.0092809943190981, -0.0282396053936248,
 -0.0112504985846302, -0.0274825065478227,
 -0.0133119005587772, -0.0267748812357233,
 -0.0154832142353719, -0.0261038517758946,
 -0.0177887419215864, -0.0254533194852604,
 -0.0202525915588393, -0.0248029398427851,
 -0.0228908549008808, -0.0241350845840466,
 -0.0257111925674921, -0.0234375738649609,
 -0.0287074363659985, -0.0227092017470423,
 -0.0318600967477600, -0.0219582355380102,
 -0.0351339055579087, -0.0212019727167726,
 -0.0384781350554611, -0.0204630290164764,
 -0.0418266102373965, -0.0197682602958355,
 -0.0451024819360360, -0.0191471885111907,
 -0.0482229154486793, -0.0186327892464131,
 -0.0511063398019155, -0.0182583279537725,
 -0.0536784778718076, -0.0180514946643660,
 -0.0558787252154162, -0.0180257978813168,
 -0.0576637003268037, -0.0181745964577375,
 -0.0590094392109873, -0.0184688594753860,
 -0.0599104264056186, -0.0188606400206682,
 -0.0603770788123940, -0.0192893948909064,
 -0.0604308597157678, -0.0196892261185833,
 -0.0600987150534581, -0.0199939645763274,
 -0.0594067121827199, -0.0201407093843735,
 -0.0583747991053512, -0.0200724795185075,
 -0.0570132576285354, -0.0197415728747813,
 -0.0553225467553263, -0.0191126538225819,
 -0.0532964902516854, -0.0181640387571917,
 -0.0509283338774685, -0.0168854656409891,
 -0.0482171358183283, -0.0152731033327060,
 -0.0451722775125894, -0.0133238616378251,
 -0.0418142947970365, -0.0110319765133284,
 -0.0381724339211923, -0.0083893962935379,
 -0.0342803441302207, -0.0053896983467874,
 -0.0301721343967738, -0.0020331348593468,
 -0.0258801416125176,  0.0016698403257336,
 -0.0214347797413205,  0.0056981745246328,
 -0.0168654516819562,  0.0100224963992080,
 -0.0122012368239975,  0.0146082895446103,
 -0.0074703553603515,  0.0194178491288057,
 -0.0026984953774452,  0.0244100564555444,
  0.0020932796438578,  0.0295384571619192,
  0.0068901095692925,  0.0347492161704295,
  0.0116838529248788,  0.0399805235427401,
  0.0164722858895061,  0.0451642870983017,
  0.0212570489428674,  0.0502297915734101,
  0.0260406480873214,  0.0551082377767348,
  0.0308224273864688,  0.0597399942763646,
  0.0355949391314966,  0.0640814235874270,
  0.0403435298652959,  0.0681024961916450,
  0.0450460530736821,  0.0717881040513027,
  0.0496745592204968,  0.0751342522106759,
  0.0541968741635640,  0.0781464783498406,
  0.0585792533991312,  0.0808357307720180,
  0.0627923757654223,  0.0832161222608501,
  0.0668142659965119,  0.0853029675804638,
  0.0706258041290215,  0.0871151135665068,
  0.0742131627859330,  0.0886740331640427,
  0.0775652550086208,  0.0900047838290653,
  0.0806738205225036,  0.0911344814590666,
  0.0835309661298554,  0.0920916748952349,
  0.0861292126089741,  0.0929045751799193,
  0.0884599811884558,  0.0936011824349684,
  0.0905152457694548,  0.0942082673325974,
  0.0922887219551827,  0.0947509798868190,
  0.0937789494762055,  0.0952513694760375,
  0.0949907213216099,  0.0957269815995875,
  0.0959365298196649,  0.0961885863110349,
  0.0966359288364851,  0.0966387439766110,
  0.0971146915067859,  0.0970712619401787,
  0.0974027223619924,  0.0974728515408293,
  0.0975327882101586,  0.0978256382233918,
  0.0975391633988889,  0.0981101758290723,
  0.0974566326973236,  0.0983078452851440,
  0.0973185142486760,  0.0984027644832341,
  0.0971543141055194,  0.0983828179298907,
  0.0969867337349554,  0.0982404204489888,
  0.0968291676016301,  0.0979730848521042,
  0.0966840337325742,  0.0975838455006480,
  0.0965428411778151,  0.0970808723549698,
  0.0963876262875455,  0.0964760855015226,
  0.0961935428061935,  0.0957827080978237,
  0.0959316905782021,  0.0950124403033028,
  0.0955717557718957,  0.0941729191770340,
  0.0950838798277038,  0.0932661821136738,
  0.0944397339438086,  0.0922884394144308,
  0.0936127748416630,  0.0912311576676234,
  0.0925780835670434,  0.0900828909186554,
  0.0913120704508182,  0.0888312256417809,
  0.0897924233060254,  0.0874642765777758,
  0.0879984390247584,  0.0859714933106903,
  0.0859118633065515,  0.0843436730825623,
  0.0835181237985870,  0.0825722600636033,
  0.0808078338487971,  0.0806480931625450,
  0.0777783361897203,  0.0785598941846698,
  0.0744351190919327,  0.0762928516699257,
  0.0707928544761321,  0.0738276697114262,
  0.0668751879892985,  0.0711430203577592,
  0.0627135036857231,  0.0682200333263931,
  0.0583468321732162,  0.0650399983312352,
  0.0538196540013589,  0.0615880393796319,
  0.0491798839961390,  0.0578534904241325,
  0.0444760007686544,  0.0538326829004883,
  0.0397551748685663,  0.0495290638889217,
  0.0350646739691285,  0.0449541389308558,
  0.0304526570315324,  0.0401267047620317,
  0.0259624045569586,  0.0350748857641751,
  0.0216337347779001,  0.0298345058015298,
  0.0175009820394205,  0.0244490465754607,
  0.0135940435873818,  0.0189671956129640,
  0.0099373404253411,  0.0134409609145304,
  0.0065508553912205,  0.0079223821939760,
  0.0034487777388278,  0.0024620489727227,
  0.0006398361106557, -0.0028927629786130,
 -0.0018739398831092, -0.0080981222455417,
 -0.0040971295079128, -0.0131132031174794,
 -0.0060416382396709, -0.0178992084325169,
 -0.0077260737729303, -0.0224191615651797,
 -0.0091756877255197, -0.0266379312272253,
 -0.0104211747928281, -0.0305234590919645,
 -0.0114976284951334, -0.0340480679250950,
 -0.0124424764362013, -0.0371899185666039,
 -0.0132937305526464, -0.0399335734303309,
 -0.0140879781374825, -0.0422701261714241,
 -0.0148589945545426, -0.0441967580296583,
 -0.0156364403796852, -0.0457161519492891,
 -0.0164452090707601, -0.0468356298202285,
 -0.0173047839573291, -0.0475665022932523,
 -0.0182288793197005, -0.0479235231676156,
 -0.0192250136201978, -0.0479246179882452,
 -0.0202943889304093, -0.0475905937423185,
 -0.0214320199404759, -0.0469446776881716,
 -0.0226275134585592, -0.0460115807300923,
 -0.0238663594110828, -0.0448162817048684,
 -0.0251317809343951, -0.0433827742857990,
 -0.0264067823168689, -0.0417331196206331,
 -0.0276761836072614, -0.0398869231774571,
 -0.0289281961367895, -0.0378613729138067,
 -0.0301553503173330, -0.0356718315961063,
 -0.0313545865732953, -0.0333329203936733,
 -0.0325266168237585, -0.0308598640064628,
 -0.0336746978567926, -0.0282698905152013,
 -0.0348031249173452, -0.0255834420757893,
 -0.0359156961374281, -0.0228250517528433,
 -0.0370144323067961, -0.0200237983087304,
 -0.0380987486123854, -0.0172133114496330,
 -0.0391652523314029, -0.0144312481305424,
 -0.0402087906257803, -0.0117156999238849,
 -0.0412242827602549, -0.0090999559059748,
 -0.0422070052523124, -0.0066143416178427,
 -0.0431544019287321, -0.0042826478107227,
 -0.0440671183225940, -0.0021221470913044,
 -0.0449501422999481, -0.0001420289625994,
 -0.0458123197863004,  0.0016550904977753,
 -0.0466621624273071,  0.0032720911085809,
 -0.0475038477022783,  0.0047145135791864,
 -0.0483397616223695,  0.0059910043532498,
 -0.0491667707766152,  0.0071111897642219,
 -0.0499768200696852,  0.0080861338082231,
 -0.0507559187517084,  0.0089274557025926,
 -0.0514863205843337,  0.0096476803750452,
 -0.0521473418530083,  0.0102596285180996,
 -0.0527185353730917,  0.0107774077572968,
 -0.0531808173026803,  0.0112162996849713,
 -0.0535185663812071,  0.0115934548855899,
 -0.0537199677639410,  0.0119279059564774,
 -0.0537777060603984,  0.0122405344020499,
 -0.0536881513315541,  0.0125527602769047,
 -0.0534513518692744,  0.0128851332881952,
 -0.0530706172138913,  0.0132553063716508,
 -0.0525530088197401,  0.0136766075796314,
 -0.0519092121497914,  0.0141569807770971,
 -0.0511536328417423,  0.0146991197143533,
 -0.0503040487883273,  0.0153012686876090,
 -0.0493815362754987,  0.0159584246222597,
 -0.0484098098339978,  0.0166629872361123,
 -0.0474143660160364,  0.0174049093187890,
 -0.0464209673188407,  0.0181711612818624,
 -0.0454539703410965,  0.0189448980197207,
 -0.0445343997148038,  0.0197044699462698,
 -0.0436783351271055,  0.0204228195139985,
 -0.0428956241680333,  0.0210673913460007,
 -0.0421892911531614,  0.0216007354010159,
 -0.0415554983470036,  0.0219817103533296,
 -0.0409841295129451,  0.0221672351856580,
 -0.0404597480461445,  0.0221143249139340,
 -0.0399628983765955,  0.0217822078140753,
 -0.0394715042693121,  0.0211342972858988,
 -0.0389623389327127,  0.0201400142372366,
 -0.0384124443455202,  0.0187763900300180,
 -0.0378004711265333,  0.0170293272777399,
 -0.0371077644255625,  0.0148943485444901,
 -0.0363191473993881,  0.0123768222386621,
 -0.0354233791632052,  0.0094917229135613,
 -0.0344133949473380,  0.0062630404705896,
 -0.0332863967567518,  0.0027229025404940,
 -0.0320438676714558, -0.0010895368486864,
 -0.0306917765087989, -0.0051281606254498,
 -0.0292413983372584, -0.0093367335809086,
 -0.0277078390168643, -0.0136538049395272,
 -0.0261093432514220, -0.0180138131126163,
 -0.0244660888762601, -0.0223504718513850,
 -0.0227993954711890, -0.0265983852278817,
 -0.0211301676872917, -0.0306965075259662,
 -0.0194755445666387, -0.0345901044825438,
 -0.0178444909699645, -0.0382338268301733,
 -0.0162409605563822, -0.0415908951431506,
 -0.0146623637394059, -0.0446340088095476,
 -0.0131014248037576, -0.0473440097527214,
 -0.0115463916572858, -0.0497095293846746,
 -0.0099836513944846, -0.0517256717002247,
 -0.0083986754646401, -0.0533939397278031,
 -0.0067787258249672, -0.0547210985406611,
 -0.0051135237692251, -0.0557190049772334,
 -0.0033966163245728, -0.0564034964357840,
 -0.0016251622327745, -0.0567934977077763,
  0.0001998793281444, -0.0569097935357636,
  0.0020747178732255, -0.0567745078734730,
  0.0039929781874664, -0.0564105023195407,
  0.0059464338367873, -0.0558414606851483,
  0.0079249562181141, -0.0550918212519616,
  0.0099168782386419, -0.0541869270275817,
  0.0119090274132791, -0.0531526569660413,
  0.0138869114923101, -0.0520145537901556,
  0.0158343083178119, -0.0507962663007097,
  0.0177330548509299, -0.0495180788192369,
  0.0195628507136838, -0.0481956822467747,
  0.0213016086052737, -0.0468396657997079,
  0.0229260430505109, -0.0454557982708763,
  0.0244127825683219, -0.0440462786023067,
  0.0257396769606620, -0.0426115214521809,
  0.0268873533343459, -0.0411521322462073,
  0.0278406035775821, -0.0396705949284983,
  0.0285894386170011, -0.0381724123836968,
  0.0291294483574421, -0.0366664854921125,
  0.0294615852406399, -0.0351648420732845,
  0.0295914666103368, -0.0336818870428518,
  0.0295284561346940, -0.0322334854938196,
  0.0292845635535736, -0.0308360449412296,
  0.0288733373318713, -0.0295057394747891,
  0.0283088892983393, -0.0282579148192493,
  0.0276052829839471, -0.0271066637697779,
  0.0267763298536590, -0.0260644932729336,
  0.0258357432966254, -0.0251420736055303,
  0.0247974010474581, -0.0243480757779305,
  0.0236754715273302, -0.0236890573465223,
  0.0224841880738420, -0.0231692473393454,
  0.0212369842689562, -0.0227890813173821,
  0.0199443644330778, -0.0225394694822287,
  0.0186138048656472, -0.0224043087867491,
  0.0172488129682314, -0.0223594635976463,
  0.0158486168427624, -0.0223741746805759,
  0.0144078101992551, -0.0224113121326556,
  0.0129171474639955, -0.0224301776377315,
  0.0113663958078908, -0.0223884902521679,
  0.0097488189272305, -0.0222462198736196,
  0.0080581555705610, -0.0219658874869022,
  0.0062905169540389, -0.0215146777289930,
  0.0044432073081171, -0.0208643377540409,
  0.0025155548228883, -0.0199919690399725,
  0.0005076165609283, -0.0188796447749869,
 -0.0015792404082542, -0.0175151324080533,
 -0.0037433942687083, -0.0158917006108151,
 -0.0059819596952484, -0.0140092193648746,
 -0.0082907053117699, -0.0118743931385050,
 -0.0106627430898443, -0.0095009244250818,
 -0.0130880167304305, -0.0069089685399429,
 -0.0155521229934633, -0.0041248711817611,
 -0.0180365189797683, -0.0011802364645564,
 -0.0205188527954130,  0.0018888490777664,
 -0.0229743357834131,  0.0050429384510937,
 -0.0253766268090133,  0.0082400860604547,
 -0.0276989525120259,  0.0114370823174697,
 -0.0299149171576642,  0.0145908453041667,
 -0.0319995408936599,  0.0176599544922332,
 -0.0339296726839091,  0.0206056817473970,
 -0.0356841902502207,  0.0233927483936156,
 -0.0372437664357938,  0.0259896615067746,
 -0.0385907391679754,  0.0283687368506763,
 -0.0397089110708296,  0.0305056778708179,
 -0.0405835995729391,  0.0323790896881695,
 -0.0412017964750790,  0.0339701164404345,
 -0.0415526588376869,  0.0352624487289745,
 -0.0416281491324666,  0.0362426654708510,
 -0.0414238195642361,  0.0369008864105229,
 -0.0409394549562412,  0.0372315208866636,
 -0.0401795200723095,  0.0372339099351616,
 -0.0391532532991460,  0.0369125949747726,
 -0.0378745454755094,  0.0362771650911109,
 -0.0363616814364809,  0.0353417141728717,
 -0.0346370162489477,  0.0341240576148402,
 -0.0327264452777060,  0.0326448743542516,
 -0.0306586170741878,  0.0309269633499539,
 -0.0284638919545352,  0.0289946376248150,
 -0.0261731810284816,  0.0268731760731202,
 -0.0238167877844331,  0.0245882441977593,
 -0.0214234164830147,  0.0221653215061398,
 -0.0190194966533661,  0.0196293785090512,
 -0.0166302666617418,  0.0170104805206442,
 -0.0142790191411773,  0.0143409353913775,
 -0.0119873922253031,  0.0116553069055031,
 -0.0097756594963749,  0.0089891650726212,
 -0.0076632711572797,  0.0063791872574547,
 -0.0056683273817415,  0.0038612423735619,
 -0.0038056869471610,  0.0014695111806437,
 -0.0020815891148966, -0.0007665057377035,
 -0.0004963644155948, -0.0028215519382359,
  0.0009564812037228, -0.0046757299779963,
  0.0022883292996912, -0.0063137914534723,
  0.0035149706060965, -0.0077252353754556,
  0.0046538316929272, -0.0089032827240059,
  0.0057226553738085, -0.0098446902999084,
  0.0067367498743612, -0.0105486996659333,
  0.0077084853011876, -0.0110172992672851,
  0.0086464995962998, -0.0112550159683261,
  0.0095567292452438, -0.0112690585249440,
  0.0104432964726111, -0.0110693119997177,
  0.0113102577373696, -0.0106689697210554,
  0.0121621896716387, -0.0100848771153001,
  0.0130048353694580, -0.0093381873971051,
  0.0138450828184317, -0.0084546153984228,
  0.0146913902724923, -0.0074644463389437,
  0.0155536086633804, -0.0064015771708409,
  0.0164427131559315, -0.0053020641432689,
  0.0173701208176381, -0.0042023257141746,
  0.0183472476632014, -0.0031374253505067,
  0.0193849005059512, -0.0021394036359791,
  0.0204929455243932, -0.0012361711218828,
  0.0216800367509614, -0.0004509941010914,
  0.0229536843931780,  0.0001974049041385,
  0.0243203256553713,  0.0006945379964463,
  0.0257854036664788,  0.0010298803303184,
  0.0273531362810956,  0.0011969013975544,
  0.0290260174968453,  0.0011933187477304,
  0.0308039821751516,  0.0010214748576145,
  0.0326835631643445,  0.0006886027162484,
  0.0346572603211190,  0.0002068645308753,
  0.0367133717250780, -0.0004070003245681,
  0.0388362521180036, -0.0011324967710163,
  0.0410069341580894, -0.0019466574791186,
  0.0432038363050716, -0.0028255250310509,
  0.0454033552690463, -0.0037455115747753,
  0.0475802019118430, -0.0046843742255302,
  0.0497075773986827, -0.0056217488398578,
  0.0517573299862085, -0.0065393449773445,
  0.0537002571678463, -0.0074209913379938,
  0.0555065942908604, -0.0082526711384118,
  0.0571466330949635, -0.0090225145616562,
  0.0585899132508371, -0.0097147541531060,
  0.0598066871081341, -0.0103127492184750,
  0.0607685569767940, -0.0107992607134490,
  0.0614491423009027, -0.0111580385348273,
  0.0618242786426193, -0.0113738720214254,
  0.0618729694173617, -0.0114345364427856,
  0.0615796396729777, -0.0113315119194766,
  0.0609393530337206, -0.0110625009003725,
  0.0599549247877292, -0.0106302167406036,
  0.0586379651652337, -0.0100426459438203,
  0.0570067974956223, -0.0093113165516385,
  0.0550860249235567, -0.0084504831690642,
  0.0529036970089586, -0.0074752559636642,
  0.0504900016711372, -0.0064008315073163,
  0.0478746919701785, -0.0052412072409556,
  0.0450869899222602, -0.0040094870085297,
  0.0421551247241782, -0.0027177465548643,
  0.0391074165828166, -0.0013773107169301,
  0.0359723848278828,  0.0000012575821628,
  0.0327790785293268,  0.0014076907713044,
  0.0295561802244086,  0.0028319097768440,
  0.0263314912587800,  0.0042637765840532,
  0.0231309394343909,  0.0056934373662950,
  0.0199783656424602,  0.0071115179277312,
  0.0168954238080340,  0.0085092812649030,
  0.0139022742935271,  0.0098783517280974,
  0.0110181096192810,  0.0112104664127233,
  0.0082615332069622,  0.0124971457704880,
  0.0056501909378639,  0.0137295567560539,
  0.0032002715789800,  0.0148984923576772,
  0.0009259332231241,  0.0159946397577218,
 -0.0011608041543613,  0.0170088705076108,
 -0.0030498977568207,  0.0179324203710526,
 -0.0047328183359755,  0.0187567157351252,
 -0.0062022202466901,  0.0194730805476005,
 -0.0074518354617879,  0.0200725145866464,
 -0.0084768113352775,  0.0205457564430473,
 -0.0092742957611912,  0.0208836722261854,
 -0.0098441629087571,  0.0210779766670434,
 -0.0101896270919474,  0.0211220653208691,
 -0.0103176965163289,  0.0210117040435624,
 -0.0102393345247311,  0.0207453560866178,
 -0.0099693428838708,  0.0203241512313796,
 -0.0095259508333618,  0.0197516022716097,
 -0.0089302176851553,  0.0190332031373451,
 -0.0082053478514517,  0.0181759537515556,
 -0.0073760854250519,  0.0171878842443516,
 -0.0064682831589571,  0.0160776641042643,
 -0.0055086888479870,  0.0148543831521251,
 -0.0045248777827718,  0.0135276046322102,
 -0.0035466972736079,  0.0121137631333624,
 -0.0026053357156041,  0.0106337325198127,
 -0.0017329514676968,  0.0091129488564578,
 -0.0009619326557943,  0.0075798586255549,
 -0.0003242710129922,  0.0060654484640295,
  0.0001500612926534,  0.0046005280107388,
  0.0004361966109858,  0.0032139797360023,
  0.0005199522635751,  0.0019293828298111,
  0.0003952137525971,  0.0007654888004148,
  0.0000651167378980, -0.0002646039320806,
 -0.0004599610255496, -0.0011520779360028,
 -0.0011624777356056, -0.0018918927697416,
 -0.0020202951297279, -0.0024813111626240,
 -0.0030077557200071, -0.0029197572516165,
 -0.0040979425244113, -0.0032082738812814,
 -0.0052626309044150, -0.0033501043327630,
 -0.0064728913151794, -0.0033502769413828,
 -0.0076982483055715, -0.0032154616392242,
 -0.0089068302489956, -0.0029535017673471,
 -0.0100651125115367, -0.0025733227499479,
 -0.0111387410061063, -0.0020845324802375,
 -0.0120931316724441, -0.0014974026698616,
 -0.0128951152067421, -0.0008224192032060,
 -0.0135144360997725, -0.0000696820184311,
 -0.0139253735036546,  0.0007522003979199,
 -0.0141074416404719,  0.0016371121884045,
 -0.0140459046934038,  0.0025823781996640,
 -0.0137317568542138,  0.0035890169982787,
 -0.0131617308670350,  0.0046613237373116,
 -0.0123380269515678,  0.0058058709618236,
 -0.0112681180430764,  0.0070304256133154,
 -0.0099643970974566,  0.0083429129616769,
 -0.0084438747254576,  0.0097506471080503,
 -0.0067276084606141,  0.0112597257413673,
 -0.0048399845491049,  0.0128746125153781,
 -0.0028077406043524,  0.0145977598959696,
 -0.0006589589579167,  0.0164292128106899,
  0.0015778976753922,  0.0183660806269298,
  0.0038746826437784,  0.0204020000360419,
  0.0062040758799765,  0.0225267617629395,
  0.0085399101474936,  0.0247263136171863,
  0.0108573899293259,  0.0269831077624147,
  0.0131331834423459,  0.0292766287800109,
  0.0153455258357557,  0.0315838967358708,
  0.0174743983862568,  0.0338798991352055,
  0.0195018203725311,  0.0361380122240001,
  0.0214121175176337,  0.0383304813559078,
  0.0231920263880361,  0.0404289533136398,
  0.0248305157919249,  0.0424050515686878,
  0.0263182500181864,  0.0442315419885120,
  0.0276456001262510,  0.0458891762174094,
  0.0288030046919001,  0.0473644890455577,
  0.0297806131367848,  0.0486505515915956,
  0.0305684062929488,  0.0497454400847501,
  0.0311561588592367,  0.0506520599865244,
  0.0315345096959787,  0.0513756356367352,
  0.0316981417947751,  0.0519222350620843,
  0.0316504059980903,  0.0522959431609224,
  0.0313995353559888,  0.0525000339958673,
  0.0309590959297583,  0.0525364839109981,
  0.0303449181830031,  0.0524076244286631,
  0.0295748004410776,  0.0521163306664790,
  0.0286660841484570,  0.0516670603620810,
  0.0276361743537550,  0.0510651151642537,
  0.0265029127469361,  0.0503159957512124,
  0.0252869267825850,  0.0494238430966456,
  0.0240109517667611,  0.0483918977466980,
  0.0226986605386631,  0.0472233441173618,
  0.0213721395137867,  0.0459226638490427,
  0.0200508449572926,  0.0444963880864385,
  0.0187508913516219,  0.0429538365505621,
  0.0174864350791043,  0.0413066092296365,
  0.0162709318936130,  0.0395677435311731,
  0.0151179947501856,  0.0377509429792647,
  0.0140406840516202,  0.0358705063073682,
  0.0130506432477324,  0.0339412150455083,
  0.0121569946511240,  0.0319785271426213,
  0.0113659621345723,  0.0299986424419410,
  0.0106808771173528,  0.0280183297067912,
  0.0101028164977869,  0.0260543279419687,
  0.0096311068854319,  0.0241227869254718,
  0.0092637647516090,  0.0222387173994422,
  0.0089975769905130,  0.0204155369079755,
  0.0088281183767973,  0.0186646019793222,
  0.0087496312984401,  0.0169947779554383,
  0.0087549892494768,  0.0154119951566755,
  0.0088355415752539,  0.0139190634175652,
  0.0089809099015586,  0.0125158497228532,
  0.0091787118517840,  0.0111997504162053,
  0.0094144097870943,  0.0099661677575956,
  0.0096713362422469,  0.0088087777552543,
  0.0099310912092247,  0.0077194070853778,
  0.0101742633232685,  0.0066876019043165,
  0.0103813296392896,  0.0057001699853679,
  0.0105334679933315,  0.0047410148348483,
  0.0106131844131575,  0.0037913470163581,
  0.0106047262189340,  0.0028302449591999,
  0.0104943842527067,  0.0018354324819068,
  0.0102707400011020,  0.0007841102205886,
  0.0099245732416745, -0.0003451807961498,
  0.0094474982727433, -0.0015662623197544,
  0.0088325640005218, -0.0028876608728945,
  0.0080737613628339, -0.0043114395567778,
  0.0071660150756780, -0.0058345801440368,
  0.0061049772471334, -0.0074485726705001,
  0.0048880377105133, -0.0091415237740917,
  0.0035181627035904, -0.0108995032556960,
  0.0020078412576531, -0.0127091185039659,
  0.0003760287544479, -0.0145567007020586,
 -0.0013518229622511, -0.0164292695986411,
 -0.0031481646257952, -0.0183131886551489,
 -0.0049851946664810, -0.0201939850824777,
 -0.0068374214608174, -0.0220549559260715,
 -0.0086807473989113, -0.0238772744757246,
 -0.0104937975497143, -0.0256394209681897,
 -0.0122584340728913, -0.0273180199512386,
 -0.0139606902474322, -0.0288888528123423,
 -0.0155897244356395, -0.0303287678848833,
 -0.0171376980846795, -0.0316163626931432,
 -0.0185992288361834, -0.0327325175421834,
 -0.0199718233055938, -0.0336605917682294,
 -0.0212554605423646, -0.0343869747253211,
 -0.0224526404428568, -0.0349010402343101,
 -0.0235680042960337, -0.0351951399842385,
 -0.0246081201382227, -0.0352644709236305,
 -0.0255807599136493, -0.0351072003175028,
 -0.0264947055550860, -0.0347243155403826,
 -0.0273594899257099, -0.0341195710469000,
 -0.0281854116367598, -0.0332993627521888,
 -0.0289832758498280, -0.0322726680746274,
 -0.0297640478108564, -0.0310509091737154,
 -0.0305383418130892, -0.0296478823737967,
 -0.0313163008181937, -0.0280795720394474,
 -0.0321074804347849, -0.0263640019124276,
 -0.0329206632484222, -0.0245210666188685,
 -0.0337635225337487, -0.0225723915601817,
 -0.0346424310405377, -0.0205411681751162,
 -0.0355623233598064, -0.0184520041095535,
 -0.0365266339752257, -0.0163306481119075,
 -0.0375371586988569, -0.0142035925485313,
 -0.0385939298722067, -0.0120976013650819,
 -0.0396951358941756, -0.0100393154286522,
 -0.0408371215444408, -0.0080549917525753,
 -0.0420143229702122, -0.0061703500344156,
 -0.0432191480203709, -0.0044104056128202,
 -0.0444418450038552, -0.0027992611933329,
 -0.0456704405903875, -0.0013598709553415,
 -0.0468907120138810, -0.0001138099447774,
 -0.0480861603739291,  0.0009189343047657,
 -0.0492383683620595,  0.0017218753662641,
 -0.0503281867287469,  0.0022873861710392,
 -0.0513346846797477,  0.0026130769731395,
 -0.0522350363530838,  0.0027018364158163,
 -0.0529882322117196,  0.0025549084984231,
 -0.0535529606982329,  0.0021753038751005,
 -0.0539229062624363,  0.0015708453776044,
 -0.0540867540226162,  0.0007422693354207,
 -0.0540472765860904, -0.0002980669810840,
 -0.0538114485290321, -0.0015096922785808,
 -0.0533971436947693, -0.0028426083485994,
 -0.0528145050867282, -0.0042674860856637,
 -0.0520777852073418, -0.0057640705960128,
 -0.0511978015638605, -0.0073165565776083,
 -0.0501899825489282, -0.0089085067127798,
 -0.0490693547715200, -0.0105158971001664,
 -0.0478545179857332, -0.0121116428963557,
 -0.0465616815305244, -0.0136690754160097,
 -0.0452077778941427, -0.0151650737498831,
 -0.0438058696140654, -0.0165833767118237,
 -0.0423690364897563, -0.0179108730870433,
 -0.0409083178712994, -0.0191346929303611,
 -0.0394355924069439, -0.0202395387134316,
 -0.0379607822020746, -0.0212107707012878,
 -0.0364928467587528, -0.0220372312605813,
 -0.0350379413244304, -0.0227129381561167,
 -0.0336013230559630, -0.0232346684268686,
 -0.0321867978141105, -0.0236001280192289,
 -0.0307978447668722, -0.0238073625505701,
 -0.0294365722452317, -0.0238561126921262,
 -0.0281041908697829, -0.0237489335666012,
 -0.0268003017896003, -0.0234921403544953,
 -0.0255234677002110, -0.0230958393884678,
 -0.0242709986022633, -0.0225734862097272,
 -0.0230395787579120, -0.0219411046886221,
 -0.0218251076364687, -0.0212170089965912,
 -0.0206229795672842, -0.0204219622649545,
 -0.0194279094434839, -0.0195792378599220,
 -0.0182343559430122, -0.0187138572968041,
 -0.0170367088894244, -0.0178513550965759,
 -0.0158296697305384, -0.0170168824213740,
 -0.0146082480329544, -0.0162348272445805,
 -0.0133679931463609, -0.0155282984406949,
 -0.0121051502917827, -0.0149181686176808,
 -0.0108169022110993, -0.0144223430812970,
 -0.0095012510622347, -0.0140559432723307,
 -0.0081568589473631, -0.0138320913456445,
 -0.0067828887697934, -0.0137623315486056,
 -0.0053791347688344, -0.0138561948776612,
 -0.0039462261390337, -0.0141201841375037,
 -0.0024863735782733, -0.0145547556897497,
 -0.0010047224202067, -0.0151485796366890,
  0.0004916436890719, -0.0158823717638856,
  0.0019941578821581, -0.0167304741967424,
  0.0034938741734346, -0.0176652430706659,
  0.0049816694794273, -0.0186577482149813,
  0.0064485140475026, -0.0196788807635251,
  0.0078850558999000, -0.0206975872440635,
  0.0092821231574935, -0.0216828892013411,
  0.0106312883258759, -0.0226060974406162,
  0.0119253694385389, -0.0234429105221584,
  0.0131581254786537, -0.0241721975015740,
  0.0143240202833021, -0.0247751091483790,
  0.0154180918059180, -0.0252345165761870,
  0.0164363483196865, -0.0255366468391956,
  0.0173759907104736, -0.0256719835265596,
  0.0182354841587912, -0.0256356388933012,
  0.0190142980863372, -0.0254263318647184,
  0.0197126689176530, -0.0250454897326887,
  0.0203314220723253, -0.0244965259474409,
  0.0208720780935999, -0.0237853031034264,
  0.0213369760504752, -0.0229206431323925,
  0.0217293401985398, -0.0219146602908467,
  0.0220531333753127, -0.0207822096160758,
  0.0223128294668529, -0.0195400290111664,
  0.0225132255440368, -0.0182060030677087,
  0.0226594558734306, -0.0167992589312363,
  0.0227570427329495, -0.0153403997234821,
  0.0228118481384152, -0.0138513653042643,
  0.0228298789718200, -0.0123546836974906,
  0.0228170707657109, -0.0108726381583773,
  0.0227791208834343, -0.0094266074812029,
  0.0227214081547171, -0.0080367579702931,
  0.0226489296042845, -0.0067217915989072,
  0.0225662171524808, -0.0054986193513699,
  0.0224772345545068, -0.0043819409887054,
  0.0223852896291152, -0.0033838863150309,
  0.0222929561959623, -0.0025136820956984,
  0.0222020088679875, -0.0017773691091467,
  0.0221133695656930, -0.0011775551809189,
  0.0220270680638762, -0.0007132222069209,
  0.0219422035324757, -0.0003795274191078,
  0.0218569047770308, -0.0001675952086842,
  0.0217682899551739, -0.0000642966326273,
  0.0216724364677803, -0.0000520631885015,
  0.0215643626007937, -0.0001087390642981,
  0.0214380203991913, -0.0002074723551305,
  0.0212861133544822, -0.0003158869346942,
  0.0211041853888738, -0.0004125721338743,
  0.0208895689714935, -0.0004830511062932,
  0.0206404786312567, -0.0005162809897710,
  0.0203556375524195, -0.0005031567915296,
  0.0200345453943084, -0.0004376586282512,
  0.0196771739085971, -0.0003156110830079,
  0.0192841364050675, -0.0001354262851795,
  0.0188564393652518,  0.0001029253506046,
  0.0183955826163767,  0.0003974610421065,
  0.0179033575846905,  0.0007450342452312,
  0.0173819010726029,  0.0011410761482026,
  0.0168335332863211,  0.0015802858285301,
  0.0162607828036983,  0.0020564946880817,
  0.0156662589829916,  0.0025632157261544,
  0.0150526609463911,  0.0030935770689704,
  0.0144226799228139,  0.0036407459760657,
  0.0137790011719102,  0.0041978938533692,
  0.0131242319821757,  0.0047585101856548,
  0.0124609024317866,  0.0053163748424633,
  0.0117914151341810,  0.0058657774443920,
  0.0111180479858213,  0.0064014832722433,
  0.0104429219355216,  0.0069188739010978,
  0.0097680071333882,  0.0074139008780470,
  0.0090951050298530,  0.0078831633741065,
  0.0084258581592739,  0.0083238492410177,
  0.0077617431369031,  0.0087337648319309,
  0.0071040832945776,  0.0091112663164417,
  0.0064540495905563,  0.0094552556714321,
  0.0058126750431153,  0.0097651068745957,
  0.0051808607282957,  0.0100406402831282,
  0.0045593908814736,  0.0102820487733517,
  0.0039489416838586,  0.0104898607140783,
  0.0033500958868507,  0.0106648706277614,
  0.0027633526285832,  0.0108080987984602,
  0.0021891406738255,  0.0109207300743380,
  0.0016278278112163,  0.0110040758352352,
  0.0010797321749078,  0.0110595233982718,
  0.0005451303236362,  0.0110885041015582,
  0.0000242662249331,  0.0110924543949524,
 -0.0004826424498697,  0.0110727920476055,
 -0.0009753977839988,  0.0110308889062374,
 -0.0014538172773327,  0.0109680557734352,
 -0.0019177296479407,  0.0108855258768412,
 -0.0023669723427443,  0.0107844479314625,
 -0.0028013893989485,  0.0106658787470428,
 -0.0032208306138940,  0.0105307831366735,
 -0.0036251510183748,  0.0103800338026123,
 -0.0040142113522783,  0.0102144164420624,
 -0.0043878787478269,  0.0100346347957371,
 -0.0047460280932005,  0.0098413192085735,
 -0.0050885434915788,  0.0096350348547995,
 -0.0054153201295348,  0.0094162920377735,
 -0.0057262661006346,  0.0091855558853844,
 -0.0060213044297811,  0.0089432569319771,
 -0.0063003749448270,  0.0086898007786394,
 -0.0065634361525884,  0.0084255778985976,
 -0.0068104668986736,  0.0081509722090744,
 -0.0070414678987643,  0.0078663692618292,
 -0.0072564630014850,  0.0075721630757554,
 -0.0074555002466748,  0.0072687622583170,
 -0.0076386526260068,  0.0069565947348572,
 -0.0078060186175047,  0.0066361116865939,
 -0.0079577224114185,  0.0063077901214630,
 -0.0080939139084746,  0.0059721346488701,
 -0.0082147684480932,  0.0056296781244213,
 -0.0083204863177638,  0.0052809815252132,
 -0.0084112920387438,  0.0049266329405581,
 -0.0084874334705509,  0.0045672459464238,
 -0.0085491807415512,  0.0042034573307120,
 -0.0085968250479533,  0.0038359243929382,
 -0.0086306773138499,  0.0034653218071932,
 -0.0086510668112026,  0.0030923382947988,
 -0.0086583396489740,  0.0027176730249070,
 -0.0086528572681631,  0.0023420319973889,
 -0.0086349948951245,  0.0019661243763947,
 -0.0086051399968854,  0.0015906589020012,
 -0.0085636907511292,  0.0012163404097422,
 -0.0085110545470172,  0.0008438665299052,
 -0.0084476465327234,  0.0004739245917648,
 -0.0083738881920766,  0.0001071887664842,
 -0.0082902060460728, -0.0002556825086219,
 -0.0081970303382220, -0.0006140488551433,
 -0.0080947938554672, -0.0009672899748874,
 -0.0079839307995797, -0.0013148073971992,
 -0.0078648757375781, -0.0016560259485163,
 -0.0077380626284508, -0.0019903949582346,
 -0.0076039239227446, -0.0023173892141606,
 -0.0074628897389396, -0.0026365096885227,
 -0.0073153870773055, -0.0029472840500924,
 -0.0071618391716712, -0.0032492669941159,
 -0.0070026648013419, -0.0035420403979052,
 -0.0068382777328110, -0.0038252133386279,
 -0.0066690861802849, -0.0040984219870235,
 -0.0064954923182122, -0.0043613294005406,
 -0.0063178918328932, -0.0046136252357192,
 -0.0061366735128327, -0.0048550253967240,
 -0.0059522188694820, -0.0050852716377109,
 -0.0057649017948151, -0.0053041311331904,
 -0.0055750882127571, -0.0055113960159581,
 -0.0053831358306664, -0.0057068829350071,
 -0.0051893938103382, -0.0058904325690002,
 -0.0049942025360431, -0.0060619091736388,
 -0.0047978933665872, -0.0062212001256647,
 -0.0046007884135530, -0.0063682154770498,
 -0.0044032003311262, -0.0065028875232745,
 -0.0042054321262132, -0.0066251703805882,
 -0.0040077769836632, -0.0067350395798262,
 -0.0038105180857208, -0.0068324916463778,
 -0.0036139285081629, -0.0069175437389890,
 -0.0034182710495674, -0.0069902332224020,
 -0.0032237981384018, -0.0070506172923379,
 -0.0030307517357569, -0.0070987725748789,
 -0.0028393632551612, -0.0071347947240016,
 -0.0026498535055227, -0.0071587980070699,
 -0.0024624326477746, -0.0071709148783478,
 -0.0022773001789897, -0.0071712955391485,
 -0.0020946449094055, -0.0071601074559108,
 -0.0019146450178040, -0.0071375349176419,
 -0.0017374680497569, -0.0071037784905803,
 -0.0015632709935133, -0.0070590545095204,
 -0.0013922003505599, -0.0070035945220589,
 -0.0012243922313428, -0.0069376447109954,
 -0.0010599724676771, -0.0068614652945846,
 -0.0008990567450742, -0.0067753299016361,
 -0.0007417507539397, -0.0066795249303035,
 -0.0005881503427584, -0.0065743488589343,
 -0.0004383417265762, -0.0064601116026451,
 -0.0002924016579736, -0.0063371337659525,
 -0.0001503976514682, -0.0062057459457163,
 -0.0000123882064171, -0.0060662879931749,
  0.0001215769565076, -0.0059191082717352,
  0.0002514566464129, -0.0057645629039498,
  0.0003772179442351, -0.0056030150146701,
  0.0004988359347734, -0.0054348339685187,
  0.0006162934299823, -0.0052603946117155,
  0.0007295806943173, -0.0050800764902088,
  0.0008386951405503, -0.0048942631302917,
  0.0009436410526764, -0.0047033412458766,
  0.0010444292808956, -0.0045077000124379,
  0.0011410769433378, -0.0043077303256957,
  0.0012336071240863, -0.0041038240759187,
  0.0013220485703164, -0.0038963734339532,
  0.0014064353887695, -0.0036857701517155,
  0.0014868067424826, -0.0034724048804017,
  0.0015632065523096, -0.0032566664870157,
  0.0016356831907672, -0.0030389414341444,
  0.0017042891914876, -0.0028196131164482,
  0.0017690809521087, -0.0025990612625664,
  0.0018301184447331, -0.0023776613381594,
  0.0018874649301790, -0.0021557839727194,
  0.0019411866769325, -0.0019337944066329,
  0.0019913526853761, -0.0017120519605017,
  0.0020380344179229, -0.0014909095271046,
  0.0020813055341066, -0.0012707130742215,
  0.0021212416347738, -0.0010518011994295,
  0.0021579200094811, -0.0008345046670150,
  0.0021914193937721, -0.0006191459979161,
  0.0022218197324982, -0.0004060390702766,
  0.0022492019511855, -0.0001954887447987,
  0.0022736477350453,  0.0000122094871012,
  0.0022952393161766,  0.0002167698319447,
  0.0023140592689366,  0.0004179165003922,
  0.0023301903146131,  0.0006153839890761,
  0.0023437151293035,  0.0008089173450993,
  0.0023547161739325,  0.0009982723949323,
  0.0023632755150099,  0.0011832159674343,
  0.0023694746677470,  0.0013635260813236,
  0.0023733944428334,  0.0015389921158112,
  0.0023751148028094,  0.0017094149573229,
  0.0023747147277472,  0.0018746071247041,
  0.0023722720895720,  0.0020343928718832,
  0.0023678635370968,  0.0021886082695756,
  0.0023615643813004,  0.0023371012632713,
  0.0023534485107615,  0.0024797317149061,
  0.0023435882875722,  0.0026163714172989,
  0.0023320544733650,  0.0027469040928300,
  0.0023189161551563,  0.0028712253699152,
  0.0023042406814658,  0.0029892427401425,
  0.0022880936063611,  0.0031008754959967,
  0.0022705386421061,  0.0032060546497040,
  0.0022516376211304,  0.0033047228348607,
  0.0022314504559047,  0.0033968341828999,
  0.0022100351317995,  0.0034823542003923,
  0.0021874476732863,  0.0035612596052758,
  0.0021637421428989,  0.0036335381649177,
  0.0021389706368338,  0.0036991885115499,
  0.0021131832890445,  0.0037582199436176,
  0.0020864282814290,  0.0038106522129531,
  0.0020587518606325,  0.0038565152981009,
  0.0020301983600417,  0.0038958491647667,
  0.0020008102299170,  0.0039287035155643,
  0.0019706280608842,  0.0039551375167415,
  0.0019396906410451,  0.0039752195429019,
  0.0019080349796506,  0.0039890268726312,
  0.0018756963640037,  0.0039966454034676,
  0.0018427084082302,  0.0039981693470589,
  0.0018091031086072,  0.0039937009170804,
  0.0017749109013120,  0.0039833500109137,
  0.0017401607242226,  0.0039672338834626,
  0.0017048800824295,  0.0039454768182974,
  0.0016690951059649,  0.0039182097787815,
  0.0016328306366967,  0.0038855700901123,
  0.0015961102806149,  0.0038477010703636,
  0.0015589564890979,  0.0038047516936387,
  0.0015213906305278,  0.0037568762365721,
  0.0014834330645701,  0.0037042339251666,
  0.0014451032172879,  0.0036469885806407,
  0.0014064196564357,  0.0035853082643606,
  0.0013674001689108,  0.0035193649256015,
  0.0013280618274067,  0.0034493340350323,
  0.0012884210828308,  0.0033753942562361,
  0.0012484938211286,  0.0032977270698717,
  0.0012082954459585,  0.0032165164376239,
  0.0011678409487033,  0.0031319484533128,
  0.0011271449801575,  0.0030442110011511,
  0.0010862219194856,  0.0029534934167302,
  0.0010450859424678,  0.0028599861536811,
  0.0010037510869204,  0.0027638804541959,
  0.0009622313181621,  0.0026653680279756,
  0.0009205405830983,  0.0025646407234677,
  0.0008786928835650,  0.0024618902381749,
  0.0008367023183145,  0.0023573077921034,
  0.0007945831440260,  0.0022510838407367,
  0.0007523498243194,  0.0021434077827016,
  0.0007100170779951,  0.0020344676767923,
  0.0006675999232320,  0.0019244499676957,
  0.0006251137197500,  0.0018135392193230,
  0.0005825742075220,  0.0017019178592676,
  0.0005399975370177,  0.0015897659208548,
  0.0004974003109676,  0.0014772608213601,
  0.0004547996022619,  0.0013645771136940,
  0.0004122129835281,  0.0012518862745042,
  0.0003696585477247,  0.0011393564910859,
  0.0003271549253442,  0.0010271524600450,
  0.0002847212989756,  0.0009154351957238,
  0.0002423774135758,  0.0008043618489451,
  0.0002001435845972,  0.0006940855367633,
  0.0001580406978887,  0.0005847551756105,
  0.0001160902171121,  0.0004765153424075,
  0.0000743141733515,  0.0003695061221870,
  0.0000327351622195,  0.0002638629837371,
 -0.0000086236668147,  0.0001597166588291,
 -0.0000497386233803,  0.0000571930323687,
 -0.0000905854925264, -0.0000435869566781,
 -0.0001311395538899, -0.0001425074046674,
 -0.0001713756037534, -0.0002394575214508,
 -0.0002112679816039, -0.0003343317027177,
 -0.0002507905950185, -0.0004270295826262,
 -0.0002899169532597, -0.0005174560895485,
 -0.0003286201988602, -0.0006055214824198,
 -0.0003668731434216, -0.0006911413815583,
 -0.0004046483054380, -0.0007742367893951,
 -0.0004419179502709, -0.0008547341020462,
 -0.0004786541321447, -0.0009325651119336,
 -0.0005148287380414, -0.0010076670015181,
 -0.0005504135334392, -0.0010799823285659,
 -0.0005853802090188, -0.0011494590028664,
 -0.0006197004304162, -0.0012160502550609,
 -0.0006533458871437, -0.0012797145972780,
 -0.0006862883442744, -0.0013404157763179,
 -0.0007184996944620, -0.0013981227193169,
 -0.0007499520109372, -0.0014528094723002,
 -0.0007806176011715, -0.0015044551318333,
 -0.0008104690610850, -0.0015530437700488,
 -0.0008394793300828, -0.0015985643538591,
 -0.0008676217436592, -0.0016410106550577,
 -0.0008948700926973, -0.0016803811622342,
 -0.0009211986738777, -0.0017166789770590,
 -0.0009465823464446, -0.0017499117130317,
 -0.0009709965860243, -0.0017800913861834,
 -0.0009944175382522, -0.0018072343017789,
 -0.0010168220718654, -0.0018313609365929,
 -0.0010381878308718, -0.0018524958172907,
 -0.0010584932866023, -0.0018706673957969,
 -0.0010777177843109, -0.0018859079161905,
 -0.0010958415993880, -0.0018982532913419,
 -0.0011128459778149, -0.0019077429594479,
 -0.0011287131861016, -0.0019144197508847,
 -0.0011434265551277, -0.0019183297478394,
 -0.0011569705232450, -0.0019195221424788,
 -0.0011693306774507, -0.0019180490937909,
 -0.0011804937927185, -0.0019139655826241,
 -0.0011904478694198, -0.0019073292659121,
 -0.0011991821694365, -0.0018982003308601,
 -0.0012066872448223, -0.0018866413419650,
 -0.0012129549777663, -0.0018727171044204,
 -0.0012179786001109, -0.0018564945049218,
 -0.0012217527240264, -0.0018380423695270,
 -0.0012242733650197, -0.0018174313151451,
 -0.0012255379630599, -0.0017947336026180,
 -0.0012255454014354, -0.0017700229909413,
 -0.0012242960227956, -0.0017433745920272,
 -0.0012217916437609, -0.0017148647286470,
 -0.0012180355606415, -0.0016845707857725,
 -0.0012130325678323, -0.0016525710825777,
 -0.0012067889530168, -0.0016189447211736,
 -0.0011993125051399, -0.0015837714565994,
 -0.0011906125132861, -0.0015471315605897,
 -0.0011806997640955, -0.0015091056901422,
 -0.0011695865362751, -0.0014697747574167,
 -0.0011572865925190, -0.0014292198034909,
 -0.0011438151696784, -0.0013875218749540,
 -0.0011291889602517, -0.0013447618976644,
 -0.0011134261063610, -0.0013010205698226,
 -0.0010965461708830, -0.0012563782360722,
 -0.0010785701212363, -0.0012109147815162,
 -0.0010595203045227, -0.0011647095227764,
 -0.0010394204212433, -0.0011178411032164,
 -0.0010182954965214, -0.0010703873921479,
 -0.0009961718491178, -0.0010224253873695,
 -0.0009730770578492, -0.0009740311216703,
 -0.0009490399271442, -0.0009252795738510,
 -0.0009240904443311, -0.0008762445780344,
 -0.0008982597493472, -0.0008269987510378,
 -0.0008715800831793, -0.0007776134046261,
 -0.0008440847491837, -0.0007281584758705,
 -0.0008158080659779, -0.0006787024560095,
 -0.0007867853205529, -0.0006293123239114,
 -0.0007570527187438, -0.0005800534837436,
 -0.0007266473350320, -0.0005309897064635,
 -0.0006956070608301, -0.0004821830760803,
 -0.0006639705476194, -0.0004336939354199,
 -0.0006317771594558, -0.0003855808468313,
 -0.0005990669098081, -0.0003379005421596,
 -0.0005658804082000, -0.0002907078873658,
 -0.0005322588017325, -0.0002440558470766,
 -0.0004982437162562, -0.0001979954528723,
 -0.0004638771969752, -0.0001525757762492,
 -0.0004292016483547, -0.0001078439042429,
 -0.0003942597740487, -0.0000638449201625,
 -0.0003590945132631, -0.0000206218840777,
 -0.0003237489847937,  0.0000217841752319,
 -0.0002882664202161,  0.0000633342751899,
 -0.0002526901049835,  0.0001039914831251,
 -0.0002170633164164,  0.0001437209202774,
 -0.0001814292622957,  0.0001824897614787,
 -0.0001458310197525,  0.0002202672323829,
 -0.0001103114744862,  0.0002570246030709,
 -0.0000749132604460,  0.0002927351793393,
 -0.0000396787003432,  0.0003273742904495,
 -0.0000046497452165,  0.0003609192756402,
  0.0000301320812308,  0.0003933494651068,
  0.0000646257428033,  0.0004246461621309,
  0.0000987907459932,  0.0004547926199805,
  0.0001325871957568,  0.0004837740177552,
  0.0001659758498609,  0.0005115774336142,
  0.0001989181720514,  0.0005381918160777,
  0.0002313763838720,  0.0005636079531598,
  0.0002633135151418,  0.0005878184398049,
  0.0002946934530248,  0.0006108176429120,
  0.0003254809893434,  0.0006326016660152,
  0.0003556418666133,  0.0006531683105999,
  0.0003851428221775,  0.0006725170372818,
  0.0004139516306579,  0.0006906489250130,
  0.0004420371446605,  0.0007075666291615,
  0.0004693693335589,  0.0007232743383704,
  0.0004959193204471,  0.0007377777303391,
  0.0005216594172691,  0.0007510839269648,
  0.0005465631567800,  0.0007632014467874,
  0.0005706053255161,  0.0007741401611053,
  0.0005937619905924,  0.0007839112434761,
  0.0006160105274349,  0.0007925271231415,
  0.0006373296442273,  0.0008000014360221,
  0.0006576994042625,  0.0008063489758139,
  0.0006771012462799,  0.0008115856445193,
  0.0006955180023918,  0.0008157284030142,
  0.0007129339144220,  0.0008187952216134,
  0.0007293346453794,  0.0008208050282479,
  0.0007447072949325,  0.0008217776629341,
  0.0007590404044157,  0.0008217338238070,
  0.0007723239658190,  0.0008206950196892,
  0.0007845494259864,  0.0008186835204784,
  0.0007957096890796,  0.0008157223080256,
  0.0008057991168430,  0.0008118350276657,
  0.0008148135265957,  0.0008070459398869,
  0.0008227501871977,  0.0008013798727804,
  0.0008296078132458,  0.0007948621753119,
  0.0008353865540634,  0.0007875186682504,
  0.0008400879886314,  0.0007793756035280,
  0.0008437151076498,  0.0007704596138423,
  0.0008462723017294,  0.0007607976708271,
  0.0008477653443632,  0.0007504170410455,
  0.0008482013734741,  0.0007393452431056,
  0.0008475888711179,  0.0007276100059218,
  0.0008459376413161,  0.0007152392276355,
  0.0008432587867337,  0.0007022609362887,
  0.0008395646799340,  0.0006887032479156,
  0.0008348689421759,  0.0006745943342131,
  0.0008291864082922,  0.0006599623798487,
  0.0008225330992160,  0.0006448355495127,
  0.0008149261893885,  0.0006292419522985,
  0.0008063839732188,  0.0006132096082204,
  0.0007969258303637,  0.0005967664152691,
  0.0007865721894565,  0.0005799401182447,
  0.0007753444915238,  0.0005627582785146,
  0.0007632651482010,  0.0005452482425677,
  0.0007503575084718,  0.0005274371187568,
  0.0007366458116786,  0.0005093517454841,
  0.0007221551491598,  0.0004910186676983,
  0.0007069114211023,  0.0004724641120428,
  0.0006909412933140,  0.0004537139630979,
  0.0006742721532443,  0.0004347937412816,
  0.0006569320653240,  0.0004157285814245,
  0.0006389497258264,  0.0003965432129365,
  0.0006203544176171,  0.0003772619410573,
  0.0006011759613813,  0.0003579086270834,
  0.0005814446745761,  0.0003385066758005,
  0.0005611913192519,  0.0003190790156717,
  0.0005404470577425,  0.0002996480862265,
  0.0005192434052060,  0.0002802358243713,
  0.0004976121823301,  0.0002608636516643,
  0.0004755854684045,  0.0002415524630896,
  0.0004531955541468,  0.0002223226164251,
  0.0004304748954653,  0.0002031939232451,
  0.0004074560644469,  0.0001841856386290,
  0.0003841717077099,  0.0001653164570410,
  0.0003606544958072,  0.0001466045022399,
  0.0003369370800954,  0.0001280673232298,
  0.0003130520471869,  0.0001097218890304,
  0.0002890318745889,  0.0000915845846031,
  0.0002649088867998,  0.0000736712076416,
  0.0002407152122474,  0.0000559969661028,
  0.0002164827411402,  0.0000385764767819,
  0.0001922430823280,  0.0000214237632465,
  0.0001680275256975,  0.0000045522578674,
  0.0001438669991460, -0.0000120251999712,
  0.0001197920312668, -0.0000282963615681,
  0.0000958327131420, -0.0000442495674108,
  0.0000720186614618, -0.0000598737447315,
  0.0000483789827775, -0.0000751584045970,
  0.0000249422388327, -0.0000900936383143,
  0.0000017364131175, -0.0001046701134261,
 -0.0000212111212930, -0.0001188790690043,
 -0.0000438736334654, -0.0001327123110535,
 -0.0000662250629451, -0.0001461622061217,
 -0.0000882400496399, -0.0001592216762232,
 -0.0001098939602979, -0.0001718841920394,
 -0.0001311629143467, -0.0001841437662724,
 -0.0001520238084145, -0.0001959949465287,
 -0.0001724543392439, -0.0002074328078810,
 -0.0001924330254133, -0.0002184529450987,
 -0.0002119392274212, -0.0002290514646192,
 -0.0002309531665244, -0.0002392249760727,
 -0.0002494559419704, -0.0002489705839718,
 -0.0002674295469083, -0.0002582858786101,
 -0.0002848568827066, -0.0002671689271646,
 -0.0003017217719440, -0.0002756182644325,
 -0.0003180089698039, -0.0002836328834223,
 -0.0003337041741216, -0.0002912122257789,
 -0.0003487940338737, -0.0002983561720735,
 -0.0003632661564313, -0.0003050650320775,
 -0.0003771091124749, -0.0003113395342045,
 -0.0003903124415996, -0.0003171808166780,
 -0.0004028666536798, -0.0003225904161861,
 -0.0004147632309533, -0.0003275702582689,
 -0.0004259946278256, -0.0003321226469787,
 -0.0004365542694953, -0.0003362502545324,
 -0.0004464365491640, -0.0003399561110390,
 -0.0004556368239690, -0.0003432435940787,
 -0.0004641514095603, -0.0003461164184253,
 -0.0004719775736741, -0.0003485786257924,
 -0.0004791135269082, -0.0003506345735782,
 -0.0004855584160993, -0.0003522889264467,
 -0.0004913123113778, -0.0003535466440990,
 -0.0004963761959068, -0.0003544129719223,
 -0.0005007519529350, -0.0003548934306341,
 -0.0005044423520046, -0.0003549938060374,
 -0.0005074510344129, -0.0003547201391731,
 -0.0005097824954191, -0.0003540787147854,
 -0.0005114420724409, -0.0003530760551809,
 -0.0005124359188748, -0.0003517189039816,
 -0.0005127709953972, -0.0003500142238522,
 -0.0005124550397672, -0.0003479691787906,
 -0.0005114965570634, -0.0003455911324336,
 -0.0005099047882244, -0.0003428876308605,
 -0.0005076896948488, -0.0003398663981018,
 -0.0005048619364984, -0.0003365353268159,
 -0.0005014328402470, -0.0003329024635936,
 -0.0004974143872170, -0.0003289760076742,
 -0.0004928191765959, -0.0003247642932470,
 -0.0004876604118715, -0.0003202757889315,
 -0.0004819518637179, -0.0003155190802400,
 -0.0004757078553416, -0.0003105028692584,
 -0.0004689432251916, -0.0003052359578536,
 -0.0004616733072347, -0.0002997272443483,
 -0.0004539139037690, -0.0002939857148985,
 -0.0004456812506897, -0.0002880204297457,
 -0.0004369920005978, -0.0002818405227535,
 -0.0004278631833646, -0.0002754551847132,
 -0.0004183121895154, -0.0002688736635361,
 -0.0004083567306943, -0.0002621052478635,
 -0.0003980148226824, -0.0002551592673335,
 -0.0003873047466783, -0.0002480450770319,
 -0.0003762450280350, -0.0002407720548560,
 -0.0003648544079144, -0.0002333495936660,
 -0.0003531518086117, -0.0002257870889719,
 -0.0003411563154914, -0.0002180939385761,
 -0.0003288871387877, -0.0002102795277173,
 -0.0003163635962976, -0.0002023532291391,
 -0.0003036050759812, -0.0001943243887076,
 -0.0002906310188151, -0.0001862023254189,
 -0.0002774608829483, -0.0001779963178872,
 -0.0002641141234323, -0.0001697156018150,
 -0.0002506101659296, -0.0001613693631338,
 -0.0002369683757678, -0.0001529667272586,
 -0.0002232080408705, -0.0001445167585910,
 -0.0002093483386938, -0.0001360284477331,
 -0.0001954083202144, -0.0001275107112890,
 -0.0001814068784094, -0.0001189723796371,
 -0.0001673627327883, -0.0001104221965790,
 -0.0001532943995491, -0.0001018688077147,
 -0.0001392201767301, -0.0000933207599017,
 -0.0001251581165288, -0.0000847864905586,
 -0.0001111260088777, -0.0000762743251962,
 -0.0000971413612477, -0.0000677924716481,
 -0.0000832213757291, -0.0000593490118519,
 -0.0000693829357603, -0.0000509519005875,
 -0.0000556425828125, -0.0000426089560500,
 -0.0000420165043142, -0.0000343278587248,
 -0.0000285205124443, -0.0000261161426262,
 -0.0000151700329076, -0.0000179811939982,
 -0.0000019800860808, -0.0000099302434104,
  0.0000110347245558, -0.0000019703632587,
  0.0000238602260629,  0.0000058915369204,
  0.0000364826904841,  0.0000136487163141,
  0.0000488888439258,  0.0000212946047409,
  0.0000610658802018,  0.0000288228089622,
  0.0000730014687163,  0.0000362271145337,
  0.0000846837658905,  0.0000435014914063,
  0.0000961014220646,  0.0000506400958979,
  0.0001072435906758,  0.0000576372755209,
  0.0001180999343875,  0.0000644875713757,
  0.0001286606316120,  0.0000711857215173,
  0.0001389163820402,  0.0000777266642620,
  0.0001488584111675,  0.0000841055405238,
  0.0001584784740486,  0.0000903176968105,
  0.0001677688587849,  0.0000963586875552,
  0.0001767223881785,  0.0001022242773763,
  0.0001853324222538,  0.0001079104434537,
  0.0001935928579814,  0.0001134133771076,
  0.0002014981301383,  0.0001187294858550,
  0.0002090432109101,  0.0001238553951680,
  0.0002162236071483,  0.0001287879491685,
  0.0002230353604670,  0.0001335242129694,
  0.0002294750420370,  0.0001380614723770,
  0.0002355397519079,  0.0001423972362589,
  0.0002412271120168,  0.0001465292355151,
  0.0002465352646675,  0.0001504554254076,
  0.0002514628640877,  0.0001541739839575,
  0.0002560090726340,  0.0001576833133122,
  0.0002601735544951,  0.0001609820397379,
  0.0002639564659837,  0.0001640690117079,
  0.0002673584519148,  0.0001669433018367,
  0.0002703806330581,  0.0001696042034485,
  0.0002730246020666,  0.0001720512325410,
  0.0002752924095949,  0.0001742841236851,
  0.0002771865595866,  0.0001763028318570,
  0.0002787099945063,  0.0001781075279122,
  0.0002798660880322,  0.0001796985989409,
  0.0002806586342421,  0.0001810766464653,
  0.0002810918329192,  0.0001822424820785,
  0.0002811702830801,  0.0001831971286195,
  0.0002808989653948,  0.0001839418139541,
  0.0002802832355842,  0.0001844779721707,
  0.0002793288060444,  0.0001848072368088,
  0.0002780417388272,  0.0001849314418461,
  0.0002764284265995,  0.0001848526144100,
  0.0002744955852582,  0.0001845729755400,
  0.0002722502347267,  0.0001840949326886,
  0.0002696996889466,  0.0001834210786220,
  0.0002668515420595,  0.0001825541875574,
  0.0002637136503557,  0.0001814972083326,
  0.0002602941240285,  0.0001802532643227,
  0.0002566013065340,  0.0001788256445883,
  0.0002526437665720,  0.0001772178038252,
  0.0002484302772978,  0.0001754333531503,
  0.0002439698081862,  0.0001734760598034,
  0.0002392715046037,  0.0001713498378985,
  0.0002343446772822,  0.0001690587461886,
  0.0002291987877650,  0.0001666069827624,
  0.0002238434301530,  0.0001639988769267,
  0.0002182883224574,  0.0001612388878914,
  0.0002125432861968,  0.0001583315947423,
  0.0002066182382237,  0.0001552816951683,
  0.0002005231706209,  0.0001520939952625,
  0.0001942681426528,  0.0001487734080175,
  0.0001878632614015,  0.0001453249432642,
  0.0001813186717953,  0.0001417537043519,
  0.0001746445429396,  0.0001380648819764,
  0.0001678510514433,  0.0001342637453742,
  0.0001609483733666,  0.0001303556399955,
  0.0001539466659905,  0.0001263459770710,
  0.0001468560603760,  0.0001222402313417,
  0.0001396866438257,  0.0001180439306748,
  0.0001324484527042,  0.0001137626535879,
  0.0001251514559560,  0.0001094020191895,
  0.0001178055465156,  0.0001049676831421,
  0.0001104205298724,  0.0001004653311547,
  0.0001030061102737,  0.0000959006702736,
  0.0000955718840978,  0.0000912794258038,
  0.0000881273251914,  0.0000866073313627,
  0.0000806817788802,  0.0000818901258983,
  0.0000732444482679,  0.0000771335439886,
  0.0000658243886136,  0.0000723433127224,
  0.0000584304948235,  0.0000675251424697,
  0.0000510714950187,  0.0000626847225910,
  0.0000437559420092,  0.0000578277151474,
  0.0000364922034314,  0.0000529597471107,
  0.0000292884568963,  0.0000480864068221,
  0.0000221526798942,  0.0000432132354533,
  0.0000150926455704,  0.0000383457235995,
  0.0000081159137105,  0.0000334893031436,
  0.0000012298269330,  0.0000286493438190,
 -0.0000055584971227,  0.0000238311456246,
 -0.0000122421698340,  0.0000190399346961,
 -0.0000188145367286,  0.0000142808578597,
 -0.0000252691830831,  0.0000095589763685,
 -0.0000315999367334,  0.0000048792623768,
 -0.0000378008733294,  0.0000002465924294,
 -0.0000438663185966, -0.0000043342558957,
 -0.0000497908525131, -0.0000088586099727,
 -0.0000555693111520, -0.0000133219054217,
 -0.0000611967897733, -0.0000177196915004,
 -0.0000666686443601, -0.0000220476345975,
 -0.0000719804934446, -0.0000263015223833,
 -0.0000771282194133, -0.0000304772680191,
 -0.0000821079694233, -0.0000345709132968,
 -0.0000869161558908, -0.0000385786326150,
 -0.0000915494569833, -0.0000424967359311,
 -0.0000960048161372, -0.0000463216721451,
 -0.0001002794421699, -0.0000500500319065,
 -0.0001043708078580, -0.0000536785503981,
 -0.0001082766496858, -0.0000572041099815,
 -0.0001119949655992, -0.0000606237424064,
 -0.0001155240139253, -0.0000639346311048,
 -0.0001188623115067, -0.0000671341132640,
 -0.0001220086305326, -0.0000702196812267,
 -0.0001249619973702, -0.0000731889846544,
 -0.0001277216881741, -0.0000760398311961,
 -0.0001302872274932, -0.0000787701884764,
 -0.0001326583831231, -0.0000813781841627,
 -0.0001348351644393, -0.0000838621077454,
 -0.0001368178166833, -0.0000862204100972,
 -0.0001386068181849, -0.0000884517045392,
 -0.0001402028761625, -0.0000905547670868,
 -0.0001416069207405, -0.0000925285355393,
 -0.0001428201025204, -0.0000943721106096,
 -0.0001438437852155, -0.0000960847540035,
 -0.0001446795431508, -0.0000976658893959,
 -0.0001453291533766, -0.0000991150999736,
 -0.0001457945929903, -0.0001004321291782,
 -0.0001460780309615, -0.0001016168778554,
 -0.0001461818241926, -0.0001026694040286,
 -0.0001461085117142, -0.0001035899214110,
 -0.0001458608068432, -0.0001043787964217,
 -0.0001454415939374, -0.0001050365482154,
 -0.0001448539191392, -0.0001055638445365,
 -0.0001441009872039, -0.0001059615016333,
 -0.0001431861519734, -0.0001062304796918,
 -0.0001421129131143, -0.0001063718825169,
 -0.0001408849065775, -0.0001063869527204,
 -0.0001395059000479, -0.0001062770702977,
 -0.0001379797863059, -0.0001060437496670,
 -0.0001363105745172, -0.0001056886350462,
 -0.0001345023865983, -0.0001052134994469,
 -0.0001325594471969, -0.0001046202388615,
 -0.0001304860802436, -0.0001039108712034,
 -0.0001282866988972, -0.0001030875302073,
 -0.0001259658020938, -0.0001021524641812,
 -0.0001235279647114, -0.0001011080298100,
 -0.0001209778329134, -0.0000999566897938,
 -0.0001183201174280, -0.0000987010087821,
 -0.0001155595848562, -0.0000973436477035,
 -0.0001127010540884, -0.0000958873618877,
 -0.0001097493864972, -0.0000943349942884,
 -0.0001067094826180, -0.0000926894736143,
 -0.0001035862725142, -0.0000909538074299,
 -0.0001003847125257, -0.0000891310801452,
 -0.0000971097760323, -0.0000872244461857,
 -0.0000937664491735, -0.0000852371269506,
 -0.0000903597246276, -0.0000831724061897,
 -0.0000868945937669, -0.0000810336238571,
 -0.0000833760434004, -0.0000788241736848,
 -0.0000798090470763, -0.0000765474961213,
 -0.0000761985621405, -0.0000742070759675,
 -0.0000725495213603, -0.0000718064353582,
 -0.0000688668301108, -0.0000693491313200,
 -0.0000651553583568, -0.0000668387488303,
 -0.0000614199379682, -0.0000642788983121,
 -0.0000576653552353, -0.0000616732089287,
 -0.0000538963474664, -0.0000590253252798,
 -0.0000501175980273, -0.0000563389027096,
 -0.0000463337303184, -0.0000536176015056,
 -0.0000425493052083, -0.0000508650841542,
 -0.0000387688145575, -0.0000480850089387,
 -0.0000349966789533, -0.0000452810273182,
 -0.0000312372416914, -0.0000424567777387,
 -0.0000274947666660, -0.0000396158830199,
 -0.0000237734329217, -0.0000367619444991,
 -0.0000200773321214, -0.0000338985388721,
 -0.0000164104650143, -0.0000310292140133,