vv1     ,       vv2     ,       vv3     ,       vv4     ,       vv5     ,       vv6     
timestep:         0.0165466546654665
yAxisLabel:velocity [m/s]       
title:bogies velocity   
  0.0000000000000000,         0.0000000000000000,         0.0000000000000000,         0.0000000000000000,         0.0000000000000000,         0.0000000000000000
  0.0000000000000000,         0.0000000000000000,         0.0000000000000000,         0.0000000000000000,         0.0000000000000000,         0.0000000000000000
 -0.0000078525251099,         0.0000000000000000,         0.0000000000000000,         0.0000000000000000,         0.0000000000000000,         0.0000000000000000
 -0.0000463398791413,         0.0000000000000000,         0.0000000000000000,         0.0000000000000000,         0.0000000000000000,         0.0000000000000000
 -0.0001364198357342,         0.0000000000000000,         0.0000000000000000,         0.0000000000000000,         0.0000000000000000,         0.0000000000000000
 -0.0002813548517368,         0.0000000000000000,         0.0000000000000000,         0.0000000000000000,         0.0000000000000000,         0.0000000000000000
 -0.0004782952085275,         0.0000000000000000,         0.0000000000000000,         0.0000000000000000,         0.0000000000000000,         0.0000000000000000
 -0.0007292028362825,         0.0000000000000000,         0.0000000000000000,         0.0000000000000000,         0.0000000000000000,         0.0000000000000000
 -0.0010245241703898,         0.0000000000000000,         0.0000000000000000,         0.0000000000000000,         0.0000000000000000,         0.0000000000000000
 -0.0013501694821439,         0.0000000000000000,         0.0000000000000000,         0.0000000000000000,         0.0000000000000000,         0.0000000000000000
 -0.0017077762858443,         0.0000000000000000,         0.0000000000000000,         0.0000000000000000,         0.0000000000000000,         0.0000000000000000
 -0.0020948451079677,         0.0000000000000000,         0.0000000000000000,         0.0000000000000000,         0.0000000000000000,         0.0000000000000000
 -0.0025063269960879,         0.0000000000000000,         0.0000000000000000,         0.0000000000000000,         0.0000000000000000,         0.0000000000000000
 -0.0029503852560154,         0.0000000000000000,         0.0000000000000000,         0.0000000000000000,         0.0000000000000000,         0.0000000000000000
 -0.0034378474917230,         0.0000000000000000,         0.0000000000000000,         0.0000000000000000,         0.0000000000000000,         0.0000000000000000
 -0.0039789663549487,         0.0000000000000000,         0.0000000000000000,         0.0000000000000000,         0.0000000000000000,         0.0000000000000000
 -0.0045879342199990,         0.0000000000000000,         0.0000000000000000,         0.0000000000000000,         0.0000000000000000,         0.0000000000000000
 -0.0052748676636340,         0.0000000000000000,         0.0000000000000000,         0.0000000000000000,         0.0000000000000000,         0.0000000000000000
 -0.0060367843820030,         0.0000000000000000,         0.0000000000000000,         0.0000000000000000,         0.0000000000000000,         0.0000000000000000
 -0.0068678520527512,         0.0000000000000000,         0.0000000000000000,         0.0000000000000000,         0.0000000000000000,         0.0000000000000000
 -0.0077604224184484,         0.0000000000000000,         0.0000000000000000,         0.0000000000000000,         0.0000000000000000,         0.0000000000000000
 -0.0086959406756665,         0.0000000000000000,         0.0000000000000000,         0.0000000000000000,         0.0000000000000000,         0.0000000000000000
 -0.0096613588450486,         0.0000000000000000,         0.0000000000000000,         0.0000000000000000,         0.0000000000000000,         0.0000000000000000
 -0.0106496667037411,         0.0000000000000000,         0.0000000000000000,         0.0000000000000000,         0.0000000000000000,         0.0000000000000000
 -0.0116414589795035,         0.0000000000000000,         0.0000000000000000,         0.0000000000000000,         0.0000000000000000,         0.0000000000000000
 -0.0126186596762617,         0.0000000000000000,         0.0000000000000000,         0.0000000000000000,         0.0000000000000000,         0.0000000000000000
 -0.0135796066623195,         0.0000000000000000,         0.0000000000000000,         0.0000000000000000,         0.0000000000000000,         0.0000000000000000
 -0.0145275189481439,         0.0000000000000000,         0.0000000000000000,         0.0000000000000000,         0.0000000000000000,         0.0000000000000000
 -0.0154663414736751,         0.0000000000000000,         0.0000000000000000,         0.0000000000000000,         0.0000000000000000,         0.0000000000000000
 -0.0164106961810423,         0.0000000000000000,         0.0000000000000000,         0.0000000000000000,         0.0000000000000000,         0.0000000000000000
 -0.0173732684817936,         0.0000000000000000,         0.0000000000000000,         0.0000000000000000,         0.0000000000000000,         0.0000000000000000
 -0.0183466731694191,         0.0000000000000000,         0.0000000000000000,         0.0000000000000000,         0.0000000000000000,         0.0000000000000000
 -0.0193103923524379,         0.0000000000000000,         0.0000000000000000,         0.0000000000000000,         0.0000000000000000,         0.0000000000000000
 -0.0202338716010975,         0.0000000000000000,         0.0000000000000000,         0.0000000000000000,         0.0000000000000000,         0.0000000000000000
 -0.0210811969140069,         0.0000000000000000,         0.0000000000000000,         0.0000000000000000,         0.0000000000000000,         0.0000000000000000
 -0.0218254652460130,         0.0000000000000000,         0.0000000000000000,         0.0000000000000000,         0.0000000000000000,         0.0000000000000000
 -0.0224411901168964,        -0.0002215144902059,         0.0000000000000000,         0.0000000000000000,         0.0000000000000000,         0.0000000000000000
 -0.0228999268131339,        -0.0006893692993694,         0.0000000000000000,         0.0000000000000000,         0.0000000000000000,         0.0000000000000000
 -0.0231857115656692,        -0.0012259005454616,         0.0000000000000000,         0.0000000000000000,         0.0000000000000000,         0.0000000000000000
 -0.0233003091869573,        -0.0018420571686622,         0.0000000000000000,         0.0000000000000000,         0.0000000000000000,         0.0000000000000000
 -0.0232649264692809,        -0.0025269955969905,        -0.0002300037391198,         0.0000000000000000,         0.0000000000000000,         0.0000000000000000
 -0.0231191800137520,        -0.0032782453226221,        -0.0007343964941053,         0.0000000000000000,         0.0000000000000000,         0.0000000000000000
 -0.0228910418765716,        -0.0041260469815687,        -0.0013496594016268,         0.0000000000000000,         0.0000000000000000,         0.0000000000000000
 -0.0225766108464431,        -0.0050793197743866,        -0.0020903125743992,         0.0000000000000000,         0.0000000000000000,         0.0000000000000000
 -0.0221887686017993,        -0.0061069036802476,        -0.0029477035760520,         0.0000000000000000,         0.0000000000000000,         0.0000000000000000
 -0.0217917927836565,        -0.0071972802248386,        -0.0039127423136478,         0.0000000000000000,         0.0000000000000000,         0.0000000000000000
 -0.0214470347308586,        -0.0083494137004087,        -0.0049777332605836,         0.0000000000000000,         0.0000000000000000,         0.0000000000000000
 -0.0211679252672345,        -0.0095406602952366,        -0.0061154932584975,         0.0000000000000000,         0.0000000000000000,         0.0000000000000000
 -0.0209393411275641,        -0.0107684723862838,        -0.0073065246664132,         0.0000000000000000,         0.0000000000000000,         0.0000000000000000
 -0.0207487985274105,        -0.0120536947166343,        -0.0085567451749150,         0.0000000000000000,         0.0000000000000000,         0.0000000000000000
 -0.0206063787499509,        -0.0134062918653899,        -0.0098629985835520,         0.0000000000000000,         0.0000000000000000,         0.0000000000000000
 -0.0205312556417121,        -0.0148393967644891,        -0.0112152056560890,         0.0000000000000000,         0.0000000000000000,         0.0000000000000000
 -0.0205137259428708,        -0.0163688648598705,        -0.0126266360459796,         0.0000000000000000,         0.0000000000000000,         0.0000000000000000
 -0.0205279680208911,        -0.0179987733694160,        -0.0141234663745354,         0.0000000000000000,         0.0000000000000000,         0.0000000000000000
 -0.0205716809400265,        -0.0197402922722556,        -0.0157303764326302,         0.0000000000000000,         0.0000000000000000,         0.0000000000000000
 -0.0206440303666370,        -0.0216037655219434,        -0.0174741444687013,         0.0000000000000000,         0.0000000000000000,         0.0000000000000000
 -0.0207193538847893,        -0.0235660273260800,        -0.0193620185146426,         0.0000000000000000,         0.0000000000000000,         0.0000000000000000
 -0.0207887161089253,        -0.0255953088110996,        -0.0213741228570808,         0.0000000000000000,         0.0000000000000000,         0.0000000000000000
 -0.0208829327287394,        -0.0276783421112170,        -0.0234908976377069,         0.0000000000000000,         0.0000000000000000,         0.0000000000000000
 -0.0210400092316947,        -0.0297778949512532,        -0.0256781052267832,         0.0000000000000000,         0.0000000000000000,         0.0000000000000000
 -0.0212885148565389,        -0.0318388082012453,        -0.0278777945710650,         0.0000000000000000,         0.0000000000000000,         0.0000000000000000
 -0.0216469045401652,        -0.0338548492333499,        -0.0300624736100951,         0.0000000000000000,         0.0000000000000000,         0.0000000000000000
 -0.0221109350006227,        -0.0358490758615463,        -0.0322387320351123,         0.0000000000000000,         0.0000000000000000,         0.0000000000000000
 -0.0226511431821826,        -0.0378288060172932,        -0.0344027715031910,         0.0000000000000000,         0.0000000000000000,         0.0000000000000000
 -0.0232213459299840,        -0.0398139967483463,        -0.0365611530086178,         0.0000000000000000,         0.0000000000000000,         0.0000000000000000
 -0.0237638116905126,        -0.0418403693480476,        -0.0387425718290253,         0.0000000000000000,         0.0000000000000000,         0.0000000000000000
 -0.0242243312412915,        -0.0439160277930267,        -0.0409462526202421,         0.0000000000000000,         0.0000000000000000,         0.0000000000000000
 -0.0245605572749069,        -0.0460180920139883,        -0.0431422597258349,         0.0000000000000000,         0.0000000000000000,         0.0000000000000000
 -0.0247300366085907,        -0.0481144132365327,        -0.0453183808315622,         0.0000000000000000,         0.0000000000000000,         0.0000000000000000
 -0.0246941622212819,        -0.0501620337435092,        -0.0474645131349658,         0.0000000000000000,         0.0000000000000000,         0.0000000000000000
 -0.0244339058664695,        -0.0521034316312026,        -0.0495423661143226,         0.0000000000000000,         0.0000000000000000,         0.0000000000000000
 -0.0239509215715201,        -0.0538644385768295,        -0.0514954832485726,         0.0000000000000000,         0.0000000000000000,         0.0000000000000000
 -0.0232592849488047,        -0.0553594786143645,        -0.0532550328171928,        -0.0005526739917776,         0.0000000000000000,         0.0000000000000000
 -0.0223783247909246,        -0.0565259731013381,        -0.0547512141672878,        -0.0017220690604602,         0.0000000000000000,         0.0000000000000000
 -0.0213198686056320,        -0.0573317107329269,        -0.0559324780722682,        -0.0030379257108850,         0.0000000000000000,         0.0000000000000000
 -0.0200863937093376,        -0.0577469926905253,        -0.0567616228673674,        -0.0044833955360130,         0.0000000000000000,         0.0000000000000000
 -0.0186947101401474,        -0.0577538726266160,        -0.0572190466090971,        -0.0060234140009622,        -0.0005484624270088,         0.0000000000000000
 -0.0171651164692869,        -0.0573726672007059,        -0.0573132132322825,        -0.0076441422005320,        -0.0017066468442629,         0.0000000000000000
 -0.0154906914338132,        -0.0566325355314259,        -0.0570516800026582,        -0.0093657225233388,        -0.0030144245330429,         0.0000000000000000
 -0.0136465821554435,        -0.0555525106354944,        -0.0564300040613364,        -0.0111717499634870,        -0.0044674392441730,         0.0000000000000000
 -0.0116121235265470,        -0.0541915958580391,        -0.0554970314863957,        -0.0130058994235612,        -0.0060356486507156,         0.0000000000000000
 -0.0093929344981013,        -0.0526384936424262,        -0.0543517682381584,        -0.0148521233254778,        -0.0076990597113654,         0.0000000000000000
 -0.0070276605972160,        -0.0509432830720967,        -0.0530385009033085,        -0.0167134184928609,        -0.0094467010341011,         0.0000000000000000
 -0.0045531634588634,        -0.0491184379159303,        -0.0515502238474566,        -0.0185703974760903,        -0.0112488607336254,         0.0000000000000000
 -0.0019839329515731,        -0.0471726304641225,        -0.0499180283572963,        -0.0204189199088162,        -0.0130849234693947,         0.0000000000000000
  0.0006456700135341,        -0.0451324537520931,        -0.0482120640357014,        -0.0222590322549809,        -0.0149453479789241,         0.0000000000000000
  0.0032682825275866,        -0.0430498484962495,        -0.0464870507082899,        -0.0240770641987097,        -0.0167995444134502,         0.0000000000000000
  0.0058550658266486,        -0.0409578012693439,        -0.0447622623801850,        -0.0258862948021644,        -0.0186324902826467,         0.0000000000000000
  0.0084280102959563,        -0.0388301905902833,        -0.0430202245015239,        -0.0277201345389700,        -0.0204770429567002,         0.0000000000000000
  0.0109685020145258,        -0.0366367775198822,        -0.0412326328964679,        -0.0295994305342458,        -0.0223705732946196,         0.0000000000000000
  0.0134020189923584,        -0.0343898544496119,        -0.0394016388405934,        -0.0315384742157779,        -0.0243302957219407,         0.0000000000000000
  0.0156737469186159,        -0.0320935859395186,        -0.0375304573889713,        -0.0335342431455404,        -0.0263734038138944,         0.0000000000000000
  0.0177681676789758,        -0.0297404209413012,        -0.0355983545085635,        -0.0355528539163020,        -0.0285024268292135,         0.0000000000000000
  0.0196865147408991,        -0.0273703914496311,        -0.0336156143022573,        -0.0375735253713938,        -0.0307003156331418,         0.0000000000000000
  0.0214389355883792,        -0.0250467897692542,        -0.0316294312868597,        -0.0395856402311883,        -0.0329488893120910,         0.0000000000000000
  0.0230277722789108,        -0.0228105692867779,        -0.0296681671842153,        -0.0415341220830028,        -0.0351988374234807,         0.0000000000000000
  0.0244433284244948,        -0.0207044516901111,        -0.0277559679328274,        -0.0433761617631659,        -0.0373957499076226,         0.0000000000000000
  0.0256959656860029,        -0.0187745703632797,        -0.0259467680597442,        -0.0451357831029557,        -0.0395430796465170,         0.0000000000000000
  0.0268284201191365,        -0.0170465670678896,        -0.0242913288880776,        -0.0468287680840053,        -0.0416473361818369,         0.0000000000000000
  0.0278950300993822,        -0.0155294877577237,        -0.0228121478381852,        -0.0484484771258557,        -0.0436832402297581,         0.0000000000000000
  0.0289459356873115,        -0.0142055269134818,        -0.0215160411486514,        -0.0500362301220820,        -0.0456684365469078,         0.0000000000000000
  0.0300126156701400,        -0.0130149955891862,        -0.0203837839035366,        -0.0516501783963414,        -0.0476517931435574,         0.0000000000000000
  0.0311027847741645,        -0.0118867145059748,        -0.0193616518742963,        -0.0533118694305662,        -0.0496408379181035,         0.0000000000000000
  0.0322167545020385,        -0.0107657185816625,        -0.0183870819025110,        -0.0550361095717976,        -0.0516444619964158,         0.0000000000000000
  0.0333542263260010,        -0.0095935641906082,        -0.0173950399118371,        -0.0568272589022889,        -0.0537018739529700,         0.0000000000000000
  0.0344981910537151,        -0.0083051541070904,        -0.0163119324341255,        -0.0586430043226333,        -0.0558073245107639,         0.0000000000000000
  0.0356141119991057,        -0.0068585022207321,        -0.0150774056325710,        -0.0604151783575027,        -0.0579002899501684,         0.0000000000000000
  0.0366679756303294,        -0.0052441457314460,        -0.0136630360679453,        -0.0620680441721312,        -0.0599197580698939,         0.0000000000000000
  0.0376325718591480,        -0.0034766946438774,        -0.0120660288495042,        -0.0635105978286798,        -0.0617972777705600,         0.0000000000000000
  0.0384975867182253,        -0.0015905235838677,        -0.0102991367405900,        -0.0646586233447337,        -0.0634406541998450,        -0.0006264777008019
  0.0392729615112692,         0.0003747113918871,        -0.0083782693168170,        -0.0654394837310900,        -0.0647576616971166,        -0.0019504010077853
  0.0399649235286230,         0.0023860939923974,        -0.0063177665933803,        -0.0657773525475659,        -0.0656687780281738,        -0.0034319185345791
  0.0405649184481634,         0.0044235058061782,        -0.0041399271225618,        -0.0656298293065683,        -0.0661253761108196,        -0.0050444301169559
  0.0410534257395840,         0.0064975332137242,        -0.0018576530913907,        -0.0650154326478979,        -0.0661307764333256,        -0.0067521232135126
  0.0413945752904623,         0.0086403518905245,         0.0005424494717654,        -0.0639687177711234,        -0.0657008805242367,        -0.0085188878432775
  0.0415537233812761,         0.0108758137834922,         0.0030690261598046,        -0.0625064761757188,        -0.0648262190374646,        -0.0103048017366774
  0.0415351127026673,         0.0132194356351460,         0.0057111358237332,        -0.0606456465648002,        -0.0635064498712488,        -0.0120745266565586
  0.0413627447081971,         0.0156663616746378,         0.0084485232317499,        -0.0584118312118606,        -0.0617710994023816,        -0.0138074906097197
  0.0410275179131192,         0.0181720162654686,         0.0112473602183523,        -0.0558402051760257,        -0.0596545042345174,        -0.0154857164976703
  0.0405094498578052,         0.0207038832270411,         0.0140822089660744,        -0.0529806488443028,        -0.0572002855386997,        -0.0170793870669583
  0.0398176588168431,         0.0232809649265933,         0.0169670901774515,        -0.0498750956522654,        -0.0544702649742022,        -0.0185652589915282
  0.0389574096861559,         0.0259053136501555,         0.0199117011468914,        -0.0465544753174531,        -0.0515223620250265,        -0.0199306498282913
  0.0379087055163351,         0.0285147740109374,         0.0228614104203922,        -0.0430598196089298,        -0.0484003704465371,        -0.0211701096888179
  0.0366614359491456,         0.0310498005555009,         0.0257518305289711,        -0.0394149179283117,        -0.0451309447678213,        -0.0222980490045663
  0.0352361406444170,         0.0334941541646503,         0.0285814355134904,        -0.0356101424303378,        -0.0417147364803693,        -0.0233350684740657
  0.0336656484726534,         0.0358248170110250,         0.0313559590877463,        -0.0316546453720923,        -0.0381524866533166,        -0.0242960771277199
  0.0319599361640886,         0.0379954530195124,         0.0340334327382649,        -0.0275882698765113,        -0.0344741345539577,        -0.0251895535372720
  0.0300917077805714,         0.0399727842393958,         0.0365689755850578,        -0.0234232204972348,        -0.0306958889639821,        -0.0260068965784842
  0.0280407028303490,         0.0417375342158153,         0.0389344086801418,        -0.0191510484398797,        -0.0267937111326608,        -0.0267362932089609
  0.0258480657229836,         0.0432650883200469,         0.0410862182524906,        -0.0148043394010773,        -0.0227703338208867,        -0.0273854739755078
  0.0236007355750642,         0.0445239725869339,         0.0429631423777897,        -0.0104427963102419,        -0.0186744858251592,        -0.0279502649973153
  0.0213665613804630,         0.0454821288583602,         0.0445109746027466,        -0.0061200235356310,        -0.0145476298168798,        -0.0283895772354430
  0.0191725816193089,         0.0461319778685887,         0.0457052827626704,        -0.0019037265600164,        -0.0104334028156609,        -0.0286809364213597
  0.0170397962921072,         0.0465157095080956,         0.0465701843476047,         0.0021205340835869,        -0.0064119294243529,        -0.0288341666102113
  0.0149964240567952,         0.0467013737104362,         0.0471688656950656,         0.0058783747845107,        -0.0025778209005180,        -0.0288361983573867
  0.0130594108119859,         0.0467314667644890,         0.0475560874605312,         0.0093255624690475,         0.0009969035176663,        -0.0286841174537018
  0.0112309924757601,         0.0466210570130665,         0.0477572273387997,         0.0124604521069962,         0.0042814414839073,        -0.0284397281584325
  0.0095089907179222,         0.0463905084220406,         0.0477980783277813,         0.0153282537112088,         0.0072918594577961,        -0.0281789699928107
  0.0078833725309628,         0.0460691025920921,         0.0477209185858329,         0.0179820270199758,         0.0100647676495914,        -0.0279490783861269
  0.0063284735116414,         0.0456802390287299,         0.0475705241887107,         0.0204448195126002,         0.0126227151865092,        -0.0277949935084680
  0.0048202166096483,         0.0452321479007609,         0.0473792414937058,         0.0227400348846379,         0.0149878277675597,        -0.0277590464931878
  0.0033630742617782,         0.0447147559009791,         0.0471549282099686,         0.0249212204084314,         0.0172110498099608,        -0.0278507393158532
  0.0019786893563426,         0.0441097435437292,         0.0468791042587105,         0.0270382342135006,         0.0193510564824860,        -0.0280524886138949
  0.0006611733042663,         0.0434072670767247,         0.0465214623627527,         0.0291022185708480,         0.0214321851440435,        -0.0283289373185630
 -0.0006161634146975,         0.0426163668879167,         0.0460606418272118,         0.0310867111952053,         0.0234437953690443,        -0.0286221370496876
 -0.0018449202421376,         0.0417614237497483,         0.0454968153505686,         0.0329491814306463,         0.0253705587411853,        -0.0288700092047016
 -0.0029924718493318,         0.0408591130173078,         0.0448387840368325,         0.0346584317242622,         0.0272096247877206,        -0.0290179797050319
 -0.0040636444244463,         0.0398992331413548,         0.0440727998813461,         0.0362068986957726,         0.0289616358668929,        -0.0290123049787637
 -0.0050948160312447,         0.0388637709480835,         0.0431707620695976,         0.0376052219835649,         0.0306222492860253,        -0.0288165666977438
 -0.0061039540530963,         0.0377532232983462,         0.0421337450701371,         0.0388622937914416,         0.0321859422553090,        -0.0284123974165840
 -0.0070989371754527,         0.0365701732140499,         0.0409899274178416,         0.0399674181530860,         0.0336397248306247,        -0.0277691939130669
 -0.0081082368102803,         0.0352995827677719,         0.0397519629736859,         0.0409140182786052,         0.0349633359015112,        -0.0268532697026305
 -0.0091567520905447,         0.0339204937084216,         0.0384006847912376,         0.0417419086147973,         0.0361681488343434,        -0.0256578728150215
 -0.0102425060223003,         0.0324084633977430,         0.0369072480738502,         0.0425120732638113,         0.0373065481283079,        -0.0242015240472328
 -0.0113547252732504,         0.0307237531353477,         0.0352523183222833,         0.0432412596579342,         0.0384113483303358,        -0.0225105696205657
 -0.0124893299985331,         0.0288312310716729,         0.0334242802766713,         0.0439115307809766,         0.0394695375342651,        -0.0205986428175789
 -0.0136493781041506,         0.0267324212732017,         0.0314269440976629,         0.0445185305857756,         0.0404659713997682,        -0.0184564145564227
 -0.0148557063864187,         0.0244559849917589,         0.0292832661036635,         0.0450581299445891,         0.0413990929645380,        -0.0160816326733036
 -0.0161536068794327,         0.0220272143813428,         0.0270102767265338,         0.0455007648276729,         0.0422560405727392,        -0.0135083642696137
 -0.0175829280954741,         0.0194592566017927,         0.0246035352763300,         0.0458233854052195,         0.0430213080505316,        -0.0107763270315597
 -0.0191445364743580,         0.0167589581300511,         0.0220468798393616,         0.0460362768038803,         0.0437042300689666,        -0.0079018045308786
 -0.0208076360978003,         0.0139243773232101,         0.0193248676633876,         0.0461494590873742,         0.0443245910560959,        -0.0049056749177874
 -0.0225405598214587,         0.0109438318905493,         0.0164262059825736,         0.0461438370129275,         0.0448795715310969,        -0.0018169781725533
 -0.0243183189432175,         0.0078178878098696,         0.0133537815121750,         0.0459887193026189,         0.0453407511659654,         0.0013690095462597
 -0.0261151155348439,         0.0045771196189215,         0.0101346017668152,         0.0456598053536385,         0.0456692580750579,         0.0046797509323365
 -0.0278998154660566,         0.0012641019848577,         0.0068071462052850,         0.0451398688471335,         0.0458287563378570,         0.0081076939160031
 -0.0296179895802406,        -0.0020934558872866,         0.0034020721172078,         0.0444152784265160,         0.0457878221415694,         0.0116064218131670
 -0.0312018811437979,        -0.0054805934180491,        -0.0000582351568113,         0.0434806481703617,         0.0455208091178848,         0.0151268699915842
 -0.0326081366743815,        -0.0088724609701527,        -0.0035422260035276,         0.0423443898113486,         0.0450132978887618,         0.0186221239598526
 -0.0338169973444589,        -0.0122171447883892,        -0.0069954611501874,         0.0410116443245945,         0.0442567148813913,         0.0220351951044700
 -0.0348076521057113,        -0.0154441287953522,        -0.0103393617857939,         0.0394682602011246,         0.0432371133930749,         0.0253004295077898
 -0.0355597464253488,        -0.0185080905298440,        -0.0135049245789641,         0.0377033901792939,         0.0419446652635852,         0.0283542068302535
 -0.0360630353184180,        -0.0214044596128156,        -0.0164788995997972,         0.0357408715864588,         0.0403999758040959,         0.0311485436018521
 -0.0363078425165828,        -0.0241294501751338,        -0.0192846485086367,         0.0336339988324100,         0.0386555197650329,         0.0336589966385764
 -0.0362818596437634,        -0.0266571821052294,        -0.0219299097195516,         0.0314284406003277,         0.0367682807485086,         0.0358774195208166
 -0.0359818594369187,        -0.0289661418885759,        -0.0244042640949952,         0.0291286260673852,         0.0347680992976828,         0.0378003089162390
 -0.0354107211771532,        -0.0310559988675831,        -0.0267044930202200,         0.0267165150104640,         0.0326555368132504,         0.0394315527466454
 -0.0345700653495255,        -0.0329217433349835,        -0.0288310288753035,         0.0242026871979230,         0.0304428423186921,         0.0407944208961662
 -0.0334768401854365,        -0.0345497710915541,        -0.0307756484231254,         0.0216311170817632,         0.0281701560448076,         0.0419195454108327
 -0.0321722666808320,        -0.0359359985992038,        -0.0325278085597074,         0.0190307623949334,         0.0258603525340021,         0.0428078380079707
 -0.0307109379836851,        -0.0370710253871360,        -0.0340668484186434,         0.0163944046367049,         0.0234889866756974,         0.0434352114925841
 -0.0291434102974749,        -0.0379287127732053,        -0.0353496145651548,         0.0137176958345638,         0.0210260465209013,         0.0437955068305180
 -0.0275008467541334,        -0.0384969826098655,        -0.0363401651516420,         0.0110290826523616,         0.0184850944324666,         0.0438935316029667
 -0.0257965963350875,        -0.0387980573229721,        -0.0370443611098017,         0.0083828198382692,         0.0159110434111066,         0.0437040250707870
 -0.0240301535254798,        -0.0388704023911297,        -0.0374936549693468,         0.0058324586796102,         0.0133466358021447,         0.0431831188338972
 -0.0221863405373532,        -0.0387442088234172,        -0.0377090473971370,         0.0033943297586961,         0.0108131706168318,         0.0423212158666955
 -0.0202356279521728,        -0.0384363261499732,        -0.0376926128612158,         0.0010470648749037,         0.0083088487957981,         0.0411495225629725
 -0.0181459599754106,        -0.0379508822206183,        -0.0374473523620874,        -0.0012288210118080,         0.0058290154473654,         0.0397153631216184
 -0.0159016025252289,        -0.0372759255784410,        -0.0369885808613275,        -0.0034394977314961,         0.0033754304873412,         0.0380770732731530
 -0.0135068748138198,        -0.0363970214528701,        -0.0363393530031002,        -0.0056010326895252,         0.0009422860514693,         0.0362798918323589
 -0.0109721542074252,        -0.0353091087815261,        -0.0355198005104711,        -0.0077418449455293,        -0.0014822756303870,         0.0343361164306315
 -0.0083015817738612,        -0.0340140308241528,        -0.0345352474958489,        -0.0098818901640114,        -0.0038990911208780,         0.0322534119708515
 -0.0055105884232398,        -0.0325165868893581,        -0.0333864474491367,        -0.0120198016835595,        -0.0062965984232906,         0.0300553102401663
 -0.0026502269686772,        -0.0308270483305675,        -0.0320837734425189,        -0.0141405232370832,        -0.0086653556007919,         0.0277640746639189
  0.0002088442740090,        -0.0289683888008187,        -0.0306447987285934,        -0.0162284371046922,        -0.0110042905288515,         0.0253947822019381
  0.0030133000374631,        -0.0269736912819092,        -0.0290846715666979,        -0.0182730951641541,        -0.0133125832384805,         0.0229647851292836
  0.0057400916095887,        -0.0248849884655867,        -0.0274199613198247,        -0.0202617843077753,        -0.0155867642679338,         0.0204889841735649
  0.0083851812883793,        -0.0227591161598690,        -0.0256914702491837,        -0.0221671561803211,        -0.0178108194339040,         0.0179751623510246
  0.0109455352085304,        -0.0206537751756036,        -0.0239575860434875,        -0.0239592885110680,        -0.0199570890298073,         0.0154353158506947
  0.0134245079127198,        -0.0186032375468836,        -0.0222509590218532,        -0.0256321391178101,        -0.0220118237635468,         0.0128928767458784
  0.0158428542334762,        -0.0166225792207912,        -0.0205675318239983,        -0.0272132497161840,        -0.0239923040154923,         0.0103812503638664
  0.0182149725875954,        -0.0147222029350800,        -0.0189010798408755,        -0.0287451638116511,        -0.0259366663075187,         0.0079391148105583
  0.0205338541441492,        -0.0128947061439472,        -0.0172572282070285,        -0.0302493955776088,        -0.0278645704588322,         0.0055843289008710
  0.0227884245166209,        -0.0111096506355653,        -0.0156351425840283,        -0.0317113005911647,        -0.0297496677824857,         0.0032990837726657
  0.0249682817015327,        -0.0093431745106987,        -0.0140300966958415,        -0.0331066132000110,        -0.0315479949406005,         0.0010519989590818
  0.0270493309761306,        -0.0075872400178919,        -0.0124488662224188,        -0.0344250856881447,        -0.0332421850554965,        -0.0011731886291178
  0.0289950683861610,        -0.0058192456285387,        -0.0108837665208425,        -0.0356590574772663,        -0.0348324320932749,        -0.0033740764190868
  0.0307702991812546,        -0.0040026895756160,        -0.0092959672519018,        -0.0367986172340702,        -0.0363044150362536,        -0.0055534967076842
  0.0323424846950556,        -0.0021198234254609,        -0.0076522026767399,        -0.0378369485267720,        -0.0376363767119734,        -0.0077342371045122
  0.0336791160089090,        -0.0001646106672792,        -0.0059408775646698,        -0.0387528544673029,        -0.0388169341098645,        -0.0099383579405039
  0.0348063294568625,         0.0018814274579128,        -0.0041463045579215,        -0.0395054106933131,        -0.0398377025506402,        -0.0121597284630448
  0.0357707703634363,         0.0040352379887425,        -0.0022429031791539,        -0.0400763982095256,        -0.0406996009825249,        -0.0143782904500340
  0.0365780929231006,         0.0062978788290044,        -0.0002096830671410,        -0.0404862189062328,        -0.0414274147031157,        -0.0165895148338450
  0.0372288577359558,         0.0086651759177009,         0.0019711868444718,        -0.0407416142085957,        -0.0420392199880685,        -0.0187939241492550
  0.0377242032887539,         0.0111250138783760,         0.0043064904640087,        -0.0408100101055194,        -0.0425121327681712,        -0.0209820741117374
  0.0380658283924658,         0.0136469449216878,         0.0067733664882798,        -0.0406584864380151,        -0.0428062841656649,        -0.0231553928129082
  0.0382559729085495,         0.0161895374724891,         0.0093315604138386,        -0.0402820964065930,        -0.0429014159752969,        -0.0253258040462194
  0.0382973968761721,         0.0187156321910787,         0.0119444552957781,        -0.0396890986100958,        -0.0427914362089288,        -0.0274731358118533
  0.0381933581558272,         0.0211955495424307,         0.0145720884032125,        -0.0388814752379504,        -0.0424652692894215,        -0.0295430093289008
  0.0379475887076188,         0.0236016524941301,         0.0171586299038122,        -0.0378549376820963,        -0.0419035760456622,        -0.0314918650685677
  0.0375642696251324,         0.0259238189422750,         0.0196558778259814,        -0.0366125743327995,        -0.0410879228034529,        -0.0333043527624207
  0.0370480050477478,         0.0281745270727441,         0.0220570566595530,        -0.0351720929544515,        -0.0400127340026119,        -0.0349738366189773
  0.0364037950755171,         0.0303693621734205,         0.0243790350251106,        -0.0335587778112809,        -0.0386897063426163,        -0.0364796407581723
  0.0356370078116759,         0.0325278398253996,         0.0266440088983886,        -0.0317860572604638,        -0.0371401709743600,        -0.0377868211114886
  0.0347533506583692,         0.0346855550888144,         0.0288922991894299,        -0.0298420094726669,        -0.0353773752138591,        -0.0388762346261946
  0.0337588409910330,         0.0368820652159433,         0.0311773504622028,        -0.0277068447780317,        -0.0334040387198254,        -0.0397650867904039
  0.0326597763363227,         0.0391363907740963,         0.0335386613927139,        -0.0253656754252546,        -0.0312262717807815,        -0.0404845748589703
  0.0314627041775820,         0.0414402349534398,         0.0359881966743315,        -0.0227907328995106,        -0.0288375583475475,        -0.0410506729301589
  0.0301743915102525,         0.0437648438753630,         0.0385154748621169,        -0.0199428164309741,        -0.0262082532998540,        -0.0414661680200449
  0.0288017942678870,         0.0460631550942219,         0.0410895390409020,        -0.0167959111210916,        -0.0233104463745511,        -0.0417372939059216
  0.0273520267371721,         0.0482803001335553,         0.0436643622869582,        -0.0133565437377012,        -0.0201391673595449,        -0.0418596009744300
  0.0258323310775142,         0.0503673608242437,         0.0461943826188786,        -0.0096645034757658,        -0.0167176030421007,        -0.0417933070129441
  0.0242500470578080,         0.0522814359666475,         0.0486292117300091,        -0.0057743318057739,        -0.0130821141633357,        -0.0414889914712550
  0.0226125821196614,         0.0539886059415140,         0.0509060846583686,        -0.0017402000125360,        -0.0092675214646844,        -0.0409250306182253
  0.0209273818726143,         0.0554684782885052,         0.0529706291656789,         0.0023857184710488,        -0.0053089109143390,        -0.0401040624027729
  0.0192019011225420,         0.0567169515922716,         0.0547935362637825,         0.0065436291325610,        -0.0012508194526145,        -0.0390331425269802
  0.0174435755304598,         0.0577488055878419,         0.0563785659111321,         0.0106591406004308,         0.0028441080750079,        -0.0377195520193704
  0.0156597939943542,         0.0585829796712824,         0.0577507296177207,         0.0146640563766828,         0.0069064074595555,        -0.0361854817081340
  0.0138578718413284,         0.0592277293453959,         0.0589313086597119,         0.0185212829271292,         0.0108859949371235,        -0.0344725192804286
  0.0120450249127915,         0.0596813192756846,         0.0599313435074870,         0.0222237771463165,         0.0147570434198957,        -0.0326315234379818
  0.0102283446201324,         0.0599327730317755,         0.0607536661627775,         0.0257791075073158,         0.0185043007991272,        -0.0307104714492929
  0.0084147740424608,         0.0599643443728592,         0.0613949962235716,         0.0291903562528909,         0.0221056615872645,        -0.0287409100640632
  0.0066110851327071,         0.0597533131600113,         0.0618463803817452,         0.0324513791815458,         0.0255368603684725,        -0.0267366832358529
  0.0048238570928085,         0.0592739362858956,         0.0620931305710164,         0.0355548462170585,         0.0287866055115652,        -0.0247053008908459
  0.0030594559727609,         0.0585016721034818,         0.0621145142542519,         0.0384992366075520,         0.0318548893173341,        -0.0226558970099114
  0.0013240155422055,         0.0574627740941441,         0.0618838952264277,         0.0412909162352510,         0.0347525864097901,        -0.0205997468114873
 -0.0003765805223380,         0.0562151036816035,         0.0613810790422675,         0.0439302128623611,         0.0374914958298678,        -0.0185413997336109
 -0.0020367150976838,         0.0547839534291629,         0.0606033897895848,         0.0464035607020609,         0.0400698138332633,        -0.0164817795611043
 -0.0036510526904732,         0.0531789357885437,         0.0595471887230587,         0.0487045567197209,         0.0424891169228648,        -0.0144313212255537
 -0.0052145531046213,         0.0514100986115915,         0.0582464376763127,         0.0508517360358032,         0.0447793057171001,        -0.0124060627080740
 -0.0067224836809606,         0.0494878772401494,         0.0567509403174693,         0.0528631146609198,         0.0469754851316210,        -0.0104174484028557
 -0.0081704300954791,         0.0474230462336587,         0.0550756305387937,         0.0547232207473422,         0.0490747161921151,        -0.0084681158494870
 -0.0095543057083170,         0.0452266709249479,         0.0532309579128625,         0.0564030428988519,         0.0510481563355577,        -0.0065579540955032
 -0.0108703594616570,         0.0429100589909816,         0.0512277711971679,         0.0578913476885585,         0.0528826037300613,        -0.0046907838885039
 -0.0121151823301467,         0.0404847122208237,         0.0490772682332148,         0.0591805788258407,         0.0545662930926911,        -0.0028684117102860
 -0.0132857123325549,         0.0379622786584075,         0.0467909456785340,         0.0602604012095241,         0.0560595824747838,        -0.0010856194494915
 -0.0143792381186416,         0.0353545052923268,         0.0443805487653309,         0.0611335458521291,         0.0573198691107771,         0.0006663683997456
 -0.0153934011508137,         0.0326731914581293,         0.0418580212743682,         0.0618046433548722,         0.0583324758168015,         0.0023863585733473
 -0.0163261965044307,         0.0299301431128007,         0.0392354559080830,         0.0622702661557303,         0.0591013969833688,         0.0040534264073022
 -0.0171759723152884,         0.0271371281340988,         0.0365250452411217,         0.0625466971525445,         0.0596435852526669,         0.0056505423786992
 -0.0179414279075555,         0.0243058327897924,         0.0337390334200717,         0.0626816583073210,         0.0600020638079149,         0.0071905397200518
 -0.0186216106396076,         0.0214478195139902,         0.0308896687772511,         0.0627214404899682,         0.0602312771251414,         0.0086975281934872
 -0.0192159115089496,         0.0185744861201242,         0.0279891575165840,         0.0626860317693226,         0.0603738916702935,         0.0101892964872387
 -0.0197240595612120,         0.0156970265718031,         0.0250496186219979,         0.0625844827341858,         0.0604614703919206,         0.0116969902159300
 -0.0201461151520463,         0.0128263934231118,         0.0220830401297815,         0.0624325238295400,         0.0605269312825055,         0.0132707040810488
 -0.0204824621135718,         0.0099732620320523,         0.0191012368988745,         0.0622339691529414,         0.0605955427474394,         0.0149487466521473
 -0.0207337988799573,         0.0071479966416985,         0.0161158100042609,         0.0619605330521743,         0.0606599978734855,         0.0167455723353122
 -0.0209011286296236,         0.0043606184139977,         0.0131381078692762,         0.0615654521923068,         0.0606801067861394,         0.0186774569279806
 -0.0209857485038814,         0.0016207754917796,         0.0101791892433335,         0.0610070365968952,         0.0606018272199040,         0.0207675334168092
 -0.0209892379637999,        -0.0010622848443183,         0.0072497881226968,         0.0602613695830039,         0.0603776395728206,         0.0230062324524449
 -0.0209134463490024,        -0.0036797418667464,         0.0043602807023766,         0.0593243003976083,         0.0599781998093165,         0.0253430954191340
 -0.0207604797037761,        -0.0062232248929723,         0.0015206544364507,         0.0582044153222723,         0.0593901535741343,         0.0277250466698179
 -0.0205326869369824,        -0.0086848345399687,        -0.0012595207245191,         0.0569131614914058,         0.0586099453020887,         0.0301100780742896
 -0.0202326453832198,        -0.0110571617121405,        -0.0039711188601371,         0.0554580833776325,         0.0576392540794548,         0.0324632316318345
 -0.0198631458335275,        -0.0133333043032936,        -0.0066054823223448,         0.0538492511183963,         0.0564886738416712,         0.0347581722225270
 -0.0194271771042895,        -0.0155068816023168,        -0.0091544436543149,         0.0521004064253482,         0.0551824114214674,         0.0369702931737001
 -0.0189279102131412,        -0.0175720464006285,        -0.0116103451563754,         0.0502171671583079,         0.0537424757426528,         0.0390742259699065
 -0.0183686822306490,        -0.0195234948082220,        -0.0139660560788690,         0.0481942998648295,         0.0521755762088872,         0.0410585613159363
 -0.0177529798761061,        -0.0213564737945417,        -0.0162149874322982,         0.0460222322242599,         0.0504790519251999,         0.0429282103260639
 -0.0170844229252407,        -0.0230667864776929,        -0.0183511044132613,         0.0436917021775879,         0.0486451233814705,         0.0446770807852205
 -0.0163667474967538,        -0.0246507951934460,        -0.0203689364537339,         0.0411977044443215,         0.0466628193000761,         0.0462769067221051
 -0.0156037892835489,        -0.0261054223836424,        -0.0222635849105674,         0.0385602687506784,         0.0445237148984025,         0.0476998963050428
 -0.0147994667931553,        -0.0274281493508694,        -0.0240307284205571,         0.0358223206307271,         0.0422276200043518,         0.0489261553293250
 -0.0139577646604074,        -0.0286170129328325,        -0.0256666259541728,         0.0330120551994438,         0.0397897182825025,         0.0499291416445290
 -0.0130827170937669,        -0.0296706001565766,        -0.0271681176090568,         0.0301417369209120,         0.0372269778915100,         0.0506861778002118
 -0.0121783915145306,        -0.0305880409395906,        -0.0285326231927811,         0.0272235753085080,         0.0345610751014943,         0.0511993978523307
 -0.0112488724462990,        -0.0313689989099833,        -0.0297581386507216,         0.0242696801148204,         0.0318205395979545,         0.0514829042306705
 -0.0102982457097966,        -0.0320136604233312,        -0.0308432304017456,         0.0212920179268626,         0.0290228465358364,         0.0515428138962847
 -0.0093305829756446,        -0.0325227218592209,        -0.0317870276513229,         0.0183023702979692,         0.0261798649169298,         0.0513873910403116
 -0.0083499267250863,        -0.0328973752850024,        -0.0325892127576223,         0.0153122935388494,         0.0233033621591183,         0.0510412806179389
 -0.0073602756661287,        -0.0331392925781661,        -0.0332500097314294,         0.0123330802817127,         0.0204049620250871,         0.0505233957267218
 -0.0063655706497742,        -0.0332506081025809,        -0.0337701709560161,         0.0093757229221067,         0.0174961040592732,         0.0498288830407648
 -0.0053696811277755,        -0.0332339000374158,        -0.0341509622183077,         0.0064508790325574,         0.0145880046508071,         0.0489518030828777
 -0.0043763921906815,        -0.0330921704600348,        -0.0343941461464559,         0.0035688388335687,         0.0116916198323368,         0.0478954297002167
 -0.0033893922218415,        -0.0328288242864927,        -0.0345019641527220,         0.0007394947977714,         0.0088176099154954,         0.0466555431403003
 -0.0024122611997565,        -0.0324476471754402,        -0.0344771169842708,        -0.0020276865472615,         0.0059763060541186,         0.0452300768797249
 -0.0014484596779511,        -0.0319527825026220,        -0.0343227439872664,        -0.0047236905618480,         0.0031776788168900,         0.0436330274881642
 -0.0005013184684993,        -0.0313487075141244,        -0.0340424011919400,        -0.0073399781362186,         0.0004313088421750,         0.0418891892670327
  0.0004259709479183,        -0.0306402087672418,        -0.0336400383283882,        -0.0098685069950436,        -0.0022536403617298,         0.0400325380137235
  0.0013303652661789,        -0.0298323569679987,        -0.0331199748844896,        -0.0123017506384995,        -0.0048684474183026,         0.0381007078953316
  0.0022089774387417,        -0.0289304813141317,        -0.0324868753182395,        -0.0146327149023455,        -0.0074048558422604,         0.0361226582447710
  0.0030590839824090,        -0.0279401434516732,        -0.0317457235373671,        -0.0168549521288133,        -0.0098550945220180,         0.0341147182821510
  0.0038781315002546,        -0.0268671111522682,        -0.0309017967594269,        -0.0189625729502796,        -0.0122118959007186,         0.0320855313377172
  0.0046637424119934,        -0.0257173318169749,        -0.0299606388651825,        -0.0209502556956741,        -0.0144685118396761,         0.0300405931582225
  0.0054137198892507,        -0.0244969059106111,        -0.0289280333575369,        -0.0228132534384668,        -0.0166187271573176,         0.0279781235841073
  0.0061260519956065,        -0.0232120604283120,        -0.0278099760370083,        -0.0245473987144485,        -0.0186568708466067,         0.0258911346193709
  0.0067989150339470,        -0.0218691224937621,        -0.0266126475034161,        -0.0261491059447262,        -0.0205778249816243,         0.0237754572956818
  0.0074306761065933,        -0.0204744931857393,        -0.0253423855915287,        -0.0276153716071960,        -0.0223770313324673,         0.0216369579996668
  0.0080198948966982,        -0.0190346216864752,        -0.0240056578462117,        -0.0289437722077567,        -0.0240504957163372,         0.0194879289636880
  0.0085653246821247,        -0.0175559798418941,        -0.0226090341399501,        -0.0301324601095831,        -0.0255947901205496,         0.0173336400629750
  0.0090659125955094,        -0.0160450372203672,        -0.0211591595328709,        -0.0311801572851225,        -0.0270070526403304,         0.0151852577908563
  0.0095207991467694,        -0.0145082367528023,        -0.0196627274722456,        -0.0320861470619316,        -0.0282849852816189,         0.0130616979102182
  0.0099293170269765,        -0.0129519710323122,        -0.0181264534245279,        -0.0328502639400200,        -0.0294268496867238,         0.0109652270476327
  0.0102909892145338,        -0.0113825593478968,        -0.0165570490296169,        -0.0334728815632151,        -0.0304314608464294,         0.0088869784024818
  0.0106055264067358,        -0.0098062255220520,        -0.0149611968629686,        -0.0339548989321023,        -0.0312981788682690,         0.0068226522373174
  0.0108728238019598,        -0.0082290766174037,        -0.0133455258867768,        -0.0342977249511108,        -0.0320268988768440,         0.0047681771411931
  0.0110929572595720,        -0.0066570825726400,        -0.0117165876669165,        -0.0345032614063712,        -0.0326180391272852,         0.0027205859560648
  0.0112661788662611,        -0.0050960568234003,        -0.0100808334279505,        -0.0345738844744480,        -0.0330725274175438,         0.0006839259772145
  0.0113929119391240,        -0.0035516379588001,        -0.0084445920137103,        -0.0345124248654042,        -0.0333917858897506,        -0.0013267481788087
  0.0114737454974006,        -0.0020292724586314,        -0.0068140488154292,        -0.0343221467066944,        -0.0335777143152891,        -0.0032916814428473
  0.0115094282358740,        -0.0005341985517376,        -0.0051952257248968,        -0.0340067252763943,        -0.0336326719613467,        -0.0051990849757659
  0.0115008620340636,         0.0009285687691178,        -0.0035939621648872,        -0.0335702236960837,        -0.0335594581397770,        -0.0070430820721026
  0.0114490950364050,         0.0023542515460073,        -0.0020158972436062,        -0.0330170686953215,        -0.0333612915420556,        -0.0088181701959507
  0.0113553143393902,         0.0037383214435119,        -0.0004664530745580,        -0.0323520255604715,        -0.0330417884662006,        -0.0105192331545936
  0.0112208383222503,         0.0050765111054467,         0.0010491807018073,        -0.0315801723810843,        -0.0326049400431642,        -0.0121415515347747
  0.0110471086583085,         0.0063648242658914,         0.0025260611636857,        -0.0307068737071915,        -0.0320550885716129,        -0.0136808114019164
  0.0108356820445034,         0.0075995446053702,         0.0039595050957194,        -0.0297377537304030,        -0.0313969030709254,        -0.0151331112698577
  0.0105882216867546,         0.0087772433474059,         0.0053451006986960,        -0.0286786691009635,        -0.0306353541625918,        -0.0164949673543026
  0.0103064885788810,         0.0098947855955438,         0.0066787180061402,        -0.0275356814916750,        -0.0297756883901519,        -0.0177633171293481
  0.0099923326127432,         0.0109493354159728,         0.0079565179983045,        -0.0263150300180558,        -0.0288234020875239,        -0.0189355212127940
  0.0096476835570145,         0.0119383596754647,         0.0091749604091915,        -0.0250231036220334,        -0.0277842149046531,        -0.0200093636116127
  0.0092745419416384,         0.0128596306485709,         0.0103308102269825,        -0.0236664135242681,        -0.0266640430982566,        -0.0209830503641028
  0.0088749698845681,         0.0137112274123756,         0.0114211428932001,        -0.0222515658476019,        -0.0254689726939365,        -0.0218552066205286
  0.0084510818966743,         0.0144915360517066,         0.0124433482112401,        -0.0207852345107678,        -0.0242052326237248,        -0.0226248722094968
  0.0080050357000445,         0.0151992487012038,         0.0133951329789968,        -0.0192741344885449,        -0.0228791679410643,        -0.0232914957414094
  0.0075390230940219,         0.0158333614544252,         0.0142745223647860,        -0.0177249955309137,        -0.0214972132125475,        -0.0238549273046581
  0.0070552609023510,         0.0163931711740013,         0.0150798600503468,        -0.0161445364298019,        -0.0200658661827479,        -0.0243154098145641
  0.0065559820336941,         0.0168782712401728,         0.0158098071687756,        -0.0145394399178346,        -0.0185916618051492,        -0.0246735690787108
  0.0060434266866824,         0.0172885462780076,         0.0164633400689244,        -0.0129163282794251,        -0.0170811467288562,        -0.0249304026454898
  0.0055198337294173,         0.0176241659065772,         0.0170397469415496,        -0.0112817397500451,        -0.0155408543270427,        -0.0250872675058188
  0.0049874322818396,         0.0178855775563425,         0.0175386233463482,        -0.0096421057742581,        -0.0139772803486053,        -0.0251458667209770
  0.0044484335281199,         0.0180734984031628,         0.0179598666818826,        -0.0080037291887786,        -0.0123968592707343,        -0.0251082350515919
  0.0039050227847170,         0.0181889064695427,         0.0183036696434093,        -0.0063727633917735,        -0.0108059414256424,        -0.0249767236648255
  0.0033593518481437,         0.0182330309458988,         0.0185705127166307,        -0.0047551925542722,        -0.0092107709699184,        -0.0247539839987232
  0.0028135316448491,         0.0182073417863004,         0.0187611557578761,        -0.0031568129243003,        -0.0076174647601659,        -0.0244429508639733
  0.0022696252040688,         0.0181135386345344,         0.0188766287133629,        -0.0015832152693648,        -0.0060319921939830,        -0.0240468248642898
  0.0017296409728014,         0.0179535391376455,         0.0189182215322900,        -0.0000397684975805,        -0.0044601560703551,        -0.0235690542174148
  0.0011955264901442,         0.0177294667051881,         0.0188874733304701,         0.0014683955082433,        -0.0029075745178774,        -0.0230133160591229
  0.0006691624366670,         0.0174436377730776,         0.0187861608625472,         0.0029363958139969,        -0.0013796640346546,        -0.0223834973126424
  0.0001523570727172,         0.0170985486314244,         0.0186162863620958,         0.0043596150909698,         0.0001183763214999,        -0.0216836752056188
 -0.0003531589223238,         0.0166968618761096,         0.0183800648100634,         0.0057337109873010,         0.0015815795594253,        -0.0209180975162702
 -0.0008457371996072,         0.0162413925438500,         0.0180799106927237,         0.0070546262009012,         0.0030052241696413,        -0.0200911626294495
 -0.0013238160706653,         0.0157350939903282,         0.0177184243107938,         0.0083185972454730,         0.0043848463050586,        -0.0192073994822533
 -0.0017859244107862,         0.0151810435706104,         0.0172983777017012,         0.0095221619064078,         0.0057162507095934,        -0.0182714474774610
 -0.0022306851311153,         0.0145824281803749,         0.0168227002370015,         0.0106621653888985,         0.0069955203825936,        -0.0172880364412024
 -0.0026568182162252,         0.0139425297157320,         0.0162944639567601,         0.0117357651649277,         0.0082190249714670,        -0.0162619666995300
 -0.0030631433256126,         0.0132647105083713,         0.0157168687022527,         0.0127404345305537,         0.0093834278898786,        -0.0151980893463748
 -0.0034485819593612,         0.0125523987915677,         0.0150932271077398,         0.0136739648898065,         0.0104856921640398,        -0.0141012867729334
 -0.0038121591898386,         0.0118090742511351,         0.0144269495111477,         0.0145344667859033,         0.0115230850143376,        -0.0129764535258807
 -0.0041530049628030,         0.0110382537139387,         0.0137215288424758,         0.0153203697045033,         0.0124931811838860,        -0.0118284775591643
 -0.0044703549728525,         0.0102434770248829,         0.0129805255475274,         0.0160304206778297,         0.0133938650300892,        -0.0106622219412043
 -0.0047635511198027,         0.0094282931611905,         0.0122075526029226,         0.0166636817227599,         0.0142233314000613,        -0.0094825070758187
 -0.0050320415538446,         0.0085962466309876,         0.0114062606768984,         0.0172195261491974,         0.0149800853143794,        -0.0082940934922761
 -0.0052753803187021,         0.0077508642010356,         0.0105803234885705,         0.0176976337784587,         0.0156629404875794,        -0.0071016652564344
 -0.0054932266034057,         0.0068956419961080,         0.0097334234163304,         0.0180979851148495,         0.0162710167177979,        -0.0059098140512430
 -0.0056853436145159,         0.0060340330100910,         0.0088692374039034,         0.0184208545165130,         0.0168037361814442,        -0.0047230239712186
 -0.0058515970817215,         0.0051694350665588,         0.0079914232104787,         0.0186668024141871,         0.0172608186718969,        -0.0035456570719967
 -0.0059919534108458,         0.0043051792640222,         0.0071036060489864,         0.0188366666290432,         0.0176422758243678,        -0.0023819397122749
 -0.0061064774994018,         0.0034445189381146,         0.0062093656538290,         0.0189315528432235,         0.0179484043722220,        -0.0012359497211911
 -0.0061953302306568,         0.0025906191705876,         0.0053122238170954,         0.0189528242784218,         0.0181797784823483,        -0.0001116044207366
 -0.0062587656630050,         0.0017465468722251,         0.0044156324295972,         0.0189020906395480,         0.0183372412195405,         0.0009873504711166
 -0.0062971279322802,         0.0009152614638640,         0.0035229620602181,         0.0187811963821443,         0.0184218951921813,         0.0020573510350036
 -0.0063108478852980,         0.0000996061768870,         0.0026374911042383,         0.0185922083633610,         0.0184350924333511,         0.0030950244248111
 -0.0063004394634762,        -0.0006977000081172,         0.0017623955286121,         0.0183374029371948,         0.0183784235730268,         0.0040971972083724
 -0.0062664958559111,        -0.0014740697686689,         0.0009007392392814,         0.0180192525554498,         0.0182537063584893,         0.0050609027640670
 -0.0062096854417507,        -0.0022270541809776,         0.0000554650923612,         0.0176404119363616,         0.0180629735813083,         0.0059833877273875
 -0.0061307475420020,        -0.0029543487835633,        -0.0007706134315677,         0.0172037038629947,         0.0178084604700538,         0.0068621174848356
 -0.0060304880011580,        -0.0036537989564952,        -0.0015748198737798,         0.0167121046734662,         0.0174925916085173,         0.0076947807161681
 -0.0059097746192408,        -0.0043234046117263,        -0.0023546217511507,         0.0161687295048566,         0.0171179674397495,         0.0084792929897938
 -0.0057695324549292,        -0.0049613241927059,        -0.0031076368070560,         0.0155768173521165,         0.0166873504163364,         0.0092137994195693
 -0.0056107390204467,        -0.0055658779839418,        -0.0038316385518770,         0.0149397160026020,         0.0162036508572830,         0.0098966763943991
 -0.0054344193888396,        -0.0061355507337961,        -0.0045245610884307,         0.0142608669059977,         0.0156699125716427,         0.0105265323953139
 -0.0052416412341041,        -0.0066689935965805,        -0.0051845032207547,         0.0135437900381090,         0.0150892983084522,         0.0111022079181387
 -0.0050335098244287,        -0.0071650254021698,        -0.0058097318471026,         0.0127920688158249,         0.0144650750918879,         0.0116227745224747
 -0.0048111629885215,        -0.0076226332636824,        -0.0063986846406723,         0.0120093351190289,         0.0138005994996208,         0.0120875330305194
 -0.0045757660746215,        -0.0080409725362822,        -0.0069499720244728,         0.0111992544734431,         0.0130993029411856,         0.0124960109022224
 -0.0043285069213934,        -0.0084193661420563,        -0.0074623784489726,         0.0103655114466765,         0.0123646769919413,         0.0128479588154728
 -0.0040705908594323,        -0.0087573032780185,        -0.0079348629836497,         0.0095117953077685,         0.0116002588367587,         0.0131433464824199
 -0.0038032357614927,        -0.0090544375264283,        -0.0083665592361474,         0.0086417859981214,         0.0108096168757067,         0.0133823577354202
 -0.0035276671590208,        -0.0093105843882157,        -0.0087567746147006,         0.0077591404596833,         0.0099963365423953,         0.0135653849178549
 -0.0032451134419072,        -0.0095257182619966,        -0.0091049889516178,         0.0068674793638251,         0.0091640063836427,         0.0136930226168614
 -0.0029568011576553,        -0.0096999688928603,        -0.0094108525077407,         0.0059703742817514,         0.0083162044469716,         0.0137660607768041
 -0.0026639504253997,        -0.0098336173165303,        -0.0096741833796640,         0.0050713353346516,         0.0074564850201697,         0.0137854772337081
 -0.0023677704794670,        -0.0099270913257349,        -0.0098949643331420,         0.0041737993592606,         0.0065883657649393,         0.0137524297120672
 -0.0020694553563494,        -0.0099809604868424,        -0.0100733390877703,         0.0032811186217459,         0.0057153152842258,         0.0136682473265555
 -0.0017701797380059,        -0.0099959307359723,        -0.0102096080796759,         0.0023965501096970,         0.0048407411599791,         0.0135344216321459
 -0.0014710949636160,        -0.0099728385845969,        -0.0103042237301416,         0.0015232454294445,         0.0039679784957755,         0.0133525972667492
 -0.0011733252209925,        -0.0099126449654200,        -0.0103577852493079,         0.0006642413330152,         0.0031002789960097,         0.0131245622309972
 -0.0008779639278816,        -0.0098164287500505,        -0.0103710330052768,        -0.0001775491040451,         0.0022408006104998,         0.0128522378502153
 -0.0005860703124229,        -0.0096853799704695,        -0.0103448424898597,        -0.0009993446357086,         0.0013925977705270,         0.0125376684637512
 -0.0002986662011299,        -0.0095207927766479,        -0.0102802179129613,        -0.0017985033138607,         0.0005586122396661,         0.0121830108868137
 -0.0000167330217802,        -0.0093240581629539,        -0.0101782854582922,        -0.0025725292595018,        -0.0002583354000932,         0.0117905236898349
  0.0002587909724897,        -0.0090966564961104,        -0.0100402862336752,        -0.0033190787274413,        -0.0010555536096177,         0.0113625563399672
  0.0005270132524530,        -0.0088401498774567,        -0.0098675689495436,        -0.0040359654577228,        -0.0018304870865213,         0.0109015382488729
  0.0007870893309813,        -0.0085561743721217,        -0.0096615823594724,        -0.0047211653098720,        -0.0025807232797620,         0.0104099677702805
  0.0010382248467313,        -0.0082464321375027,        -0.0094238674967553,        -0.0053728201790162,        -0.0033039982160254,         0.0098904011899841
  0.0012796774108756,        -0.0079126834830475,        -0.0091560497409947,        -0.0059892411956450,        -0.0039982016317741,         0.0093454417499744
  0.0015107582153147,        -0.0075567388928862,        -0.0088598307485412,        -0.0065689112132947,        -0.0046613814074450,         0.0087777287473586
  0.0017308334017521,        -0.0071804510422975,        -0.0085369802803782,        -0.0071104865910440,        -0.0052917473030061,         0.0081899267475400
  0.0019393251920282,        -0.0067857068382224,        -0.0081893279606120,        -0.0076127982804823,        -0.0058876739970250,         0.0075847149496291
  0.0021357127808994,        -0.0063744195133314,        -0.0078187549982764,        -0.0080748522289365,        -0.0064477034336851,         0.0069647767407695
  0.0023195329933168,        -0.0059485208022614,        -0.0074271859045309,        -0.0084958291130490,        -0.0069705464846961,         0.0063327894744862
  0.0024903807091555,        -0.0055099532276527,        -0.0070165802366173,        -0.0088750834191514,        -0.0074550839356231,         0.0056914145064651
  0.0026479090591473,        -0.0050606625225406,        -0.0065889243990846,        -0.0092121418889448,        -0.0079003668084735,         0.0050432875194046
  0.0027918293965025,        -0.0046025902145980,        -0.0061462235319310,        -0.0095067013508484,        -0.0083056160344813,         0.0043910091668650
  0.0029219110494589,        -0.0041376663965393,        -0.0056904935143160,        -0.0097586259592614,        -0.0086702214931896,         0.0037371360641635
  0.0030379808607766,        -0.0036678027055940,        -0.0052237531112772,        -0.0099679438658838,        -0.0089937404361624,         0.0030841721521875
  0.0031399225207847,        -0.0031948855337818,        -0.0047480162898399,        -0.0101348433486411,        -0.0092758953153385,         0.0024345604582190
  0.0032276757012128,        -0.0027207694893479,        -0.0042652847296526,        -0.0102596684252098,        -0.0095165710378204,         0.0017906752757996
  0.0033012349976679,        -0.0022472711282384,        -0.0037775405519232,        -0.0103429139795809,        -0.0097158116706805,         0.0011548147834855
  0.0033606486891512,        -0.0017761629730342,        -0.0032867392890470,        -0.0103852204312481,        -0.0098738166208749,         0.0005291941202144
  0.0034060173234771,        -0.0013091678353584,        -0.0027948031159689,        -0.0103873679775952,        -0.0099909363166749,        -0.0000840610669978
  0.0034374921379187,        -0.0008479534562654,        -0.0023036143628653,        -0.0103502704409923,        -0.0100676674183317,        -0.0006829205894631
  0.0034552733248560,        -0.0003941274774111,        -0.0018150093270446,        -0.0102749687529546,        -0.0101046475869431,        -0.0012654551861377
  0.0034596081525160,         0.0000507672455591,        -0.0013307724006001,        -0.0101626241082603,        -0.0101026498413699,        -0.0018298414865543
  0.0034507889512069,         0.0004852569775346,        -0.0008526305287659,        -0.0100145108224031,        -0.0100625765339080,        -0.0023743664602023
  0.0034291509757473,         0.0009079410781348,        -0.0003822480122652,        -0.0098320089261721,        -0.0099854529762402,        -0.0028974313474067
  0.0033950701550005,         0.0013174956088901,         0.0000787783346756,        -0.0096165965313345,        -0.0098724207477528,        -0.0033975550688247
  0.0033489607395885,         0.0017126765681724,         0.0005289236604869,        -0.0093698420014715,        -0.0097247307187371,        -0.0038733771125952
  0.0032912728590019,         0.0020923227501664,         0.0009667391780497,        -0.0090933959619992,        -0.0095437358213506,        -0.0043236599001820
  0.0032224899994078,         0.0024553582258475,         0.0013908558853672,        -0.0087889831832022,        -0.0093308836014238,        -0.0047472906341054
  0.0031431264134951,         0.0028007944452298,         0.0017999878997701,        -0.0084583943698318,        -0.0090877085842441,        -0.0051432826324198
  0.0030537244736812,         0.0031277319616009,         0.0021929354018984,        -0.0081034778903912,        -0.0088158244873786,        -0.0055107761566249
  0.0029548519799782,         0.0034353617799522,         0.0025685871873468,        -0.0077261314787080,        -0.0085169163134491,        -0.0058490387415624
  0.0028470994337095,         0.0037229663331735,         0.0029259228253886,        -0.0073282939397220,        -0.0081927323554364,        -0.0061574650375259
  0.0027310772881517,         0.0039899200908297,         0.0032640144256003,        -0.0069119368907045,        -0.0078450761466953,        -0.0064355761763183
  0.0026074131870154,         0.0042356898066220,         0.0035820280146829,        -0.0064790565682993,        -0.0074757983873553,        -0.0066830186745408
  0.0024767492014468,         0.0044598344119914,         0.0038792245273449,        -0.0060316657307119,        -0.0070867888780617,        -0.0068995628889893
  0.0023397390760196,         0.0046620045643517,         0.0041549604163220,        -0.0055717856834546,        -0.0066799684913509,        -0.0070851010402238
  0.0021970454939042,         0.0048419418595423,         0.0044086878879299,        -0.0051014384559213,        -0.0062572812101012,        -0.0072396448216314
  0.0020493373710935,         0.0049994777192172,         0.0046399547708943,        -0.0046226391548370,        -0.0058206862615578,        -0.0073633226125632
  0.0018972871892177,         0.0051345319648485,         0.0048484040273981,        -0.0041373885193401,        -0.0053721503743867,        -0.0074563763151699
  0.0017415683761363,         0.0052471110908870,         0.0050337729163633,        -0.0036476657011998,        -0.0049136401851837,        -0.0075191578354717
  0.0015828527431100,         0.0053373062504832,         0.0051958918200817,        -0.0031554212922935,        -0.0044471148197029,        -0.0075521252300949
  0.0014218079868912,         0.0054052909680299,         0.0053346827464317,        -0.0026625706198620,        -0.0039745186726905,        -0.0075558385409488
  0.0012590952646820,         0.0054513185934054,         0.0054501575197480,        -0.0021709873287462,        -0.0034977744090513,        -0.0075309553407025
  0.0010953668494495,         0.0054757195134242,         0.0055424156742830,        -0.0016824972682703,        -0.0030187762077080,        -0.0074782260124789
  0.0009312638725921,         0.0054788981366165,         0.0056116420650657,        -0.0011988726998191,        -0.0025393832680542,        -0.0073984887877056
  0.0007674141604575,         0.0054613296679247,         0.0056581042116756,        -0.0007218268395619,        -0.0020614135974347,        -0.0072926645664019
  0.0006044301707366,         0.0054235566902909,         0.0056821493910575,        -0.0002530087492737,        -0.0015866380966934,        -0.0071617515444260
  0.0004429070342442,         0.0053661855704677,         0.0056842014961013,         0.0002060014134083,        -0.0011167749593105,        -0.0070068196723947
  0.0002834207070154,         0.0052898827066688,         0.0056647576772565,         0.0006536967757499,        -0.0006534843979444,        -0.0068290049710520
  0.0001265262371750,         0.0051953706358432,         0.0056243847848203,         0.0010886477535924,        -0.0001983637108106,        -0.0066295037278344
 -0.0000272438495003,         0.0050834240184714,         0.0055637156298790,         0.0015095056714357,         0.0002470573012410,        -0.0064095665992487
 -0.0001773810419706,         0.0049548655188583,         0.0054834450821943,         0.0019150059941132,         0.0006813205577439,        -0.0061704926434891
 -0.0003234022114557,         0.0048105615988627,         0.0053843260235006,         0.0023039711668194,         0.0011030435540919,        -0.0059136233073998
 -0.0004648508517821,         0.0046514182429216,         0.0052671651747946,         0.0026753130617123,         0.0015109228433141,        -0.0056403363915283
 -0.0006012981907773,         0.0044783766320890,         0.0051328188162625,         0.0030280350308456,         0.0019037371395413,        -0.0053520400165669
 -0.0007323441715176,         0.0042924087845658,         0.0049821884184565,         0.0033612335668424,         0.0022803500402615,        -0.0050501666138750
 -0.0008576183027010,         0.0040945131799507,         0.0048162162032472,         0.0036740995739973,         0.0026397123657914,        -0.0047361669622264
 -0.0009767803779209,         0.0038857103840961,         0.0046358806529087,         0.0039659192539094,         0.0029808641158781,        -0.0044115042922305
 -0.0010895210641518,         0.0036670386910676,         0.0044421919854801,         0.0042360746111899,         0.0033029360448732,        -0.0040776484791162
 -0.0011955623602376,         0.0034395497982430,         0.0042361876142390,         0.0044840435860870,         0.0036051508583258,        -0.0037360703437396
 -0.0012946579266230,         0.0032043045301243,         0.0040189276087927,         0.0047093998220479,         0.0038868240351209,        -0.0033882360808579
 -0.0013865932880250,         0.0029623686259001,         0.0037914901748963,         0.0049118120774464,         0.0041473642806240,        -0.0030356018328096
 -0.0014711859112330,         0.0027148086051455,         0.0035549671695876,         0.0050910432919535,         0.0043862736176917,        -0.0026796084256587
 -0.0015482851605955,         0.0024626877254846,         0.0033104596677666,         0.0052469493189665,         0.0046031471234794,        -0.0023216762839711
 -0.0016177721341564,         0.0022070620453741,         0.0030590735957796,         0.0053794773365081,         0.0047976723211266,        -0.0019632005393359
 -0.0016795593838082,         0.0019489766044400,         0.0028019154469383,         0.0054886639500038,         0.0049696282365750,        -0.0016055463466223
 -0.0017335905231918,         0.0016894617330635,         0.0025400880932422,         0.0055746330011885,         0.0051188841317846,        -0.0012500444208490
 -0.0017798397273827,         0.0014295295021962,         0.0022746867069198,         0.0056375930981236,         0.0052453979265226,        -0.0008979868064777
 -0.0018183111287332,         0.0011701703236088,         0.0020067948046832,         0.0056778348820373,         0.0053492143218095,        -0.0005506228897960
 -0.0018490381135536,         0.0009123497098852,         0.0017374804267456,         0.0056957280473893,         0.0054304626390178,        -0.0002091556637644
 -0.0018720825245553,         0.0006570052027463,         0.0014677924619518,         0.0056917181320542,         0.0054893543892792,         0.0001252617463356
 -0.0018875337742170,         0.0004050434774611,         0.0011987571295617,         0.0056663230949827,         0.0055261805885288,         0.0004515292892862
 -0.0018955078744807,         0.0001573376301763,         0.0009313746273165,         0.0056201296991707,         0.0055413088342050,         0.0007686029204761
 -0.0018961463883489,        -0.0000852753457643,         0.0006666159546520,         0.0055537897180306,         0.0055351801600777,         0.0010754972557751
 -0.0018896153091303,        -0.0003219968893004,         0.0004054199190531,         0.0054680159835373,         0.0055083056861605,         0.0013712879430887
 -0.0018761038732354,        -0.0005520690026716,         0.0001486903325704,         0.0053635782947047,         0.0054612630810824,         0.0016551137492159
 -0.0018558233125221,        -0.0007747761804554,        -0.0001027065952555,         0.0052412992050345,         0.0053946928545632,         0.0019261783606351
 -0.0018290055522820,        -0.0009894471339612,        -0.0003479446627117,         0.0051020497076023,         0.0053092944978650,         0.0021837518979530
 -0.0017959018610330,        -0.0011954563091883,        -0.0005862398750443,         0.0049467448364209,         0.0052058224902897,         0.0024271721449051
 -0.0017567814583204,        -0.0013922251973814,        -0.0008168524338621,         0.0047763392025959,         0.0050850821898636,         0.0026558454938454
 -0.0017119300867390,        -0.0015792234379697,        -0.0010390885140908,         0.0045918224836149,         0.0049479256263703,         0.0028692476106328
 -0.0016616485543920,        -0.0017559697144750,        -0.0012523018266240,         0.0043942148838819,         0.0047952472148556,         0.0030669238228186
 -0.0016062512539607,        -0.0019220324448182,        -0.0014558949657623,         0.0041845625842612,         0.0046279794075963,         0.0032484892360995
 -0.0015460646645121,        -0.0020770302681172,        -0.0016493205412687,         0.0039639331980672,         0.0044470883023592,         0.0034136285848030
 -0.0014814258420933,        -0.0022206323307858,        -0.0018320820956861,         0.0037334112505006,         0.0042535692245209,         0.0035620958230454
 -0.0014126809050665,        -0.0023525583754858,        -0.0020037348084128,         0.0034940936980472,         0.0040484423003227,         0.0036937134640877
 -0.0013401835200197,        -0.0024725786371170,        -0.0021638859887680,         0.0032470855038280,         0.0038327480381648,         0.0038083716761570
 -0.0012642933939540,        -0.0025805135506671,        -0.0023121953610298,         0.0029934952843147,         0.0036075429344315,         0.0039060271437348
 -0.0011853747782931,        -0.0026762332763427,        -0.0024483751451472,         0.0027344310421969,         0.0033738951198633,         0.0039867017039944
 -0.0011037949900903,        -0.0027596570479610,        -0.0025721899375014,         0.0024709959995376,         0.0031328800619834,         0.0040504807686843
 -0.0010199229556083,        -0.0028307523511500,        -0.0026834563967973,         0.0022042845445919,         0.0028855763384713,         0.0040975115423751
 -0.0009341277812625,        -0.0028895339383281,        -0.0027820427406995,         0.0019353783050164,         0.0026330614958362,         0.0041280010484251
 -0.0008467773567106,        -0.0029360626879088,        -0.0028678680594293,         0.0016653423594402,         0.0023764080071090,         0.0041422139745122
 -0.0007582369945835,        -0.0029704443156764,        -0.0029409014531996,         0.0013952215983904,         0.0021166793414235,         0.0041404703500689
 -0.0006688681111656,        -0.0029928279465621,        -0.0030011610007555,         0.0011260372449270,         0.0018549261577954,         0.0041231430682182
 -0.0005790269520756,        -0.0030034045553866,        -0.0030487125667478,         0.0008587835444962,         0.0015921826346483,         0.0040906552650991
 -0.0004890633667088,        -0.0030024052854876,        -0.0030836684561807,         0.0005944246325600,         0.0013294629457801,         0.0040434775697743
 -0.0003993196349499,        -0.0029900996543755,        -0.0031061859245104,         0.0003338915877523,         0.0010677578927159,         0.0039821252380623
 -0.0003101293493844,        -0.0029667936557795,        -0.0031164655523303,         0.0000780796774232,         0.0008080317025656,         0.0039071551837723
 -0.0002218163559513,        -0.0029328277676260,        -0.0031147494938861,        -0.0001721541984528,         0.0005512189996685,         0.0038191629209010
 -0.0001346937556935,        -0.0028885748756237,        -0.0031013196089243,        -0.0004159938599122,         0.0002982219584635,         0.0037187794303721
 -0.0000490629699695,        -0.0028344381222305,        -0.0030764954876033,        -0.0006526659919759,         0.0000499076441668,         0.0036066679648751
  0.0000347871288025,        -0.0027708486908290,        -0.0030406323783740,        -0.0008814420786331,        -0.0001928944530186,         0.0034835208052813
  0.0001165810190882,        -0.0026982635349628,        -0.0029941190288760,        -0.0011016401233687,        -0.0004293946852864,         0.0033500559819896
  0.0001960572634060,        -0.0026171630624587,        -0.0029373754499971,        -0.0013126261546965,        -0.0006588453122593,         0.0032070139743685
  0.0002729691715155,        -0.0025280487842093,        -0.0028708506132900,        -0.0015138155158958,        -0.0008805423604636,         0.0030551544012580
  0.0003470853927098,        -0.0024314409373126,        -0.0027950200919711,        -0.0017046739389918,        -0.0010938272749016,         0.0028952527152520
  0.0004181904366526,        -0.0023278760921061,        -0.0027103836556941,        -0.0018847184040082,        -0.0012980883613921,         0.0027280969130986
  0.0004860851224146,        -0.0022179047525042,        -0.0026174628292411,        -0.0020535177851274,        -0.0014927620189880,         0.0025544842742840
  0.0005505869556452,        -0.0021020889588512,        -0.0025167984251638,        -0.0022106932861592,        -0.0016773337625851,         0.0023752181394720
  0.0006115304341258,        -0.0019809999022720,        -0.0024089480602889,        -0.0023559186685657,        -0.0018513390367349,         0.0021911047400251
  0.0006687672821896,        -0.0018552155592606,        -0.0022944836658270,        -0.0024889202759284,        -0.0020143638223695,         0.0020029500894027
  0.0007221666147570,        -0.0017253183549677,        -0.0021739890006284,        -0.0026094768594411,        -0.0021660450389035,         0.0018115569467458
  0.0007716150319841,        -0.0015918928633449,        -0.0020480571768952,        -0.0027174192096530,        -0.0023060707448933,         0.0016177218624477
  0.0008170166457584,        -0.0014555235519785,        -0.0019172882074032,        -0.0028126296003003,        -0.0024341801411205,         0.0014222323149782
  0.0008582930395081,        -0.0013167925790967,        -0.0017822865829918,        -0.0028950410506385,        -0.0025501633806249,         0.0012258639476695
  0.0008953831630038,        -0.0011762776498707,        -0.0016436588887767,        -0.0029646364132183,        -0.0026538611908253,         0.0010293779136052
  0.0009282431640538,        -0.0010345499387131,        -0.0015020114671670,        -0.0030214472945857,        -0.0027451643135053,         0.0008335183361114
  0.0009568461591639,        -0.0008921720839232,        -0.0013579481354523,        -0.0030655528167779,        -0.0028240127689173,         0.0006390098918170
  0.0009811819454196,        -0.0007496962606122,        -0.0012120679653476,        -0.0030970782279279,        -0.0028903949507962,         0.0004465555226289
  0.0010012566560527,        -0.0006076623373169,        -0.0010649631313878,        -0.0031161933707438,        -0.0029443465596541,         0.0002568342821977
  0.0010170923622766,        -0.0004665961213641,        -0.0009172168347384,        -0.0031231110178811,        -0.0029859493820658,         0.0000704993219530
  0.0010287266241118,        -0.0003270076975937,        -0.0007694013085462,        -0.0031180850835174,        -0.0030153299240508,        -0.0001118239788575
  0.0010362119930809,        -0.0001893898645402,        -0.0006220759104623,        -0.0031014087207466,        -0.0030326579070921,        -0.0002895397354152
  0.0010396154697514,        -0.0000542166717439,        -0.0004757853075391,        -0.0030734123145867,        -0.0030381446356130,        -0.0004620831287451
  0.0010390179192089,         0.0000780579386121,        -0.0003310577582307,        -0.0030344613805706,        -0.0030320412450213,        -0.0006289218238317
