av1     ,       av2     ,       av3     ,       av4     ,       av5     ,       av6     
timestep:         0.0165466546654665
yAxisLabel:acceleration [m/s2]  
title:bogies acceleration       
  0.0000000000000000,         0.0000000000000000,         0.0000000000000000,         0.0000000000000000,         0.0000000000000000,         0.0000000000000000
  0.0000000000000000,         0.0000000000000000,         0.0000000000000000,         0.0000000000000000,         0.0000000000000000,         0.0000000000000000
 -0.0004745687432722,         0.0000000000000000,         0.0000000000000000,         0.0000000000000000,         0.0000000000000000,         0.0000000000000000
 -0.0023259900450889,         0.0000000000000000,         0.0000000000000000,         0.0000000000000000,         0.0000000000000000,         0.0000000000000000
 -0.0054439981019781,         0.0000000000000000,         0.0000000000000000,         0.0000000000000000,         0.0000000000000000,         0.0000000000000000
 -0.0087591733152581,         0.0000000000000000,         0.0000000000000000,         0.0000000000000000,         0.0000000000000000,         0.0000000000000000
 -0.0119021252798476,         0.0000000000000000,         0.0000000000000000,         0.0000000000000000,         0.0000000000000000,         0.0000000000000000
 -0.0151636468414752,         0.0000000000000000,         0.0000000000000000,         0.0000000000000000,         0.0000000000000000,         0.0000000000000000
 -0.0178477970367985,         0.0000000000000000,         0.0000000000000000,         0.0000000000000000,         0.0000000000000000,         0.0000000000000000
 -0.0196804319868808,         0.0000000000000000,         0.0000000000000000,         0.0000000000000000,         0.0000000000000000,         0.0000000000000000
 -0.0216120304031451,         0.0000000000000000,         0.0000000000000000,         0.0000000000000000,         0.0000000000000000,         0.0000000000000000
 -0.0233925726951443,         0.0000000000000000,         0.0000000000000000,         0.0000000000000000,         0.0000000000000000,         0.0000000000000000
 -0.0248679806546643,         0.0000000000000000,         0.0000000000000000,         0.0000000000000000,         0.0000000000000000,         0.0000000000000000
 -0.0268367394440318,         0.0000000000000000,         0.0000000000000000,         0.0000000000000000,         0.0000000000000000,         0.0000000000000000
 -0.0294598663937191,         0.0000000000000000,         0.0000000000000000,         0.0000000000000000,         0.0000000000000000,         0.0000000000000000
 -0.0327026141637562,         0.0000000000000000,         0.0000000000000000,         0.0000000000000000,         0.0000000000000000,         0.0000000000000000
 -0.0368030805840925,         0.0000000000000000,         0.0000000000000000,         0.0000000000000000,         0.0000000000000000,         0.0000000000000000
 -0.0415149441094366,         0.0000000000000000,         0.0000000000000000,         0.0000000000000000,         0.0000000000000000,         0.0000000000000000
 -0.0460465715743188,         0.0000000000000000,         0.0000000000000000,         0.0000000000000000,         0.0000000000000000,         0.0000000000000000
 -0.0502257216065959,         0.0000000000000000,         0.0000000000000000,         0.0000000000000000,         0.0000000000000000,         0.0000000000000000
 -0.0539426478489373,         0.0000000000000000,         0.0000000000000000,         0.0000000000000000,         0.0000000000000000,         0.0000000000000000
 -0.0565382112657836,         0.0000000000000000,         0.0000000000000000,         0.0000000000000000,         0.0000000000000000,         0.0000000000000000
 -0.0583452177434333,         0.0000000000000000,         0.0000000000000000,         0.0000000000000000,         0.0000000000000000,         0.0000000000000000
 -0.0597285601635946,         0.0000000000000000,         0.0000000000000000,         0.0000000000000000,         0.0000000000000000,         0.0000000000000000
 -0.0599391415252237,         0.0000000000000000,         0.0000000000000000,         0.0000000000000000,         0.0000000000000000,         0.0000000000000000
 -0.0590572968684528,         0.0000000000000000,         0.0000000000000000,         0.0000000000000000,         0.0000000000000000,         0.0000000000000000
 -0.0580750009887704,         0.0000000000000000,         0.0000000000000000,         0.0000000000000000,         0.0000000000000000,         0.0000000000000000
 -0.0572872465757517,         0.0000000000000000,         0.0000000000000000,         0.0000000000000000,         0.0000000000000000,         0.0000000000000000
 -0.0567379053054468,         0.0000000000000000,         0.0000000000000000,         0.0000000000000000,         0.0000000000000000,         0.0000000000000000
 -0.0570722436927470,         0.0000000000000000,         0.0000000000000000,         0.0000000000000000,         0.0000000000000000,         0.0000000000000000
 -0.0581732271696075,         0.0000000000000000,         0.0000000000000000,         0.0000000000000000,         0.0000000000000000,         0.0000000000000000
 -0.0588278843854173,         0.0000000000000000,         0.0000000000000000,         0.0000000000000000,         0.0000000000000000,         0.0000000000000000
 -0.0582425392022083,         0.0000000000000000,         0.0000000000000000,         0.0000000000000000,         0.0000000000000000,         0.0000000000000000
 -0.0558106316551691,         0.0000000000000000,         0.0000000000000000,         0.0000000000000000,         0.0000000000000000,         0.0000000000000000
 -0.0512082550848031,         0.0000000000000000,         0.0000000000000000,         0.0000000000000000,         0.0000000000000000,         0.0000000000000000
 -0.0449799882244104,         0.0000000000000000,         0.0000000000000000,         0.0000000000000000,         0.0000000000000000,         0.0000000000000000
 -0.0372114414261900,        -0.0133872673772683,         0.0000000000000000,         0.0000000000000000,         0.0000000000000000,         0.0000000000000000
 -0.0277238333374350,        -0.0282748881041121,         0.0000000000000000,         0.0000000000000000,         0.0000000000000000,         0.0000000000000000
 -0.0172714520435202,        -0.0324253607112479,         0.0000000000000000,         0.0000000000000000,         0.0000000000000000,         0.0000000000000000
 -0.0069257275023287,        -0.0372375344538078,         0.0000000000000000,         0.0000000000000000,         0.0000000000000000,         0.0000000000000000
  0.0021383607981042,        -0.0413943750066804,        -0.0139003166361997,         0.0000000000000000,         0.0000000000000000,         0.0000000000000000
  0.0088082128064906,        -0.0454019099824136,        -0.0304830653194321,         0.0000000000000000,         0.0000000000000000,         0.0000000000000000
  0.0137875686531658,        -0.0512370431417740,        -0.0371835225887413,         0.0000000000000000,         0.0000000000000000,         0.0000000000000000
  0.0190026948942611,        -0.0576112097635968,        -0.0447615054369939,         0.0000000000000000,         0.0000000000000000,         0.0000000000000000
  0.0234393146219007,        -0.0621022150178499,        -0.0518165767635367,         0.0000000000000000,         0.0000000000000000,         0.0000000000000000
  0.0239913037510389,        -0.0658970992406537,        -0.0583222867163519,         0.0000000000000000,         0.0000000000000000,         0.0000000000000000
  0.0208355138708168,        -0.0696293902824119,        -0.0643629161584187,         0.0000000000000000,         0.0000000000000000,         0.0000000000000000
  0.0168680297780383,        -0.0719931985595915,        -0.0687607266191693,         0.0000000000000000,         0.0000000000000000,         0.0000000000000000
  0.0138145228925055,        -0.0742030407880371,        -0.0719801937005081,         0.0000000000000000,         0.0000000000000000,         0.0000000000000000
  0.0115154757264191,        -0.0776726387499226,        -0.0755572974585049,         0.0000000000000000,         0.0000000000000000,         0.0000000000000000
  0.0086071644292442,        -0.0817444478114695,        -0.0789436556842607,         0.0000000000000000,         0.0000000000000000,         0.0000000000000000
  0.0045400783274689,        -0.0866099479364891,        -0.0817208734862332,         0.0000000000000000,         0.0000000000000000,         0.0000000000000000
  0.0010594104485573,        -0.0924336747399171,        -0.0853000451406219,         0.0000000000000000,         0.0000000000000000,         0.0000000000000000
 -0.0008607225030194,        -0.0985038089268369,        -0.0904612055317626,         0.0000000000000000,         0.0000000000000000,         0.0000000000000000
 -0.0026417979959807,        -0.1052490027772319,        -0.0971138934475030,         0.0000000000000000,         0.0000000000000000,         0.0000000000000000
 -0.0043724503879014,        -0.1126193352893834,        -0.1053849295417078,         0.0000000000000000,         0.0000000000000000,         0.0000000000000000
 -0.0045521901360219,        -0.1185896390423806,        -0.1140940017247892,         0.0000000000000000,         0.0000000000000000,         0.0000000000000000
 -0.0041919182782469,        -0.1226399853049949,        -0.1216018816563336,         0.0000000000000000,         0.0000000000000000,         0.0000000000000000
 -0.0056939980750762,        -0.1258884857532364,        -0.1279276580929604,         0.0000000000000000,         0.0000000000000000,         0.0000000000000000
 -0.0094929462257466,        -0.1268868470687342,        -0.1321842773235012,         0.0000000000000000,         0.0000000000000000,         0.0000000000000000
 -0.0150184813709131,        -0.1245516566133066,        -0.1329386144060061,         0.0000000000000000,         0.0000000000000000,         0.0000000000000000
 -0.0216593438898693,        -0.1218397961922871,        -0.1320314639544422,         0.0000000000000000,         0.0000000000000000,         0.0000000000000000
 -0.0280437629139646,        -0.1205214388355111,        -0.1315225626578846,         0.0000000000000000,         0.0000000000000000,         0.0000000000000000
 -0.0326475769562849,        -0.1196453419601910,        -0.1307841078351094,         0.0000000000000000,         0.0000000000000000,         0.0000000000000000
 -0.0344603038698420,        -0.1199753527941984,        -0.1304421678619660,         0.0000000000000000,         0.0000000000000000,         0.0000000000000000
 -0.0327840141403802,        -0.1224641863065178,        -0.1318344320656071,         0.0000000000000000,         0.0000000000000000,         0.0000000000000000
 -0.0278315804668398,        -0.1254427850791533,        -0.1331798382071731,         0.0000000000000000,         0.0000000000000000,         0.0000000000000000
 -0.0203198797831346,        -0.1270386228189484,        -0.1327160776598487,         0.0000000000000000,         0.0000000000000000,         0.0000000000000000
 -0.0102425134935295,        -0.1266915436942949,        -0.1315142637423246,         0.0000000000000000,         0.0000000000000000,         0.0000000000000000
  0.0021680749392581,        -0.1237483073391264,        -0.1297018851721508,         0.0000000000000000,         0.0000000000000000,         0.0000000000000000
  0.0157286388139590,        -0.1173287245635918,        -0.1255754121522455,         0.0000000000000000,         0.0000000000000000,         0.0000000000000000
  0.0291892412523339,        -0.1064267660883845,        -0.1180369793010919,         0.0000000000000000,         0.0000000000000000,         0.0000000000000000
  0.0417991815686412,        -0.0903530089774086,        -0.1063386892513358,        -0.0334009504006310,         0.0000000000000000,         0.0000000000000000
  0.0532409828869322,        -0.0704973005454743,        -0.0904219844037472,        -0.0706725977138534,         0.0000000000000000,         0.0000000000000000
  0.0639679866832343,        -0.0486948962118854,        -0.0713898929338104,        -0.0795240292994705,         0.0000000000000000,         0.0000000000000000
  0.0745452734242834,        -0.0250976385253950,        -0.0501095122768028,        -0.0873572244270505,         0.0000000000000000,         0.0000000000000000
  0.0841066425405405,        -0.0004157901539513,        -0.0276444846996396,        -0.0930712881899495,        -0.0331464237392605,         0.0000000000000000
  0.0924412639161946,         0.0230382173084032,        -0.0056909765199798,        -0.0979489952704618,        -0.0699950800128358,         0.0000000000000000
  0.1011941730414089,         0.0447299882812368,         0.0158058069689536,        -0.1040440111680000,        -0.0790357758241850,         0.0000000000000000
  0.1114490702594089,         0.0652714955238356,         0.0375710954202311,        -0.1091475876339782,        -0.0878132009464501,         0.0000000000000000
  0.1229528669104603,         0.0822471251724169,         0.0563843625072920,        -0.1108471468799148,        -0.0947750127290386,         0.0000000000000000
  0.1341170812658133,         0.0938620069743936,         0.0692141868789662,        -0.1115768679073060,        -0.1005285415257640,         0.0000000000000000
  0.1429457463581288,         0.1024503505151059,         0.0793675435549371,        -0.1124877025002333,        -0.1056190123060392,         0.0000000000000000
  0.1495466720241013,         0.1102848396283345,         0.0899442869837588,        -0.1122268531478451,        -0.1089138400455903,         0.0000000000000000
  0.1552718999238160,         0.1175952173504127,         0.0986420230046080,        -0.1117157800231239,        -0.1109627760347968,         0.0000000000000000
  0.1589205200852652,         0.1232984402755050,         0.1031002553740001,        -0.1112075149549790,        -0.1124350841389227,         0.0000000000000000
  0.1584980509399277,         0.1258626168218818,         0.1042514854082041,        -0.1098730819301546,        -0.1120586893250333,         0.0000000000000000
  0.1563327059977093,         0.1264332440122623,         0.1042378875353334,        -0.1093411713746952,        -0.1107744076524392,         0.0000000000000000
  0.1554963538749291,         0.1285825275305338,         0.1052803671727533,        -0.1108284286994243,        -0.1114758669559407,         0.0000000000000000
  0.1535350661467283,         0.1325593066844408,         0.1080334146808992,        -0.1135755857163017,        -0.1144358407304686,         0.0000000000000000
  0.1470700287781727,         0.1357931929865974,         0.1106564494692617,        -0.1171864476980343,        -0.1184361713556014,         0.0000000000000000
  0.1372922788434484,         0.1387753933661112,         0.1130851818360205,        -0.1206146481033260,        -0.1234755987394644,         0.0000000000000000
  0.1265766889261970,         0.1422139426846507,         0.1167669791550151,        -0.1219950988023266,        -0.1286678823220052,         0.0000000000000000
  0.1159356438330028,         0.1432331513279540,         0.1198272548978882,        -0.1221196366241382,        -0.1328297984314253,         0.0000000000000000
  0.1059078637289441,         0.1404272783444438,         0.1200353216739834,        -0.1216025172746148,        -0.1358929478139209,         0.0000000000000000
  0.0960216262836254,         0.1351463802011536,         0.1185293427763140,        -0.1177568451876265,        -0.1359760118814481,         0.0000000000000000
  0.0855493859153438,         0.1272835892962909,         0.1155640998164296,        -0.1113239937259060,        -0.1327707943725300,         0.0000000000000000
  0.0757033543536996,         0.1166327191718767,         0.1093393141792592,        -0.1063430267546551,        -0.1297742523977295,         0.0000000000000000
  0.0684400838736973,         0.1044321846515909,         0.1000467590057120,        -0.1023158466335175,        -0.1271711157247745,         0.0000000000000000
  0.0644607627227344,         0.0916849563151910,         0.0893945682555046,        -0.0978874022935169,        -0.1230402210647555,         0.0000000000000000
  0.0635116649967093,         0.0800138076855523,         0.0783304369214222,        -0.0959561330266930,        -0.1199756903909361,         0.0000000000000000
  0.0644649933412032,         0.0719499710585178,         0.0684281667809143,        -0.0975392492857035,        -0.1198645065572622,         0.0000000000000000
  0.0658845625333394,         0.0681878667333433,         0.0617727298904417,        -0.1004245914246851,        -0.1202082725940559,         0.0000000000000000
  0.0673229574434115,         0.0677475868673195,         0.0588983085396301,        -0.1042047577647155,        -0.1210893753946505,         0.0000000000000000
  0.0687433107754627,         0.0708393578492121,         0.0599542330900460,        -0.1082484264465591,        -0.1243400553253850,         0.0000000000000000
  0.0691357105615839,         0.0778652911761535,         0.0654577918986928,        -0.1097348954851820,        -0.1272432766840795,         0.0000000000000000
  0.0674408796189796,         0.0874286625064758,         0.0746088455046436,        -0.1071016511009920,        -0.1264887363469711,         0.0000000000000000
  0.0636904348661585,         0.0975639198330094,         0.0854776746853584,        -0.0998912377181627,        -0.1220469128385332,         0.0000000000000000
  0.0582955436201696,         0.1068162189458992,         0.0965154135823014,        -0.0871809852634045,        -0.1134682350375332,         0.0000000000000000
  0.0522773259348047,         0.1139910814689419,         0.1067824369720992,        -0.0693811250228036,        -0.0993177450372956,        -0.0378612906033158
  0.0468599126965642,         0.1187693231947588,         0.1160879623469682,        -0.0471914354981960,        -0.0795935809321173,        -0.0800115391146998
  0.0418188468511332,         0.1215582630553179,         0.1245268463683488,        -0.0204191616557382,        -0.0550634765442209,        -0.0895357736501096
  0.0362607990358733,         0.1231313431610434,         0.1316181134404022,         0.0089155931504051,        -0.0275945858469353,        -0.0974524225577855
  0.0295230245204872,         0.1253442130435310,         0.1379296345583552,         0.0371311706862826,        -0.0003263694453760,        -0.1032047341944458
  0.0206174334193515,         0.1295016255625646,         0.1450506227198423,         0.0632583986271872,         0.0259808352673319,        -0.1067747327471657
  0.0096181430042130,         0.1351005347100860,         0.1526941088165854,         0.0883708293288066,         0.0528603215849745,        -0.1079320218803639
 -0.0011247396519155,         0.1416372009349452,         0.1596763646395979,         0.1124595665129917,         0.0797604828829993,        -0.1069536384036957
 -0.0104170902188390,         0.1478804077901359,         0.1654344919477732,         0.1350010257723994,         0.1048762123795868,        -0.1047319828809779
 -0.0202594906254733,         0.1514296781729667,         0.1691482080933088,         0.1554166741149169,         0.1279168031639437,        -0.1014238782328116
 -0.0313095345124481,         0.1530138274328384,         0.1713245852431109,         0.1728177924502680,         0.1483211407644675,        -0.0963137626008508
 -0.0418085138626777,         0.1557463881161836,         0.1743483060293705,         0.1876846561933065,         0.1649892754573020,        -0.0897989324495247
 -0.0519893082970159,         0.1586029790685940,         0.1779580845175585,         0.2006822769887436,         0.1781570358948782,        -0.0825176366080041
 -0.0633786219041280,         0.1577031982318419,         0.1782662014248083,         0.2112001355667841,         0.1886781129846808,        -0.0749069757957407
 -0.0753789567985970,         0.1532047773894838,         0.1746830502609886,         0.2202802774524079,         0.1975883188968215,        -0.0681672119562947
 -0.0861379737200421,         0.1477249425076168,         0.1710076774869054,         0.2299422798684841,         0.2064591518055783,        -0.0626724549744571
 -0.0949129720487418,         0.1408540211598673,         0.1676788227197609,         0.2390511640096519,         0.2152851980701128,        -0.0580787278808584
 -0.1030850249219676,         0.1311827709209180,         0.1618135934211899,         0.2457521219722859,         0.2223018594227216,        -0.0539974047694892
 -0.1129067126430271,         0.1195003618471708,         0.1532359802059921,         0.2517154955780331,         0.2283389401883741,        -0.0493962711942000
 -0.1239528467650240,         0.1066529768160665,         0.1429553672876705,         0.2581894735659916,         0.2358288071041476,        -0.0440812143133104
 -0.1325124112211946,         0.0923180023464012,         0.1300449919245450,         0.2626941292171967,         0.2431535191322401,        -0.0392333543952974
 -0.1358177947962920,         0.0760808932281840,         0.1134322413349388,         0.2635906277743342,         0.2475332977290966,        -0.0341332452526650
 -0.1350227124316518,         0.0579063436566387,         0.0935435141574142,         0.2612475368590741,         0.2494072724495976,        -0.0265499127775090
 -0.1325935547402863,         0.0392737398203375,         0.0721782247874163,         0.2548126531228187,         0.2486440361752076,        -0.0176083439104322
 -0.1288952583057710,         0.0231908894737384,         0.0522704801919519,         0.2432069034475039,         0.2430384553622736,        -0.0092604935528973
 -0.1234915622900242,         0.0112206488921315,         0.0361814130750158,         0.2271057671111348,         0.2317150264722011,        -0.0001227889997433
 -0.1170637378957276,         0.0018186790418495,         0.0234018158530694,         0.2083313971452599,         0.2160391021905404,         0.0091910363006697
 -0.1105007853969319,        -0.0066726328466193,         0.0121559241027876,         0.1894576094883586,         0.1985016326651153,         0.0147697102653197
 -0.1040694806686079,        -0.0139332448574694,         0.0024688367411760,         0.1733160969508768,         0.1819351424654830,         0.0157589658389386
 -0.0982445225228593,        -0.0194242181544542,        -0.0046631626457655,         0.1603812590774290,         0.1675811967951750,         0.0138935398926056
 -0.0939705971241701,        -0.0235010381992069,        -0.0090891119783945,         0.1488392996902480,         0.1545900116146335,         0.0093121468220710
 -0.0911517725175568,        -0.0270804665370968,        -0.0115602034895973,         0.1387117467815383,         0.1429359969653912,         0.0021724642235492
 -0.0880626554025540,        -0.0312686769768355,        -0.0135564129591327,         0.1318203327434946,         0.1343608171772024,        -0.0055414719482098
 -0.0836655465061974,        -0.0365640287708795,        -0.0166694692573531,         0.1279421035774358,         0.1293316815870653,        -0.0121927544945187
 -0.0796243155316459,        -0.0424542894746306,        -0.0216141512099285,         0.1247372595292597,         0.1257733785851477,        -0.0167072263401440
 -0.0771960704316669,        -0.0477981927343093,        -0.0278497705341402,         0.1199331625926232,         0.1215720195816496,        -0.0177195775854623
 -0.0742601360989623,        -0.0516686397010949,        -0.0340749527951362,         0.1125587179460534,         0.1164442850289361,        -0.0149801975097321
 -0.0693524842570856,        -0.0545313086350689,        -0.0397682387793728,         0.1032988436740112,         0.1111442816518972,        -0.0089426233472507
 -0.0647365039502569,        -0.0580105100009320,        -0.0462923878555939,         0.0935818751775917,         0.1058830993088143,         0.0003429530852596
 -0.0623190383582800,        -0.0625783407103067,        -0.0545148146248041,         0.0845079151080973,         0.1003594655660659,         0.0118294776181197
 -0.0609874347566901,        -0.0671161435462221,        -0.0626723056972206,         0.0759713569474718,         0.0945020610448319,         0.0244260419602074
 -0.0601319809032422,        -0.0714978409965464,        -0.0691268220326563,         0.0667883861715456,         0.0878596069542578,         0.0388721174473733
 -0.0609972018654636,        -0.0767883582492264,        -0.0748166000429909,         0.0572079459357296,         0.0799926690709816,         0.0553540415844881
 -0.0633672063303957,        -0.0833454911117759,        -0.0816647358495058,         0.0500336988309796,         0.0728130825952785,         0.0722440222375460
 -0.0656177308167056,        -0.0913798191385621,        -0.0902561120408324,         0.0465450367210059,         0.0687993625890049,         0.0880146952500402
 -0.0672171670610474,        -0.1018157625487492,        -0.1000159721119257,         0.0440685086420995,         0.0667687955278164,         0.1021931297204273
 -0.0685700371598800,        -0.1143749054982479,        -0.1104778024664508,         0.0405079538186777,         0.0639518516173430,         0.1155476343491402
 -0.0701077123485582,        -0.1268419412203849,        -0.1207093650885774,         0.0366841405148720,         0.0602196568217936,         0.1294659436887332
 -0.0729046630063368,        -0.1375768291214666,        -0.1295535585494069,         0.0326107826459716,         0.0563933667339578,         0.1435203629453474
 -0.0784388457518704,        -0.1467831812242394,        -0.1373685148499238,         0.0267507174128469,         0.0517897802018950,         0.1555159309065878
 -0.0863812803819781,        -0.1551949823978329,        -0.1454518450322628,         0.0194976316403010,         0.0462490753124600,         0.1651111534802198
 -0.0943760784554880,        -0.1631930155270143,        -0.1545119233257642,         0.0128661293152607,         0.0412725129182878,         0.1737222755171355
 -0.1005097197630643,        -0.1713083921885960,        -0.1645052870810749,         0.0068401913125122,         0.0374916259311343,         0.1810716228546304
 -0.1047295516038723,        -0.1801297901551845,        -0.1751811311360463,        -0.0003397710631141,         0.0335403431219985,         0.1866659338506879
 -0.1074391868145458,        -0.1889169831533159,        -0.1856825160442171,        -0.0093745662458501,         0.0278714727654904,         0.1925457310390509
 -0.1085897196716343,        -0.1958563985572080,        -0.1945516970314481,        -0.0198779726555142,         0.0198533731279299,         0.2000852409754134
 -0.1078586558609619,        -0.2002228064249275,        -0.2010953651238436,        -0.0314224546905035,         0.0096393057100540,         0.2071683402458884
 -0.1038381563476923,        -0.2029146035876140,        -0.2057862544979387,        -0.0437907501707727,        -0.0024738653894217,         0.2114462390072046
 -0.0957227666606789,        -0.2047022554856130,        -0.2091242818550456,        -0.0564845447645035,        -0.0161369792917646,         0.2127589080446821
 -0.0849873016035408,        -0.2049881151615809,        -0.2105556027580329,        -0.0686699748067184,        -0.0306715308552478,         0.2112362915002471
 -0.0730577083112907,        -0.2021365578636886,        -0.2086968765877943,        -0.0805447091088223,        -0.0457242278071802,         0.2062695580237497
 -0.0598703956347150,        -0.1950233489611541,        -0.2020892260829821,        -0.0932746923576597,        -0.0616197962023317,         0.1973350184272896
 -0.0454529531704753,        -0.1851710691035558,        -0.1913113470468991,        -0.1066602317817204,        -0.0781093311983479,         0.1845555723621282
 -0.0304163532293696,        -0.1750425775801315,        -0.1797327061547918,        -0.1186051581127699,        -0.0933535805707724,         0.1688762368039562
 -0.0147949663006930,        -0.1646852863863419,        -0.1695659313356674,        -0.1273292273661759,        -0.1054265091241516,         0.1517196730988585
  0.0015702795123716,        -0.1527639260744948,        -0.1598668289388764,        -0.1332933016777951,        -0.1140556236097065,         0.1340707790844367
  0.0181305655378671,        -0.1395423927088649,        -0.1495380441224613,        -0.1389896978839071,        -0.1208813195938815,         0.1162101605610656
  0.0345168417007867,        -0.1263008759933109,        -0.1390147417547480,        -0.1457763581635207,        -0.1276730872277980,         0.0985845092791385
  0.0508051835627018,        -0.1127565967333748,        -0.1285175703534553,        -0.1519236282719714,        -0.1337245829621561,         0.0823651775585333
  0.0660692560636230,        -0.0983901452882971,        -0.1175234261630192,        -0.1554132945994658,        -0.1373501967517143,         0.0679970989552744
  0.0788421303870646,        -0.0837769044967673,        -0.1058921076197233,        -0.1571528952167541,        -0.1395933835270089,         0.0536841201497901
  0.0883156581612059,        -0.0685955445907151,        -0.0930121459625336,        -0.1593287472017291,        -0.1433139148817703,         0.0379154274563262
  0.0947338128402327,        -0.0518344888081396,        -0.0775241988453790,        -0.1617673696742749,        -0.1488482236796982,         0.0217745124448538
  0.0992686181315872,        -0.0343434880433092,        -0.0598640998143532,        -0.1624868129878516,        -0.1535628886809240,         0.0059241444527904
  0.1029966753704435,        -0.0181955035137653,        -0.0425582072265881,        -0.1599273610039871,        -0.1555632285438416,        -0.0114528607752450
  0.1067552834890765,        -0.0043721869840292,        -0.0271531538325282,        -0.1541315275033649,        -0.1549804272106972,        -0.0314810605177454
  0.1114311639061854,         0.0076265305745323,        -0.0130172794528478,        -0.1473487523736499,        -0.1531104163671428,        -0.0520892581991533
  0.1178916599529655,         0.0186069438003459,         0.0009932240838674,        -0.1418573682262926,        -0.1513491319946560,        -0.0708114919548304
  0.1262894536092222,         0.0293378896924734,         0.0148223616245687,        -0.1375435659185850,        -0.1498691668236835,        -0.0866736793841024
  0.1356381392829620,         0.0407911239959538,         0.0277259367548966,        -0.1336026383811527,        -0.1482828408297545,        -0.0990103366262005
  0.1447257926042937,         0.0531167262108393,         0.0392362003893306,        -0.1306327473274848,        -0.1470475141389109,        -0.1086129780991276
  0.1531862879621606,         0.0657481946253766,         0.0495297997811941,        -0.1293803671670324,        -0.1465288138826282,        -0.1174724100445549
  0.1613965171544625,         0.0782682653114270,         0.0595016354983845,        -0.1293340111187843,        -0.1460606714380171,        -0.1258686122293201
  0.1686741765661154,         0.0904982889332867,         0.0694279339200675,        -0.1292050606464871,        -0.1448937776779923,        -0.1328426666976180
  0.1728664501914275,         0.1021075614949962,         0.0787273338904259,        -0.1281661820107767,        -0.1431562587962215,        -0.1384712271193607
  0.1727884760085797,         0.1123284172738475,         0.0869646912332499,        -0.1261834437124353,        -0.1413539458789219,        -0.1431886088083733
  0.1694877798656800,         0.1205498971990122,         0.0942865608449292,        -0.1235692712998452,        -0.1395020779908209,        -0.1468573026864489
  0.1647941307324526,         0.1262311239674132,         0.1006070580748550,        -0.1201867799762376,        -0.1374405325687696,        -0.1496254684571194
  0.1598564623646221,         0.1284774686302287,         0.1044616634351151,        -0.1151514859690893,        -0.1344111671473918,        -0.1519232662652245
  0.1547354418107676,         0.1272366545885162,         0.1047875985056309,        -0.1083078342407873,        -0.1297101824686421,        -0.1534960722683475
  0.1498171536366847,         0.1239246041074081,         0.1031403057680313,        -0.1010990221626746,        -0.1241782568912782,        -0.1536527567788325
  0.1461531874357380,         0.1197014360991141,         0.1017382203164163,        -0.0955546985381703,        -0.1196906741565603,        -0.1517905844287626
  0.1433593920993567,         0.1148495767955669,         0.1007123202130248,        -0.0925814991875187,        -0.1175078788635361,        -0.1475908939107140
  0.1401420168267218,         0.1104450916563067,         0.0993464641090157,        -0.0909085127096508,        -0.1165132282199075,        -0.1423119027558955
  0.1362553590471109,         0.1078801452300476,         0.0980310313954593,        -0.0883504879452691,        -0.1139261900224330,        -0.1381091933328820
  0.1317400543483447,         0.1067572969026319,         0.0970012320095457,        -0.0843259641937427,        -0.1086822197279537,        -0.1358029679723475
  0.1257685808202139,         0.1061202115054446,         0.0955619432079442,        -0.0796821179138641,        -0.1023886791105728,        -0.1344796052850302
  0.1175909843632152,         0.1068490534852981,         0.0945870771596328,        -0.0745753032301418,        -0.0961068608688236,        -0.1330110426829815
  0.1072863869455432,         0.1097838862083674,         0.0959589295263663,        -0.0688694953658616,        -0.0889595493916191,        -0.1317136504423451
  0.0950153094741406,         0.1137913486576022,         0.0993412027019928,        -0.0627517352416146,        -0.0804973393503911,        -0.1317934314166370
  0.0807795497565470,         0.1181636287038942,         0.1034242356941005,        -0.0553529374395238,        -0.0713471950529674,        -0.1332064323909414
  0.0681233440077742,         0.1236526758162227,         0.1084553369264207,        -0.0454808685637672,        -0.0616903211805146,        -0.1342489202471213
  0.0582861566928459,         0.1301659202040871,         0.1150323988292334,        -0.0345077314875110,        -0.0520889841064692,        -0.1340791859045368
  0.0487906816203322,         0.1367430991947965,         0.1228780169236444,        -0.0247675862579370,        -0.0439855508745060,        -0.1336357365592407
  0.0393290865139860,         0.1430680180711754,         0.1318012586655548,        -0.0154348602497831,        -0.0369745605575302,        -0.1332238666955826
  0.0299362960557739,         0.1486607420295626,         0.1411344871063736,        -0.0041335181223352,        -0.0285805674720249,        -0.1322412298269036
  0.0206461735389266,         0.1524133484561750,         0.1490860886472500,         0.0091573596335812,        -0.0177770917107285,        -0.1313448999275155
  0.0114914174452747,         0.1536620303140688,         0.1546049021557105,         0.0227471980911985,        -0.0057493077335160,        -0.1311691865933998
  0.0025034648066433,         0.1526649809076877,         0.1579107641251897,         0.0358379266677333,         0.0066466466238387,        -0.1297743748840978
 -0.0062875984571086,         0.1498742435549657,         0.1588014713885552,         0.0488088612758019,         0.0197119554436626,        -0.1250931719368837
 -0.0148531200521958,         0.1454132572622661,         0.1563180928648953,         0.0620389786702021,         0.0339460304886626,        -0.1177794411660931
 -0.0231659565172680,         0.1403405398307693,         0.1509216196661815,         0.0750824486528813,         0.0492941478927238,        -0.1095380142087393
 -0.0312005410049495,         0.1360219437688744,         0.1451156673126791,         0.0870557467639828,         0.0649792252620640,        -0.1008955520200016
 -0.0389329435620112,         0.1326452473355302,         0.1403291730263551,         0.0975009858964257,         0.0799574105306525,        -0.0910035393642217
 -0.0463409238509965,         0.1304479784958533,         0.1368840964575768,         0.1071346798889054,         0.0936464439238130,        -0.0789996757498351
 -0.0534039762823477,         0.1304019034081915,         0.1358758212156058,         0.1174888717448279,         0.1065348734315402,        -0.0658388983592924
 -0.0601033675653910,         0.1327464778553140,         0.1380974776455533,         0.1290390557972620,         0.1192589398842106,        -0.0537179376846734
 -0.0664221667116878,         0.1362405636504773,         0.1427062435429467,         0.1414889837317496,         0.1316137299697826,        -0.0434823886225186
 -0.0723452675445633,         0.1392332302765543,         0.1480380977992966,         0.1556171067689033,         0.1443623186395055,        -0.0342122370130796
 -0.0778594038115930,         0.1404881511653641,         0.1527365040777641,         0.1721143352607787,         0.1589025153936981,        -0.0251105192128749
 -0.0829531570046058,         0.1388988448314949,         0.1555640237151551,         0.1901837787459341,         0.1751294738356228,        -0.0163855408454617
 -0.0876169570239880,         0.1339935524224516,         0.1556098980798825,         0.2078587758629288,         0.1916568079241296,        -0.0073916493080393
 -0.0918430758592853,         0.1261318818144027,         0.1529022260433490,         0.2231291059479683,         0.2067828444250524,         0.0040064872825456
 -0.0956256144638451,         0.1156774696216150,         0.1471493277859968,         0.2351032126216336,         0.2197114131083149,         0.0183913635620998
 -0.0989604830252494,         0.1031731192426111,         0.1376032179550760,         0.2438034681207957,         0.2305355841270110,         0.0340830738558107
 -0.1018453748578050,         0.0894363469178877,         0.1247711122912985,         0.2493506129789316,         0.2392393284551474,         0.0496153592403070
 -0.1042797341793477,         0.0754517048314313,         0.1101677127466798,         0.2512840659078900,         0.2452514749216269,         0.0647212320220691
 -0.1062647180128716,         0.0623602786443512,         0.0957915469558672,         0.2487216631443377,         0.2474776690764343,         0.0793870745578109
 -0.1078031524902979,         0.0504134582068379,         0.0829269561932893,         0.2420377929691331,         0.2455057814813627,         0.0927118104687386
 -0.1088994838809599,         0.0389655605407092,         0.0713485031179781,         0.2331121684975151,         0.2405070727603694,         0.1035231871539838
 -0.1095597246203723,         0.0274127876274203,         0.0604372828220203,         0.2237608927026516,         0.2339474994212102,         0.1112609092089796
 -0.1097913946588043,         0.0151966522040115,         0.0496972150513764,         0.2148670189158799,         0.2264661621936268,         0.1160991165602900
 -0.1096034584837566,         0.0019080195799074,         0.0387588956051959,         0.2061594210154424,         0.2176488759177093,         0.1190307905162413
 -0.1090062581361581,        -0.0127537086567910,         0.0272794813996875,         0.1970804972113687,         0.2073651049458970,         0.1211258026912921
 -0.1080114425563363,        -0.0289712261364950,         0.0149123913117093,         0.1875585789549183,         0.1963989222471039,         0.1227669511497439
 -0.1066318936195599,        -0.0466719223932056,         0.0012923266767758,         0.1779447537899350,         0.1854322742452917,         0.1238560858595609
 -0.1048816492301229,        -0.0627859848616972,        -0.0139375017178304,         0.1687156518426247,         0.1751228360681049,         0.1242638007497276
 -0.1027758238100323,        -0.0754031819582534,        -0.0303877849828806,         0.1595063582621562,         0.1655264750157536,         0.1243965695478180
 -0.1003305265571665,        -0.0864918185201209,        -0.0469997874740027,         0.1494772139568336,         0.1558211043575192,         0.1244735092468618
 -0.0975627778198908,        -0.0969995248628062,        -0.0638316981818995,         0.1390611011216822,         0.1462110099300432,         0.1239198120106983
 -0.0944904239411707,        -0.1068999875028409,        -0.0786111194706137,         0.1297651615684897,         0.1384079646633938,         0.1223968565505004
 -0.0911320509689760,        -0.1161697884137159,        -0.0903806472715338,         0.1215580228017022,         0.1327264911803830,         0.1201822571041229
 -0.0875068975447009,        -0.1247884269199210,        -0.1012476426532327,         0.1124158401821508,         0.1268674002652193,         0.1178082574864555
 -0.0836347673180174,        -0.1327383300803821,        -0.1114831162688789,         0.1015203487032071,         0.1192652039545648,         0.1154409633005993
 -0.0795359412489986,        -0.1400048517843993,        -0.1210629433075254,         0.0899459630841723,         0.1108651525998306,         0.1128427615580852
 -0.0752310901301181,        -0.1465762608329295,        -0.1299660268151556,         0.0779149117055615,         0.1017540642909358,         0.1101353847688197
 -0.0707411876342057,        -0.1524437182870959,        -0.1381743077923999,         0.0652592566603213,         0.0902472078062563,         0.1077433654619752
 -0.0660874242072032,        -0.1576012444088275,        -0.1456727635848775,         0.0527686508395726,         0.0761656456530459,         0.1058816954035809
 -0.0612911221437823,        -0.1620456756007297,        -0.1524493948754087,         0.0405578962219913,         0.0611970652979020,         0.1039479102196628
 -0.0563736521052624,        -0.1657766116950229,        -0.1584952015562741,         0.0281399962875815,         0.0464698866395104,         0.1007495392669373
 -0.0513563513615403,        -0.1687963540165587,        -0.1638041478328562,         0.0167061561628584,         0.0327672439087993,         0.0965219860864227
 -0.0462604440439926,        -0.1711098346794826,        -0.1683731169457748,         0.0081564012487783,         0.0216647148620466,         0.0930700115816549
 -0.0411069636614637,        -0.1727245375929035,        -0.1722018559296656,         0.0024042432413986,         0.0138525473493339,         0.0910751148134227
 -0.0359166781054737,        -0.1736504116365447,        -0.1752929108214587,        -0.0021399322921439,         0.0086189352491738,         0.0901552805634417
 -0.0307100173742617,        -0.1738997765105021,        -0.1776515527770760,        -0.0061371338914054,         0.0052928355246283,         0.0911177370394941
 -0.0255070042475184,        -0.1734872218420329,        -0.1792856956402040,        -0.0091836632671736,         0.0039561404953650,         0.0951076756562266
 -0.0203271880827635,        -0.1724295000254058,        -0.1802058054145562,        -0.0119996869828269,         0.0041465460131433,         0.1014127994464391
 -0.0151895819104772,        -0.1707454133463135,        -0.1804248021713010,        -0.0165251590907874,         0.0038953569376505,         0.1085914778239103
 -0.0101126030034075,        -0.1684556959732915,        -0.1799579549574598,        -0.0238767816126621,         0.0012152856913030,         0.1167537868968973
 -0.0051140170607673,        -0.1655828913826462,        -0.1788227702677655,        -0.0337479452313143,        -0.0047308394245201,         0.1263141421081735
 -0.0002108861270759,        -0.1621512257518425,        -0.1770388746161758,        -0.0450645178114144,        -0.0135488200857488,         0.1352961719995220
  0.0045804796395275,        -0.1581864778921656,        -0.1746278917847155,        -0.0566319418843813,        -0.0241402127245547,         0.1412287265271958
  0.0092445662473143,        -0.1537158463537756,        -0.1716133154003843,        -0.0676804525130547,        -0.0355386781842695,         0.1439536449416020
  0.0137666961327870,        -0.1487678142056043,        -0.1680203773619607,        -0.0780371535499150,        -0.0471520248545389,         0.1441397945803107
  0.0181330643461633,        -0.1433720120552790,        -0.1638759127110605,        -0.0879379030499841,        -0.0586638956489379,         0.1422132512655873
  0.0223307706096890,        -0.1375590798968884,        -0.1592082215691434,        -0.0972300620133100,        -0.0695355200821866,         0.1386951403223618
  0.0263478472266618,        -0.1313605283344370,        -0.1540469287299436,        -0.1056917382036156,        -0.0789442002998980,         0.1336899207662751
  0.0301732828322225,        -0.1248085996876308,        -0.1484228414572507,        -0.1138138980425271,        -0.0870227673162071,         0.1271515504942121
  0.0337970419881519,        -0.1179361295105919,        -0.1423678060683846,        -0.1222523425052312,        -0.0946958503361929,         0.1199236574490922
  0.0372100806471735,        -0.1107764090916350,        -0.1359145639343484,        -0.1312692918589003,        -0.1025297450141387,         0.1129925684633771
  0.0404043575201126,        -0.1033630493733998,        -0.1290966073898467,        -0.1408459953863652,        -0.1108337957615585,         0.1056932953829341
  0.0433728413988574,        -0.0957298467743411,        -0.1219480360996404,        -0.1507251939252384,        -0.1198008976117444,         0.0966857633297605
  0.0461095144988552,        -0.0879106514038940,        -0.1145034144447154,        -0.1593938924190814,        -0.1292771526886300,         0.0859986270159863
  0.0486093719035675,        -0.0799392381100172,        -0.1067976304405385,        -0.1654683786726656,        -0.1387649008498793,         0.0741091809235273
  0.0508684171976228,        -0.0718491807558157,        -0.0988657566553246,        -0.1698388881680395,        -0.1473350215580038,         0.0606156552778781
  0.0528836543900754,        -0.0636737301312595,        -0.0907429136124842,        -0.1734681926082757,        -0.1548796685979694,         0.0457516139055408
  0.0546530762573837,        -0.0554456959163311,        -0.0824641361840975,        -0.1763596129490961,        -0.1611143064210747,         0.0310165445822724
  0.0561756492187841,        -0.0471973330066901,        -0.0740642433602116,        -0.1785191782513312,        -0.1656247476572658,         0.0171337580962220
  0.0574512948823657,        -0.0389602325292569,        -0.0655777118071244,        -0.1799555407518276,        -0.1690790748148638,         0.0036206512328586
  0.0584808684121255,        -0.0307652178752538,        -0.0570385536326589,        -0.1806798829936856,        -0.1718160967509625,        -0.0093930077780319
  0.0592661338732652,        -0.0226422460222970,        -0.0484801987179684,        -0.1807058175547802,        -0.1738419527069038,        -0.0209172445651531
  0.0598097367090799,        -0.0146203143810457,        -0.0399353819347079,        -0.1800492798918727,        -0.1751653245099898,        -0.0312984649578693
  0.0601151735178562,        -0.0067273733975451,        -0.0314360355674965,        -0.1787284148606800,        -0.1757973454226248,        -0.0419729969591091
  0.0601867593258674,         0.0010097548720837,        -0.0230131872568966,        -0.1767634575497384,        -0.1757515018752028,        -0.0530064823143710
  0.0600295925173932,         0.0085654520654731,        -0.0146968636902640,        -0.1741766089434130,        -0.1750435285577767,        -0.0638421121379745
  0.0596495176091308,         0.0159153725551332,        -0.0065160002698971,        -0.1709919070047584,        -0.1736912974221662,        -0.0749327634487962
  0.0590530860672589,         0.0230365060949789,         0.0015016430180900,        -0.1672350937986362,        -0.1717147011780435,        -0.0861483054668684
  0.0582475153613336,         0.0299072339891770,         0.0093295593656552,        -0.1629334792496216,        -0.1691355318528154,        -0.0965179623222503
  0.0572406464388517,         0.0365073787246155,         0.0169425663975138,        -0.1581158020920638,        -0.1659773549542173,        -0.1053891711882344
  0.0560408998172234,         0.0428182470237434,         0.0243168707927153,        -0.1528120886031498,        -0.1622653798116927,        -0.1122070467321758
  0.0546572305124707,         0.0488226663078414,         0.0314301261743231,        -0.1470535097667887,        -0.1580263267372101,        -0.1167504947343634
  0.0530990819791797,         0.0545050145845655,         0.0382614842123579,        -0.1408722373780348,        -0.1532882915149808,        -0.1195437803321612
  0.0513763392573555,         0.0598512438000759,         0.0447916389056679,        -0.1343012996521732,        -0.1480806077902493,        -0.1213502066257924
  0.0494992815408788,         0.0648488967165304,         0.0510028640231164,        -0.1273744369528033,        -0.1424337079820285,        -0.1226342717279729
  0.0474785343395321,         0.0694871173985966,         0.0568790437265013,        -0.1201259581214835,        -0.1363789832193168,        -0.1235862004035533
  0.0453250214269915,         0.0737566554108900,         0.0624056964094807,        -0.1125905979461127,        -0.1299486428594625,        -0.1246457133368272
  0.0430499167812165,         0.0776498638713102,         0.0675699918281375,        -0.1048033763344893,        -0.1231755741867712,        -0.1261275470438118
  0.0406645966779445,         0.0811606914932882,         0.0723607616040363,        -0.0967994596285691,        -0.1160932027563705,        -0.1278613330889521
  0.0381805921147824,         0.0842846687876747,         0.0767685032152486,        -0.0886140245333067,        -0.1087353538959133,        -0.1292405830211829
  0.0356095417483180,         0.0870188886137263,         0.0807853776090938,        -0.0802821251435838,        -0.1011361158919027,        -0.1298769497174457
  0.0329631455090943,         0.0893619812871985,         0.0844052005978194,        -0.0718385634956909,        -0.0933297053352656,        -0.1301948305725550
  0.0302531190446237,         0.0913140844523839,         0.0876234282029945,        -0.0633177640267105,        -0.0853503350576495,        -0.1298378624292255
  0.0274911491450516,         0.0928768079491203,         0.0904371361389674,        -0.0547536523319051,        -0.0772320851027115,        -0.1283377168117252
  0.0246888503124293,         0.0940531939509230,         0.0928449936725884,        -0.0461795386159328,        -0.0690087771933742,        -0.1267005872166365
  0.0218577225952548,         0.0948476726048319,         0.0948472320623437,        -0.0376280061307202,        -0.0607138530425867,        -0.1255993242844639
  0.0190091108179417,         0.0952660134458896,         0.0964456078230075,        -0.0291308049048222,        -0.0523802568774547,        -0.1247579167451095
  0.0161541653360191,         0.0953152728774764,         0.0976433610815442,        -0.0207187510671856,        -0.0440403225490527,        -0.1241625656461007
  0.0133038044283104,         0.0950037380090196,         0.0984451692981758,        -0.0124216320105737,        -0.0357256655434364,        -0.1237465352680401
  0.0104686784242025,         0.0943408671299358,         0.0988570966178355,        -0.0042681176047131,        -0.0274670801710245,        -0.1230859058840980
  0.0076591356636837,         0.0933372271208012,         0.0988865391416581,         0.0037143223380428,        -0.0192944422097034,        -0.1215154480874965
  0.0048851903850558,         0.0920044281425623,         0.0985421664527830,         0.0114994941610105,        -0.0112366172678149,        -0.1187510891938492
  0.0021564926080153,         0.0903550558780972,         0.0978338596689847,         0.0190625499037225,        -0.0033213750554850,        -0.1152742697228917
 -0.0005176999208388,         0.0884026016393691,         0.0967726463374782,         0.0263800501754359,         0.0044246902500796,        -0.1114422905184109
 -0.0031285476554128,         0.0861613906685860,         0.0953706325046211,         0.0334300202636514,         0.0119762333672801,        -0.1072777645836028
 -0.0056676530036339,         0.0836465089462017,         0.0936409322835454,         0.0401919994280144,         0.0193092248744279,        -0.1028040406374730
 -0.0081270818699421,         0.0808737287983446,         0.0915975952243979,         0.0466470833526317,         0.0264010116768829,        -0.0980450981168367
 -0.0104993829540895,         0.0778594336130934,         0.0892555318121585,         0.0527779597476823,         0.0332303708917628,        -0.0930254421973419
 -0.0127776047835400,         0.0746205420033164,         0.0866304374518293,         0.0585689371284831,         0.0397775570950395,        -0.0877699992719539
 -0.0149553104692102,         0.0711744316809590,         0.0837387152261272,         0.0640059668163554,         0.0460243429098038,        -0.0823040132267434
 -0.0170265901820987,         0.0675388633371493,         0.0805973977463578,         0.0690766582367834,         0.0519540529382105,        -0.0766529428871603
 -0.0189860713533447,         0.0637319048320873,         0.0772240684294411,         0.0737702876078490,         0.0575515910545644,        -0.0708423610176803
 -0.0208289266136714,         0.0597718559725613,         0.0736367825110874,         0.0780778001440145,         0.0628034611152904,        -0.0648978552178176
 -0.0225508794931753,         0.0556771741316934,         0.0698539880815445,         0.0819918059084649,         0.0676977811553829,        -0.0588449310253771
 -0.0241482079096140,         0.0514664009748143,         0.0658944474433979,         0.0855065694710481,         0.0722242911622676,        -0.0527089175460970
 -0.0256177454877626,         0.0471580905691764,         0.0617771591120095,         0.0886179935751244,         0.0763743545605742,        -0.0465148759389085
 -0.0269568807500845,         0.0427707390892873,         0.0575212807059480,         0.0913235969912798,         0.0801409535323201,        -0.0402875110038967
 -0.0281635542316062,         0.0383227163460938,         0.0531460529979231,         0.0936224867775997,         0.0835186783344763,        -0.0340510861343216
 -0.0292362535782286,         0.0338321993716626,         0.0486707254029757,         0.0955153251859619,         0.0865037107945992,        -0.0278293418951339
 -0.0301740066950730,         0.0293171082601935,         0.0441144831500150,         0.0970042914666748,         0.0890938021856115,        -0.0216454184478891
 -0.0309763730116038,         0.0247950444443048,         0.0394963763589454,         0.0980930388181100,         0.0912882456805868,        -0.0155217820140435
 -0.0316434329386181,         0.0202832315869855,         0.0348352512504048,         0.0987866467529186,         0.0930878436127759,        -0.0094801555662086
 -0.0321757756079129,         0.0157984592686835,         0.0301496837206448,         0.0990915691985131,         0.0944948698120029,        -0.0035414539278777
 -0.0325744849709487,         0.0113570296002178,         0.0254579154548764,         0.0990155785929853,         0.0955130272446768,         0.0022742765922141
 -0.0328411243474467,         0.0069747068947291,         0.0207777927609878,         0.0985677062813818,         0.0961474012274005,         0.0079479139092038
 -0.0329777195212846,         0.0026666705293727,         0.0161267083054707,         0.0977581795356610,         0.0964044085027804,         0.0134613110991645
 -0.0329867404819765,        -0.0015525289019321,         0.0115215459015579,         0.0965983555158006,         0.0962917424679053,         0.0187973424863337
 -0.0328710819060851,        -0.0056690100604945,         0.0069786284793778,         0.0951006524732564,         0.0958183148338638,         0.0239399448222147
 -0.0326340424807660,        -0.0096695978808812,         0.0025136693650752,         0.0932784785196176,         0.0949941940172587,         0.0288741535092391
 -0.0322793031857937,        -0.0135418570694547,        -0.0018582730129779,         0.0911461583211411,         0.0938305406057680,         0.0335861338456347
 -0.0318109046280943,        -0.0172741220439585,        -0.0061228369100102,         0.0887188580068308,         0.0923395401737375,         0.0380632072895664
 -0.0312332235366222,        -0.0208555232843155,        -0.0102663954669897,         0.0860125086156028,         0.0905343337636070,         0.0422938727599176
 -0.0305509485307674,        -0.0242760100718843,        -0.0142760912588233,         0.0830437284219757,         0.0884289463645609,         0.0462678230027012
 -0.0297690552708169,        -0.0275263696177903,        -0.0181398671458416,         0.0798297444592854,         0.0860382137053423,         0.0499759560792984
 -0.0288927810922321,        -0.0305982425909017,        -0.0218464933993127,         0.0763883135368555,         0.0833777076581341,         0.0534103820417951
 -0.0279275992316044,        -0.0334841350665379,        -0.0253855910807964,         0.0727376430624809,         0.0804636605678046,         0.0565644248771154
 -0.0268791927625932,        -0.0361774269384373,        -0.0287476516744156,         0.0688963120061939,         0.0773128888505836,         0.0594326198340863
 -0.0257534283349233,        -0.0386723768387078,        -0.0319240529835830,         0.0648831922666372,         0.0739427161326387,         0.0620107062374235
 -0.0245563298202801,        -0.0409641236288890,        -0.0349070713195506,         0.0607173707276832,         0.0703708962296588,         0.0642956159214219
 -0.0232940519725128,        -0.0430486845350201,        -0.0376898900183397,         0.0564180723008037,         0.0666155362788642,         0.0662854574302822
 -0.0219728542009258,        -0.0449229500138125,        -0.0402666043416416,         0.0520045842192360,         0.0626950203090241,         0.0679794961455435
 -0.0205990745474222,        -0.0465846754392723,        -0.0426322228229060,         0.0474961818258157,         0.0586279335105130,         0.0693781304998343
 -0.0191791039618295,        -0.0480324697121122,        -0.0447826651326048,         0.0429120561032967,         0.0544329874777042,         0.0704828644544065
 -0.0177193609752535,        -0.0492657809190664,        -0.0467147565615179,         0.0382712432049415,         0.0501289467110956,         0.0712962764520469
 -0.0162262668478997,        -0.0502848791507977,        -0.0484262192101286,         0.0335925561798050,         0.0457345565987675,         0.0718219850217103
 -0.0147062212741609,        -0.0510908366097881,        -0.0499156599945041,         0.0288945190993259,         0.0412684731146980,         0.0720646112431610
 -0.0131655787292327,        -0.0516855051500238,        -0.0511825555897766,         0.0241953037931172,         0.0367491944754049,         0.0720297382938018
 -0.0116106255309199,        -0.0520714913942848,        -0.0522272344409697,         0.0195126693697990,         0.0321949949652413,         0.0717238682995694
 -0.0100475576826173,        -0.0522521295701302,        -0.0530508559688892,         0.0148639046772045,         0.0276238611183793,         0.0711543767018420
 -0.0084824595642992,        -0.0522314522185733,        -0.0536553871124899,         0.0102657738552189,         0.0230534304476087,         0.0703294643690412
 -0.0069212835386599,        -0.0520141589528607,        -0.0540435763746089,         0.0057344651289764,         0.0185009329102127,         0.0692581077113751
 -0.0053698305217217,        -0.0516055834119193,        -0.0542189255092171,         0.0012855429467951,         0.0139831352502413,         0.0679500070066195
 -0.0038337315687539,        -0.0510116585755644,        -0.0541856590123543,        -0.0030660964345636,         0.0095162883601387,         0.0664155331740115
 -0.0023184305257340,        -0.0502388806177247,        -0.0539486915891321,        -0.0073062658191580,         0.0051160778025708,         0.0646656732445189
 -0.0008291677861881,        -0.0492942714686192,        -0.0535135937675537,        -0.0114215243264680,         0.0007975776032463,         0.0627119747638853
  0.0006290348129101,        -0.0481853402469408,        -0.0528865558216143,        -0.0153992109775505,        -0.0034247925922206,         0.0605664893492264
  0.0020513879241070,        -0.0469200437337970,        -0.0520743501784084,        -0.0192274745667482,        -0.0075373069094030,         0.0582417156324592
  0.0034333474233323,        -0.0455067460784214,        -0.0510842925056217,        -0.0228952997900422,        -0.0115269691086882,         0.0557505418449201
  0.0047706259267904,        -0.0439541778860975,        -0.0499242016365364,        -0.0263925296198011,        -0.0153815448741865,         0.0531061882425090
  0.0060592030758476,        -0.0422713948573324,        -0.0486023585112099,        -0.0297098839292582,        -0.0190895904895922,         0.0503221495925889
  0.0072953345771505,        -0.0404677361538590,        -0.0471274643205279,        -0.0328389743785241,        -0.0226404778695056,         0.0474121379509450
  0.0084755599936670,        -0.0385527826546670,        -0.0455085980295970,        -0.0357723155953363,        -0.0260244159390012,         0.0443900259372939
  0.0095967092861301,        -0.0365363152527551,        -0.0437551734449381,        -0.0385033326914200,        -0.0292324683649096,         0.0412697907000453
  0.0106559081078257,        -0.0344282733502157,        -0.0418768959987967,        -0.0410263651674038,        -0.0322565676525689,         0.0380654587678913
  0.0116505818628018,        -0.0322387137200404,        -0.0398837194385459,        -0.0433366672832803,        -0.0350895256430431,         0.0347910519959191
  0.0125784585394016,        -0.0299777698645361,        -0.0377858025678619,        -0.0454304049659645,        -0.0377250404498474,         0.0314605347643133
  0.0134375703368750,        -0.0276556120112702,        -0.0355934662006850,        -0.0473046493458041,        -0.0401576998916791,         0.0280877625986037
  0.0142262541075022,        -0.0252824078980097,        -0.0333171505023954,        -0.0489573670305938,        -0.0423829814916536,         0.0246864323914104
  0.0149431506384269,        -0.0228682844613783,        -0.0309673728532665,        -0.0503874072205493,        -0.0443972491175188,         0.0212700343583610
  0.0155872028017471,        -0.0204232905559750,        -0.0285546863840262,        -0.0515944857838666,        -0.0461977463503809,         0.0178518058736994
  0.0161576526098417,        -0.0179573608331786,        -0.0260896393395212,        -0.0525791664379673,        -0.0477825866942206,         0.0144446873300116
  0.0166540372083205,        -0.0154802808764726,        -0.0235827353892646,        -0.0533428391589140,        -0.0491507407239711,         0.0110612801279168
  0.0170761838465915,        -0.0130016536955890,        -0.0210443950126023,        -0.0538876959654621,        -0.0503020202923355,         0.0077138069046016
  0.0174242038696583,        -0.0105308676821152,        -0.0184849180880811,        -0.0542167042348438,        -0.0512370599261074,         0.0044140741085946
  0.0176984857771130,        -0.0080770661122792,        -0.0159144477990975,        -0.0543335777095855,        -0.0519572955490627,         0.0011734370056405
  0.0178996873942626,        -0.0056491182716029,        -0.0133429359554330,        -0.0542427453486565,        -0.0524649406651472,        -0.0019972328128607
  0.0180287272049126,        -0.0032555922750893,        -0.0107801098309408,        -0.0539493181892368,        -0.0527629601490163,        -0.0050875773510506
  0.0180867749037021,        -0.0009047296527657,        -0.0082354406168835,        -0.0534590544090458,        -0.0528550418153031,        -0.0080877795007651
  0.0180752412156212,         0.0013955782508467,        -0.0057181135630519,        -0.0527783227430973,        -0.0527455659073572,        -0.0109885876675812
  0.0179957670383324,         0.0036378120166180,        -0.0032369998799850,        -0.0519140644315284,        -0.0524395726694393,        -0.0137813377001142
  0.0178502119662468,         0.0058148439859773,        -0.0008006304740579,        -0.0508737538843518,        -0.0519427281759639,        -0.0164579720969397
  0.0176406422542892,         0.0079199561621702,         0.0015828284294672,        -0.0496653582417847,        -0.0512612885880173,        -0.0190110564838619
  0.0173693182763249,         0.0099468561560672,         0.0039055977298724,        -0.0482972959978413,        -0.0504020629983614,        -0.0214337933623281
  0.0170386815371298,         0.0118896911594249,         0.0061603059186236,        -0.0467783948653090,        -0.0493723750374887,        -0.0237200331374529
  0.0166513413037467,         0.0137430599381559,         0.0083400075366902,        -0.0451178490778322,        -0.0481800234332759,        -0.0258642824498489
  0.0162100609087538,         0.0155020228462877,         0.0104381996012795,        -0.0433251762833743,        -0.0468332416776003,        -0.0278617098389312
  0.0157177437848508,         0.0171621098691143,         0.0124488359874354,        -0.0414101742015126,        -0.0453406569731892,        -0.0297081487787589
  0.0151774192927433,         0.0187193267087059,         0.0143663397540599,        -0.0393828772231614,        -0.0437112486412682,        -0.0314000981346859
  0.0145922284005994,         0.0201701589356122,         0.0161856134170445,        -0.0372535131173858,        -0.0419543061593893,        -0.0329347201006757
  0.0139654092691846,         0.0215115742340506,         0.0179020471776493,        -0.0350324599968551,        -0.0400793869866016,        -0.0343098356793902
  0.0133002827995599,         0.0227410227744713,         0.0195115251203525,        -0.0327302036996997,        -0.0380962743409832,        -0.0355239177768928
  0.0126002382047215,         0.0238564357603278,         0.0210104294067205,        -0.0303572957551751,        -0.0360149351072554,        -0.0365760820024828
  0.0118687186529030,         0.0248562221915108,         0.0223956424925604,        -0.0279243120616111,        -0.0338454780124759,        -0.0374660752516594
  0.0111092070351244,         0.0257392638983918,         0.0236645474062301,        -0.0254418124160784,        -0.0315981122215693,        -0.0381942621672223
  0.0103252119109776,         0.0265049089060906,         0.0248150261315718,        -0.0229203010378847,        -0.0292831065084279,        -0.0387616095814012
  0.0095202536812822,         0.0271529631938070,         0.0258454561468050,        -0.0203701882107275,        -0.0269107491425254,        -0.0391696690457388
  0.0086978510318205,         0.0276836809133802,         0.0267547051717676,        -0.0178017531554779,        -0.0244913086180261,        -0.0394205575523935
  0.0078615076936315,         0.0280977531385216,         0.0275421241833338,        -0.0152251082473341,        -0.0220349953558439,        -0.0395169365603645
  0.0070146995670321,         0.0283962952297527,         0.0282075387729550,        -0.0126501646921597,        -0.0195519245136551,        -0.0394619894581324
  0.0061608622449145,         0.0285808328857634,         0.0287512389093431,        -0.0100865997466899,        -0.0170520800053304,        -0.0392593975702109
  0.0053033789731075,         0.0286532869646078,         0.0291739671823113,        -0.0075438255703282,        -0.0145452798373963,        -0.0389133148323437
  0.0044455690858519,         0.0286159571636987,         0.0294769056096446,        -0.0050309597954421,        -0.0120411428707656,        -0.0384283412671465
  0.0035906769485773,         0.0284715046472506,         0.0296616610909587,        -0.0025567978858925,        -0.0095490570987831,        -0.0378094953886193
  0.0027418614362306,         0.0282229337057700,         0.0297302495896507,        -0.0001297873431528,        -0.0070781495213307,        -0.0370621856569086
  0.0019021859752278,         0.0278735725388412,         0.0296850791313586,         0.0022419961830916,        -0.0046372576939656,        -0.0361921811129059
  0.0010746091761032,         0.0274270532642117,         0.0295289317205866,         0.0045508708291881,        -0.0022349030277752,        -0.0352055813366513
  0.0002619760759877,         0.0268872912358990,         0.0292649442581996,         0.0067895684635753,         0.0001207341069035,        -0.0341087858438521
 -0.0005329899902671,         0.0262584637656272,         0.0288965885552721,         0.0089512526158128,         0.0024218374210409,        -0.0329084630492980
 -0.0013076948722905,         0.0255449883463321,         0.0284276505439157,         0.0110295343633349,         0.0046609758423732,        -0.0316115189311393
 -0.0020596804270033,         0.0247515004715814,         0.0278622087824784,         0.0130184861648867,         0.0068311227116645,        -0.0302250655210574
 -0.0027866306721313,         0.0238828311384904,         0.0272046123468519,         0.0149126536361477,         0.0089256730137724,        -0.0287563893361204
 -0.0034863772619275,         0.0229439841266733,         0.0264594582055630,         0.0167070652685611,         0.0109384586217439,        -0.0272129198735625
 -0.0041569042797250,         0.0219401131540343,         0.0256315681865685,         0.0183972401039045,         0.0128637615415386,        -0.0256021982985752
 -0.0047963523453730,         0.0208764989882348,         0.0247259656211232,         0.0199791933810243,         0.0146963251543076,        -0.0239318464257847
 -0.0054030220380707,         0.0197585266013627,         0.0237478517605374,         0.0214494401808822,         0.0164313634606115,        -0.0222095361047236
 -0.0059753766366642,         0.0185916624581090,         0.0227025820652701,         0.0228049971013598,         0.0180645683355762,        -0.0204429591223333
 -0.0065120441833837,         0.0173814320197022,         0.0215956424586254,         0.0240433820025453,         0.0195921148151659,        -0.0186397977234166
 -0.0070118188784055,         0.0161333975388612,         0.0204326256301979,         0.0251626118653705,         0.0210106644376079,        -0.0168076958403441
 -0.0074736618148233,         0.0148531362236739,         0.0192192074780128,         0.0261611988137180,         0.0223173666705385,        -0.0149542311255761
 -0.0078967010679988,         0.0135462188521558,         0.0179611237842706,         0.0270381443640768,         0.0235098584673704,        -0.0130868878831734
 -0.0082802311522918,         0.0122181888996682,         0.0166641471978375,         0.0277929319584525,         0.0245862619928780,        -0.0112130309712517
 -0.0086237118620242,         0.0108745422460626,         0.0153340646032478,         0.0284255178489333,         0.0255451805694465,        -0.0093398807512524
 -0.0089267665154656,         0.0095207075303056,         0.0139766549577544,         0.0289363204082314,         0.0263856929010929,        -0.0074744891600338
 -0.0091891796227007,         0.0081620272110460,         0.0125976676686719,         0.0293262079439903,         0.0271073456380999,        -0.0056237169680498
 -0.0094108939981932,         0.0068037393850660,         0.0112028015760825,         0.0295964850926823,         0.0277101443447639,        -0.0037942122786202
 -0.0095920073413714,         0.0054509604158519,         0.0097976846073149,         0.0297488778764258,         0.0281945429401191,        -0.0019923903223801
 -0.0097327683132805,         0.0041086684239920,         0.0083878541708911,         0.0297855175197466,         0.0285614316952363,        -0.0002244145979336
 -0.0098335721327868,         0.0027816876768139,         0.0069787383402236,         0.0297089231058779,         0.0288121238569273,         0.0015038206060007
 -0.0098949557202153,         0.0014746739151880,         0.0055756378796903,         0.0295219831652982,         0.0289483409805425,         0.0031867062732416
 -0.0099175924182347,         0.0001921006545827,         0.0041837091655275,         0.0292279362946116,         0.0289721970601338,         0.0048189332759648
 -0.0099022863199379,        -0.0010617535113287,         0.0028079480444407,         0.0288303509018519,         0.0288861815444196,         0.0063955055232153
 -0.0098499662328191,        -0.0022828165812048,         0.0014531746669066,         0.0283331041691844,         0.0286931413231328,         0.0079117516272998
 -0.0097616793096866,        -0.0034672337691880,         0.0001240193311159,         0.0277403603303591,         0.0283962617751051,         0.0093633350767067
 -0.0096385843817470,        -0.0046113770633164,        -0.0011750906293700,         0.0270565483714312,         0.0279990469815653,         0.0107462629116090
 -0.0094819450222671,        -0.0057118537091879,        -0.0024399428919320,         0.0262863392411437,         0.0275052991879744,         0.0120568929037928
 -0.0092931223733286,        -0.0067655136119694,        -0.0036665511046087,         0.0254346226685701,         0.0269190976095740,         0.0132919392488867
 -0.0090735677697814,        -0.0077694556520508,        -0.0048511647404002,         0.0245064836896469,         0.0262447766804031,         0.0144484767823567
 -0.0088248151929942,        -0.0087210329165050,        -0.0059902778354726,         0.0235071789778777,         0.0254869038409441,         0.0155239437386311
 -0.0085484735849169,        -0.0096178568513434,        -0.0070806366044817,         0.0224421130675942,         0.0246502569533520,         0.0165161430752428
 -0.0082462190547729,        -0.0104578003427986,        -0.0081192459290566,         0.0213168145624940,         0.0237398014383561,         0.0174232423888765
 -0.0079197870137360,        -0.0112389997424235,        -0.0091033747214371,         0.0201369124293239,         0.0227606672366348,         0.0182437724600536
 -0.0075709642653540,        -0.0119598558509899,        -0.0100305601684973,         0.0189081124541646,         0.0217181256752715,         0.0189766244595613
 -0.0072015810826489,        -0.0126190338818366,        -0.0108986108663307,         0.0176361739464573,         0.0206175663289002,         0.0196210458585036
 -0.0068135033038502,        -0.0132154624272761,        -0.0117056088583767,         0.0163268867781688,         0.0194644739681024,         0.0201766350881173
 -0.0064086244760484,        -0.0137483314557454,        -0.0124499105955868,         0.0149860488364822,         0.0182644056797381,         0.0206433349992812
 -0.0059888580736648,        -0.0142170893678997,        -0.0131301468386697,         0.0136194439611526,         0.0170229682367736,         0.0210214251710716
 -0.0055561298196358,        -0.0146214391437722,        -0.0137452215263191,         0.0122328204395875,         0.0157457957980353,         0.0213115131232094
 -0.0051123701387493,        -0.0149613336205839,        -0.0142943096408719,         0.0108318701351254,         0.0144385280226072,         0.0215145244974443
 -0.0046595067656462,        -0.0152369699349011,        -0.0147768540991742,         0.0094222083052490,         0.0131067886634666,         0.0216316922619162
 -0.0041994575317912,        -0.0154487831696900,        -0.0151925617032210,         0.0080093541698285,         0.0117561647100308,         0.0216645450021614
 -0.0037341233561146,        -0.0155974392499238,        -0.0155413981883596,         0.0065987122897790,         0.0103921861503085,         0.0216148943665366
 -0.0032653814608384,        -0.0156838271314193,        -0.0158235824092295,         0.0051955548068619,         0.0090203064140272,         0.0214848217334949
 -0.0027950788317023,        -0.0157090503260331,        -0.0160395797028572,         0.0038050045890274,         0.0076458835514352,         0.0212766641649961
 -0.0023250259420022,        -0.0156744178101844,        -0.0161900944724329,         0.0024320193251894,         0.0062741622029255,         0.0209929997153252
 -0.0018569907598600,        -0.0155814343706432,        -0.0162760620429029,         0.0010813766113926,         0.0049102564144234,         0.0206366321734071
 -0.0013926930529206,        -0.0154317904314403,        -0.0162986398305988,        -0.0002423399421928,         0.0035591333385530,         0.0202105753012382
 -0.0009337990049420,        -0.0152273514120682,        -0.0162591978759078,        -0.0015347535550175,         0.0022255978621707,         0.0197180366392432
 -0.0004819161591828,        -0.0149701466727144,        -0.0161593087938964,        -0.0027917060424592,         0.0009142782019737,         0.0191624009565913
 -0.0000385886985046,        -0.0146623580926561,        -0.0160007371893113,        -0.0040092684884849,        -0.0003703875043725,         0.0185472134098216
  0.0003947069272077,        -0.0143063083337429,        -0.0157854285884202,        -0.0051837508080858,        -0.0016241635823404,         0.0178761624807988
  0.0008165660170022,        -0.0139044488461642,        -0.0155154979464497,        -0.0063117101882005,        -0.0028430281545848,         0.0171530627710239
  0.0012256592721200,        -0.0134593476618965,        -0.0151932177777674,        -0.0073899584020058,        -0.0040231834086770,         0.0163818377127848
  0.0016207360812407,        -0.0129736770269230,        -0.0148210059624913,        -0.0084155679953145,        -0.0051610647846784,         0.0155665022643844
  0.0020006274330485,        -0.0124502009253322,        -0.0144014132856645,        -0.0093858773462879,        -0.0062533490706926,         0.0147111456589534
  0.0023642484540573,        -0.0118917625448287,        -0.0139371107622810,        -0.0102984946063218,        -0.0072969614019942,         0.0138199142705009
  0.0027106005708240,        -0.0113012717294831,        -0.0134308767978663,        -0.0111513005324303,        -0.0082890811627036,         0.0128969946555271
  0.0030387732966898,        -0.0106816924676734,        -0.0128855842370481,        -0.0119424502250275,        -0.0092271467919993,         0.0119465968307396
  0.0033479456452842,        -0.0100360304666138,        -0.0123041873571722,        -0.0126703737921247,        -0.0101088595030825,         0.0109729378506803
  0.0036373871737495,        -0.0093673208532279,        -0.0116897088515467,        -0.0133337759598312,        -0.0109321859248488,         0.0099802257339787
  0.0039064586604141,        -0.0086786160448668,        -0.0110452268517330,        -0.0139316346552915,        -0.0116953596815041,         0.0089726437907887
  0.0041546124226724,        -0.0079729738347259,        -0.0103738620402206,        -0.0144631985916117,        -0.0123968819284273,         0.0079543354051504
  0.0043813922821583,        -0.0072534457301336,        -0.0096787648979838,        -0.0149279838863563,        -0.0130355208662227,         0.0069293893168962
  0.0045864331854345,        -0.0065230655822733,        -0.0089631031323411,        -0.0153257697486453,        -0.0136103102582580,         0.0059018254476323
  0.0047694604895370,        -0.0057848385435515,        -0.0082300493284382,        -0.0156565932725047,        -0.0141205469801619,         0.0048755813117867
  0.0049302889225736,        -0.0050417303862919,        -0.0074827688652110,        -0.0159207433759435,        -0.0145657876321628,         0.0038544990500710
  0.0050688212317057,        -0.0042966572172055,        -0.0067244081384076,        -0.0161187539317145,        -0.0149458442514217,         0.0028423131226055
  0.0051850465293632,        -0.0035524756131360,        -0.0059580831228698,        -0.0162513961288372,        -0.0152607791568960,         0.0018426386883874
  0.0052790383505236,        -0.0028119732067580,        -0.0051868683105387,        -0.0163196701107026,        -0.0155108989651405,         0.0008589607007852
  0.0053509524382576,        -0.0020778597524790,        -0.0044137860641270,        -0.0163247959488517,        -0.0156967478282855,        -0.0001053762514883
  0.0054010242689361,        -0.0013527586897945,        -0.0036417964098575,        -0.0162682039908168,        -0.0158190999280581,        -0.0010471773419441
  0.0054295663326706,        -0.0006391992241500,        -0.0028737872974132,        -0.0161515246334662,        -0.0158789512719696,        -0.0019634061250421
  0.0054369651863580,         0.0000603910530078,        -0.0021125653577533,        -0.0159765775790280,        -0.0158775108431158,        -0.0028511923575270
  0.0054236782946954,         0.0007436929917799,        -0.0013608471793793,        -0.0157453606227387,        -0.0158161911489222,        -0.0037078390135305
  0.0053902306761520,         0.0014085021454258,        -0.0006212511246378,        -0.0154600380258747,        -0.0156965982188761,        -0.0045308284850109
  0.0053372113710311,         0.0020527344554081,         0.0001037102954603,        -0.0151229285275544,        -0.0155205211016474,        -0.0053178279628294
  0.0052652697490346,         0.0026744313516500,         0.0008116374719449,        -0.0147364930488509,        -0.0152899209127162,        -0.0060666939969729
  0.0051751116739483,         0.0032717642621876,         0.0015002501607052,        -0.0143033221426711,        -0.0150069194841537,        -0.0067754762375581
  0.0050674955431955,         0.0038430385287595,         0.0021673933465276,        -0.0138261232425851,        -0.0146737876685164,        -0.0074424203613089
  0.0049432282198011,         0.0043866967271459,         0.0028110425000366,        -0.0133077077625350,        -0.0142929333481181,        -0.0080659701909568
  0.0048031608759998,         0.0049013213935855,         0.0034293082212751,        -0.0127509781036355,        -0.0138668892058129,        -0.0086447690190603
  0.0046481847638943,         0.0053856371605686,         0.0040204402673552,        -0.0121589146124614,        -0.0133983003021777,        -0.0091776601482736
  0.0044792269309260,         0.0058385123065572,         0.0045828309620341,        -0.0115345625417754,        -0.0128899115108192,        -0.0096636866628821
  0.0042972459013877,         0.0062589597293449,         0.0051150179893214,        -0.0108810190734314,        -0.0123445548734904,        -0.0101020904547111
  0.0041032273371634,         0.0066461373507341,         0.0056156865742147,        -0.0102014204400750,        -0.0117651369132742,        -0.0104923105198349
  0.0038981796946071,         0.0069993479645585,         0.0060836710569301,        -0.0094989291920075,        -0.0111546259548332,        -0.0108339805499252
  0.0036831298962083,         0.0073180385417707,         0.0065179558681427,        -0.0087767216602118,        -0.0105160395057350,        -0.0111269258450882
  0.0034591190316701,         0.0076017990073797,         0.0069176759155252,        -0.0080379756543934,        -0.0098524317410732,        -0.0113711595743316
  0.0032271981042142,         0.0078503605060426,         0.0072821163936015,        -0.0072858584378579,        -0.0091668811370434,        -0.0115668784129757
  0.0029884238371322,         0.0080635931745932,         0.0076107120308721,        -0.0065235150182483,        -0.0084624782967142,        -0.0117144575877723
  0.0027438545550237,         0.0082415034412323,         0.0079030457899716,        -0.0057540567910697,        -0.0077423140095235,        -0.0118144453620246
  0.0024945461535430,         0.0083842308724384,         0.0081588470383161,        -0.0049805505707546,        -0.0070094675841920,        -0.0118675569943754
  0.0022415481706459,         0.0084920445894922,         0.0083779892079597,        -0.0042060080413162,        -0.0062669954922561,        -0.0118746682055584
  0.0019858999727933,         0.0085653392799294,         0.0085604869669116,        -0.0034333756590687,        -0.0055179203606980,        -0.0118368081919638
  0.0017286270662219,         0.0086046308252921,         0.0087064929212152,        -0.0026655250311247,        -0.0047652203424913,        -0.0117551522181909
  0.0014707375446983,         0.0086105515701830,         0.0088162938705163,        -0.0019052437962467,        -0.0040118188975926,        -0.0116310138259975
  0.0012132186861327,         0.0085838452646082,         0.0088903066471087,        -0.0011552270354524,        -0.0032605750194628,        -0.0114658367063905
  0.0009570337052439,         0.0085253617002822,         0.0089290735581594,        -0.0004180692277164,        -0.0025142739274400,        -0.0112611862646515
  0.0007031186708361,         0.0084360510684862,         0.0089332574578160,         0.0003037432318067,        -0.0017756182490649,        -0.0110187409175230
  0.0004523795969938,         0.0083169580701240,         0.0089036364789429,         0.0010078389322761,        -0.0010472197185275,        -0.0107402831660341
  0.0002056897142862,         0.0081692158039886,         0.0088410984504613,         0.0016919677557767,        -0.0003315914081604,        -0.0104276904799396
 -0.0000361130726790,         0.0079940394617707,         0.0087466350289224,         0.0023540065834164,         0.0003688594894329,        -0.0100829260330653
