timestep:         0.0099279927992799
yAxisLabel:deflection[m]
title:bridge deflection 
ub_mid  ,       ub_quart
  0.0000000000000000,         0.0000000000000000
  0.0000000001541677,         0.0000000094626024
  0.0000000024651537,         0.0000001391101403
  0.0000000163623620,         0.0000009184974745
  0.0000000563281072,         0.0000036333661278
  0.0000000961073475,         0.0000096195473456
  0.0000000445270735,         0.0000176615919035
  0.0000000614716505,         0.0000211893844220
  0.0000012907108678,         0.0000097715658046
  0.0000061244491468,        -0.0000229839235034
  0.0000173869046406,        -0.0000733790140498
  0.0000376154871974,        -0.0001334021205350
  0.0000689638837232,        -0.0001996248765741
  0.0001124094214379,        -0.0002737388601177
  0.0001667046602158,        -0.0003603871748320
  0.0002276586232275,        -0.0004620517455683
  0.0002875324510946,        -0.0005743428110298
  0.0003391432865361,        -0.0006938226105740
  0.0003830875339532,        -0.0008217791924267
  0.0004250711205524,        -0.0009585333172830
  0.0004673281466818,        -0.0011048555012770
  0.0005091817634887,        -0.0012604829347203
  0.0005496229483895,        -0.0014219102287346
  0.0005860810817263,        -0.0015879207831816
  0.0006174737431966,        -0.0017601931663798
  0.0006454549047028,        -0.0019393950144847
  0.0006709450505165,        -0.0021226500669766
  0.0006943208712864,        -0.0023074554002462
  0.0007150043034145,        -0.0024951898158571
  0.0007307586635314,        -0.0026863599244904
  0.0007408905496351,        -0.0028798011935112
  0.0007448972799800,        -0.0030744234914260
  0.0007410545248822,        -0.0032694776620772
  0.0007305644603674,        -0.0034653700628086
  0.0007164579607758,        -0.0036633725022559
  0.0007012288416395,        -0.0038647996976292
  0.0006884584096725,        -0.0040692055309378
  0.0006816031031826,        -0.0042760017092299
  0.0006827918044253,        -0.0044872835642892
  0.0006920081413121,        -0.0047059594638791
  0.0007065621200950,        -0.0049323028921008
  0.0007232581290026,        -0.0051639754689721
  0.0007389062066330,        -0.0053975280944225
  0.0007514123337850,        -0.0056281587542655
  0.0007607577377178,        -0.0058506083598008
  0.0007676392230320,        -0.0060608970606814
  0.0007729293504259,        -0.0062563926360489
  0.0007772698039847,        -0.0064354639363183
  0.0007817378067147,        -0.0065999480495898
  0.0007855344373842,        -0.0067545870680787
  0.0007842620463136,        -0.0069022531350306
  0.0007762155699633,        -0.0070432441230460
  0.0007645036374023,        -0.0071772863191265
  0.0007523638784693,        -0.0073031823299205
  0.0007418543904223,        -0.0074183961222337
  0.0007339815769290,        -0.0075199883474723
  0.0007259673682030,        -0.0076030903147153
  0.0007120738121008,        -0.0076645266513700
  0.0006888510151629,        -0.0077075052047047
  0.0006560429968658,        -0.0077369055549457
  0.0006154429808529,        -0.0077537680271915
  0.0005694095372007,        -0.0077579452457743
  0.0005190824233036,        -0.0077545092192875
  0.0004674395499567,        -0.0077529399522312
  0.0004208365134209,        -0.0077616132346446
  0.0003847556238828,        -0.0077803015513940
  0.0003621948053695,        -0.0078008139914059
  0.0003550668096469,        -0.0078176690462791
  0.0003625588036751,        -0.0078340634880632
  0.0003815054039895,        -0.0078634864552930
  0.0004084972351739,        -0.0079217003613006
  0.0004375544875237,        -0.0080131682121794
  0.0004634843606632,        -0.0081316718026072
  0.0004911541330798,        -0.0082694859509327
  0.0005310156197884,        -0.0084221351372816
  0.0005868992212753,        -0.0085923007357824
  0.0006567891698538,        -0.0087865402594983
  0.0007353014273497,        -0.0090069285554151
  0.0008121071763690,        -0.0092516221830881
  0.0008795986022293,        -0.0095200884975112
  0.0009396594899224,        -0.0098107510163822
  0.0009989189155706,        -0.0101161277770393
  0.0010606378749139,        -0.0104325009817662
  0.0011208580934086,        -0.0107628351774272
  0.0011707094269215,        -0.0111059781413353
  0.0012014814691893,        -0.0114566173652481
  0.0012072929965069,        -0.0118079309665969
  0.0011877188918666,        -0.0121534245821273
  0.0011500036975338,        -0.0124905737247485
  0.0011030613711727,        -0.0128225520307872
  0.0010507331443912,        -0.0131561174570939
  0.0009933278458845,        -0.0134936692014763
  0.0009316765347620,        -0.0138352964223777
  0.0008672419095626,        -0.0141852255651599
  0.0008003654537206,        -0.0145508489483086
  0.0007316451057286,        -0.0149351302516725
  0.0006611734319233,        -0.0153333596938587
  0.0005876684342621,        -0.0157390072276512
  0.0005124375019408,        -0.0161451720887463
  0.0004391487443226,        -0.0165469409635634
  0.0003711057779353,        -0.0169452941170175
  0.0003088578009431,        -0.0173432579036555
  0.0002490257117824,        -0.0177417799036221
  0.0001893645896426,        -0.0181419466422993
  0.0001274085312721,        -0.0185450736673320
  0.0000587540119893,        -0.0189481059654681
 -0.0000143970108494,        -0.0193439730022595
 -0.0000839442613664,        -0.0197255898450587
 -0.0001444185557306,        -0.0200867687363633
 -0.0001948559142766,        -0.0204215013652246
 -0.0002372921380597,        -0.0207263644380160
 -0.0002807023622163,        -0.0209999718934282
 -0.0003391001165088,        -0.0212441204089898
 -0.0004186716622737,        -0.0214650950138021
 -0.0005159696325722,        -0.0216668874071914
 -0.0006237652195723,        -0.0218464793059149
 -0.0007350901893522,        -0.0219965625723503
 -0.0008467221990991,        -0.0221106244137799
 -0.0009590982044432,        -0.0221837254580750
 -0.0010745599312244,        -0.0222171098952808
 -0.0011957674791795,        -0.0222184224730789
 -0.0013241334758688,        -0.0221933402413505
 -0.0014580700041347,        -0.0221429188968426
 -0.0015960416070162,        -0.0220673166544195
 -0.0017380705369216,        -0.0219707931116386
 -0.0018826242636554,        -0.0218614450474514
 -0.0020274536734142,        -0.0217472671826480
 -0.0021703196372868,        -0.0216279043729859
 -0.0023063964190072,        -0.0214959140938387
 -0.0024296300854454,        -0.0213492102534639
 -0.0025378486934599,        -0.0211973506778351
 -0.0026311603322832,        -0.0210602384586677
 -0.0027101653253498,        -0.0209553017131648
 -0.0027783196711895,        -0.0208861180135019
 -0.0028382392036977,        -0.0208485374734735
 -0.0028850737465704,        -0.0208372901244818
 -0.0029098911975569,        -0.0208457712327907
 -0.0029118032360046,        -0.0208747695590120
 -0.0029008352156096,        -0.0209293686471393
 -0.0028935912644598,        -0.0210074325196352
 -0.0029066153298160,        -0.0211056718397040
 -0.0029444084853968,        -0.0212185368726213
 -0.0029992764130459,        -0.0213344475847936
 -0.0030618355833968,        -0.0214464433845479
 -0.0031263661553344,        -0.0215574597921303
 -0.0031959976101359,        -0.0216760410882439
 -0.0032827876219804,        -0.0218086782163376
 -0.0033967357783448,        -0.0219553642029221
 -0.0035418104058543,        -0.0221100204603153
 -0.0037155963039974,        -0.0222644318926379
 -0.0039065054558579,        -0.0224143898563327
 -0.0041052296225639,        -0.0225607117461717
 -0.0043114499069240,        -0.0227066491292379
 -0.0045262219344478,        -0.0228553781837505
 -0.0047521436675116,        -0.0230107243049980
 -0.0049916040182054,        -0.0231806820564486
 -0.0052417155632851,        -0.0233756236703208
 -0.0054980029125730,        -0.0236017215425399
 -0.0057553400754426,        -0.0238580893079791
 -0.0060076701416026,        -0.0241386577944657
 -0.0062499140879423,        -0.0244350207380039
 -0.0064755061187871,        -0.0247404061435976
 -0.0066791012681717,        -0.0250530556368292
 -0.0068614266061611,        -0.0253742490693792
 -0.0070282442231648,        -0.0257044100615750
 -0.0071878319406933,        -0.0260430347823412
 -0.0073495907902717,        -0.0263877098690955
 -0.0075200651364337,        -0.0267327766059257
 -0.0076945950110446,        -0.0270709765415979
 -0.0078607444954693,        -0.0273937320026988
 -0.0080090732112153,        -0.0276918695622237
 -0.0081355997645419,        -0.0279597679592201
 -0.0082438365842879,        -0.0281961729500952
 -0.0083462689697911,        -0.0284011016154529
 -0.0084543069393848,        -0.0285782019792525
 -0.0085693562751786,        -0.0287346599209697
 -0.0086873383958708,        -0.0288736876715001
 -0.0088028666091969,        -0.0289912836485624
 -0.0089116948339145,        -0.0290773958182244
 -0.0090163349189830,        -0.0291165063431230
 -0.0091251584038753,        -0.0290965861817169
 -0.0092464391150552,        -0.0290193980705778
 -0.0093849865498858,        -0.0288934397831004
 -0.0095400798235928,        -0.0287229886835677
 -0.0097066306625476,        -0.0285093112007398
 -0.0098811279010709,        -0.0282568949663153
 -0.0100582626741498,        -0.0279745828703152
 -0.0102299829874824,        -0.0276735132551857
 -0.0103931274962239,        -0.0273611316887723
 -0.0105474871064015,        -0.0270371627445745
 -0.0106902222183320,        -0.0266979177594664
 -0.0108183534760173,        -0.0263421660029965
 -0.0109315423496606,        -0.0259793456460224
 -0.0110313304284827,        -0.0256258063691152
 -0.0111243901639315,        -0.0252921119581892
 -0.0112173418569185,        -0.0249824467036706
 -0.0113051551932203,        -0.0246956747908866
 -0.0113766823628990,        -0.0244267948565559
 -0.0114258245310554,        -0.0241752583303975
 -0.0114530003604463,        -0.0239469758004878
 -0.0114673802144716,        -0.0237473008933066
 -0.0114858321995245,        -0.0235775639616731
 -0.0115222332720328,        -0.0234353524150044
 -0.0115790528807193,        -0.0233094712481985
 -0.0116465269952713,        -0.0231798868439886
 -0.0117124098465039,        -0.0230362736999631
 -0.0117768485876040,        -0.0228848331284408
 -0.0118533506273945,        -0.0227361276933294
 -0.0119590534428563,        -0.0225971187353988
 -0.0121084958147463,        -0.0224677121926130
 -0.0123056369832118,        -0.0223428927210467
 -0.0125376425221662,        -0.0222175981507394
 -0.0127839308592365,        -0.0220893517598825
 -0.0130299035135386,        -0.0219605559798829
 -0.0132710476310281,        -0.0218367034264293
 -0.0135093667173226,        -0.0217253827140362
 -0.0137493389693954,        -0.0216367098419227
 -0.0139950676188747,        -0.0215825640935581
 -0.0142464420858705,        -0.0215694546617761
 -0.0145000533480936,        -0.0215963004930687
 -0.0147521170958046,        -0.0216600118270950
 -0.0149976741207544,        -0.0217537359925901
 -0.0152309601344785,        -0.0218670857303929
 -0.0154443219261123,        -0.0219928164671915
 -0.0156320715191999,        -0.0221288219294363
 -0.0157948350162075,        -0.0222769464799319
 -0.0159349227071941,        -0.0224427378309650
 -0.0160589075909357,        -0.0226325047686977
 -0.0161768132736952,        -0.0228476492949476
 -0.0162878748742574,        -0.0230833873747636
 -0.0163790737423716,        -0.0233310817477825
 -0.0164381281510516,        -0.0235799517712863
 -0.0164606805899371,        -0.0238196061703893
 -0.0164499652361607,        -0.0240429751214653
 -0.0164199829145130,        -0.0242446465998062
 -0.0163912996595243,        -0.0244232696678641
 -0.0163763023567185,        -0.0245834850429952
 -0.0163733237246872,        -0.0247290368616406
 -0.0163717893288874,        -0.0248585231394808
 -0.0163625162199189,        -0.0249666462213337
 -0.0163440997553369,        -0.0250446178871126
 -0.0163202557706218,        -0.0250792082765764
 -0.0162992510962475,        -0.0250624978745655
 -0.0162928049995732,        -0.0249971898585058
 -0.0163078959694567,        -0.0248889014367003
 -0.0163427581042224,        -0.0247399582141986
 -0.0163920325071351,        -0.0245499105335090
 -0.0164504273165361,        -0.0243204288941481
 -0.0165127337695509,        -0.0240538476825094
 -0.0165773619946605,        -0.0237524097415143
 -0.0166456353991932,        -0.0234204900906325
 -0.0167160829491695,        -0.0230646867503483
 -0.0167843670468063,        -0.0226927040783695
 -0.0168461868279689,        -0.0223154863275619
 -0.0168970261232354,        -0.0219457064087218
 -0.0169344477392559,        -0.0215881491417629
 -0.0169583124213606,        -0.0212452738612955
 -0.0169650167158057,        -0.0209214104621180
 -0.0169479621149700,        -0.0206154099971995
 -0.0169027520342292,        -0.0203250628976961
 -0.0168308518484381,        -0.0200525219520724
 -0.0167433644617306,        -0.0198007970154110
 -0.0166600124388301,        -0.0195710630281730
 -0.0165967838967033,        -0.0193622998617561
 -0.0165567892711588,        -0.0191662392929103
 -0.0165335509212927,        -0.0189650191404764
 -0.0165145922689386,        -0.0187457731507268
 -0.0164885209293787,        -0.0185078534582451
 -0.0164569832479747,        -0.0182572524294346
 -0.0164351104705548,        -0.0180069892651125
 -0.0164423869080216,        -0.0177699255093360
 -0.0164930412557947,        -0.0175499999888099
 -0.0165850672611045,        -0.0173421965810606
 -0.0167010966755411,        -0.0171360673480333
 -0.0168231577821418,        -0.0169232362846662
 -0.0169408421222111,        -0.0167017550374292
 -0.0170532710936368,        -0.0164783224382979
 -0.0171700188849153,        -0.0162667228976439
 -0.0173039083123527,        -0.0160813636801057
 -0.0174603391851103,        -0.0159319124650411
 -0.0176343099516507,        -0.0158226265425592
 -0.0178140101046891,        -0.0157531106651416
 -0.0179865426522140,        -0.0157191150608630
 -0.0181428871194016,        -0.0157155460847609
 -0.0182761774709448,        -0.0157373303866637
 -0.0183824907437484,        -0.0157805839163678
 -0.0184647922779697,        -0.0158441759909896
 -0.0185287872098206,        -0.0159311645239890
 -0.0185828413869156,        -0.0160460733546295
 -0.0186381040217724,        -0.0161892639878976
 -0.0186972232525348,        -0.0163582778932122
 -0.0187494305046395,        -0.0165496377720836
 -0.0187788018662653,        -0.0167554174502971
 -0.0187727574209222,        -0.0169660717932626
 -0.0187281918609930,        -0.0171782375447471
 -0.0186558356088686,        -0.0173903727405100
 -0.0185756530505535,        -0.0176015747605491
 -0.0185018323623649,        -0.0178163684324456
 -0.0184358888828725,        -0.0180384005265681
 -0.0183696645939488,        -0.0182629654735945
 -0.0182922858685491,        -0.0184794995877938
 -0.0181993344004638,        -0.0186759360458390
 -0.0180972903357482,        -0.0188366469964784
 -0.0180014390688504,        -0.0189524517621878
 -0.0179299319953083,        -0.0190261090866315
 -0.0178946507144894,        -0.0190610305955084
 -0.0178948323844353,        -0.0190577588280239
 -0.0179212382870232,        -0.0190172994256695
 -0.0179624330816813,        -0.0189423297733167
 -0.0180039323581790,        -0.0188324737158469
 -0.0180357473359083,        -0.0186858738386436
 -0.0180590970223213,        -0.0185056926437171
 -0.0180786150225795,        -0.0183008397132077
 -0.0180967322450338,        -0.0180826643979517
 -0.0181138714432814,        -0.0178657637244082
 -0.0181273209391574,        -0.0176640024216753
 -0.0181338519697825,        -0.0174772541263598
 -0.0181309199057495,        -0.0172970017139011
 -0.0181111650047081,        -0.0171176748411171
 -0.0180662624231361,        -0.0169376501251402
 -0.0179938900826678,        -0.0167626699541745
 -0.0178960577044445,        -0.0166029852077824
 -0.0177804155209349,        -0.0164653478751996
 -0.0176630200331821,        -0.0163505605724637
 -0.0175571740492883,        -0.0162581162587306
 -0.0174645263427873,        -0.0161826309772059
 -0.0173800108766191,        -0.0161062384767223
 -0.0172934064428972,        -0.0160129548885768
 -0.0171960069860190,        -0.0158957311660899
 -0.0170920836386572,        -0.0157520312587709
 -0.0169972002869217,        -0.0155901336191810
 -0.0169308814213051,        -0.0154231602932856
 -0.0169108762019953,        -0.0152596480286637
 -0.0169422520256990,        -0.0151030050145945
 -0.0170120985723999,        -0.0149500234740674
 -0.0170990194090788,        -0.0147924949598057
 -0.0171831587482281,        -0.0146226493438305
 -0.0172547381331420,        -0.0144426337595251
 -0.0173192636800320,        -0.0142665109493951
 -0.0173924270635815,        -0.0141120687123848
 -0.0174889627711112,        -0.0139930321081088
 -0.0176147067722970,        -0.0139132846266972
 -0.0177635298172706,        -0.0138667400222761
 -0.0179194168649612,        -0.0138425997670317
 -0.0180672100950523,        -0.0138328853884177
 -0.0181982526195718,        -0.0138360375255342
 -0.0183108893851210,        -0.0138539042940887
 -0.0184119702445271,        -0.0138878572720195
 -0.0185096171437152,        -0.0139415225333336
 -0.0186089159889122,        -0.0140190828659870
 -0.0187124507534916,        -0.0141208602356672
 -0.0188145821062521,        -0.0142470926075642
 -0.0189008464755389,        -0.0143973266913701
 -0.0189558083601384,        -0.0145659197232985
 -0.0189686425223940,        -0.0147461589914624
 -0.0189374293973585,        -0.0149356696534271
 -0.0188746191601924,        -0.0151322798451182
 -0.0188035140975259,        -0.0153353752445343
 -0.0187417419770385,        -0.0155488588021249
 -0.0186944387101871,        -0.0157739033416927
 -0.0186547028527405,        -0.0160026861737373
 -0.0186061952564507,        -0.0162220571715691
 -0.0185375758616622,        -0.0164196058678930
 -0.0184503789687388,        -0.0165808753077725
 -0.0183566747222536,        -0.0166998915836346
 -0.0182751346256925,        -0.0167847059790099
 -0.0182224741357381,        -0.0168439371873334
 -0.0182040679076316,        -0.0168808640988733
 -0.0182146316415390,        -0.0168944858198115
 -0.0182412356879972,        -0.0168819492239142
 -0.0182656912064179,        -0.0168368054972442
 -0.0182776499325782,        -0.0167530136943370
 -0.0182794927846260,        -0.0166312982768876
 -0.0182777593591477,        -0.0164796338181882
 -0.0182802539921345,        -0.0163111071572877
 -0.0182933416296829,        -0.0161404837403216
 -0.0183153079601330,        -0.0159782547785159
 -0.0183392413831477,        -0.0158237556331907
 -0.0183574329800280,        -0.0156732821322323
 -0.0183579460278197,        -0.0155249597400488
 -0.0183309013041880,        -0.0153744926214813
 -0.0182766621096191,        -0.0152208500865326
 -0.0182026052145840,        -0.0150688449457321
 -0.0181195271399334,        -0.0149265656347632
 -0.0180390575970449,        -0.0148026138408240
 -0.0179675939572394,        -0.0146994483928971
 -0.0179063246881199,        -0.0146060720571171
 -0.0178546222070406,        -0.0144996347228169
 -0.0178052334899966,        -0.0143642561495972
 -0.0177500145404224,        -0.0141994213135211
 -0.0176908363450365,        -0.0140109816425696
 -0.0176363967846192,        -0.0138071075284907
 -0.0176001740664204,        -0.0135938991196213
 -0.0175990324659550,        -0.0133747598028398
 -0.0176390215005387,        -0.0131560515539976
 -0.0177095505402026,        -0.0129411526576479
 -0.0177935759561722,        -0.0127241532381155
 -0.0178745375370325,        -0.0124963545543576
 -0.0179434937887098,        -0.0122541998047784
 -0.0180034712871126,        -0.0120038299254466
 -0.0180676508823863,        -0.0117602077238674
 -0.0181548174352599,        -0.0115392352094649
 -0.0182787138491754,        -0.0113475373545426
 -0.0184394471738801,        -0.0111783895202412
 -0.0186229100982788,        -0.0110187145882864
 -0.0188090370556278,        -0.0108569145035711
 -0.0189797956235742,        -0.0106864239053758
 -0.0191262399169872,        -0.0105092649405405
 -0.0192549816193690,        -0.0103351663414597
 -0.0193799937272401,        -0.0101773725046901
 -0.0195120321219924,        -0.0100437894088635
 -0.0196553049272404,        -0.0099331540569812
 -0.0198005684643425,        -0.0098420984889868
 -0.0199263661420326,        -0.0097668255407213
 -0.0200135571020505,        -0.0097021928465125
 -0.0200530094888856,        -0.0096463061937877
 -0.0200478205415668,        -0.0095995347392822
 -0.0200130594253366,        -0.0095593772517178
 -0.0199662495345055,        -0.0095269498636287
 -0.0199183370673766,        -0.0095102280683799
 -0.0198726147104201,        -0.0095140601653888
 -0.0198222929440122,        -0.0095336281468148
 -0.0197535189041235,        -0.0095581397497955
 -0.0196580399458978,        -0.0095745457891524
 -0.0195342628549637,        -0.0095685594691005
 -0.0193873511574157,        -0.0095357565900098
 -0.0192368695334975,        -0.0094809808056994
 -0.0191083074673824,        -0.0094082309465976
 -0.0190149331001176,        -0.0093205987792306
 -0.0189558694100708,        -0.0092155268884242
 -0.0189204507275808,        -0.0090823675312091
 -0.0188901075361502,        -0.0089093480246599
 -0.0188510703318783,        -0.0086911415648441
 -0.0188041494769970,        -0.0084303110253911
 -0.0187596812213553,        -0.0081380183614800
 -0.0187303974675650,        -0.0078319822561053
 -0.0187239772373374,        -0.0075260953915730
 -0.0187369918074695,        -0.0072251987454143
 -0.0187564735994571,        -0.0069290174625065
 -0.0187665980798371,        -0.0066363310549693
 -0.0187551363132875,        -0.0063428446360153
 -0.0187188403055355,        -0.0060416324439745
 -0.0186636990639967,        -0.0057297556754081
 -0.0186001987340613,        -0.0054109723066199
 -0.0185403879645063,        -0.0050957151095002
 -0.0184936904977234,        -0.0047946857188690
 -0.0184607753991871,        -0.0045090746508812
 -0.0184369281217386,        -0.0042285004705266
 -0.0184155074892631,        -0.0039378499218401
 -0.0183855377495741,        -0.0036279845652555
 -0.0183395463800006,        -0.0032963702174883
 -0.0182805730870879,        -0.0029471490588584
 -0.0182188573916509,        -0.0025922413672711
 -0.0181665853594293,        -0.0022427163463375
 -0.0181327602639737,        -0.0019044498188964
 -0.0181210810396107,        -0.0015813649118897
 -0.0181297167329864,        -0.0012703140644163
 -0.0181514721737212,        -0.0009586025788662
 -0.0181751823469423,        -0.0006361111076218
 -0.0181927069547757,        -0.0003047919682496
 -0.0182057176595347,         0.0000266735739684
 -0.0182226535005038,         0.0003507607497039
 -0.0182560585834240,         0.0006609149503112
 -0.0183186928779249,         0.0009519052589048
 -0.0184119802611706,         0.0012224028176498
 -0.0185236475030150,         0.0014756176376138
 -0.0186365861983596,         0.0017203934875795
 -0.0187342418057468,         0.0019681489047726
 -0.0188063941255915,         0.0022261503163673
 -0.0188576355240320,         0.0024911449602305
 -0.0189037431241430,         0.0027495304723069
 -0.0189604327223807,         0.0029887753577168
 -0.0190349286102673,         0.0032053730540858
 -0.0191182897404434,         0.0034030981808934
 -0.0191870649762720,         0.0035892744071575
 -0.0192157082777852,         0.0037700848986489
 -0.0191893906356113,         0.0039444866390590
 -0.0191110323156333,         0.0041029155885770
 -0.0189961813680863,         0.0042341208479928
 -0.0188613346890789,         0.0043313528944270
 -0.0187168680839879,         0.0043950003876269
 -0.0185665849449878,         0.0044324829343751
 -0.0184048485530749,         0.0044532441668807
 -0.0182184097801985,         0.0044650587627593
 -0.0180003597524927,         0.0044754070539718
 -0.0177560470935487,         0.0044924381800089
 -0.0174977878392338,         0.0045231908897786
 -0.0172418884725045,         0.0045711971000070
 -0.0170061499017374,         0.0046325748091522
 -0.0168013396018680,         0.0046978816345010
 -0.0166263201615799,         0.0047646877191935
 -0.0164708806836824,         0.0048431198027041
 -0.0163197140791064,         0.0049467308996948
 -0.0161594550415487,         0.0050827235143776
 -0.0159872130776590,         0.0052492410261287
 -0.0158134272850958,         0.0054376096759743
 -0.0156566051931599,         0.0056360756293680
 -0.0155334691810539,         0.0058349933510038
 -0.0154481574159772,         0.0060297887046920
 -0.0153888959621048,         0.0062201812217413
 -0.0153353823618568,         0.0064112201087990
 -0.0152679890398928,         0.0066125132751358
 -0.0151789751853687,         0.0068291176222371
 -0.0150744466118781,         0.0070553248735065
 -0.0149652342938555,         0.0072803204438893
 -0.0148619606414296,         0.0074923342975768
 -0.0147703323724556,         0.0076812026428365
 -0.0146869732223215,         0.0078447952641860
 -0.0146024072107574,         0.0079904842431161
 -0.0145066818838722,         0.0081296259052506
 -0.0143934186439411,         0.0082720487947075
 -0.0142621492379560,         0.0084250616342502
 -0.0141180209485340,         0.0085904647808027
 -0.0139702716178553,         0.0087599527090754
 -0.0138292435016500,         0.0089194362737924
 -0.0137017153267247,         0.0090610722733947
 -0.0135868055109698,         0.0091850837551755
 -0.0134770723803524,         0.0092954381036604
 -0.0133629907371945,         0.0094008011740657
 -0.0132349287665043,         0.0095076454069522
 -0.0130887955600445,         0.0096148321824644
 -0.0129311124449153,         0.0097187603109269
 -0.0127739828236073,         0.0098158191467149
 -0.0126290660363260,         0.0099027629477778
 -0.0125062468349139,         0.0099784134005882
 -0.0124103272412619,         0.0100459549099517
 -0.0123376702037007,         0.0101127830705958
 -0.0122781482550873,         0.0101886871025352
 -0.0122194265748778,         0.0102817762540105
 -0.0121508402901914,         0.0103922156028775
 -0.0120699044999912,         0.0105127525396283
 -0.0119862894642409,         0.0106329550543877
 -0.0119134067330053,         0.0107418009365807
 -0.0118571446312638,         0.0108321634170868
 -0.0118108102644031,         0.0109041420348692
 -0.0117559885442605,         0.0109632888174578
 -0.0116707797493627,         0.0110175212712998
 -0.0115407229990363,         0.0110721585143492
 -0.0113675722526113,         0.0111232863275975
 -0.0111690241016024,         0.0111569693893574
 -0.0109671263336590,         0.0111590010459984
 -0.0107756628616410,         0.0111265715350038
 -0.0105962234576909,         0.0110670961593920
 -0.0104175361438926,         0.0109903618640259
 -0.0102196924689653,         0.0109056471285752
 -0.0099880477998703,         0.0108196284271649
 -0.0097245518202965,         0.0107335052538463
 -0.0094434353556481,         0.0106442562770771
 -0.0091627214204418,         0.0105486506494598
 -0.0089001943259912,         0.0104450958077231
 -0.0086663328894076,         0.0103345983139408
 -0.0084599064231929,         0.0102233252865819
 -0.0082723244359251,         0.0101220579769401
 -0.0080932699947051,         0.0100402972168552
 -0.0079147830335333,         0.0099831604860085
 -0.0077349832018534,         0.0099532658814443
 -0.0075600848952819,         0.0099484981680982
 -0.0074033851414161,         0.0099585027684731
 -0.0072771889030006,         0.0099674494997653
 -0.0071838144686911,         0.0099628530300399
 -0.0071151387935703,         0.0099433186476000
 -0.0070556169214042,         0.0099167875190326
 -0.0069863886045966,         0.0098940956915881
 -0.0068946227912383,         0.0098823629354340
 -0.0067819675714854,         0.0098808612317864
 -0.0066632358226144,         0.0098833564566935
 -0.0065569040023296,         0.0098820309826853
 -0.0064748704823344,         0.0098698922106746
 -0.0064160159559060,         0.0098426928778438
 -0.0063647433396817,         0.0098027143794061
 -0.0063009365830347,         0.0097592692971610
 -0.0062125549674281,         0.0097209512631881
 -0.0060972724018322,         0.0096903319684254
 -0.0059603098973769,         0.0096638908054400
 -0.0058105644689404,         0.0096312538642435
 -0.0056576920754977,         0.0095799824404890
 -0.0055082058244513,         0.0095044157584788
 -0.0053597181434708,         0.0094074498094885
 -0.0052050632020983,         0.0092967444282707
 -0.0050385840800414,         0.0091808828542168
 -0.0048569189626672,         0.0090675082602228
 -0.0046611943321396,         0.0089613780741328
 -0.0044599340246078,         0.0088602615630792
 -0.0042659042215333,         0.0087562215578783
 -0.0040884275381727,         0.0086431405707381
 -0.0039320327684217,         0.0085203255792465
 -0.0037968914228733,         0.0083917682377077
 -0.0036762663157205,         0.0082645640848740
 -0.0035603108963489,         0.0081478618553882
 -0.0034418693178032,         0.0080488921928361
 -0.0033192227307839,         0.0079674004546721
 -0.0031969750671905,         0.0078992853427273
 -0.0030847399087731,         0.0078389116760773
 -0.0029943318229250,         0.0077772705489722
 -0.0029338126636805,         0.0077093720928328
 -0.0029010598773287,         0.0076400339926920
 -0.0028830128528138,         0.0075783130085063
 -0.0028615940373946,         0.0075291089318282
 -0.0028199960150031,         0.0074913278385849
 -0.0027502465607520,         0.0074590931754011
 -0.0026595796027373,         0.0074200860146403
 -0.0025656730495149,         0.0073607506138932
 -0.0024838639484399,         0.0072735995480651
 -0.0024174876392553,         0.0071575466702966
 -0.0023569058259734,         0.0070190827050875
 -0.0022839401161251,         0.0068717103294961
 -0.0021831428087844,         0.0067301247930615
 -0.0020540937319103,         0.0066020547438792
 -0.0019106182527654,         0.0064837345661532
 -0.0017722993211583,         0.0063655301312103
 -0.0016561826427586,         0.0062398424468247
 -0.0015694567512295,         0.0061053673213209
 -0.0015064403994516,         0.0059682149467004
 -0.0014527888600691,         0.0058381003459263
 -0.0013939537522109,         0.0057220259794502
 -0.0013216045696054,         0.0056207356241394
 -0.0012361540401803,         0.0055316083679778
 -0.0011455471777266,         0.0054525645145651
 -0.0010624683406251,         0.0053802169960118
 -0.0009998030033913,         0.0053087271387847
 -0.0009648832531787,         0.0052345028850603
 -0.0009563550182270,         0.0051584025595528
 -0.0009645932612918,         0.0050828960122707
 -0.0009751887469550,         0.0050128838644021
 -0.0009753171549032,         0.0049555672307296
 -0.0009618455858489,         0.0049138215574634
 -0.0009432444697968,         0.0048828376861313
 -0.0009333191596353,         0.0048523910318010
 -0.0009421782132398,         0.0048106613031707
 -0.0009699839873209,         0.0047489650957237
 -0.0010057822057704,         0.0046683766567384
 -0.0010317909027339,         0.0045811755767247
 -0.0010323081235647,         0.0045001498189941
 -0.0010018039406273,         0.0044289889260467
 -0.0009484815531003,         0.0043630701246696
 -0.0008890488407590,         0.0042930474570487
 -0.0008394648036015,         0.0042087019777377
 -0.0008061272272283,         0.0041044662286046
 -0.0007813776085252,         0.0039816939568730
 -0.0007502297660014,         0.0038455843251340
 -0.0006991422091470,         0.0037019944355239
 -0.0006214616967266,         0.0035562348347030
 -0.0005195568755489,         0.0034092678065762
 -0.0004033418381609,         0.0032550669813380
 -0.0002863360061056,         0.0030855672650109
 -0.0001790502043386,         0.0028973433791000
 -0.0000867719982707,         0.0026935374464793
 -0.0000107887811008,         0.0024808744128218
  0.0000523595802266,         0.0022685900798964
  0.0001089491655216,         0.0020692364455219
  0.0001632623284932,         0.0018935710721513
  0.0002139188453313,         0.0017443609846288
  0.0002550560662101,         0.0016167703043017
  0.0002798605172436,         0.0015013576095332
  0.0002825474157843,         0.0013874487530757
  0.0002613494127299,         0.0012708013429928
  0.0002203919492486,         0.0011556171425444
  0.0001702991076215,         0.0010488784459065
  0.0001246922281678,         0.0009568471939072
  0.0000933459438353,         0.0008830943942013
  0.0000789357674246,         0.0008268077853108
  0.0000753690461960,         0.0007808706264716
  0.0000694129504430,         0.0007351060656417
  0.0000474644218914,         0.0006819670201760
  0.0000033023298478,         0.0006187988615832
 -0.0000580847857975,         0.0005501230514685
 -0.0001205863159936,         0.0004854440804287
 -0.0001644228985568,         0.0004329889018299
 -0.0001783088382789,         0.0003952337611730
 -0.0001646730189546,         0.0003683832988830
 -0.0001372335078902,         0.0003454526314474
 -0.0001135494089495,         0.0003194010029327
 -0.0001048512786118,         0.0002861061733130
 -0.0001086513904370,         0.0002471064830054
 -0.0001126383916872,         0.0002111864363838
 -0.0001040108674281,         0.0001912549173019
 -0.0000756420488868,         0.0001952096759585
 -0.0000301858387822,         0.0002218381211313
  0.0000215297561666,         0.0002645709116537
  0.0000659076438988,         0.0003138886897608
  0.0000922035946341,         0.0003611933904722
  0.0000970117891460,         0.0004052929802273
  0.0000857869785123,         0.0004510041132433
  0.0000703057487443,         0.0005012909412434
  0.0000625977901095,         0.0005559605447433
  0.0000700499655606,         0.0006153184701592
  0.0000927784997667,         0.0006798902706622
  0.0001221605660963,         0.0007492784534318
  0.0001436028465114,         0.0008213082535766
  0.0001436334534536,         0.0008915095901311
  0.0001165941439003,         0.0009554405234425
  0.0000684854710545,         0.0010127871497676
  0.0000141638175448,         0.0010693315491989
 -0.0000302622994900,         0.0011328277934680
 -0.0000539590519019,         0.0012076955658189
 -0.0000573854679200,         0.0012918202394846
 -0.0000517140206525,         0.0013735810156990
 -0.0000513165195894,         0.0014352965495769
 -0.0000647745363826,         0.0014645443787832
 -0.0000885026966036,         0.0014608312992643
 -0.0001090462817335,         0.0014327271797363
 -0.0001108824562556,         0.0013915043017217
 -0.0000851662163497,         0.0013456561252360
 -0.0000341533002591,         0.0012963378264898
  0.0000296527341675,         0.0012371537373368
  0.0000884444306615,         0.0011611986902260
  0.0001295469635948,         0.0010648255356041
  0.0001513707061141,         0.0009469638583529
  0.0001610999151391,         0.0008102082350480
  0.0001699060359279,         0.0006616140628056
  0.0001867914725462,         0.0005111306421733
  0.0002146638807071,         0.0003673236465285
  0.0002504018775143,         0.0002333342505961
  0.0002870197612389,         0.0001066188648039
  0.0003158186271480,        -0.0000181903527837
  0.0003288914279060,        -0.0001460248137505
  0.0003218962069458,        -0.0002767844478834
  0.0002949539735058,        -0.0004054374743280
  0.0002536884719614,        -0.0005258761299653
  0.0002070314619957,        -0.0006314534562905
  0.0001623417499976,        -0.0007166209287683
  0.0001224374653418,        -0.0007801104134636
  0.0000847990010913,        -0.0008278267566011
  0.0000432474444999,        -0.0008705362976953
 -0.0000091877526799,        -0.0009176796251360
 -0.0000754039162750,        -0.0009731408780821
 -0.0001508856236248,        -0.0010327325458697
 -0.0002234635162337,        -0.0010880489450057
 -0.0002786474892858,        -0.0011322730877866
 -0.0003086694702456,        -0.0011620144942133
 -0.0003152867232606,        -0.0011788916619325
 -0.0003081968244038,        -0.0011882438594755
 -0.0003018656168785,        -0.0011956978112137
 -0.0003086070138775,        -0.0012052365084158
 -0.0003301867925089,        -0.0012160347796801
 -0.0003566984592285,        -0.0012209073996703
 -0.0003714628893299,        -0.0012102518127502
 -0.0003591723272574,        -0.0011792892992971
 -0.0003156445990689,        -0.0011309066878895
 -0.0002492424169091,        -0.0010719796037726
 -0.0001754660705574,        -0.0010109668376051
 -0.0001093846073330,        -0.0009556916737144
 -0.0000580738808183,        -0.0009086911913273
 -0.0000178680664297,        -0.0008655996099693
  0.0000212361708631,        -0.0008174819920504
  0.0000682906372728,        -0.0007545207055007
  0.0001263299208267,        -0.0006722792202275
  0.0001908406937540,        -0.0005745863662263
  0.0002522826417414,        -0.0004682297534480
  0.0002998587046182,        -0.0003587453106502
  0.0003247426881739,        -0.0002499013519856
  0.0003233795437513,        -0.0001433865960683
  0.0003007110356577,        -0.0000379965654577
  0.0002694256246287,         0.0000708376886047
  0.0002434948651073,         0.0001881810383895
  0.0002317118077037,         0.0003168341272040
  0.0002335438738368,         0.0004573010879358
  0.0002390494005012,         0.0006054142622022
  0.0002337382703897,         0.0007515110573094
  0.0002056208830791,         0.0008858525026489
  0.0001525690303149,         0.0010027733948324
  0.0000849806397767,         0.0011019919120002
  0.0000203561182653,         0.0011888223283392
 -0.0000264909445782,         0.0012708260857899
 -0.0000499006929306,         0.0013513587939091
 -0.0000550928104530,         0.0014254006753525
 -0.0000551196973128,         0.0014817685890165
 -0.0000621027678195,         0.0015088059318078
 -0.0000799763540555,         0.0015008363875232
 -0.0001035162003495,         0.0014617215215125
 -0.0001215418916072,         0.0014025872389930
 -0.0001234566994924,         0.0013352743812573
 -0.0001056750422009,         0.0012668729355717
 -0.0000732607399244,         0.0011986505629733
 -0.0000373768735564,         0.0011283133698051
 -0.0000102532845901,         0.0010535338819991
  0.0000007601780660,         0.0009726118468800
 -0.0000040236275415,         0.0008846691072274
 -0.0000190241635158,         0.0007900911583451
 -0.0000361137063461,         0.0006914929030231
 -0.0000480505401634,         0.0005947247084151
 -0.0000512859723388,         0.0005050727332503
 -0.0000460630734638,         0.0004233225492417
 -0.0000368870526933,         0.0003444823855860
 -0.0000316878108746,         0.0002604600748148
 -0.0000382855114935,         0.0001660743028765
 -0.0000602659084559,         0.0000619154419339
 -0.0000960939269402,        -0.0000463755746008
 -0.0001385882273272,        -0.0001509249274998
 -0.0001766907142489,        -0.0002447652598426
 -0.0002014303201415,        -0.0003236167538514
 -0.0002104437156378,        -0.0003890469266059
 -0.0002090155623150,        -0.0004489114192670
 -0.0002065602316090,        -0.0005121334789282
 -0.0002109301577140,        -0.0005842693552161
 -0.0002236134992427,        -0.0006648298923220
 -0.0002385005252848,        -0.0007475859392959
 -0.0002436317504380,        -0.0008239708728520
 -0.0002266611132629,        -0.0008867615767213
 -0.0001828282224839,        -0.0009332404087279
 -0.0001185167848484,        -0.0009667986102424
 -0.0000484605060716,        -0.0009961610780807
  0.0000118330759698,        -0.0010301271603313
  0.0000538128497125,        -0.0010720987277118
  0.0000795872043202,        -0.0011192259053617
  0.0000998444682921,        -0.0011642518017323
  0.0001279446253696,        -0.0011987931143281
  0.0001736992529799,        -0.0012178342576581
  0.0002373623826983,        -0.0012221021532588
  0.0003084310664772,        -0.0012164501637466
  0.0003721131482328,        -0.0012066249412181
  0.0004167649803346,        -0.0011961609020690
  0.0004379921093158,        -0.0011845673142182
  0.0004390931610041,        -0.0011667097209996
  0.0004277204357598,        -0.0011341012629868
  0.0004120421279974,        -0.0010788258650193
  0.0003972998288494,        -0.0009974414488766
  0.0003830845344889,        -0.0008920837105592
  0.0003637654312314,        -0.0007687453670991
  0.0003311423252487,        -0.0006342303525465
  0.0002779096178749,        -0.0004945580345913
  0.0002025762569468,        -0.0003552998610254
  0.0001130558929921,        -0.0002202750861218
  0.0000237281529513,        -0.0000897823355048
 -0.0000515479227933,         0.0000392802826872
 -0.0001049651670930,         0.0001706919704048
 -0.0001386126369065,         0.0003049103737215
 -0.0001637675172753,         0.0004371330760564
 -0.0001941591724762,         0.0005579479203275
 -0.0002380994770501,         0.0006590117100655
 -0.0002935159907428,         0.0007393432596711
 -0.0003483586824310,         0.0008049860521903
 -0.0003872224628964,         0.0008646548635276
 -0.0003999543904191,         0.0009253383305232
 -0.0003863344581323,         0.0009883631228082
 -0.0003551710515912,         0.0010479501480787
 -0.0003190123090013,         0.0010952473107968
 -0.0002877668331310,         0.0011238217521638
 -0.0002644716636448,         0.0011331780981103
 -0.0002447442710567,         0.0011292221308546
 -0.0002202610352568,         0.0011206786243688
 -0.0001847557136147,         0.0011140451874440
 -0.0001378808403979,         0.0011110448661031
 -0.0000849879543808,         0.0011102072594147
 -0.0000346115059665,         0.0011083389320102
  0.0000046931414388,         0.0011004938093431
  0.0000276183003813,         0.0010810731450180
  0.0000348970912844,         0.0010467403241022
  0.0000321734579397,         0.0009987726490791
  0.0000271035611244,         0.0009425484077609
  0.0000268196799551,         0.0008851320210123
  0.0000358651203162,         0.0008320533298466
  0.0000548245880176,         0.0007839172936576
  0.0000789170767295,         0.0007359501587343
  0.0000989209785684,         0.0006810250307049
  0.0001055178289918,         0.0006134182498372
  0.0000943674679978,         0.0005331715103363
  0.0000685892596041,         0.0004465875764524
  0.0000380926117561,         0.0003621624862305
  0.0000150642309823,         0.0002865239089358
  0.0000075910889542,         0.0002210351765355
  0.0000160074413547,         0.0001606663575598
  0.0000334156557602,         0.0000960728989978
  0.0000493390530534,         0.0000179930533994
  0.0000558623194079,        -0.0000785644905890
  0.0000528005633818,        -0.0001927210976250
  0.0000476926182328,        -0.0003185147767955
  0.0000517146460353,        -0.0004475313366028
  0.0000736640153127,        -0.0005726199053936
  0.0001142614790404,        -0.0006899463715234
  0.0001647556459391,        -0.0007996351414152
  0.0002113444354695,        -0.0009052388532283
  0.0002417778558856,        -0.0010105494044165
  0.0002507617126335,        -0.0011161036405579
  0.0002418461456782,        -0.0012176529660167
  0.0002249842715973,        -0.0013074029343464
  0.0002113764915163,        -0.0013774245666338
  0.0002076131179060,        -0.0014237529036322
  0.0002122580428680,        -0.0014479709506059
  0.0002171865930761,        -0.0014544047249660
  0.0002121088790588,        -0.0014468054672457
  0.0001890839422770,        -0.0014274831078121
  0.0001455496176774,        -0.0013974087858114
  0.0000852784696165,        -0.0013555092475501
  0.0000171324841744,        -0.0012984985975768
 -0.0000483809778884,        -0.0012233221677584
 -0.0001035900873496,        -0.0011302083949289
 -0.0001471024544669,        -0.0010232182892382
 -0.0001840164932856,        -0.0009087926036418
 -0.0002226801000449,        -0.0007940442562654
 -0.0002694812290344,        -0.0006848433851462
 -0.0003237643099682,        -0.0005841768695759
 -0.0003762688656498,        -0.0004913330635414
 -0.0004128083989265,        -0.0004013023256533
 -0.0004219777012789,        -0.0003064392980628
 -0.0004016597092032,        -0.0002014667328172
 -0.0003602898295313,        -0.0000874383932672
 -0.0003126125898877,         0.0000287923173390
 -0.0002719547381303,         0.0001386784727212
 -0.0002440963384967,         0.0002371993580414
 -0.0002254001382995,         0.0003258157174414
 -0.0002049349477746,         0.0004111656853926
 -0.0001708830154380,         0.0005004608110476
 -0.0001177823116400,         0.0005967329235543
 -0.0000493026204725,         0.0006967194547301
  0.0000245276556497,         0.0007919495888326
  0.0000926907953250,         0.0008731263864633
  0.0001478999070159,         0.0009351187119167
  0.0001887833890696,         0.0009784999104227
  0.0002188657662055,         0.0010081809142475
  0.0002440469833866,         0.0010312491754257
  0.0002691950186820,         0.0010542083527448
  0.0002954073687140,         0.0010811397367006
  0.0003198145139911,         0.0011133694780137
  0.0003369514858140,         0.0011491381174536
  0.0003409129787804,         0.0011833056102451
  0.0003279053364080,         0.0012089312311495
  0.0002979820493120,         0.0012211798807125
  0.0002551675711298,         0.0012203679274806
  0.0002065793955121,         0.0012116073413006
  0.0001605750418613,         0.0012012629966627
  0.0001235826903588,         0.0011923675020301
  0.0000968536626767,         0.0011823087861423
  0.0000753010509926,         0.0011643064552846
  0.0000498301696079,         0.0011309064485592
  0.0000125503334342,         0.0010772614008391
 -0.0000382683516271,         0.0010029364145344
 -0.0000963389877592,         0.0009118017557492
 -0.0001497949052676,         0.0008099153477581
 -0.0001866793112693,         0.0007023074679916
 -0.0002006307014724,         0.0005908880425995
 -0.0001937552579240,         0.0004733890192083
 -0.0001751006863543,         0.0003444912454892
 -0.0001556902909156,         0.0002000596146571
 -0.0001425581605669,         0.0000408173111148
 -0.0001352821357154,        -0.0001272744469394
 -0.0001273812859512,        -0.0002952203767070
 -0.0001111586809502,        -0.0004540464929158
 -0.0000823882563204,        -0.0005972843081957
 -0.0000433893833705,        -0.0007225746586569
 -0.0000031773835745,        -0.0008320869168850
  0.0000264510928215,        -0.0009305305839969
  0.0000367205756666,        -0.0010217604635686
  0.0000260541734410,        -0.0011062595836634
  0.0000005647963998,        -0.0011811255290218
 -0.0000290042165469,        -0.0012419507830520
 -0.0000519312322383,        -0.0012852970704123
 -0.0000617047009012,        -0.0013107540011149
 -0.0000587018634500,        -0.0013212330582606
 -0.0000499081782489,        -0.0013217564097232
 -0.0000451847187351,        -0.0013173286507076
 -0.0000522825798602,        -0.0013108170539723
 -0.0000729842029751,        -0.0013017185142205
 -0.0001019965688082,        -0.0012865219972772
 -0.0001294212643891,        -0.0012602235272249
 -0.0001451721344082,        -0.0012182315849585
 -0.0001432759857322,        -0.0011585149359622
 -0.0001251272252896,        -0.0010828830497810
 -0.0000994058135836,        -0.0009971046410233
 -0.0000770698284013,        -0.0009094381054475
 -0.0000646346879461,        -0.0008270357567845
 -0.0000602133423490,        -0.0007523648114059
 -0.0000544983408087,        -0.0006822102721960
 -0.0000361050153008,        -0.0006094847403737
  0.0000018444603806,        -0.0005269516937816
  0.0000573552421160,        -0.0004319009953021
  0.0001201489037445,        -0.0003288952772215
  0.0001769852597728,        -0.0002270356277017
  0.0002181591247831,        -0.0001341732612170
  0.0002414748014943,        -0.0000530484414195
  0.0002522377928744,         0.0000193184018704
  0.0002599577172508,         0.0000889172783404
  0.0002730873473102,         0.0001608998850011
  0.0002944818083215,         0.0002376004388801
  0.0003204557757847,         0.0003184622366010
  0.0003433201207112,         0.0004009302084791
  0.0003551127198259,         0.0004818196926687
  0.0003505499697032,         0.0005589894952533
  0.0003283484455479,         0.0006326410889435
  0.0002909699406675,         0.0007052773929707
  0.0002431917956905,         0.0007807117686605
  0.0001901441607233,         0.0008626763574818
  0.0001353975878999,         0.0009527527703066
  0.0000798824432465,         0.0010488742176707
  0.0000221247466191,         0.0011453668928166
 -0.0000406387823933,         0.0012336713163256
 -0.0001105515491766,         0.0013046072681256
 -0.0001867990275167,         0.0013524609874739
 -0.0002641236296553,         0.0013779700310642
 -0.0003333309390666,         0.0013868719889350
 -0.0003844509780847,         0.0013847912487155
 -0.0004116081168545,         0.0013731313924162
 -0.0004160853186077,         0.0013488338585130
 -0.0004058008544370,         0.0013071832089318
 -0.0003918659974861,         0.0012450526003727
 -0.0003828217121023,         0.0011627591144936
 -0.0003796325050784,         0.0010645667021813
 -0.0003753454559401,         0.0009577607815217
 -0.0003596220984882,         0.0008498418222121
 -0.0003249003684961,         0.0007454789539783
 -0.0002706009957724,         0.0006450076025491
 -0.0002034881172824,         0.0005449275580824
 -0.0001345594796371,         0.0004399314905414
 -0.0000743223182264,         0.0003256629535852
 -0.0000282626203089,         0.0002016197265070
  0.0000052908825961,         0.0000722099046347
  0.0000334235573922,        -0.0000549855061983
  0.0000639709572523,        -0.0001724791899699
  0.0001007567874774,        -0.0002761896223366
  0.0001415639868837,        -0.0003670599954381
  0.0001794551234242,        -0.0004499690933495
  0.0002061541284275,        -0.0005307717692353
  0.0002159017852609,        -0.0006131913887347
  0.0002084997782431,        -0.0006972596607804
  0.0001899963901675,        -0.0007797435267567
  0.0001702073801550,        -0.0008557090659392
  0.0001583747454606,        -0.0009204732070229
  0.0001591355611018,        -0.0009712343463351
  0.0001703820223253,        -0.0010078498917889
  0.0001840467193962,        -0.0010327980240685
  0.0001897670440322,        -0.0010502837930112
  0.0001798612503526,        -0.0010641877113324
  0.0001532775606511,        -0.0010760457225449
  0.0001163406027196,        -0.0010844443525406
  0.0000799695307785,        -0.0010858389321496
  0.0000546708322175,        -0.0010767246494180
  0.0000455306334223,        -0.0010562410981332
  0.0000498026341315,        -0.0010274972314350
  0.0000588342653138,        -0.0009967552179697
  0.0000637149358860,        -0.0009711227599883
  0.0000608203864186,        -0.0009554979923709
  0.0000536566174307,        -0.0009497031079048
  0.0000504907678070,        -0.0009479864425985
  0.0000592555222768,        -0.0009414601666391
  0.0000824574529765,        -0.0009222361339271
  0.0001150893240603,        -0.0008872846980225
  0.0001467903234988,        -0.0008392460282982
  0.0001667253428323,        -0.0007832294436199
  0.0001684463090960,        -0.0007221839322040
  0.0001521366278069,        -0.0006548852441212
  0.0001233606305131,        -0.0005774191258186
  0.0000898540287913,        -0.0004860002195432
  0.0000580564692067,        -0.0003790966971708
  0.0000306103574298,        -0.0002579488675285
  0.0000058041588512,        -0.0001258769208445
 -0.0000209917113399,         0.0000123905404612
 -0.0000547405474979,         0.0001513089437131
 -0.0000983086078610,         0.0002859092050105
 -0.0001512643836722,         0.0004133266020706
 -0.0002097483762211,         0.0005335964983540
 -0.0002671690378627,         0.0006493884822861
 -0.0003160031560532,         0.0007642478502741
 -0.0003505273246195,         0.0008795780335633
 -0.0003691728462038,         0.0009921882531637
 -0.0003749890769593,         0.0010947124017241
 -0.0003736567442720,         0.0011789080052987
 -0.0003700460086107,         0.0012394490545850
 -0.0003652541904286,         0.0012764937292118
 -0.0003554568379955,         0.0012959311146431
 -0.0003335065097498,         0.0013062794204855
 -0.0002929934815433,         0.0013140211011004
 -0.0002328024890445,         0.0013206150550903
 -0.0001592978487097,         0.0013227700615439
