timestep:         0.0053995680345572
yAxisLabel:vertical DOF [m]     
title:bogies vertical DOF       
uv1,    uv2,    
  0.0000000000000000,  0.0000000000000000,
  0.0000000000000000,  0.0000000000000000,
 -0.0000000000739440,  0.0000000000000000,
 -0.0000000006264169,  0.0000000000000000,
 -0.0000000027138954,  0.0000000000000000,
 -0.0000000082615307,  0.0000000000000000,
 -0.0000000202062641,  0.0000000000000000,
 -0.0000000426076048,  0.0000000000000000,
 -0.0000000807295588,  0.0000000000000000,
 -0.0000001410980707,  0.0000000000000000,
 -0.0000002315408397,  0.0000000000000000,
 -0.0000003612436188,  0.0000000000000000,
 -0.0000005408691070,  0.0000000000000000,
 -0.0000007826572333,  0.0000000000000000,
 -0.0000011001680160,  0.0000000000000000,
 -0.0000015074458526,  0.0000000000000000,
 -0.0000020182358577,  0.0000000000000000,
 -0.0000026463237159,  0.0000000000000000,
 -0.0000034067872011,  0.0000000000000000,
 -0.0000043167420355,  0.0000000000000000,
 -0.0000053953815695,  0.0000000000000000,
 -0.0000066642859011,  0.0000000000000000,
 -0.0000081477126457,  0.0000000000000000,
 -0.0000098721779811,  0.0000000000000000,
 -0.0000118659993727,  0.0000000000000000,
 -0.0000141591687159,  0.0000000000000000,
 -0.0000167833370979,  0.0000000000000000,
 -0.0000197721782788,  0.0000000000000000,
 -0.0000231612097196,  0.0000000000000000,
 -0.0000269858231861,  0.0000000000000000,
 -0.0000312788212810,  0.0000000000000000,
 -0.0000360693996624,  0.0000000000000000,
 -0.0000413836293133,  0.0000000000000000,
 -0.0000472451192493,  0.0000000000000000,
 -0.0000536750562814,  0.0000000000000000,
 -0.0000606926248974,  0.0000000000000000,
 -0.0000683159114498,  0.0000000000000000,
 -0.0000765616118224,  0.0000000000000000,
 -0.0000854437934507,  0.0000000000000000,
 -0.0000949731591775,  0.0000000000000000,
 -0.0001051570734876,  0.0000000000000000,
 -0.0001160003972766,  0.0000000000000000,
 -0.0001275063268809,  0.0000000000000000,
 -0.0001396752646484,  0.0000000000000000,
 -0.0001525017119910,  0.0000000000000000,
 -0.0001659719111819,  0.0000000000000000,
 -0.0001800633490486,  0.0000000000000000,
 -0.0001947444976028,  0.0000000000000000,
 -0.0002099746502010,  0.0000000000000000,
 -0.0002257051152322,  0.0000000000000000,
 -0.0002418813821675,  0.0000000000000000,
 -0.0002584446208809,  0.0000000000000000,
 -0.0002753315657506,  0.0000000000000000,
 -0.0002924738644214,  0.0000000000000000,
 -0.0003097986292594,  0.0000000000000000,
 -0.0003272304741426,  0.0000000000000000,
 -0.0003446942121162, -0.0000000130965615,
 -0.0003621170128414, -0.0000000785213483,
 -0.0003794295781497, -0.0000002488983867,
 -0.0003965667038519, -0.0000005773941784,
 -0.0004134668346528, -0.0000011173388752,
 -0.0004300703703162, -0.0000019216523780,
 -0.0004463180103036, -0.0000030420798810,
 -0.0004621510623549, -0.0000045286024736,
 -0.0004775140001066, -0.0000064292282141,
 -0.0004923571824860, -0.0000087899385110,
 -0.0005066381437656, -0.0000116545055502,
 -0.0005203218150121, -0.0000150641439906,
 -0.0005333805781322, -0.0000190571957992,
 -0.0005457944337932, -0.0000236688624712,
 -0.0005575511912479, -0.0000289309012896,
 -0.0005686475878962, -0.0000348715304440,
 -0.0005790924123332, -0.0000415160886449,
 -0.0005889104308272, -0.0000488883295323,
 -0.0005981443801328, -0.0000570112315744,
 -0.0006068539125518, -0.0000659068246514,
 -0.0006151128585393, -0.0000755955109071,
 -0.0006230068877549, -0.0000860954294900,
 -0.0006306327215896, -0.0000974224605054,
 -0.0006380983910124, -0.0001095908381567,
 -0.0006455232168232, -0.0001226135510261,
 -0.0006530370574331, -0.0001365024082406,
 -0.0006607789950863, -0.0001512681882320,
 -0.0006688950579068, -0.0001669204203945,
 -0.0006775348441074, -0.0001834663364517,
 -0.0006868484713118, -0.0002009097764837,
 -0.0006969857647413, -0.0002192512725198,
 -0.0007080977240500, -0.0002384896026439,
 -0.0007203380200454, -0.0002586236328792,
 -0.0007338624462965, -0.0002796528298974,
 -0.0007488260950116, -0.0003015764338919,
 -0.0007653794632892, -0.0003243922753143,
 -0.0007836649791884, -0.0003480956780259,
 -0.0008038143288976, -0.0003726788945409,
 -0.0008259464540208, -0.0003981309224721,
 -0.0008501662495916, -0.0004244373227221,
 -0.0008765634131561, -0.0004515804928383,
 -0.0009052104765961, -0.0004795397808027,
 -0.0009361593302775, -0.0005082899887112,
 -0.0009694370839939, -0.0005377986655335,
 -0.0010050433919417, -0.0005680243779201,
 -0.0010429504851410, -0.0005989172391628,
 -0.0010831052583270, -0.0006304208208960,
 -0.0011254315049944, -0.0006624739448458,
 -0.0011698311410204, -0.0006950114042299,
 -0.0012161843705477, -0.0007279637632875,
 -0.0012643491027801, -0.0007612568861437,
 -0.0013141604106072, -0.0007948112446680,
 -0.0013654306244825, -0.0008285413267234,
 -0.0014179505818094, -0.0008623558768108,
 -0.0014714921675482, -0.0008961593246829,
 -0.0015258108126660, -0.0009298538344278,
 -0.0015806466663477, -0.0009633400378081,
 -0.0016357246306657, -0.0009965153943308,
 -0.0016907543060222, -0.0010292720978235,
 -0.0017454312117689, -0.0010614968529793,
 -0.0017994401868235, -0.0010930726058069,
 -0.0018524603774260, -0.0011238812631031,
 -0.0019041706082094, -0.0011538066294922,
 -0.0019542544309484, -0.0011827369907974,
 -0.0020024042218279, -0.0012105670222689,
 -0.0020483241210338, -0.0012371987265274,
 -0.0020917325858732, -0.0012625414177111,
 -0.0021323654641280, -0.0012865118753698,
 -0.0021699798669708, -0.0013090361727588,
 -0.0022043583199775, -0.0013300530142254,
 -0.0022353120862316, -0.0013495165362357,
 -0.0022626830841711, -0.0013673967183264,
 -0.0022863445795691, -0.0013836777717808,
 -0.0023062011051478, -0.0013983565055776,
 -0.0023221886545091, -0.0014114417821679,
 -0.0023342761147156, -0.0014229549819896,
 -0.0023424676803843, -0.0014329314319820,
 -0.0023468053736518, -0.0014414226480818,
 -0.0023473710193050, -0.0014484985498911,
 -0.0023442869957519, -0.0014542484363139,
 -0.0023377157493439, -0.0014587800572389,
 -0.0023278590200080, -0.0014622175990151,
 -0.0023149571191717, -0.0014647004906527,
 -0.0022992879343205, -0.0014663840305199,
 -0.0022811655472309, -0.0014674407139176,
 -0.0022609382400966, -0.0014680601855153,
 -0.0022389852828681, -0.0014684470782376,
 -0.0022157121791029, -0.0014688174525433,
 -0.0021915449036192, -0.0014693946333358,
 -0.0021669243225418, -0.0014704051129083,
 -0.0021423016281585, -0.0014720752860912,
 -0.0021181344187395, -0.0014746297561181,
 -0.0020948828326482, -0.0014782909982914,
 -0.0020730054925868, -0.0014832789707061,
 -0.0020529551409619, -0.0014898092140174,
 -0.0020351743423644, -0.0014980892991647,
 -0.0020200914150868, -0.0015083151795931,
 -0.0020081162366424, -0.0015206689362703,
 -0.0019996360538067, -0.0015353179968802,
 -0.0019950118369941, -0.0015524148752539,
 -0.0019945748650589, -0.0015720962858227,
 -0.0019986224895192, -0.0015944811396909,
 -0.0020074130595514, -0.0016196673786954,
 -0.0020211610396149, -0.0016477278706185,
 -0.0020400331186314, -0.0016787063097756,
 -0.0020641453134930, -0.0017126145431501,
 -0.0020935605616686, -0.0017494320477892,
 -0.0021282867771631, -0.0017891068438201,
 -0.0021682757811718, -0.0018315564667565,
 -0.0022134234380427, -0.0018766680297416,
 -0.0022635708193981, -0.0019242977014903,
 -0.0023185056839135, -0.0019742708253335,
 -0.0023779642545774, -0.0020263832669951,
 -0.0024416339344339, -0.0020804040939498,
 -0.0025091569139668, -0.0021360793407284,
 -0.0025801337385984, -0.0021931358279348,
 -0.0026541262702465, -0.0022512840923212,
 -0.0027306607947064, -0.0023102200836669,
 -0.0028092321010870, -0.0023696258337121,
 -0.0028893081929663, -0.0024291701480310,
 -0.0029703348498109, -0.0024885105561842,
 -0.0030517398379932, -0.0025472967621630,
 -0.0031329374019357, -0.0026051748849710,
 -0.0032133337633212, -0.0026617916523664,
 -0.0032923335557209, -0.0027167980587833,
 -0.0033693465040581, -0.0027698525161237,
 -0.0034437939967630, -0.0028206240257135,
 -0.0035151159574199, -0.0028687960197302,
 -0.0035827780210738, -0.0029140712642997,
 -0.0036462779615139, -0.0029561774576603,
 -0.0037051507978316, -0.0029948723472860,
 -0.0037589732795390, -0.0030299475425743,
 -0.0038073686538627, -0.0030612309093372,
 -0.0038500116690337, -0.0030885876413135,
 -0.0038866327050356, -0.0031119206268159,
 -0.0039170201772549, -0.0031311709457208,
 -0.0039410216627452, -0.0031463186333357,
 -0.0039585446500191, -0.0031573834645390,
 -0.0039695571539082, -0.0031644254587865,
 -0.0039740880695692, -0.0031675444873136,
 -0.0039722272724549, -0.0031668788371813,
 -0.0039641257605231, -0.0031626035229524,
 -0.0039499958126570, -0.0031549291470923,
 -0.0039301100862403, -0.0031441013293787,
 -0.0039047987602979, -0.0031304000442734,
 -0.0038744453494503, -0.0031141383335209,
 -0.0038394825495461, -0.0030956602279142,
 -0.0038003886445307, -0.0030753377019507,
 -0.0037576838328397, -0.0030535664553208,
 -0.0037119254641896, -0.0030307608048650,
 -0.0036637018432432, -0.0030073483911356,
 -0.0036136251723054, -0.0029837650570471,
 -0.0035623239835678, -0.0029604499168830,
 -0.0035104351329521, -0.0029378402200887,
 -0.0034585961064595, -0.0029163655462474,
 -0.0034074385135824, -0.0028964418827737,
 -0.0033575828059260, -0.0028784665470809,
 -0.0033096332612734, -0.0028628140795786,
 -0.0032641720292012, -0.0028498325790793,
 -0.0032217520976095, -0.0028398403048697,
 -0.0031828903640639, -0.0028331228874020,
 -0.0031480620299725, -0.0028299310797449,
 -0.0031176964326300, -0.0028304785046016,
 -0.0030921737616750, -0.0028349391063630,
 -0.0030718221335342, -0.0028434445782466,
 -0.0030569146603735, -0.0028560823212905,
 -0.0030476662883127, -0.0028728940674407,
 -0.0030442302460138, -0.0028938747338601,
 -0.0030466947457224, -0.0029189711512859,
 -0.0030550813891749, -0.0029480811079017,
 -0.0030693459243920, -0.0029810536370695,
 -0.0030893806665222, -0.0030176906679452,
 -0.0031150173476903, -0.0030577493075014,
 -0.0031460294531910, -0.0031009443965516,
 -0.0031821340770624, -0.0031469517913180,
 -0.0032229942162709, -0.0031954127205748,
 -0.0032682223367143, -0.0032459387801219,
 -0.0033173853685744, -0.0032981170089441,
 -0.0033700109850289, -0.0033515150609796,
 -0.0034255946656961, -0.0034056867682007,
 -0.0034836064980469, -0.0034601779811224,
 -0.0035434968282204, -0.0035145319896050,
 -0.0036047008317686, -0.0035682939490835,
 -0.0036666431390769, -0.0036210146959419,
 -0.0037287436801220, -0.0036722550451181,
 -0.0037904249133363, -0.0037215909387842,
 -0.0038511197731795, -0.0037686186678113,
 -0.0039102792404661, -0.0038129595445211,
 -0.0039673785550942, -0.0038542641629104,
 -0.0040219219109563, -0.0038922165530405,
 -0.0040734462792741, -0.0039265381702006,
 -0.0041215252300963, -0.0039569913701491,
 -0.0041657733400772, -0.0039833824829163,
 -0.0042058512336814, -0.0040055650444821,
 -0.0042414704733602, -0.0040234430881794,
 -0.0042723970096761, -0.0040369734572712,
 -0.0042984525378765, -0.0040461661985537,
 -0.0043195142043802, -0.0040510831365804,
 -0.0043355136081815, -0.0040518356908418,
 -0.0043464359689849, -0.0040485828569015,
 -0.0043523199778258, -0.0040415291976952,
 -0.0043532580343316, -0.0040309223147252,
 -0.0043493957525120, -0.0040170497338827,
 -0.0043409296858853, -0.0040002352500097,
 -0.0043281031547618, -0.0039808345304543,
 -0.0043112009532783, -0.0039592298422898,
 -0.0042905439850607, -0.0039358243575746,
 -0.0042664846157892, -0.0039110370165650,
 -0.0042394027375436, -0.0038852985322947,
 -0.0042097018001237, -0.0038590477985410,
 -0.0041778040438281, -0.0038327273292258,
 -0.0041441445253201, -0.0038067773091009,
 -0.0041091640922721, -0.0037816288514708,
 -0.0040733020839238, -0.0037576973100784,
 -0.0040369899089774, -0.0037353762589604,
 -0.0040006463593644, -0.0037150322800623,
 -0.0039646742645074, -0.0036970005602963,
 -0.0039294571821912, -0.0036815811748089,
 -0.0038953552998478, -0.0036690354684246,
 -0.0038627006469376, -0.0036595819372831,
 -0.0038317922667901, -0.0036533918270316,
 -0.0038028921351964, -0.0036505855852706,
 -0.0037762223466719, -0.0036512312976181,
 -0.0037519635974128, -0.0036553451589908,
 -0.0037302546478461, -0.0036628929254120,
 -0.0037111921462685, -0.0036737912808641,
 -0.0036948299870940, -0.0036879088493853,
 -0.0036811780720994, -0.0037050670067442,
 -0.0036702014661477, -0.0037250409180045,
 -0.0036618211819669, -0.0037475615631154,
 -0.0036559170151110, -0.0037723192604757,
 -0.0036523316584361, -0.0037989686385101,
 -0.0036508750088563, -0.0038271343785088,
 -0.0036513282325578, -0.0038564166158002,
 -0.0036534476068377, -0.0038863953579018,
 -0.0036569682130945, -0.0039166344029525,
 -0.0036616077150524, -0.0039466859193569,
 -0.0036670706841219, -0.0039760964293319,
 -0.0036730537961402, -0.0040044140126115,
 -0.0036792516229135, -0.0040311959650392,
 -0.0036853620183685, -0.0040560160085285,
 -0.0036910901429139, -0.0040784702969337,
 -0.0036961513721241, -0.0040981819980889,
 -0.0037002742119177, -0.0041148050630087,
 -0.0037032039250619, -0.0041280281696314,
 -0.0037047067441342, -0.0041375793906698,
 -0.0037045741260150, -0.0041432313656707,
 -0.0037026266632911, -0.0041448061000177,
 -0.0036987175202574, -0.0041421783261448,
 -0.0036927350854471, -0.0041352769386783,
 -0.0036846044566391, -0.0041240849906310,
 -0.0036742880159493, -0.0041086392054541,
 -0.0036617858855106, -0.0040890297351146,
 -0.0036471365606725, -0.0040654003916591,
 -0.0036304171123725, -0.0040379488619523,
 -0.0036117420418538, -0.0040069258428103,
 -0.0035912605571580, -0.0039726322364854,
 -0.0035691529700845, -0.0039354145043170,
 -0.0035456269317804, -0.0038956590728205,
 -0.0035209136447695, -0.0038537867157752,
 -0.0034952639864928, -0.0038102474924102,
 -0.0034689446883133, -0.0037655162731622,
 -0.0034422347766001, -0.0037200882203024,
 -0.0034154221208415, -0.0036744733491158,
 -0.0033887995447527, -0.0036291897287170,
 -0.0033626603209381, -0.0035847556711503,
 -0.0033372936771648, -0.0035416819022291,
 -0.0033129809061300, -0.0035004647603487,
 -0.0032899918272438, -0.0034615807414830,
 -0.0032685809269015, -0.0034254817592206,
 -0.0032489829580359, -0.0033925901384101,
 -0.0032314083938913, -0.0033632928443575,
 -0.0032160391748897, -0.0033379352091412,
 -0.0032030248312914, -0.0033168147306880,
 -0.0031924788990120, -0.0033001756217699,
 -0.0031844758180253, -0.0032882048892721,
 -0.0031790487865257, -0.0032810302204374,
 -0.0031761887449853, -0.0032787190656337,
 -0.0031758441303104, -0.0032812779477983,
 -0.0031779211022351, -0.0032886514339520,
 -0.0031822844933065, -0.0033007211120759,
 -0.0031887598551012, -0.0033173055915577,
 -0.0031971363372459, -0.0033381622723645,
 -0.0032071697127288, -0.0033629907353325,
 -0.0032185852681787, -0.0033914370749051,
 -0.0032310807891668, -0.0034230985813845,
 -0.0032443299248366, -0.0034575283562741,
 -0.0032579858898153, -0.0034942396175605,
 -0.0032716852273662, -0.0035327097970530,
 -0.0032850515250921, -0.0035723850679478,
 -0.0032976992366417, -0.0036126861839499,
 -0.0033092378166674, -0.0036530157686641,
 -0.0033192761354768, -0.0036927661923929,
 -0.0033274270673885, -0.0037313270465800,
 -0.0033333125299739, -0.0037680919022620,
 -0.0033365692893469, -0.0038024648086405,
 -0.0033368552049544, -0.0038338671307731,
 -0.0033338551289124, -0.0038617448342872,
 -0.0033272859660176, -0.0038855759477859,
 -0.0033169009161888, -0.0039048779842755,
 -0.0033024931367227, -0.0039192149920461,
 -0.0032838990006341, -0.0039282035378341,
 -0.0032610008799504, -0.0039315170632790,
 -0.0032337292323489, -0.0039288887800280,
 -0.0032020638116868, -0.0039201139205642,
 -0.0031660338636911, -0.0039050520643563,
 -0.0031257172657953, -0.0038836293738793,
 -0.0030812388261399, -0.0038558399786488,
 -0.0030327683070152, -0.0038217461436889,
 -0.0029805188322723, -0.0037814774834405,
 -0.0029247458111834, -0.0037352295575102,
 -0.0028657458250299, -0.0036832619401322,
 -0.0028038548537349, -0.0036258957811247,
 -0.0027394455615000, -0.0035635110737442,
 -0.0026729236456142, -0.0034965437979730,
 -0.0026047235679446, -0.0034254825487260,
 -0.0025353041354679, -0.0033508639455653,
 -0.0024651441189359, -0.0032732665755497,
 -0.0023947377038553, -0.0031933039587218,
 -0.0023245893467585, -0.0031116172607750,
 -0.0022552076291197, -0.0030288679837905,
 -0.0021870980979628, -0.0029457303388474,
 -0.0021207556894676, -0.0028628831572762,
 -0.0020566576184556, -0.0027810017138131,
 -0.0019952574165302, -0.0027007498565946,
 -0.0019369802887364, -0.0026227724311038,
 -0.0018822194191604, -0.0025476879610115,
 -0.0018313326152422, -0.0024760819006327,
 -0.0017846387916109, -0.0024085008308257,
 -0.0017424142383562, -0.0023454475602225,
 -0.0017048892355848, -0.0022873766765479,
 -0.0016722457218709, -0.0022346901856582,
 -0.0016446161764047, -0.0021877333689878,
 -0.0016220832737883, -0.0021467912402469,
 -0.0016046796168888, -0.0021120856817733,
 -0.0015923869825715, -0.0020837729262638,
 -0.0015851350174132, -0.0020619411886967,
 -0.0015827998622517, -0.0020466087850868,
 -0.0015852034748045, -0.0020377231849247,
 -0.0015921144280738, -0.0020351610678062,
 -0.0016032505319865, -0.0020387292684207,
 -0.0016182828197666, -0.0020481667075932,
 -0.0016368399383854, -0.0020631475026808,
 -0.0016585122455785, -0.0020832851790279,
 -0.0016828556924434, -0.0021081376396684,
 -0.0017093961893475, -0.0021372126242062,
 -0.0017376350395695, -0.0021699737022065,
 -0.0017670554183685, -0.0022058469714221,
 -0.0017971293798714, -0.0022442283545590,
 -0.0018273246712108, -0.0022844909607513,
 -0.0018571106560462, -0.0023259919324405,
 -0.0018859629223471, -0.0023680787090585,
 -0.0019133667755168, -0.0024100950132208,
 -0.0019388205174705, -0.0024513867564388,
 -0.0019618395371683, -0.0024913079773175,
 -0.0019819615074641, -0.0025292269953779,
 -0.0019987519735793, -0.0025645328517932,
 -0.0020118093123087, -0.0025966418095587,
 -0.0020207685963054, -0.0026250035248407,
 -0.0020253046235987, -0.0026491066626274,
 -0.0020251347067940, -0.0026684840948461,
 -0.0020200216682659, -0.0026827180362478,
 -0.0020097771666027, -0.0026914452643619,
 -0.0019942651660347, -0.0026943621036990,
 -0.0019734049231216, -0.0026912285371343,
 -0.0019471725189212, -0.0026818708999920,
 -0.0019156002761738, -0.0026661829945767,
 -0.0018787744251308, -0.0026441257730439,
 -0.0018368322304414, -0.0026157259590831,
 -0.0017899595775430, -0.0025810741822876,
 -0.0017383890706020, -0.0025403230366032,
 -0.0016823980175510, -0.0024936849589247,
 -0.0016223056862688, -0.0024414295321014,
 -0.0015584696325647, -0.0023838799285276,
 -0.0014912812926855, -0.0023214085347291,
 -0.0014211612458784, -0.0022544321860043,
 -0.0013485547044805, -0.0021834076011392,
 -0.0012739277952160, -0.0021088273411131,
 -0.0011977647023285, -0.0020312161277581,
 -0.0011205648778239, -0.0019511269495122,
 -0.0010428391703063, -0.0018691362601095,
 -0.0009651044163016, -0.0017858378914375,
 -0.0008878771356814, -0.0017018359015901,
 -0.0008116673954183, -0.0016177370527023,
 -0.0007369734309824, -0.0015341436621119,
 -0.0006642770100695, -0.0014516471528934,
 -0.0005940392794939, -0.0013708221205386,
 -0.0005266967668080, -0.0012922205525633,
 -0.0004626572340921, -0.0012163659178331,
 -0.0004022953011471, -0.0011437471159561,
 -0.0003459481707364, -0.0010748127751402,
 -0.0002939122423156, -0.0010099666959284,
 -0.0002464413426181, -0.0009495649962332,
 -0.0002037464343108, -0.0008939148509119,
 -0.0001659958052974, -0.0008432740333407,
 -0.0001333148183096, -0.0007978503051858,
 -0.0001057850837729, -0.0007578002163269,
 -0.0000834435191018, -0.0007232275678650,
 -0.0000662817942693, -0.0006941821401902,
 -0.0000542464560902, -0.0006706592259352,
 -0.0000472398720357, -0.0006526002241212,
 -0.0000451219368089, -0.0006398941615548,
 -0.0000477121469068, -0.0006323796384604,
 -0.0000547915018500, -0.0006298465971434,
 -0.0000661040414238, -0.0006320377143176,
 -0.0000813584516084, -0.0006386499803429,
 -0.0001002305324304, -0.0006493374591037,
 -0.0001223669597332, -0.0006637158232434,
 -0.0001473899447325, -0.0006813683686812,
 -0.0001749020197986, -0.0007018525791556,
 -0.0002044904913312, -0.0007247063584394,
 -0.0002357314631091, -0.0007494535183216,
 -0.0002681934772494, -0.0007756085410111,
 -0.0003014409513654, -0.0008026809420604,
 -0.0003350377171410, -0.0008301797671522,
 -0.0003685509011013, -0.0008576186374358,
 -0.0004015550532697, -0.0008845211917329,
 -0.0004336360463466, -0.0009104261504310,
 -0.0004643942721040, -0.0009348911752509,
 -0.0004934471308348, -0.0009574954072533,
 -0.0005204312742736, -0.0009778414586712,
 -0.0005450050949974, -0.0009955578744984,
 -0.0005668515672870, -0.0010103025109800,
 -0.0005856811689512, -0.0010217665529440,
 -0.0006012345905994, -0.0010296785678046,
 -0.0006132850370659, -0.0010338079901420,
 -0.0006216399400993, -0.0010339675062538,
 -0.0006261420202220, -0.0010300141170142,
 -0.0006266698872584, -0.0010218492678696,
 -0.0006231384826517, -0.0010094188342127,
 -0.0006154994985823, -0.0009927134632857,
 -0.0006037416263427, -0.0009717689757174,
 -0.0005878903465407, -0.0009466659327892,
 -0.0005680071158520, -0.0009175276938487,
 -0.0005441880947530, -0.0008845171191504,
 -0.0005165626774969, -0.0008478326973485,
 -0.0004852919829616, -0.0008077048546050,
 -0.0004505673331423, -0.0007643928406472,
 -0.0004126086735663, -0.0007181822818259,
 -0.0003716628588079, -0.0006693831993552,
 -0.0003280017021996, -0.0006183279084203,
 -0.0002819197287901, -0.0005653681008917,
 -0.0002337316950885, -0.0005108709574284,
 -0.0001837700077241, -0.0004552149120809,
 -0.0001323821112288, -0.0003987858944521,
 -0.0000799414592858, -0.0003419743476231,
 -0.0000268577196952, -0.0002851731757846,
  0.0000264406451460, -0.0002287767309439,
  0.0000795234579006, -0.0001731789683340,
  0.0001319622983025, -0.0001187688204786,
  0.0001833339608457, -0.0000659243351666,
  0.0002332238702466, -0.0000150075225603,
  0.0002812294271135,  0.0000336397874110,
  0.0003269632568255,  0.0000796988466395,
  0.0003700563354003,  0.0001228758244372,
  0.0004101609671297,  0.0001629032254455,
  0.0004469535899551,  0.0001995414269836,
  0.0004801373859482,  0.0002325806625353,
  0.0005094446758357,  0.0002618437133420,
  0.0005346390782510,  0.0002871888991983,
  0.0005555174162941,  0.0003085114058343,
  0.0005719113560228,  0.0003257412645579,
  0.0005836887636628,  0.0003388397335354,
  0.0005907547705925,  0.0003477975274064,
  0.0005930525375192,  0.0003526350782768,
  0.0005905637116920,  0.0003534027451017,
  0.0005833085734726,  0.0003501809063970,
  0.0005713458710946,  0.0003430803008264,
  0.0005547723449569,  0.0003322412997935,
  0.0005337219453031,  0.0003178319331405,
  0.0005083647496138,  0.0003000456527796,
  0.0004789055884605,  0.0002790989602810,
  0.0004455823909254,  0.0002552297474286,
  0.0004086642629509,  0.0002286970932272,
  0.0003684493141395,  0.0001997807151175,
  0.0003252622505547,  0.0001687782969242,
  0.0002794517529593,  0.0001360012124230,
  0.0002313876616616,  0.0001017702804410,
  0.0001814579906973,  0.0000664125134749,
  0.0001300657954524,  0.0000302582370318,
  0.0000776259190149, -0.0000063616069024,
  0.0000245616435186, -0.0000431172257973,
 -0.0000286987264874, -0.0000796815213976,
 -0.0000817253210686, -0.0001157323824157,
 -0.0001340901744282, -0.0001509554166113,
 -0.0001853706789235, -0.0001850467802763,
 -0.0002351529956963, -0.0002177156612454,
 -0.0002830353943935, -0.0002486857532251,
 -0.0003286314950260, -0.0002776960532598,
 -0.0003715733858047, -0.0003045021831536,
 -0.0004115145917944, -0.0003288785058380,
 -0.0004481328704321, -0.0003506202159487,
 -0.0004811328113542, -0.0003695451647293,
 -0.0005102482195570, -0.0003854955603660,
 -0.0005352442626660, -0.0003983392765107,
 -0.0005559193649916, -0.0004079706032135,
 -0.0005721068330948, -0.0004143105881324,
 -0.0005836761997551, -0.0004173072911993,
 -0.0005905342755031, -0.0004169360988910,
 -0.0005926258992449, -0.0004131998960096,
 -0.0005899343819297, -0.0004061289236741,
 -0.0005824816396937, -0.0003957803886346,
 -0.0005703280154185, -0.0003822379457114,
 -0.0005535717901549, -0.0003656110242341,
 -0.0005323483883711, -0.0003460339438024,
 -0.0005068292834487, -0.0003236648291941,
 -0.0004772206122736, -0.0002986843331867,
 -0.0004437615101163, -0.0002712941776077,
 -0.0004067221792501, -0.0002417155243970,
 -0.0003664017069073, -0.0002101871898341,
 -0.0003231256501940, -0.0001769637163509,
 -0.0002772434074658, -0.0001423133174960,
 -0.0002291253973864, -0.0001065157126442,
 -0.0001791600684483, -0.0000698598689296,
 -0.0001277507630945, -0.0000326416686319,
 -0.0000753124617592,  0.0000048384791552,
 -0.0000222684331098,  0.0000422780632945,
  0.0000309531824696,  0.0000793749122440,
  0.0000839228285764,  0.0001158296328558,
  0.0001362129997769,  0.0001513480266528,
  0.0001874016919000,  0.0001856434640809,
  0.0002370758077924,  0.0002184391975783,
  0.0002848344910468,  0.0002494705947935,
  0.0003302923608019,  0.0002784872739318,
  0.0003730826215094,  0.0003052551240003,
  0.0004128600225742,  0.0003295581936511,
  0.0004493036439867,  0.0003512004333811,
  0.0004821194854717,  0.0003700072770361,
  0.0005110428382651,  0.0003858270498591,
  0.0005358404203836,  0.0003985321917262,
  0.0005563122581656,  0.0004080202857063,
  0.0005722932989049,  0.0004142148836481,
  0.0005836547415746,  0.0004170661221420,
  0.0005903050749110,  0.0004165511238924,
  0.0005921908144920,  0.0004126741812703,
  0.0005892969328735,  0.0004054667205737,
  0.0005816469793230,  0.0003949870472920,
  0.0005693028881974,  0.0003813198744406,
  0.0005523644775250,  0.0003645756377800,
  0.0005309686418497,  0.0003448896034562,
  0.0005052882458656,  0.0003224207752714,
  0.0004755307277817,  0.0002973506104139,
  0.0004419364237033,  0.0002698815540192,
  0.0004047766265613,  0.0002402354043975,
  0.0003643513952713,  0.0002086515221285,
  0.0003209871318102,  0.0001753848974849,
  0.0002750339457780,  0.0001407040917862,
  0.0002268628277225,  0.0001048890693051,
  0.0001768626540481,  0.0000682289372285,
  0.0001254370476912,  0.0000310196119172,
  0.0000730011199023, -0.0000064385696957,
  0.0000199781194384, -0.0000438432742893,
 -0.0000332039837868, -0.0000808926123540,
 -0.0000861159530190, -0.0001172875747099,
 -0.0001383307490648, -0.0001527344456800,
 -0.0001894269768170, -0.0001869471734428,
 -0.0002389922860874, -0.0002196496784338,
 -0.0002866266993016, -0.0002505780811688,
 -0.0003319458392002, -0.0002794828315111,
 -0.0003745840305007, -0.0003061307222008,
 -0.0004141972504917, -0.0003303067704003,
 -0.0004504659047502, -0.0003518159520761,
 -0.0004830974055884, -0.0003704847752231,
 -0.0005118285324250, -0.0003861626792417,
 -0.0005364275550424, -0.0003987232491801,
 -0.0005566961025989, -0.0004080652350496,
 -0.0005724707633255, -0.0004141133679928,
 -0.0005836244020035, -0.0004168189667268,
 -0.0005900671846034, -0.0004161603293748,
 -0.0005917473018256, -0.0004121429075316,
 -0.0005886513857167, -0.0004047992611691,
 -0.0005808046160103, -0.0003941887947516,
 -0.0005682705153473, -0.0003803972767024,
 -0.0005511504350396, -0.0003635361461064,
 -0.0005295827355420, -0.0003437416122543,
 -0.0005037416682577, -0.0003211735543044,
 -0.0004738359677150, -0.0002960142299499,
 -0.0004401071654887, -0.0002684668035220,
 -0.0004028276394865, -0.0002387537054165,
 -0.0003622984143538, -0.0002071148360906,
 -0.0003188467307622, -0.0001738056291321,
 -0.0002728234032068, -0.0001390949890398,
 -0.0002245999876468, -0.0001032631203640,
 -0.0001745657818578, -0.0000665992657324,
 -0.0001231246827105, -0.0000293993710209,
 -0.0000706919257488,  0.0000080363034823,
 -0.0000176907333851,  0.0000454056066379,
  0.0000354511012313,  0.0000824069351799,
  0.0000883046670971,  0.0001187416679199,
  0.0001404433971217,  0.0001541165757848,
  0.0001914465108361,  0.0001882461882371,
  0.0002409024102592,  0.0002208550969824,
  0.0002884120015160,  0.0002516801783706,
  0.0003335919154015,  0.0002804727165593,
  0.0003760776009014,  0.0003070004103065,
  0.0004155262667073,  0.0003310492472010,
  0.0004516196469919,  0.0003524252302088,
  0.0004840665691281,  0.0003709559426070,
  0.0005126053026367,  0.0003864919386797,
  0.0005370056704131,  0.0003989079489610,
  0.0005570709052024,  0.0004081038903036,
  0.0005726392363518,  0.0004140056726286,
  0.0005835851940408,  0.0004165657958548,
  0.0005898206204783,  0.0004157637321962,
  0.0005912953799137,  0.0004116060907521,
  0.0005879977617464,  0.0004041265630710,
  0.0005799545734906,  0.0003933856501341,
  0.0005672309228589,  0.0003794701729732,
  0.0005499296907353,  0.0003624925708797,
  0.0005281906993040,  0.0003425899928786,
  0.0005021895820595,  0.0003199231898074,
  0.0004721363648325,  0.0002946752159513,
  0.0004382737692924,  0.0002670499507202,
  0.0004008752526326,  0.0002372704523071,
  0.0003602427992697,  0.0002055771566216,
  0.0003167044823894,  0.0001722259360407,
  0.0002706118150304,  0.0001374860336526,
  0.0002223369120926,  0.0001016378896675,
  0.0001722694861831,  0.0000649708775463,
  0.0001208137015539,  0.0000277809681195,
  0.0000683849115266, -0.0000096316594458,
  0.0000154063057439, -0.0000469650405481,
 -0.0000376945056914, -0.0000839178623664,
 -0.0000904889436164, -0.0001201918957157,
 -0.0001425509188900, -0.0001554944019168,
 -0.0001934602712385, -0.0001895404952552,
 -0.0002428061601110, -0.0002220554419640,
 -0.0002901903801782, -0.0002527768771777,
 -0.0003352305747201, -0.0002814569219684,
 -0.0003775633209701, -0.0003078641833802,
 -0.0004168470625190, -0.0003317856213262,
 -0.0004527648651192, -0.0003530282672848,
 -0.0004850269736530, -0.0003714207809295,
 -0.0005133731496360, -0.0003868148321368,
 -0.0005375747703993, -0.0003990862972226,
 -0.0005574366730159, -0.0004081362597620,
 -0.0005727987281026, -0.0004138918079224,
 -0.0005835371308025, -0.0004163066218820,
 -0.0005895653985428, -0.0004153613466020,
 -0.0005908350675256, -0.0004110637469517,
 -0.0005873360823424, -0.0004034486439445,
 -0.0005790968755812, -0.0003925776326071,
 -0.0005661841367952, -0.0003785385837684,
 -0.0005487022727106, -0.0003614449337979,
 -0.0005267925630425, -0.0003414347680340,
 -0.0005006320187448, -0.0003186697053089,
 -0.0004704319519207, -0.0002933335925803,
 -0.0004364362689486, -0.0002656310202148,
 -0.0003989195006092, -0.0002357856699106,
 -0.0003581845851242, -0.0002040385086023,
 -0.0003145604220093, -0.0001706458429307,
 -0.0002683992164937, -0.0001358772499838,
 -0.0002200736359472, -0.0001000134010175,
 -0.0001699738012728, -0.0000633437957227,
 -0.0001185041375548, -0.0000261644253304,
 -0.0000660801093848,  0.0000112246165825,
 -0.0000131248672204,  0.0000485215562997,
  0.0000399341681531,  0.0000854253756358,
  0.0000926687554883,  0.0001216382414093,
  0.0001446532894250,  0.0001568679091128,
  0.0001954682354249,  0.0001908300813789,
  0.0002447035155710,  0.0002232507022112,
  0.0002919618179059,  0.0002538681684639,
  0.0003368618026037,  0.0002824354407268,
  0.0003790411791015,  0.0003087220365814,
  0.0004181596293619,  0.0003325158901456,
  0.0004539015536767,  0.0003536250629046,
  0.0004859786168610,  0.0003718792920258,
  0.0005141320742929,  0.0003871313636678,
  0.0005381348590358,  0.0003992583002061,
  0.0005577934132063,  0.0004081623518023,
  0.0005729492488191,  0.0004137717843202,
  0.0005834802255212,  0.0004160414572387,
  0.0005893015349141,  0.0004149531869064,
  0.0005903663835326,  0.0004105158922126,
  0.0005866663689779,  0.0004027655215100,
  0.0005782315461837,  0.0003917647613860,
  0.0005651301832930,  0.0003776025296433,
  0.0005474682091262,  0.0003603932565900,
  0.0005253883567151,  0.0003402759604481,
  0.0004990690098259,  0.0003174131243514,
  0.0004687227617927,  0.0002919893840047,
  0.0004345946983063,  0.0002642100366035,
  0.0003969604180274,  0.0002342993830557,
  0.0003561238070114,  0.0002024989168928,
  0.0003124145849158,  0.0001690653744921,
  0.0002661856428056,  0.0001342686623546,
  0.0002178101940502,  0.0000983896781700,
  0.0001676787613160,  0.0000617180432608,
  0.0001161960239764,  0.0000245497647100,
  0.0000637775513919, -0.0000128151539565,
  0.0000108464484295, -0.0000500751342461,
 -0.0000421700597018, -0.0000869294567892,
 -0.0000948440757321, -0.0001230806883967,
 -0.0001467504838976, -0.0001582370824975,
 -0.0001974703809180, -0.0001921149335817,
 -0.0002465944566950, -0.0002244408666512,
 -0.0002937262974487, -0.0002549540431992,
 -0.0003384855846347, -0.0002834082659206,
 -0.0003805111638279, -0.0003095739651679,
 -0.0004194639588100, -0.0003332400511266,
 -0.0004550297073479, -0.0003542156167659,
 -0.0004869214965879, -0.0003723314778257,
 -0.0005148820776131, -0.0003874415374191,
 -0.0005386859404902, -0.0003994239642416,
 -0.0005581411330687, -0.0004081821748867,
 -0.0005730908088650, -0.0004136456123475,
 -0.0005834144915453, -0.0004157703144288,
 -0.0005890290458180, -0.0004145392674910,
 -0.0005898893469070, -0.0004099625426782,
 -0.0005859886432178, -0.0004020772135420,
 -0.0005773586092817, -0.0003909470557329,
 -0.0005640690885607, -0.0003766620311920,
 -0.0005462275282041, -0.0003593375610160,
 -0.0005239781103298, -0.0003391135928712,
 -0.0004975005868543, -0.0003161534704920,
 -0.0004670088272882, -0.0002906426143977,
 -0.0004327490912284, -0.0002627870244805,
 -0.0003949980395006, -0.0002328116165596,
 -0.0003540605000158, -0.0002009584063324,
 -0.0003102670063810, -0.0001674845553866,
 -0.0002639711291409, -0.0001326602950495,
 -0.0002155466211959, -0.0000967667448363,
 -0.0001653844004452, -0.0000600936431075,
 -0.0001138893940136, -0.0000229370082559,
 -0.0000614772695377,  0.0000144032506974,
 -0.0000085710798978,  0.0000516257548125,
  0.0000444021515204,  0.0000884300877054,
  0.0000970148774728,  0.0001245192201562,
  0.0001488424775916,  0.0001596019072819,
  0.0001994666853597,  0.0001933950389269,
  0.0002484789636637,  0.0002256259243040,
  0.0002954838016861,  0.0002560344924488,
  0.0003401019065293,  0.0002843753907318,
  0.0003819732638165,  0.0003104199644936,
  0.0004207600425739,  0.0003339581018327,
  0.0004561493209535,  0.0003547999286612,
  0.0004878556108063,  0.0003727773403525,
  0.0005156231607367,  0.0003877453576284,
  0.0005392280190604,  0.0003995832957463,
  0.0005584798400251,  0.0004081957375604,
  0.0005732234187260,  0.0004135133026088,
  0.0005833399423399,  0.0004154932060304,
  0.0005887479475892,  0.0004141196028053,
  0.0005894039767210,  0.0004094037145527,
  0.0005853029267188,  0.0004013837378690,
  0.0005764780889411,  0.0003901245349566,
  0.0005630008788794,  0.0003757171090477,
  0.0005449802582280,  0.0003582778688669,
  0.0005225618539440,  0.0003379476880758,
  0.0004959267814190,  0.0003148907673010,
  0.0004652901812733,  0.0002892933079373,
  0.0004308994815926,  0.0002613620084366,
  0.0003930323996441,  0.0002313223952272,
  0.0003519946992107,  0.0001994170017399,
  0.0003081177216536,  0.0001659034102461,
  0.0002617557106393,  0.0001310521723153,
  0.0002132829521307,  0.0000951446246824,
  0.0001630907527335,  0.0000584706181565,
  0.0001115842807915,  0.0000213261779049,
  0.0000591792957316, -0.0000159888860021,
  0.0000062987920616, -0.0000531733984973,
 -0.0000466304148916, -0.0000899272503417,
 -0.0000991811339432, -0.0001259538202497,
 -0.0001509292459063, -0.0001609623687652,
 -0.0002014571265143, -0.0001946703845692,
 -0.0002503570167857, -0.0002268058642835,
 -0.0002972343136295, -0.0002571095073739,
 -0.0003417107541388, -0.0002853368084400,
 -0.0003834274678730, -0.0003112600300105,
 -0.0004220478725034, -0.0003346700399251,
 -0.0004572603894535, -0.0003553779984796,
 -0.0004887809576265, -0.0003732168817241,
 -0.0005163553249398, -0.0003880428286249,
 -0.0005397610991781, -0.0003997363012260,
 -0.0005588095416261, -0.0004082030484530,
 -0.0005733470890113, -0.0004133748657880,
 -0.0005832565914866, -0.0004152101446951,
 -0.0005884582566723, -0.0004136942073668,
 -0.0005889102921493, -0.0004088394241020,
 -0.0005846092412302, -0.0004006851123738,
 -0.0005755900093110, -0.0003892972184126,
 -0.0005619255806027, -0.0003747677838825,
 -0.0005437264275431, -0.0003572142019641,
 -0.0005211396176657, -0.0003367782688566,
 -0.0004943476251477, -0.0003136250383625,
 -0.0004635668566400, -0.0002879414888068,
 -0.0004290459032899, -0.0002599350130588,
 -0.0003910635330742, -0.0002298317438505,
 -0.0003499264396584, -0.0001978747279125,
 -0.0003059667659587, -0.0001643219636731,
 -0.0002595394224045, -0.0001294443183607,
 -0.0002110192215540, -0.0000935233413280,
 -0.0001607978521958, -0.0000568489912485,
 -0.0001092807173657, -0.0000197172955341,
 -0.0000568836618036,  0.0000175720391338,
 -0.0000040296152684,  0.0000547180458713,
  0.0000488548211952,  0.0000914209267332,
  0.0001013428184819,  0.0001273844723215,
  0.0001530107643537,  0.0001623184523329,
  0.0002034416822649,  0.0001959409577533,
  0.0002522285964932,  0.0002279806757965,
  0.0002989778164186,  0.0002581790792299,
  0.0003433121134462,  0.0002862925124202,
  0.0003848737649370,  0.0003120941572667,
  0.0004233274405836,  0.0003353758631603,
  0.0004583629079425,  0.0003559498262044,
  0.0004896975352927,  0.0003736501041503,
  0.0005170785716300,  0.0003883339548274,
  0.0005402851854032,  0.0003998829872728,
  0.0005591302455470,  0.0004082041162764,
  0.0005734618304488,  0.0004132303126462,
  0.0005831644526792,  0.0004149211431463,
  0.0005881599896168,  0.0004132630957587,
  0.0005884083124638,  0.0004082696876514,
  0.0005839076085907,  0.0003999813549919,
  0.0005746943946195,  0.0003884651255015,
  0.0005608432201526,  0.0003738140764052,
  0.0005424660645525,  0.0003561465821579,
  0.0005197114316502,  0.0003356053580294,
  0.0004927631497040,  0.0003123563072731,
  0.0004618388863044,  0.0002865871811928,
  0.0004271883902228,  0.0002585060629288,
  0.0003890914744068,  0.0002283396872081,
  0.0003478557564089,  0.0001963316096255,
  0.0003038141744972,  0.0001627402402396,
  0.0002573222995041,  0.0001278367573564,
  0.0002087554641168,  0.0000919029183473,
  0.0001585057327870,  0.0000552287851704,
  0.0001069787367212,  0.0000181103829594,
  0.0000545903995024, -0.0000191526894233,
  0.0000017635797742, -0.0000562596775789,
 -0.0000510753419118, -0.0000929110989942,
 -0.0001034999045361, -0.0001288111601001,
 -0.0001550870085620, -0.0001636701434588,
 -0.0002054203306172, -0.0001972067458155,
 -0.0002540936833473, -0.0002291503481437,
 -0.0003007142933260, -0.0002592431993687,
 -0.0003449059705710, -0.0002872424961449,
 -0.0003863121440862, -0.0003129223419078,
 -0.0004245987389389, -0.0003360755693925,
 -0.0004594568716553, -0.0003565154119153,
 -0.0004906053421879, -0.0003740770099357,
 -0.0005177929023518, -0.0003886187407466,
 -0.0005408002824286, -0.0004000233605668,
 -0.0005594419595913, -0.0004081989498264,
 -0.0005735676538892, -0.0004130796540234,
 -0.0005830635397286, -0.0004146262141810,
 -0.0005878531630820, -0.0004128262826313,
 -0.0005878980570373, -0.0004076945215865,
 -0.0005831980507300, -0.0003992724837117,
 -0.0005737912691764, -0.0003876282756694,
 -0.0005597538240230, -0.0003728560073626,
 -0.0005411991977200, -0.0003550750313285,
 -0.0005182773261012, -0.0003344289784306,
 -0.0004911733867877, -0.0003110845976412,
 -0.0004601063032063, -0.0002852304092854,
 -0.0004253269763059, -0.0002570751826230,
 -0.0003871162582571, -0.0002268462500643,
 -0.0003457826844985, -0.0001947876716314,
 -0.0003016599824439, -0.0001611582644863,
 -0.0002551043769674, -0.0001262295134332,
 -0.0002064917144204, -0.0000902833792663,
 -0.0001562144284010, -0.0000536100226542,
 -0.0001046783717710, -0.0000165054619350,
 -0.0000522995404943,  0.0000207308162698,
  0.0000004992842566,  0.0000577982743388,
  0.0000532919486225,  0.0000943977493185,
  0.0001056523656616,  0.0001302338673979,
  0.0001571579542751,  0.0001650174277049,
  0.0002073930496989,  0.0001984677361835,
  0.0002559522580354,  0.0002303148707201,
  0.0003024437277553,  0.0002603018592378,
  0.0003464923117664,  0.0002881867531833,
  0.0003877425945347,  0.0003137445796767,
  0.0004258617598309,  0.0003367691565722,
  0.0004605422759630,  0.0003570747557868,
  0.0004915043768305,  0.0003744976014776,
  0.0005184983187827,  0.0003888971909831,
  0.0005413063950773,  0.0004001574278748,
  0.0005597446916885,  0.0004081875579813,
  0.0005736645703053,  0.0004129229008383,
  0.0005829538665613,  0.0004143253706697,
  0.0005875377938352,  0.0004123837827028,
  0.0005873795453428,  0.0004071139423541,
  0.0005824805896698,  0.0003985585165761,
  0.0005728806573745,  0.0003867866884097,
  0.0005586574187805,  0.0003718935975413,
  0.0005399258555713,  0.0003539995713872,
  0.0005168373312729,  0.0003332491529196,
  0.0004895783681380,  0.0003098099330903,
  0.0004583691403139,  0.0002838711972813,
  0.0004234616954696,  0.0002556423967157,
  0.0003851379192438,  0.0002253514571727,
  0.0003437072589546,  0.0001932429386632,
  0.0002995042249525,  0.0001595760609263,
  0.0002528856897909,  0.0001246226106863,
  0.0002042280070214,  0.0000886647475683,
  0.0001539239728757,  0.0000519927263810,
  0.0001023796553610,  0.0000149025541574,
  0.0000500111163685, -0.0000223063991368,
 -0.0000027589467466, -0.0000593338169404,
 -0.0000555046130044, -0.0000958808599759,
 -0.0001078001755184, -0.0001316525781086,
 -0.0001592235773485, -0.0001663602907180,
 -0.0002093598177557, -0.0001997239163737,
 -0.0002578043013695, -0.0002314742330123,
 -0.0003041661032389, -0.0002613550503788,
 -0.0003480711234181, -0.0002891252771999,
 -0.0003891651056311, -0.0003145608664116,
 -0.0004271164956571, -0.0003374566227452,
 -0.0004616191163739, -0.0003576278580883,
 -0.0004923946378751, -0.0003749118812662,
 -0.0005191948227340, -0.0003891693102278,
 -0.0005418035283025, -0.0004002851960503,
 -0.0005600384498937, -0.0004081699497018,
 -0.0005737525907885, -0.0004127600640860,
 -0.0005828354472157, -0.0004140186255534,
 -0.0005872138987488, -0.0004119356107556,
 -0.0005868527969499, -0.0004065279664587,
 -0.0005817552475189, -0.0003978394716783,
 -0.0005719625836833, -0.0003859403832581,
 -0.0005575540310576, -0.0003709268677619,
 -0.0005386460666870, -0.0003529202242716,
 -0.0005153914774637, -0.0003320659043740,
 -0.0004879781255257, -0.0003085323372527,
 -0.0004566274306140, -0.0002825095693768,
 -0.0004215925816506, -0.0002542077297722,
 -0.0003831564919794, -0.0002238553332692,
 -0.0003416295147866, -0.0001916974354278,
 -0.0002973469371464, -0.0001579936540378,
 -0.0002506662729283, -0.0001230160731682,
 -0.0002019643764219, -0.0000870470466852,
 -0.0001516343999830, -0.0000503769189737,
 -0.0001000826202606, -0.0000133016812575,
 -0.0000477251586272,  0.0000238794175597,
  0.0000050153777150,  0.0000608662862502,
  0.0000577133068396,  0.0000973604133191,
  0.0001099433078796,  0.0001330672762127,
  0.0001612838537577,  0.0001676987182364,
  0.0002113206131595,  0.0002009752739967,
  0.0002596497942920,  0.0002326284246034,
  0.0003058814034438,  0.0002624027644311,
  0.0003496423920492,  0.0002900580619577,
  0.0003905796668633,  0.0003153711980497,
  0.0004283629389552,  0.0003381379660555,
  0.0004626873885351,  0.0003581747191852,
  0.0004932761241132,  0.0003753198518858,
  0.0005198824161514,  0.0003894351032623,
  0.0005422916871888,  0.0004004066720341,
  0.0005603232423888,  0.0004081461340317,
  0.0005738317265522,  0.0004125911548404,
  0.0005827082958457,  0.0004137059918461,
  0.0005868814948026,  0.0004114817816390,
  0.0005863178315278,  0.0004059366104650,
  0.0005810220464769,  0.0003971153671647,
  0.0005710370726534,  0.0003850893797962,
  0.0005564436875575,  0.0003699558388828,
  0.0005373598597074,  0.0003518370119487,
  0.0005139397950196,  0.0003308792556918,
  0.0004863726907578,  0.0003072518337729,
  0.0004548812071180,  0.0002811455497723,
  0.0004197196687983,  0.0002527712063533,
  0.0003811720110776,  0.0002223579030769,
  0.0003395494869927,  0.0001901511866109,
  0.0002951881541258,  0.0001564110682702,
  0.0002484461612985,  0.0001214099248938,
  0.0001997008570778,  0.0000854303000047,
  0.0001493457434378,  0.0000487626230034,
  0.0000977872991715,  0.0000117028648079,
  0.0000454416986952, -0.0000254498511385,
 -0.0000072685472674, -0.0000623956632058,
 -0.0000599180020060, -0.0000988363917763,
 -0.0001120817366218, -0.0001344779457717,
 -0.0001633387595889, -0.0001690326960829,
 -0.0002132754143988, -0.0002022217967511,
 -0.0002614887178673, -0.0002337774351664,
 -0.0003075896121628, -0.0002634449931259,
 -0.0003512061043122, -0.0002909851013132,
 -0.0003919862678509, -0.0003161755706219,
 -0.0004296010823951, -0.0003388131847402,
 -0.0004637470882260, -0.0003587153395351,
 -0.0004941488344682, -0.0003757215160102,
 -0.0005205611011109, -0.0003896945749561,
 -0.0005427708769471, -0.0004005218628511,
 -0.0005605990774780, -0.0004081161200945,
 -0.0005739019889260, -0.0004124161842498,
 -0.0005825724267156, -0.0004133874826316,
 -0.0005865405990805, -0.0004110223102663,
 -0.0005857746688414, -0.0004053398909952,
 -0.0005802810088299, -0.0003963862212320,
 -0.0005701041489121, -0.0003842336976484,
 -0.0005553264150506, -0.0003689805317978,
 -0.0005360672633296, -0.0003507499564130,
 -0.0005124823143327, -0.0003296892297907,
 -0.0004847620956759, -0.0003059684463067,
 -0.0004531305028596, -0.0002797791626703,
 -0.0004178429908717, -0.0002513328510131,
 -0.0003791845111487, -0.0002208591913032,
 -0.0003374672105550, -0.0001886042168738,
