f,amplitude_1,amplitude_2
0,0.00247446767079366,0.00256698094373928
0.10521324384585,0.00397602935789906,0.00411007729552193
0.2104264876917,0.00168306605028126,0.00171868438058641
0.31563973153755,0.000602901890956165,0.000656219185973458
0.4208529753834,0.00150679767206034,0.00160266318494863
0.526066219229251,0.001129019140746,0.00123832388787103
0.631279463075101,0.000328930738294126,0.000457235671139454
0.736492706920951,0.000301427340020636,0.000520348415374319
0.841705950766801,0.000368344761106722,0.000424675564247487
0.946919194612651,0.000129608647688694,8.07587312575563e-05
1.0521324384585,0.000211488281398676,0.000133106235294034
1.15734568230435,0.000323186365777465,0.000121787798259821
1.2625589261502,0.000224420675244359,8.37318803490745e-05
1.36777216999605,8.20765245947044e-05,2.97161461380916e-05
1.4729854138419,8.63392364428572e-05,5.62153403805706e-05
1.57819865768775,5.63690504557399e-05,0.00011789602375902
1.6834119015336,4.59989740550306e-05,0.000128233879905064
1.78862514537945,3.73432246201559e-05,7.67525423246068e-05
1.8938383892253,6.25579301852498e-06,2.49137405481093e-05
1.99905163307115,3.39376257305257e-05,3.923033465837e-05
2.104264876917,2.44153152762732e-05,2.62675025171194e-05
2.20947812076285,6.08410203490111e-06,3.10070821449509e-06
2.3146913646087,1.09540862418612e-05,1.06075661071837e-05
2.41990460845455,1.04557477892949e-05,7.54528199374188e-06
2.5251178523004,8.38093506491062e-06,5.00468395717462e-06
2.63033109614625,2.63807973838523e-05,1.7669910335346e-05
2.7355443399921,3.27141880604825e-05,2.27257475369415e-05
2.84075758383795,1.9760519358677e-05,1.56109786730036e-05
2.9459708276838,4.53103665642158e-06,5.50519614563508e-06
3.05118407152965,2.14935518835546e-05,1.78920217021125e-05
3.1563973153755,3.43544218601696e-05,2.68206171623753e-05
3.26161055922135,2.43481613083163e-05,1.66316502263398e-05
3.3668238030672,1.72365159733347e-05,2.20251499143152e-05
3.47203704691305,2.97471193028379e-05,3.56749279853624e-05
3.5772502907589,2.78038774918285e-05,3.07933339320485e-05
3.68246353460475,9.12175366131765e-06,9.57739110952608e-06
3.7876767784506,8.53203879532996e-06,8.68089669579247e-06
3.89289002229645,9.19172469582192e-06,9.69523310655221e-06
3.9981032661423,2.03421389425495e-06,2.12845134018486e-06
4.10331650998815,6.57224423114392e-06,6.45142203853556e-06
4.208529753834,1.95774539819225e-06,2.50458242097403e-06
4.31374299767985,5.51889369766514e-06,4.8264647759905e-06
4.4189562415257,8.72099955240538e-06,8.00467905874043e-06
4.52416948537156,8.00538330423367e-06,7.1201232296405e-06
4.62938272921741,4.6495296787861e-06,4.05066235080968e-06
4.73459597306325,1.60229932311582e-06,1.7374662098334e-06
4.8398092169091,1.69175025967637e-06,1.54157480695849e-06
4.94502246075495,1.41066708378529e-06,1.81428989584071e-06
5.05023570460081,7.16643956367848e-07,9.5273412144723e-07
5.15544894844666,7.97067523608928e-07,7.61438047202615e-07
5.26066219229251,2.18773689093368e-06,2.72561630341131e-06
5.36587543613836,4.9167794492312e-06,5.484750583767e-06
5.4710886799842,5.06639906120755e-06,5.39937006792402e-06
5.57630192383006,2.33927792211915e-06,2.4480537376521e-06
5.68151516767591,1.65345610555169e-06,1.6932099479693e-06
5.78672841152176,1.25995292274025e-06,1.2925916051822e-06
5.89194165536761,7.83225974521492e-07,7.99659178548907e-07
5.99715489921346,8.70596980916771e-07,8.75939773718058e-07
6.10236814305931,4.52090858978699e-07,4.26646779241641e-07
6.20758138690516,1.08060559152003e-06,1.03679305059911e-06
6.31279463075101,1.18130344019731e-06,1.12015992178714e-06
6.41800787459686,5.66269141553851e-07,5.49913571079981e-07
6.52322111844271,5.27383919551415e-07,4.61696585956713e-07
6.62843436228856,1.29028633996164e-06,1.17313414363929e-06
6.73364760613441,1.16142230007801e-06,1.09633644902021e-06
6.83886084998026,4.98575267175845e-07,5.1114952012607e-07
6.94407409382611,3.97314702821764e-07,3.89756715463396e-07
7.04928733767196,3.35665134592405e-07,3.63285679762952e-07
7.15450058151781,1.86134240420032e-07,2.09979529836359e-07
7.25971382536366,2.55857081650907e-07,2.80756307625433e-07
7.36492706920951,1.18895823406904e-07,1.63350024740978e-07
7.47014031305536,1.06210790583875e-07,1.2848647225414e-07
7.57535355690121,1.95335099978306e-07,2.29386606611919e-07
7.68056680074706,3.53445696374467e-07,3.99183512958947e-07
7.78578004459291,5.16525854933023e-07,5.51583780785556e-07
7.89099328843876,5.32388859084642e-07,5.556650915477e-07
7.99620653228461,3.3554239179769e-07,3.38489122760782e-07
8.10141977613046,1.03586861348535e-07,1.01341678517245e-07
8.20663301997631,2.08803407883695e-07,1.9433994037414e-07
8.31184626382216,1.552765844855e-07,1.47307043330375e-07
8.41705950766801,1.43378837466932e-07,1.31273601771221e-07
8.52227275151386,1.69449774118011e-07,1.59760712355525e-07
8.62748599535971,2.05352423960879e-07,2.0796912701624e-07
8.73269923920556,1.81950717469966e-07,1.94313614430876e-07
8.83791248305141,9.47796752057073e-08,1.19837053343179e-07
8.94312572689726,6.93746440973866e-08,8.91673886768071e-08
9.04833897074311,9.45745366714946e-08,1.1488664475174e-07
9.15355221458896,7.63100907954621e-08,9.87184744993696e-08
9.25876545843481,7.26611560704806e-08,8.82770869619941e-08
9.36397870228066,1.31073245068527e-07,1.47171968816066e-07
9.46919194612651,1.27034359660284e-07,1.31475597799408e-07
9.57440518997236,9.02288402070705e-08,8.7225664995386e-08
9.67961843381821,5.75252869878867e-08,5.26263296588857e-08
9.78483167766406,7.11161476627809e-08,6.16418155468457e-08
9.89004492150991,5.993275944215e-08,5.10542010498146e-08
9.99525816535576,3.45005221384334e-08,2.18602034755988e-08
10.1004714092016,1.11720024128193e-07,9.89851161948758e-08
10.2056846530475,1.42349232006306e-07,1.32620533690663e-07
10.3108978968933,1.47189686183686e-07,1.4616621024611e-07
10.4161111407392,1.27731478138028e-07,1.40786877221146e-07
10.521324384585,4.87874528211291e-08,6.67667719335705e-08
10.6265376284309,3.49929356964151e-08,4.66530811930465e-08
10.7317508722767,4.25142948670842e-08,5.68391900803467e-08
10.8369641161226,5.00511294946934e-08,6.53934521800476e-08
10.9421773599684,4.31833129930809e-08,5.45350509112297e-08
11.0473906038143,2.93527680792035e-08,4.10238784616808e-08
11.1526038476601,5.00333671981257e-08,5.60509388187837e-08
11.257817091506,3.38569552679187e-08,3.52430701494932e-08
11.3630303353518,4.88501754109376e-08,4.61632962819992e-08
11.4682435791977,3.96175475422399e-08,3.09282126261195e-08
11.5734568230435,4.35166611035647e-08,3.37386759035375e-08
11.6786700668894,4.34809093276474e-08,3.26303941452561e-08
11.7838833107352,3.06305320852145e-08,2.11890435054349e-08
11.8890965545811,2.2157876036436e-08,1.28672543380141e-08
11.9943097984269,4.2107990246972e-08,2.88245854309393e-08
12.0995230422728,7.70900565797809e-08,6.96103934763252e-08
12.2047362861186,6.87542375674667e-08,7.45407044368667e-08
12.3099495299645,3.47408512904051e-08,4.59764562901792e-08
12.4151627738103,3.46555800697639e-08,4.53454650733102e-08
12.5203760176562,3.57328747990786e-08,4.84547765765347e-08
12.625589261502,3.00093407156666e-08,4.11517655998586e-08
12.7308025053479,2.57904301256516e-08,3.43687937288202e-08
12.8360157491937,3.10060085298685e-08,3.93504947800602e-08
12.9412289930396,4.81971014564215e-08,5.05454957373329e-08
13.0464422368854,4.06026964181401e-08,3.53833218459638e-08
13.1516554807313,3.19683793206435e-08,2.45787693949478e-08
13.2568687245771,3.4226257302268e-08,2.4642586658454e-08
13.362081968423,3.03373999267594e-08,2.03301192199087e-08
13.4672952122688,2.7028506865204e-08,1.82244948612939e-08
13.5725084561147,2.43059981635564e-08,1.5893755565848e-08
13.6777216999605,3.24823407159045e-08,2.72090353247885e-08
13.7829349438064,2.25379491996572e-08,2.59723746905485e-08
13.8881481876522,1.72245856572351e-08,1.54085852931286e-08
13.9933614314981,3.47091529985434e-08,3.80923788396991e-08
14.0985746753439,3.59983675709914e-08,4.6465037280653e-08
14.2037879191898,3.22933257632097e-08,4.34617551916538e-08
14.3090011630356,2.38937452821853e-08,3.10323344726223e-08
14.4142144068815,1.91269038705223e-08,2.49349553014559e-08
14.5194276507273,2.3603306561488e-08,2.42010710494341e-08
14.6246408945732,1.66461910621423e-08,1.40968299117799e-08
14.729854138419,2.01007621797037e-08,1.56692640225865e-08
14.8350673822649,1.81227903340078e-08,1.07581039096699e-08
14.9402806261107,2.00637169737995e-08,1.18765630554323e-08
15.0454938699566,1.78722028141896e-08,1.04504829869054e-08
15.1507071138024,1.2681961536535e-08,6.65619898619635e-09
15.2559203576483,1.16409491082846e-08,7.75727292996616e-09
15.3611336014941,1.02518562263382e-08,6.00973148782382e-09
15.46634684534,1.27334286559661e-08,1.24653643664648e-08
15.5715600891858,7.62730436923545e-09,1.38950103729399e-08
15.6767733330317,3.22031275110143e-09,1.04943712081458e-08
15.7819865768775,5.21502946448626e-09,9.44518884515272e-09
15.8871998207234,7.84721262557784e-09,1.59212259808902e-08
15.9924130645692,8.58010160984326e-09,1.7530351709921e-08
16.0976263084151,7.76118842455844e-09,1.33241651514893e-08
16.2028395522609,8.66130367426415e-09,1.14374113192268e-08
16.3080527961068,1.02043331184565e-08,6.53380565452891e-09
16.4132660399526,5.42889077663922e-09,3.3349476807828e-09
16.5184792837985,2.77141026054718e-09,1.00461386402152e-08
16.6236925276443,1.02887494456152e-08,1.28900668897966e-08
16.7289057714902,1.62663724578226e-08,1.18412598809537e-08
16.834119015336,1.5289913792219e-08,6.71982970034131e-09
16.9393322591819,1.40849566173392e-08,5.16334624874228e-09
17.0445455030277,1.48437407774464e-08,8.02370061538472e-09
17.1497587468736,1.07250074773336e-08,8.89824302400399e-09
17.2549719907194,9.74828939463095e-09,1.07713662118113e-08
17.3601852345653,6.9759790758193e-09,1.40917255526781e-08
17.4653984784111,1.55942602574104e-09,1.07007036293144e-08
17.570611722257,2.26639990960193e-09,1.10257154576917e-08
17.6758249661028,2.97589507818001e-09,8.62187298490302e-09
17.7810382099487,3.21390202816388e-09,1.1027957580641e-08
17.8862514537945,1.19759559566259e-08,1.76973593912108e-08
17.9914646976404,1.46434778720911e-08,1.4189048893695e-08
18.0966779414862,1.33543752237104e-08,8.98384200929071e-09
18.2018911853321,1.07777595799075e-08,4.65627912849642e-09
18.3071044291779,1.04846456063794e-08,4.73969774480864e-09
18.4123176730238,1.17943796897496e-08,4.38169422040446e-09
18.5175309168696,1.20420012063911e-08,3.99856348473558e-09
18.6227441607155,1.21406053908772e-08,4.57388570036276e-09
18.7279574045613,1.12063848105166e-08,5.66599124278075e-09
18.8331706484072,9.59761030734566e-09,6.6854726241548e-09
18.938383892253,8.84428181361986e-09,7.72661278536544e-09
19.0435971360989,7.09177105056188e-09,1.00780821631311e-08
19.1488103799447,4.32012730057028e-09,9.35335535295086e-09
19.2540236237906,4.5850795862081e-09,1.12354722693304e-08
19.3592368676364,4.26474100352886e-09,1.21086377280997e-08
19.4644501114823,5.06616342237818e-09,1.16537401252811e-08
19.5696633553281,7.44089025150987e-09,1.15954876065351e-08
19.674876599174,9.94311413171785e-09,1.09662277283505e-08
19.7800898430198,1.22600794913723e-08,9.25754101796631e-09
19.8853030868657,1.18829866575236e-08,6.02199556590521e-09
19.9905163307115,1.20260187040262e-08,4.89051378576706e-09
20.0957295745574,1.13282003280355e-08,3.71634150840146e-09
20.2009428184032,1.02071754515417e-08,3.13079533148293e-09
20.3061560622491,9.86091969719464e-09,4.71339887404205e-09
20.4113693060949,7.20832748887078e-09,4.01630828309175e-09
20.5165825499408,7.90643504596986e-09,4.7112064857294e-09
20.6217957937866,6.90563400438122e-09,6.0955767746656e-09
20.7270090376325,6.670116461706e-09,6.99896595430965e-09
20.8322222814783,5.0890775754055e-09,8.12250596057721e-09
20.9374355253242,4.33928624256986e-09,8.29170407946028e-09
21.04264876917,3.34456765831689e-09,9.63732815565413e-09
21.1478620130159,2.16740637752955e-09,9.31659780527527e-09
21.2530752568617,3.45352554714545e-09,1.04582484134862e-08
21.3582885007076,4.98405351392391e-09,9.66728951455079e-09
21.4635017445534,6.43109183945622e-09,8.20620745329448e-09
21.5687149883993,6.96327455923297e-09,5.73266035695398e-09
21.6739282322451,7.06669675648058e-09,4.5969316433417e-09
21.779141476091,7.96464922762224e-09,2.93457935298274e-09
21.8843547199368,7.30124688473529e-09,1.34906792055875e-09
21.9895679637827,8.02567268727141e-09,8.5127776364576e-10
22.0947812076285,7.33767900142429e-09,1.80032129961129e-09
22.1999944514744,6.83302980643338e-09,2.45268588238918e-09
22.3052076953202,6.54273192430198e-09,4.31206659399436e-09
22.4104209391661,4.83011758621494e-09,5.28621297181791e-09
22.5156341830119,4.26394177197329e-09,5.88309570372379e-09
22.6208474268578,2.59544297811693e-09,7.22295164587834e-09
22.7260606707036,8.7964304708971e-10,6.76571212600816e-09
22.8312739145495,2.54187194379388e-10,7.1673012668956e-09
22.9364871583953,1.76933994968867e-09,6.98638118634916e-09
23.0417004022412,2.8591222845831e-09,6.69617620977751e-09
23.146913646087,4.60680141606478e-09,5.96385274096879e-09
23.2521268899329,5.00083490356843e-09,4.63794450358909e-09
23.3573401337787,6.03270473222e-09,4.17597436342112e-09
23.4625533776246,6.71214003807391e-09,2.43454857788734e-09
23.5677666214704,6.81682457905195e-09,1.42700098197277e-09
23.6729798653163,7.0053788808363e-09,3.03578530143904e-10
23.7781931091621,6.36676928204474e-09,1.2954292506019e-09
23.883406353008,6.20227481210624e-09,2.60517128883791e-09
23.9886195968538,4.97998964550344e-09,3.68057298967074e-09
24.0938328406997,4.45338478664061e-09,4.31748900555999e-09
24.1990460845455,3.19250272937475e-09,5.166660754289e-09
24.3042593283914,2.51234721591529e-09,5.5299092693722e-09
24.4094725722372,8.55677771973722e-10,6.39147863072712e-09
24.5146858160831,7.90966390163274e-10,6.03500406996575e-09
24.6198990599289,1.83616856195965e-09,6.06327933394958e-09
24.7251123037748,3.04285997036942e-09,5.26002933487793e-09
24.8303255476206,3.68106135793651e-09,5.04617697682068e-09
24.9355387914665,4.99467676151239e-09,4.43855750230422e-09
25.0407520353123,6.07743804886864e-09,3.43991086085123e-09
25.1459652791582,6.8378177055328e-09,1.736610110824e-09
25.251178523004,6.29113449231428e-09,1.84172050953568e-10
25.3563917668499,5.81955252885525e-09,9.0318883278791e-10
25.4616050106957,5.67793576055534e-09,1.69086156347426e-09
25.5668182545416,5.029630918772e-09,2.63918177674877e-09
25.6720314983874,4.57586960312949e-09,3.33144582936188e-09
25.7772447422333,3.58698130455667e-09,4.24498214147105e-09
25.8824579860791,2.70959596690661e-09,4.60936242944449e-09
25.987671229925,1.76259892153967e-09,4.87785835523236e-09
26.0928844737708,2.036906888839e-09,4.39327904592337e-09
26.1980977176167,1.38901747283858e-09,4.95285922745953e-09
26.3033109614625,1.85960589625031e-09,4.60393096710879e-09
26.4085242053084,1.83511539442706e-09,5.02918052420728e-09
26.5137374491542,3.25754775085914e-09,4.41508338623152e-09
26.6189506930001,3.65253170220781e-09,3.93975729381593e-09
26.7241639368459,4.77583915788823e-09,3.23119303034319e-09
26.8293771806918,5.08692193591461e-09,2.19807987491144e-09
26.9345904245376,5.54377158930866e-09,1.32747840306317e-09
27.0398036683835,5.37028824988493e-09,8.41159955591721e-10
27.1450169122293,5.32910445869264e-09,1.00901563807092e-09
27.2502301560752,5.12208109125406e-09,1.80199482376454e-09
27.355443399921,4.67939019315354e-09,2.52532006892165e-09
27.4606566437669,4.13785220037546e-09,3.36347721475286e-09
27.5658698876127,3.22431940603098e-09,4.10206373258796e-09
27.6710831314586,2.28002962678649e-09,4.52862511463262e-09
27.7762963753044,1.55356078449125e-09,4.69050172754386e-09
27.8815096191503,1.69655810526577e-09,4.44975017325206e-09
27.9867228629961,2.09997931404193e-09,4.16219019766312e-09
28.091936106842,2.61904133009243e-09,3.86990071069537e-09
28.1971493506878,3.07465080219338e-09,3.46870610634766e-09
28.3023625945337,3.57273154733036e-09,3.08281609772305e-09
28.4075758383795,3.96564238394862e-09,2.57281253139017e-09
28.5127890822254,4.4194467157922e-09,2.05912894895485e-09
28.6180023260712,4.705605640018e-09,1.3938040421511e-09
28.7232155699171,4.66574130399585e-09,1.34067095151265e-09
28.8284288137629,4.69055270115176e-09,1.52270490426425e-09
28.9336420576088,4.2902562990627e-09,2.15705992491331e-09
29.0388553014546,3.99944961257749e-09,2.56867261834525e-09
29.1440685453005,3.58228559397322e-09,3.00861804702032e-09
29.2492817891463,3.28701881716126e-09,3.3137581227815e-09
29.3544950329922,2.75427364329714e-09,3.77366415315919e-09
29.459708276838,2.31251249491616e-09,4.01193263552815e-09
29.5649215206839,1.66592523054869e-09,4.4470629188709e-09
29.6701347645297,1.35631914628028e-09,4.58760158499786e-09
29.7753480083756,2.0917023744379e-09,4.23435060129652e-09
29.8805612522214,2.91121964157132e-09,3.54890453070997e-09
29.9857744960673,3.3017381649184e-09,3.04804282256262e-09
30.0909877399131,3.72747197439627e-09,2.56445921728713e-09
30.196200983759,3.98804587085364e-09,2.0723235474226e-09
30.3014142276048,4.13692015962402e-09,1.77870969463449e-09
30.4066274714507,4.24812073584176e-09,1.59142762970617e-09
30.5118407152965,4.16593324076806e-09,1.77246848448198e-09
30.6170539591424,4.03396609912299e-09,2.11730976543106e-09
30.7222672029882,3.63002104587407e-09,2.74566482971956e-09
30.8274804468341,2.98855882135952e-09,3.25550471838468e-09
30.9326936906799,2.66227862353181e-09,3.32891130504367e-09
31.0379069345258,2.67073154348082e-09,3.25119666361612e-09
31.1431201783716,2.50907081808934e-09,3.37738222851964e-09
31.2483334222175,2.42426898390276e-09,3.41348396269117e-09
31.3535466660633,2.11201115247689e-09,3.68531519695352e-09
31.4587599099092,2.00319976747884e-09,3.76343856950521e-09
31.563973153755,2.27947324337862e-09,3.58238957173619e-09
31.6691863976009,2.74897100245947e-09,3.25046193000447e-09
31.7743996414467,3.13527230863444e-09,2.81693468613593e-09
31.8796128852926,3.43541616641788e-09,2.49427943041092e-09
31.9848261291384,3.75402865259177e-09,2.0317879465981e-09
32.0900393729843,3.75599462562041e-09,1.95435535351258e-09
32.1952526168301,3.76761478256495e-09,1.9650624648781e-09
32.300465860676,3.62752149990077e-09,2.19568167825924e-09
32.4056791045218,3.47464173146317e-09,2.45209840112955e-09
32.5108923483677,3.13789173375367e-09,2.86009561068234e-09
32.6161055922135,2.83517864064425e-09,3.10514901021299e-09
32.7213188360594,2.52554097024776e-09,3.3648632006904e-09
32.8265320799052,2.25956012850551e-09,3.50654324268588e-09
32.9317453237511,2.0855811655453e-09,3.60500114000973e-09
33.0369585675969,2.06142122463156e-09,3.59277806077956e-09
33.1421718114428,2.17765916084984e-09,3.49718835275151e-09
33.2473850552886,2.39513485136735e-09,3.36096065312278e-09
33.3525982991345,2.71330800590594e-09,3.07721203976977e-09
33.4578115429803,3.00570357065801e-09,2.79769241861869e-09
33.5630247868262,3.24806338121278e-09,2.4724487576658e-09
33.668238030672,3.32718237959547e-09,2.3423781271835e-09
33.7734512745179,3.48666171637592e-09,2.13532417618022e-09
33.8786645183637,3.45536396171451e-09,2.15652619434304e-09
33.9838777622096,3.42432169389048e-09,2.2199349432e-09
34.0890910060554,3.24643960772592e-09,2.46168324689173e-09
34.1943042499013,3.0586261846723e-09,2.67233548025293e-09
34.2995174937471,2.80095471809946e-09,2.94415102394575e-09
34.404730737593,2.56592892759829e-09,3.11659576826489e-09
34.5099439814388,2.38134472175045e-09,3.26025766088905e-09
34.6151572252847,2.24351067847564e-09,3.33957048974765e-09
34.7203704691305,2.26671988809607e-09,3.30265304287641e-09
34.8255837129764,2.33092198106416e-09,3.25541939983575e-09
34.9307969568222,2.49329222996228e-09,3.11504196096397e-09
35.0360102006681,2.67024536144037e-09,2.9718052165948e-09
35.1412234445139,2.89983731455578e-09,2.73121549825747e-09
35.2464366883598,3.03194229907153e-09,2.57841765630489e-09
35.3516499322056,3.18238481760329e-09,2.38880667946038e-09
35.4568631760515,3.19170407430752e-09,2.35362401368269e-09
35.5620764198973,3.2339499333746e-09,2.30345218378036e-09
35.6672896637432,3.15791568553087e-09,2.38964408217015e-09
35.772502907589,3.10575147358888e-09,2.45833764717278e-09
35.8777161514349,2.94735707260444e-09,2.64077532380889e-09
35.9829293952807,2.8047771928066e-09,2.77387086151774e-09
36.0881426391266,2.65419680837248e-09,2.91647280298783e-09
36.1933558829724,2.53843998082026e-09,3.00292431129512e-09
36.2985691268183,2.46188636627555e-09,3.06275268123408e-09
36.4037823706641,2.4354806920895e-09,3.0768206940346e-09
36.50899561451,2.48286065886256e-09,3.03018451952589e-09
36.6142088583558,2.55300431973187e-09,2.97129681313514e-09
36.7194221022017,2.67728121344816e-09,2.85169125629163e-09
36.8246353460475,2.7754456334214e-09,2.75580403971759e-09
36.9298485898934,2.89371766234366e-09,2.62805076231476e-09
37.0350618337392,2.95231405172606e-09,2.55749244273157e-09
37.1402750775851,3.01289152658585e-09,2.48608358463668e-09
37.2454883214309,3.00912752159063e-09,2.48410077075404e-09
37.3507015652768,2.99641464200157e-09,2.4974518125675e-09
37.4559148091226,2.93653109092545e-09,2.56249597911804e-09
37.5611280529685,2.86886857075133e-09,2.63254820605203e-09
37.6663412968143,2.7855686415228e-09,2.71661522466993e-09
37.7715545406602,2.71502628939691e-09,2.78053643370432e-09
37.876767784506,2.66991594698522e-09,2.82063838656788e-09
37.9819810283519,2.63259568620023e-09,2.85204525213457e-09
38.0871942721977,2.62867038059538e-09,2.85270261558212e-09
38.1924075160436,2.63262619969655e-09,2.84740667326291e-09
38.2976207598894,2.66444452913428e-09,2.81563814378022e-09
38.4028340037353,2.69613291213576e-09,2.78440553702914e-09
38.5080472475811,2.74095846849025e-09,2.73907401514864e-09
38.613260491427,2.76603730781397e-09,2.71271266305501e-09
38.7184737352728,2.79347748056061e-09,2.68395694488866e-09
38.8236869791187,2.80343661304719e-09,2.67252205448276e-09
38.9289002229645,2.81047197126358e-09,2.66460238766138e-09
39.0341134668104,2.80597742184228e-09,2.66846393581193e-09
39.1393267106562,2.79786730773907e-09,2.67630183198084e-09
39.2445399545021,2.79386758527128e-09,2.68014044284999e-09
39.3497531983479,1.39499812874699e-09,1.34196733300892e-09
