timestep:         0.0063532800000000
yAxisLabel:vertical DOF [m]     
title:bogies vertical DOF       
uv1,    uv2,    
  0.0000000000000000,  0.0000000000000000,
  0.0000000000000000,  0.0000000000000000,
 -0.0000000107641815,  0.0000000000000000,
 -0.0000000577507245,  0.0000000000000000,
 -0.0000001611806202,  0.0000000000000000,
 -0.0000003333797752,  0.0000000000000000,
 -0.0000005847001536,  0.0000000000000000,
 -0.0000009296033562,  0.0000000000000000,
 -0.0000013907249935,  0.0000000000000000,
 -0.0000019954568298,  0.0000000000000000,
 -0.0000027824018568,  0.0000000000000000,
 -0.0000038017022695,  0.0000000000000000,
 -0.0000051078219025,  0.0000000000000000,
 -0.0000067512689420,  0.0000000000000000,
 -0.0000087786124602,  0.0000000000000000,
 -0.0000112380333372,  0.0000000000000000,
 -0.0000141799185433,  0.0000000000000000,
 -0.0000176584801168,  0.0000000000000000,
 -0.0000217333427778,  0.0000000000000000,
 -0.0000264655213658,  0.0000000000000000,
 -0.0000319081954626,  0.0000000000000000,
 -0.0000381033212892,  0.0000000000000000,
 -0.0000450888154905,  0.0000000000000000,
 -0.0000529060752241,  0.0000000000000000,
 -0.0000616010571622,  0.0000000000000000,
 -0.0000712192486349,  0.0000000000000000,
 -0.0000818031611029,  0.0000000000000000,
 -0.0000933906167354,  0.0000000000000000,
 -0.0001060101316454,  0.0000000000000000,
 -0.0001196811404181,  0.0000000000000000,
 -0.0001344215637082,  0.0000000000000000,
 -0.0001502582525202,  0.0000000000000000,
 -0.0001672269013091,  0.0000000000000000,
 -0.0001853593939733,  0.0000000000000000,
 -0.0002046740774751,  0.0000000000000000,
 -0.0002251783536163,  0.0000000000000000,
 -0.0002468802408994,  0.0000000000000000,
 -0.0002697932950310,  0.0000000000000000,
 -0.0002939308774004,  0.0000000000000000,
 -0.0003193036227728,  0.0000000000000000,
 -0.0003459232390427,  0.0000000000000000,
 -0.0003738029841812,  0.0000000000000000,
 -0.0004029514861244,  0.0000000000000000,
 -0.0004333710453737,  0.0000000000000000,
 -0.0004650688566469,  0.0000000000000000,
 -0.0004980679500815,  0.0000000000000000,
 -0.0005323985005329,  0.0000000000000000,
 -0.0005680822431191,  0.0000000000000000,
 -0.0006051343012909,  0.0000000000000000,
 -0.0006435787428734,  0.0000000000000000,
 -0.0006834583032203,  0.0000000000000000,
 -0.0007248255931015,  0.0000000000000000,
 -0.0007677278436682,  0.0000000000000000,
 -0.0008122040858872,  0.0000000000000000,
 -0.0008582910211776,  0.0000000000000000,
 -0.0009060206128002,  0.0000000000000000,
 -0.0009554167378202,  0.0000000000000000,
 -0.0010065053098685,  0.0000000000000000,
 -0.0010593198983475,  0.0000000000000000,
 -0.0011138860561228,  0.0000000000000000,
 -0.0011702021968660,  0.0000000000000000,
 -0.0012282488845909,  0.0000000000000000,
 -0.0012880147549747,  0.0000000000000000,
 -0.0013494960525835,  0.0000000000000000,
 -0.0014126862716996,  0.0000000000000000,
 -0.0014775839202208,  0.0000000000000000,
 -0.0015441933960040,  0.0000000000000000,
 -0.0016125079964133,  0.0000000000000000,
 -0.0016825012518122,  0.0000000000000000,
 -0.0017541463527246,  0.0000000000000000,
 -0.0018274398541826,  0.0000000000000000,
 -0.0019023995090089,  0.0000000000000000,
 -0.0019790437044137,  0.0000000000000000,
 -0.0020573741253517,  0.0000000000000000,
 -0.0021373672722975,  0.0000000000000000,
 -0.0022189713790194,  0.0000000000000000,
 -0.0023021122084982,  0.0000000000000000,
 -0.0023867063588597,  0.0000000000000000,
 -0.0024726698495689,  0.0000000000000000,
 -0.0025599115828211,  0.0000000000000000,
 -0.0026483203437926,  0.0000000000000000,
 -0.0027377608279837,  0.0000000000000000,
 -0.0028280812572451,  0.0000000000000000,
 -0.0029191287239630,  0.0000000000000000,
 -0.0030107637106015,  0.0000000000000000,
 -0.0031028627953272,  0.0000000000000000,
 -0.0031953096870255,  0.0000000000000000,
 -0.0032879799463083,  0.0000000000000000,
 -0.0033807262965572,  0.0000000000000000,
 -0.0034733791124418,  0.0000000000000000,
 -0.0035657629446811,  0.0000000000000000,
 -0.0036577108417287,  0.0000000000000000,
 -0.0037490736332955,  0.0000000000000000,
 -0.0038397224360330, -0.0000005658068116,
 -0.0039295349599535, -0.0000022856745784,
 -0.0040183803769471, -0.0000052257688563,
 -0.0041061133712783, -0.0000094374567741,
 -0.0041925829416946, -0.0000149570326005,
 -0.0042776664730080, -0.0000218160331022,
 -0.0043613043622997, -0.0000300514232470,
 -0.0044434920580329, -0.0000397074382484,
 -0.0045242349109510, -0.0000508253102553,
 -0.0046035256130027, -0.0000634504998627,
 -0.0046813587413020, -0.0000776404453569,
 -0.0047577347836932, -0.0000934596149892,
 -0.0048326508244286, -0.0001109686468435,
 -0.0049060999687302, -0.0001302214852655,
 -0.0049780737420941, -0.0001512647937293,
 -0.0050485718244179, -0.0001741404103160,
 -0.0051176117435811, -0.0001988967900232,
 -0.0051852237483090, -0.0002255929367188,
 -0.0052514493360620, -0.0002542912154429,
 -0.0053163399954312, -0.0002850454346653,
 -0.0053799399626588, -0.0003178926236462,
 -0.0054422770608298, -0.0003528565253731,
 -0.0055033725952680, -0.0003899574489158,
 -0.0055632560453561, -0.0004292201769002,
 -0.0056219719374865, -0.0004706790521159,
 -0.0056795707017413, -0.0005143769408939,
 -0.0057360953010306, -0.0005603458124917,
 -0.0057915737378517, -0.0006085879220106,
 -0.0058460183118067, -0.0006590803167944,
 -0.0058994358750184, -0.0007117915260455,
 -0.0059518471276112, -0.0007667045171197,
 -0.0060032966306230, -0.0008238237543087,
 -0.0060538408185549, -0.0008831514208782,
 -0.0061035331276972, -0.0009446647678577,
 -0.0061524172297597, -0.0010083180755274,
 -0.0062005243114383, -0.0010740606909947,
 -0.0062478812860216, -0.0011418483197626,
 -0.0062945268557189, -0.0012116454961157,
 -0.0063405192850980, -0.0012834358229804,
 -0.0063859251336885, -0.0013572237646091,
 -0.0064307992199345, -0.0014330138881354,
 -0.0064751756043070, -0.0015107951584984,
 -0.0065190723890926, -0.0015905471480440,
 -0.0065625041604484, -0.0016722590698675,
 -0.0066054958498127, -0.0017559405054766,
 -0.0066480882972953, -0.0018416059612091,
 -0.0066903305654333, -0.0019292559146205,
 -0.0067322708661718, -0.0020188776005037,
 -0.0067739554935775, -0.0021104567757557,
 -0.0068154294686100, -0.0022039869625885,
 -0.0068567405106387, -0.0022994653682957,
 -0.0068979491683712, -0.0023968819344127,
 -0.0069391366620110, -0.0024962158453194,
 -0.0069803954024524, -0.0025974405839081,
 -0.0070218074090988, -0.0027005256443113,
 -0.0070634442889617, -0.0028054381624442,
 -0.0071053820894133, -0.0029121583432951,
 -0.0071477020022184, -0.0030206891407159,
 -0.0071904893342244, -0.0031310349959539,
 -0.0072338426881784, -0.0032431714274392,
 -0.0072778795807383, -0.0033570529269988,
 -0.0073227284132436, -0.0034726456393550,
 -0.0073685210319573, -0.0035899286079571,
 -0.0074153980130880, -0.0037088830383205,
 -0.0074635046733622, -0.0038295023680773,
 -0.0075129712769313, -0.0039517921356963,
 -0.0075639050410742, -0.0040757479313517,
 -0.0076163956062390, -0.0042013418249888,
 -0.0076705126446688, -0.0043285450080252,
 -0.0077262998460846, -0.0044573626815439,
 -0.0077837810699021, -0.0045878381595866,
 -0.0078429679979828, -0.0047200273476903,
 -0.0079038552873442, -0.0048539688457478,
 -0.0079664155800858, -0.0049896675041256,
 -0.0080306044706134, -0.0051270898868080,
 -0.0080963706243660, -0.0052661704758868,
 -0.0081636669293755, -0.0054068329709365,
 -0.0082324561154584, -0.0055490086430653,
 -0.0083027109811372, -0.0056926286029603,
 -0.0083744093660795, -0.0058375991746675,
 -0.0084475165828920, -0.0059837873344396,
 -0.0085219601986592, -0.0061310270190430,
 -0.0085976142059300, -0.0062791405499804,
 -0.0086743105618711, -0.0064279636906499,
 -0.0087518644139195, -0.0065773556464957,
 -0.0088300889618820, -0.0067271896977087,
 -0.0089088054927405, -0.0068773292567393,
 -0.0089878445211626, -0.0070275968206157,
 -0.0090670386855177, -0.0071777673693267,
 -0.0091462172640448, -0.0073275963519444,
 -0.0092251971869502, -0.0074768455054413,
 -0.0093037813044417, -0.0076252927344498,
 -0.0093817687056654, -0.0077727355005628,
 -0.0094589630368286, -0.0079189798857690,
 -0.0095351767527660, -0.0080638210755275,
 -0.0096102342806814, -0.0082070273851367,
 -0.0096839696327375, -0.0083483424938893,
 -0.0097562217568253, -0.0084875132738378,
 -0.0098268366914104, -0.0086243136730144,
 -0.0098956612761561, -0.0087585510945889,
 -0.0099625269977534, -0.0088900651577126,
 -0.0100272486114280, -0.0090187197225266,
 -0.0100896321564336, -0.0091443945556384,
 -0.0101494799016034, -0.0092669788152731,
 -0.0102065969225637, -0.0093863616262968,
 -0.0102608044338178, -0.0095024236483871,
 -0.0103119536343671, -0.0096150418398750,
 -0.0103599217903995, -0.0097241031705086,
 -0.0104045971659923, -0.0098295062879454,
 -0.0104458750521892, -0.0099311569964532,
 -0.0104836582600892, -0.0100289729959334,
 -0.0105178562137014, -0.0101228893074665,
 -0.0105483904770038, -0.0102128490934954,
 -0.0105751981243021, -0.0102987852282958,
 -0.0105982269740032, -0.0103806174140108,
 -0.0106174288848756, -0.0104582658055633,
 -0.0106327628068314, -0.0105316637264500,
 -0.0106442087579129, -0.0106007644679701,
 -0.0106517720928289, -0.0106655379215920,
 -0.0106554761661063, -0.0107259576709096,
 -0.0106553544925143, -0.0107819869007898,
 -0.0106514443064728, -0.0108335738215004,
 -0.0106437821974220, -0.0108806663069762,
 -0.0106324002097255, -0.0109232279707058,
 -0.0106173268699800, -0.0109612399464521,
 -0.0105985937400440, -0.0109947007043323,
 -0.0105762388864961, -0.0110236216062280,
 -0.0105503065183557, -0.0110480179056046,
 -0.0105208401411670, -0.0110679091681637,
 -0.0104878690827540, -0.0110833293245132,
 -0.0104514050939594, -0.0110943359708960,
 -0.0104114515819880, -0.0111010052333482,
 -0.0103680110905675, -0.0111034154815599,
 -0.0103210899304866, -0.0111016326454659,
 -0.0102707071333193, -0.0110957015141572,
 -0.0102169054698939, -0.0110856500389313,
 -0.0101597547278859, -0.0110715035631349,
 -0.0100993435069100, -0.0110532966901193,
 -0.0100357676823691, -0.0110310807187860,
 -0.0099691236246269, -0.0110049250902118,
 -0.0098995025166451, -0.0109749118786906,
 -0.0098269899166506, -0.0109411306456999,
 -0.0097516777170017, -0.0109036777690253,
 -0.0096736741738861, -0.0108626605747280,
 -0.0095931079278382, -0.0108182035174908,
 -0.0095101312807895, -0.0107704466401136,
 -0.0094249187174773, -0.0107195347299483,
 -0.0093376591845018, -0.0106656107358181,
 -0.0092485460357940, -0.0106088137125542,
 -0.0091577747718585, -0.0105492764195150,
 -0.0090655489627486, -0.0104871313961297,
 -0.0089720861417107, -0.0104225214675349,
 -0.0088776166963821, -0.0103556054357461,
 -0.0087823771023399, -0.0102865580254130,
 -0.0086866048733188, -0.0102155672924450,
 -0.0085905337353992, -0.0101428351619377,
 -0.0084943873503270, -0.0100685783579264,
 -0.0083983738535694, -0.0099930275045103,
 -0.0083026839891104, -0.0099164233251291,
 -0.0082074915435764, -0.0098390115727087,
 -0.0081129530116637, -0.0097610394773091,
 -0.0080192094612945, -0.0096827516836307,
 -0.0079263935187395, -0.0096043864764101,
 -0.0078346406384478, -0.0095261695360581,
 -0.0077440955568282, -0.0094483060168462,
 -0.0076549030271327, -0.0093709754034261,
 -0.0075671878941487, -0.0092943318086272,
 -0.0074810409222655, -0.0092185107605267,
 -0.0073965174790396, -0.0091436392768325,
 -0.0073136425258412, -0.0090698464771256,
 -0.0072324217118942, -0.0089972693183641,
 -0.0071528595561342, -0.0089260488032676,
 -0.0070749705608772, -0.0088563180414283,
 -0.0069987770373305, -0.0087881876995217,
 -0.0069243041851995, -0.0087217365525577,
 -0.0068515795949379, -0.0086570158050577,
 -0.0067806321993131, -0.0085940657960517,
 -0.0067114860155350, -0.0085329285502841,
 -0.0066441516052833, -0.0084736503461105,
 -0.0065786219238722, -0.0084162811495983,
 -0.0065148777586215, -0.0083608725959527,
 -0.0064528981717525, -0.0083074735380785,
 -0.0063926732366696, -0.0082561220789132,
 -0.0063342147588856, -0.0082068377780072,
 -0.0062775552245969, -0.0081596187717618,
 -0.0062227352057813, -0.0081144424807650,
 -0.0061697856639049, -0.0080712685904426,
 -0.0061187143012377, -0.0080300477632458,
 -0.0060695031786092, -0.0079907352463034,
 -0.0060221153384745, -0.0079532954615813,
 -0.0059765037912504, -0.0079176962277423,
 -0.0059326207209839, -0.0078839021340775,
 -0.0058904232278609, -0.0078518645058480,
 -0.0058498698874935, -0.0078215118672407,
 -0.0058109118487059, -0.0077927478708447,
 -0.0057734919989889, -0.0077654566364632,
 -0.0057375575067166, -0.0077395136496680,
 -0.0057030730750512, -0.0077147962679594,
 -0.0056700226029337, -0.0076911902561715,
 -0.0056383999088101, -0.0076685918652344,
 -0.0056081982569487, -0.0076469062184671,
 -0.0055794011684341, -0.0076260457746544,
 -0.0055519745562499, -0.0076059312825532,
 -0.0055258688170081, -0.0075864954379873,
 -0.0055010298554232, -0.0075676858014843,
 -0.0054774096324877, -0.0075494590514221,
 -0.0054549711208445, -0.0075317692854683,
 -0.0054336881476072, -0.0075145598238735,
 -0.0054135455732558, -0.0074977645822334,
 -0.0053945399841963, -0.0074813169999161,
 -0.0053766769205799, -0.0074651561386353,
 -0.0053599654086550, -0.0074492285430540,
 -0.0053444126858215, -0.0074334879009811,
 -0.0053300212975786, -0.0074178932199365,
 -0.0053167884819592, -0.0074024054455371,
 -0.0053047031800824, -0.0073869813322383,
 -0.0052937424410884, -0.0073715707269756,
 -0.0052838747397765, -0.0073561204946869,
 -0.0052750666494428, -0.0073405800667371,
 -0.0052672854975988, -0.0073249039276115,
 -0.0052604991152831, -0.0073090470063770,
 -0.0052546757264146, -0.0072929553518233,
 -0.0052497791059356, -0.0072765616883768,
 -0.0052457589495281, -0.0072597850378342,
 -0.0052425460235817, -0.0072425300531841,
 -0.0052400557792844, -0.0072246939761787,
 -0.0052381968626347, -0.0072061819601994,
 -0.0052368797192653, -0.0071869184403509,
 -0.0052360254809738, -0.0071668473229780,
 -0.0052355734246311, -0.0071459226792929,
 -0.0052354805423759, -0.0071240976298337,
 -0.0052357159506665, -0.0071013171527957,
 -0.0052362588352880, -0.0070775124008669,
 -0.0052370992315197, -0.0070525995865725,
 -0.0052382369221149, -0.0070264911236097,
 -0.0052396809675121, -0.0069991104533146,
 -0.0052414526782141, -0.0069704020136577,
 -0.0052435862904685, -0.0069403401013982,
 -0.0052461205755650, -0.0069089323285365,
 -0.0052490873856181, -0.0068762116675212,
 -0.0052525064644602, -0.0068422246583679,
 -0.0052563858431751, -0.0068070278300281,
 -0.0052607258959445, -0.0067706918392313,
 -0.0052655260994132, -0.0067333034928974,
 -0.0052707885095940, -0.0066949650498026,
 -0.0052765162720515, -0.0066557952959814,
 -0.0052827112251486, -0.0066159284488354,
 -0.0052893718057020, -0.0065755097214772,
 -0.0052964932122487, -0.0065346898153411,
 -0.0053040720673562, -0.0064936161043714,
 -0.0053121131712717, -0.0064524248460834,
 -0.0053206319386063, -0.0064112391599693,
 -0.0053296496890356, -0.0063701689828349,
 -0.0053391862226055, -0.0063293105132355,
 -0.0053492532870167, -0.0062887498169458,
 -0.0053598497841537, -0.0062485720426116,
 -0.0053709622200031, -0.0062088668705806,
 -0.0053825725287961, -0.0061697237050609,
 -0.0053946667581071, -0.0061312224906027,
 -0.0054072393577168, -0.0060934268007838,
 -0.0054202951366899, -0.0060563799186058,
 -0.0054338479106070, -0.0060201031709928,
 -0.0054479132953881, -0.0059845984347486,
 -0.0054624980319045, -0.0059498591121978,
 -0.0054775896649260, -0.0059158834883724,
 -0.0054931503065431, -0.0058826805995290,
 -0.0055091168173455, -0.0058502706041844,
 -0.0055254053922598, -0.0058186824832789,
 -0.0055419182976535, -0.0057879487314903,
 -0.0055585547197295, -0.0057580976659736,
 -0.0055752244308966, -0.0057291434251038,
 -0.0055918548423994, -0.0057010789888885,
 -0.0056083876122839, -0.0056738765252674,
 -0.0056247714550879, -0.0056474920586707,
 -0.0056409572366133, -0.0056218758009855,
 -0.0056568950496905, -0.0055969888544180,
 -0.0056725311606677, -0.0055728179980226,
 -0.0056878046620091, -0.0055493790405984,
 -0.0057026447485348, -0.0055267068431674,
 -0.0057169699283920, -0.0055048405349009,
 -0.0057306898454801, -0.0054838117442508,
 -0.0057437128667099, -0.0054636382957312,
 -0.0057559605075161, -0.0054443258762098,
 -0.0057673810834420, -0.0054258742533928,
 -0.0057779530322969, -0.0054082798587131,
 -0.0057876779024188, -0.0053915326223413,
 -0.0057965698763135, -0.0053756108887146,
 -0.0058046454428779, -0.0053604818276618,
 -0.0058119159888380, -0.0053461100345345,
 -0.0058183865929938, -0.0053324668189931,
 -0.0058240606529810, -0.0053195349983291,
 -0.0058289473785908, -0.0053073122019639,
 -0.0058330678062936, -0.0052958117477542,
 -0.0058364566200104, -0.0052850564201483,
 -0.0058391601729893, -0.0052750700904454,
 -0.0058412307521138, -0.0052658744630875,
 -0.0058427194945344, -0.0052574917861525,
 -0.0058436720112309, -0.0052499512804422,
 -0.0058441285276207, -0.0052432952940747,
 -0.0058441276216515, -0.0052375818619505,
 -0.0058437093953640, -0.0052328834453694,
 -0.0058429156886629, -0.0052292819671605,
 -0.0058417892350496, -0.0052268602312606,
 -0.0058403738095902, -0.0052256927980819,
 -0.0058387155998251, -0.0052258407152269,
 -0.0058368642267368, -0.0052273495783411,
 -0.0058348725232192, -0.0052302471776129,
 -0.0058327969413360, -0.0052345417493207,
 -0.0058306975327172, -0.0052402235006631,
 -0.0058286341746148, -0.0052472700795956,
 -0.0058266630443714, -0.0052556550346091,
 -0.0058248366703222, -0.0052653550500096,
 -0.0058232034019831, -0.0052763528278976,
 -0.0058218047909480, -0.0052886353923597,
 -0.0058206745138514, -0.0053021866563331,
 -0.0058198426170261, -0.0053169778979431,
 -0.0058193448127181, -0.0053329626843773,
 -0.0058192316028932, -0.0053500756822837,
 -0.0058195713915783, -0.0053682336736197,
 -0.0058204482386011, -0.0053873394890450,
 -0.0058219581016014, -0.0054072889692841,
 -0.0058242028766585, -0.0054279797539341,
 -0.0058272822260530, -0.0054493169478316,
 -0.0058312861018074, -0.0054712125816522,
 -0.0058362899639345, -0.0054935825112681,
 -0.0058423544527323, -0.0055163455008242,
 -0.0058495285837169, -0.0055394235701182,
 -0.0058578532261969, -0.0055627412237955,
 -0.0058673630729144, -0.0055862263311259,
 -0.0058780866494106, -0.0056098131727395,
 -0.0058900459366082, -0.0056334439487824,
 -0.0059032576391557, -0.0056570672989315,
 -0.0059177353644780, -0.0056806345691789,
 -0.0059334914358010, -0.0057040957533597,
 -0.0059505384319483, -0.0057273977088121,
 -0.0059688899243131, -0.0057504863503926,
 -0.0059885594595458, -0.0057733122961707,
 -0.0060095562931241, -0.0057958378021055,
 -0.0060318775623123, -0.0058180424982913,
 -0.0060555006146146, -0.0058399252683907,
 -0.0060803796511587, -0.0058615015433011,
 -0.0061064469126425, -0.0058827993880372,
 -0.0061336158010555, -0.0059038574247889,
 -0.0061617869450478, -0.0059247227643709,
 -0.0061908601530174, -0.0059454468583306,
 -0.0062207468910905, -0.0059660799451734,
 -0.0062513769487501, -0.0059866650564915,
 -0.0062827005588045, -0.0060072326057848,
 -0.0063146875870948, -0.0060277987311101,
 -0.0063473227057048, -0.0060483714674067,
 -0.0063805963791659, -0.0060689614639812,
 -0.0064144948839612, -0.0060895890276050,
 -0.0064489933142954, -0.0061102871805266,
 -0.0064840537755525, -0.0061311033392485,
 -0.0065196294437771, -0.0061520971704932,
 -0.0065556727329550, -0.0061733329712687,
 -0.0065921426144891, -0.0061948699432398,
 -0.0066290072953666, -0.0062167544105367,
 -0.0066662435502435, -0.0062390139853462,
 -0.0067038341904378, -0.0062616551080502,
 -0.0067417644456499, -0.0062846678466109,
 -0.0067800186192790, -0.0063080353310039,
 -0.0068185775759849, -0.0063317403452721,
 -0.0068574171509448, -0.0063557666265383,
 -0.0068965060071517, -0.0063800977023352,
 -0.0069358024588658, -0.0064047157366443,
 -0.0069752526778095, -0.0064296011378392,
 -0.0070147919080116, -0.0064547318286185,
 -0.0070543490950697, -0.0064800815223394,
 -0.0070938547920787, -0.0065056174754095,
 -0.0071332491885204, -0.0065312973471808,
 -0.0071724861880875, -0.0065570649934140,
 -0.0072115323971699, -0.0065828468380809,
 -0.0072503629050688, -0.0066085535315645,
 -0.0072889564397202, -0.0066340894674100,
 -0.0073272911983008, -0.0066593649340088,
 -0.0073653416584923, -0.0066843044544451,
 -0.0074030762426229, -0.0067088499509308,
 -0.0074404563299510, -0.0067329590204366,
 -0.0074774369401281, -0.0067565999016883,
 -0.0075139675023260, -0.0067797476160007,
 -0.0075499915204491, -0.0068023840219965,
 -0.0075854468546331, -0.0068245003693199,
 -0.0076202676879864, -0.0068460995646569,
 -0.0076543851453345, -0.0068671965056265,
 -0.0076877251728534, -0.0068878162265054,
 -0.0077202064257130, -0.0069079900142339,
 -0.0077517400865983, -0.0069277509046186,
 -0.0077822316607786, -0.0069471311444900,
 -0.0078115846442892, -0.0069661621525889,
 -0.0078397060393223, -0.0069848744000586,
 -0.0078665107673206, -0.0070032945385917,
 -0.0078919207382869, -0.0070214399896901,
 -0.0079158605815687, -0.0070393148562620,
 -0.0079382551525929, -0.0070569110472916,
 -0.0079590288268185, -0.0070742142972826,
 -0.0079781049598863, -0.0070912110902899,
 -0.0079954065832374, -0.0071078928544698,
 -0.0080108577262776, -0.0071242588063102,
 -0.0080243826486490, -0.0071403195023691,
 -0.0080359038348988, -0.0071560974244640,
 -0.0080453427529562, -0.0071716218433797,
 -0.0080526250902963, -0.0071869229512042,
 -0.0080576878408665, -0.0072020282833111,
 -0.0080604853326125, -0.0072169569721546,
 -0.0080609932992924, -0.0072317107253512,
 -0.0080592100094509, -0.0072462678177005,
 -0.0080551549035094, -0.0072605859213912,
 -0.0080488669527302, -0.0072746129049480,
 -0.0080404020212647, -0.0072883001189577,
 -0.0080298277782557, -0.0073016133185384,
 -0.0080172180283661, -0.0073145380660629,
 -0.0080026485524959, -0.0073270785234982,
 -0.0079861938837881, -0.0073392522285982,
 -0.0079679247838750, -0.0073510839483306,
 -0.0079479081223346, -0.0073625999640665,
 -0.0079262096885483, -0.0073738248382932,
 -0.0079028984800304, -0.0073847816237050,
 -0.0078780508416546, -0.0073954923304842,
 -0.0078517537241398, -0.0074059759370568,
 -0.0078241055003867, -0.0074162449589639,
 -0.0077952130982770, -0.0074263021290141,
 -0.0077651874511313, -0.0074361380487259,
 -0.0077341399292050, -0.0074457311226337,
 -0.0077021796521684, -0.0074550512495771,
 -0.0076694107899443, -0.0074640661453838,
 -0.0076359304652342, -0.0074727474324148,
 -0.0076018279608543, -0.0074810752550405,
 -0.0075671843914220, -0.0074890405488306,
 -0.0075320716607433, -0.0074966439323255,
 -0.0074965518035741, -0.0075038914392537,
 -0.0074606788428484, -0.0075107888782181,
 -0.0074245028237010, -0.0075173375321464,
 -0.0073880742876645, -0.0075235320730596,
 -0.0073514479101014, -0.0075293591473945,
 -0.0073146835179892, -0.0075347968571568,
 -0.0072778426466843, -0.0075398182796217,
 -0.0072409806779229, -0.0075443989037724,
 -0.0072041379563340, -0.0075485239351931,
 -0.0071673344820747, -0.0075521937878780,
 -0.0071305698631386, -0.0075554279859404,
 -0.0070938277439555, -0.0075582655092566,
 -0.0070570827807631, -0.0075607589417651,
 -0.0070203070963376, -0.0075629633662638,
 -0.0069834735916319, -0.0075649250229646,
 -0.0069465557593272, -0.0075666753974220,
 -0.0069095262185593, -0.0075682324753263,
 -0.0068723560920260, -0.0075696066907156,
 -0.0068350152714205, -0.0075708085775378,
 -0.0067974730938910, -0.0075718552965862,
 -0.0067596992513199, -0.0075727738039191,
 -0.0067216643578399, -0.0075736002230662,
 -0.0066833402298361, -0.0075743773265137,
 -0.0066447008453215, -0.0075751522223597,
 -0.0066057246040960, -0.0075759744807651,
 -0.0065663983753605, -0.0075768941077382,
 -0.0065267225114642, -0.0075779584691191,
 -0.0064867136539963, -0.0075792085859234,
 -0.0064464034003543, -0.0075806769658098,
 -0.0064058345111236, -0.0075823877982057,
 -0.0063650578391562, -0.0075843583154452,
 -0.0063241306295426, -0.0075865999531253,
 -0.0062831147416383, -0.0075891180852405,
 -0.0062420750029166, -0.0075919105949261,
 -0.0062010786185979, -0.0075949674796843,
 -0.0061601946960299, -0.0075982729564377,
 -0.0061194927839921, -0.0076018093057720,
 -0.0060790412378647, -0.0076055607454472,
 -0.0060389059056626, -0.0076095153989740,
 -0.0059991488974893, -0.0076136641908519,
 -0.0059598275474469, -0.0076179974766869,
 -0.0059209934590357, -0.0076225013181207,
 -0.0058826915822407, -0.0076271558786500,
 -0.0058449588480706, -0.0076319370613762,
 -0.0058078218612356, -0.0076368202209140,
 -0.0057712938485207, -0.0076417841151446,
 -0.0057353713059697, -0.0076468125553823,
 -0.0057000314407878, -0.0076518921455679,
 -0.0056652308942270, -0.0076570071905203,
 -0.0056309060311741, -0.0076621342345913,
 -0.0055969765547789, -0.0076672382405576,
 -0.0055633528210799, -0.0076722707395315,
 -0.0055299439498421, -0.0076771701583722,
 -0.0054966631537232, -0.0076818640104958,
 -0.0054634283295921, -0.0076862706068212,
 -0.0054301578798136, -0.0076902998661258,
 -0.0053967639678584, -0.0076938549030896,
 -0.0053631478554764, -0.0076968347564393,
 -0.0053292015875093, -0.0076991375290494,
 -0.0052948150672077, -0.0077006628086752,
 -0.0052598832807224, -0.0077013117753713,
 -0.0052243107108762, -0.0077009840105067,
 -0.0051880129144027, -0.0076995725587868,
 -0.0051509153628345, -0.0076969606149529,
 -0.0051129504020610, -0.0076930222006321,
 -0.0050740543491589, -0.0076876268233183,
 -0.0050341665960212, -0.0076806470559659,
 -0.0049932307637579, -0.0076719671876327,
 -0.0049511959381139, -0.0076614895792471,
 -0.0049080156349081, -0.0076491366536150,
 -0.0048636442120305, -0.0076348491046916,
 -0.0048180337006934, -0.0076185818507843,
 -0.0047711346048182, -0.0076003003276937,
 -0.0047229003869385, -0.0075799782581936,
 -0.0046732920455009, -0.0075575954982009,
 -0.0046222812408530, -0.0075331343146583,
 -0.0045698527006816, -0.0075065744057398,
 -0.0045160053481632, -0.0074778897851949,
 -0.0044607519679294, -0.0074470497990845,
 -0.0044041186972860, -0.0074140234171011,
 -0.0043461449568792, -0.0073787847441510,
 -0.0042868815958426, -0.0073413178660500,
 -0.0042263858748478, -0.0073016189530052,
 -0.0041647165610105, -0.0072596955004616,
 -0.0041019320962347, -0.0072155653133777,
 -0.0040380912133011, -0.0071692569138925,
 -0.0039732543190547, -0.0071208101363164,
 -0.0039074843146272, -0.0070702753844268,
 -0.0038408459232358, -0.0070177122938802,
 -0.0037734039931040, -0.0069631887548138,
 -0.0037052228301657, -0.0069067795129202,
 -0.0036363682137553, -0.0068485639144636,
 -0.0035669105805612, -0.0067886235989851,
 -0.0034969261961436, -0.0067270409169589,
 -0.0034264948691130, -0.0066638986047511,
 -0.0033556950551698, -0.0065992810467233,
 -0.0032845987456016, -0.0065332765502400,
 -0.0032132689483504, -0.0064659789493801,
 -0.0031417609792095, -0.0063974869064817,
 -0.0030701263694219, -0.0063279004112481,
 -0.0029984169732737, -0.0062573153944893,
 -0.0029266866333788, -0.0061858184419771,
 -0.0028549889800040, -0.0061134833636452,
 -0.0027833728367751, -0.0060403702387180,
 -0.0027118781352383, -0.0059665269779427,
 -0.0026405339190187, -0.0058919930298553,
 -0.0025693582618691, -0.0058168040827022,
 -0.0024983585162871, -0.0057409963031021,
 -0.0024275301827976, -0.0056646091112290,
 -0.0023568553409054, -0.0055876858865597,
 -0.0022863037731818, -0.0055102720756186,
 -0.0022158381580056, -0.0054324112856807,
 -0.0021454220579785, -0.0053541411187456,
 -0.0020750276916529, -0.0052754899342244,
 -0.0020046401382127, -0.0051964754402229,
 -0.0019342572725346, -0.0051171060243955,
 -0.0018638870809035, -0.0050373847544618,
 -0.0017935446715332, -0.0049573155977313,
 -0.0017232510756993, -0.0048769107967934,
 -0.0016530333177297, -0.0047961970834027,
 -0.0015829234037722, -0.0047152189627343,
 -0.0015129559810046, -0.0046340383277651,
 -0.0014431665321043, -0.0045527314059823,
 -0.0013735914651279, -0.0044713846563990,
 -0.0013042701470010, -0.0043900903950712,
 -0.0012352482860022, -0.0043089435892048,
 -0.0011665816173518, -0.0042280407857770,
 -0.0010983380315700, -0.0041474797139545,
 -0.0010305963374846, -0.0040673575694085,
 -0.0009634418032998, -0.0039877683541006,
 -0.0008969608471576, -0.0039088009957570,
 -0.0008312364156895, -0.0038305389771392,
 -0.0007663446231483, -0.0037530609853760,
 -0.0007023533095746, -0.0036764425806118,
 -0.0006393218021336, -0.0036007589263403,
 -0.0005773003363130, -0.0035260866146279,
 -0.0005163287056632, -0.0034525024698774,
 -0.0004564357245859, -0.0033800796537368,
 -0.0003976414505974, -0.0033088829803156,
 -0.0003399619669402, -0.0032389651384159,
 -0.0002834143199577, -0.0031703643794332,
 -0.0002280188606390, -0.0031031038311203,
 -0.0001737981339280, -0.0030371929951629,
 -0.0001207741064044, -0.0029726317454097,
 -0.0000689657021004, -0.0029094160708390,
 -0.0000183870070890, -0.0028475435553126,
  0.0000309539588642, -0.0027870162347897,
  0.0000790551690332, -0.0027278387581784,
  0.0001259186870767, -0.0026700115539328,
  0.0001715481384418, -0.0026135223793051,
  0.0002159472553754, -0.0025583414123074,
  0.0002591196853162, -0.0025044223335862,
  0.0003010690463564, -0.0024517079505265,
  0.0003417989478251, -0.0024001375924706,
  0.0003813135371264, -0.0023496531598992,
  0.0004196176539965, -0.0023002009828068,
  0.0004567150467578, -0.0022517291965492,
  0.0004926058176467, -0.0022041836041963,
  0.0005272856232848, -0.0021575061101227,
  0.0005607467336021, -0.0021116372805793,
  0.0005929792446586, -0.0020665211265137,
  0.0006239715614414, -0.0020221091085890,
  0.0006537101384963, -0.0019783611437705,
  0.0006821789333379, -0.0019352434648805,
  0.0007093591823971, -0.0018927254053493,
  0.0007352296920689, -0.0018507773629747,
  0.0007597674918118, -0.0018093704421259,
  0.0007829484779131, -0.0017684771349017,
  0.0008047478156826, -0.0017280723339215,
  0.0008251400910970, -0.0016881336973768,
  0.0008440995679900, -0.0016486406027423,
  0.0008616010014510, -0.0016095721200357,
  0.0008776208441717, -0.0015709063167537,
  0.0008921384839043, -0.0015326213346047,
  0.0009051374528786, -0.0014946962381270,
  0.0009166094607701, -0.0014571110184450,
  0.0009265598078127, -0.0014198462562264,
  0.0009350024870234, -0.0013828833750293,
  0.0009419533852011, -0.0013462068560087,
  0.0009474302251377, -0.0013098094320401,
  0.0009514525062786, -0.0012736963304829,
  0.0009540414439452, -0.0012378808216597,
  0.0009552199072349, -0.0012023769924790,
  0.0009550123557079, -0.0011672035563021,
  0.0009534447749777, -0.0011323903218795,
  0.0009505446113158, -0.0010979772714233,
  0.0009463407053821, -0.0010640119485844,
  0.0009408632251926, -0.0010305425085150,
  0.0009341435984338, -0.0009976094924856,
  0.0009262144442325, -0.0009652418029688,
  0.0009171095044886, -0.0009334548304142,
  0.0009068635748776, -0.0009022552102164,
  0.0008955124356273, -0.0008716492288510,
  0.0008830927821704, -0.0008416492868083,
  0.0008696421557756, -0.0008122750957131,
  0.0008551988742571, -0.0007835496295935,
  0.0008398019628591, -0.0007554940001702,
  0.0008234910854112, -0.0007281231927723,
  0.0008063064758471, -0.0007014424294329,
  0.0007882888701792, -0.0006754431051221,
  0.0007694794390165, -0.0006501005236857,
  0.0007499197207136, -0.0006253745182093,
  0.0007296515552322, -0.0006012124049518,
  0.0007087170187981, -0.0005775529388144,
  0.0006871583594320, -0.0005543313334439,
  0.0006650179334303, -0.0005314849656152,
  0.0006423381428682, -0.0005089583026735,
  0.0006191613741956, -0.0004867062801889,
  0.0005955299379934, -0.0004646962646115,
  0.0005714860099555, -0.0004429085591046,
  0.0005470715731564, -0.0004213351682149,
  0.0005223283616648, -0.0003999764075305,
  0.0004972978055565, -0.0003788361708232,
  0.0004720209773820, -0.0003579178259869,
  0.0004465385401364, -0.0003372219162238,
  0.0004208906967784, -0.0003167457329967,
  0.0003951171413421, -0.0002964836781038,
  0.0003692570116819, -0.0002764290286475,
  0.0003433488438869, -0.0002565786181685,
  0.0003174305284005, -0.0002369386810996,
  0.0002915392678749, -0.0002175283219717,
  0.0002657115367887, -0.0001983784950435,
  0.0002399830428538, -0.0001795281951035,
  0.0002143886902310, -0.0001610207194459,
  0.0001889625445772, -0.0001428991502013,
  0.0001637377999359, -0.0001252018874512,
  0.0001387467474874, -0.0001079624846327,
  0.0001140207461670, -0.0000912132414622,
  0.0000895901951594, -0.0000749851175593,
  0.0000654845082736, -0.0000593012100160,
  0.0000417320901995, -0.0000441702565409,
  0.0000183603146465, -0.0000295882126433,
 -0.0000046044956412, -0.0000155485504282,
 -0.0000271370869971, -0.0000020514804821,
 -0.0000492132910831,  0.0000108976939374,
 -0.0000708100392890,  0.0000232981712290,
 -0.0000919053752937,  0.0000351601456702,
 -0.0001124784658063,  0.0000465023025902,
 -0.0001325096095036,  0.0000573447508225,
 -0.0001519802441856,  0.0000677053723661,
 -0.0001708729521708,  0.0000776015815519,
 -0.0001891714639587,  0.0000870534731171,
 -0.0002068606601826,  0.0000960850019453,
 -0.0002239265718854,  0.0001047219640004,
 -0.0002403563791462,  0.0001129873409790,
 -0.0002561384080920,  0.0001208985004692,
 -0.0002712621263280,  0.0001284697929971,
 -0.0002857181368220,  0.0001357177279269,
 -0.0002994981702818,  0.0001426625753745,
 -0.0003125950760619,  0.0001493250498137,
 -0.0003250028116420,  0.0001557223362315,
 -0.0003367164307178,  0.0001618664620447,
 -0.0003477320699475,  0.0001677646950298,
 -0.0003580469343960,  0.0001734216644631,
 -0.0003676592817250,  0.0001788418019608,
 -0.0003765684051706,  0.0001840283707490,
 -0.0003847746153599,  0.0001889807915249,
 -0.0003922792210098,  0.0001936940789506,
 -0.0003990845085592,  0.0001981598791792,
 -0.0004051937207816,  0.0002023677931346,
 -0.0004106110344290,  0.0002063056402736,
 -0.0004153415369559,  0.0002099594680722,
 -0.0004193912023745,  0.0002133142089402,
 -0.0004227668662911,  0.0002163545041642,
 -0.0004254762001743,  0.0002190656928369,
 -0.0004275276849074,  0.0002214348577834,
 -0.0004289305836744,  0.0002234521881689,
 -0.0004296949142312,  0.0002251131881292,
 -0.0004298314206132,  0.0002264197975281,
 -0.0004293515443307,  0.0002273772208609,
 -0.0004282673951010,  0.0002279910571288,
 -0.0004265917211697,  0.0002282672839794,
 -0.0004243378792695,  0.0002282122416229,
 -0.0004215198042673,  0.0002278326165520,
 -0.0004181519785478,  0.0002271354250919,
 -0.0004142494011831,  0.0002261279968086,
 -0.0004098275569358,  0.0002248179578003,
 -0.0004049023851420,  0.0002232132138989,
 -0.0003994902485231,  0.0002213219338081,
 -0.0003936079019704,  0.0002191525322022,
 -0.0003872724613486,  0.0002167136528109,
 -0.0003805013723614,  0.0002140141515150,
 -0.0003733123795237,  0.0002110630794764,
 -0.0003657234952815,  0.0002078696663256,
 -0.0003577529693223,  0.0002044433034305,
 -0.0003494192581152,  0.0002007935272677,
 -0.0003407409947198,  0.0001969300029183,
 -0.0003317369589031,  0.0001928625077101,
 -0.0003224260476004,  0.0001886009150247,
 -0.0003128272457562,  0.0001841551782916,
 -0.0003029595975807,  0.0001795353151870,
 -0.0002928421782533,  0.0001747513920560,
 -0.0002824940661074,  0.0001698135085761,
 -0.0002719343153250,  0.0001647317826791,
 -0.0002611819291735,  0.0001595163357479,
 -0.0002502558338097,  0.0001541772781032,
 -0.0002391748526805,  0.0001487246947962,
 -0.0002279576815439,  0.0001431686317197,
 -0.0002166228641361,  0.0001375190820532,
 -0.0002051887685065,  0.0001317859730532,
 -0.0001936735640421,  0.0001259791532008,
 -0.0001820951992011,  0.0001201083797184,
 -0.0001704713799755,  0.0001141833064657,
 -0.0001588195490988,  0.0001082134722245,
 -0.0001471568660148,  0.0001022082893814,
 -0.0001355001876224,  0.0000961770330166,
 -0.0001238660498097,  0.0000901288304066,
 -0.0001122706497880,  0.0000840726509468,
 -0.0001007298292379,  0.0000780172965006,
 -0.0000892590582749,  0.0000719713921802,
 -0.0000778734202426,  0.0000659433775637,
 -0.0000665875973409,  0.0000599414983513,
 -0.0000554158570931,  0.0000539737984660,
 -0.0000443720396554,  0.0000480481125984,
 -0.0000334695459731,  0.0000421720592000,
 -0.0000227213267827,  0.0000363530339241,
 -0.0000121398724611,  0.0000305982035158,
 -0.0000017372037204,  0.0000249145001502,
  0.0000084751368543,  0.0000193086162191,
  0.0000184860924268,  0.0000137869995628,
  0.0000282850986978,  0.0000083558491472,
  0.0000378620898626,  0.0000030211111809,
  0.0000472075037470, -0.0000022115243280,
  0.0000563122861290, -0.0000073366265823,
  0.0000651678942543, -0.0000123490265746,
  0.0000737662995566, -0.0000172438192427,
  0.0000820999895935, -0.0000220163652042,
  0.0000901619692086, -0.0000266622920776,
  0.0000979457609341, -0.0000311774953966,
  0.0001054454046461, -0.0000355581391230,
  0.0001126554564875, -0.0000398006557668,
  0.0001195709870744, -0.0000439017461204,
  0.0001261875789994, -0.0000478583786156,
  0.0001325013236517, -0.0000516677883111,
  0.0001385088173681, -0.0000553274755197,
  0.0001442071569355, -0.0000588352040848,
  0.0001495939344610, -0.0000621889993146,
  0.0001546672316301, -0.0000653871455846,
  0.0001594256133725, -0.0000684281836186,
  0.0001638681209542, -0.0000713109074574,
  0.0001679942645189, -0.0000740343611271,
  0.0001718040150964, -0.0000765978350166,
  0.0001752977961019, -0.0000790008619761,
  0.0001784764743466, -0.0000812432131473,
  0.0001813413505813, -0.0000833248935366,
  0.0001838941495964, -0.0000852461373434,
  0.0001861370098989, -0.0000870074030533,
  0.0001880724729903, -0.0000886093683108,
  0.0001897034722679, -0.0000900529245798,
  0.0001910333215715, -0.0000913391716068,
  0.0001920657034001, -0.0000924694116966,
  0.0001928046568197, -0.0000934451438132,
  0.0001932545650856, -0.0000942680575179,
  0.0001934201430041, -0.0000949400267563,
  0.0001933064240532, -0.0000954631035057,
  0.0001929187472882, -0.0000958395112959,
  0.0001922627440529, -0.0000960716386137,
  0.0001913443245200, -0.0000961620322039,
  0.0001901696640827, -0.0000961133902782,
  0.0001887451896195, -0.0000959285556429,
  0.0001870775656552, -0.0000956105087581,
  0.0001851736804377, -0.0000951623607380,
  0.0001830406319546, -0.0000945873463052,
  0.0001806857139088, -0.0000938888167087,
  0.0001781164016748, -0.0000930702326167,
  0.0001753403382556, -0.0000921351569957,
  0.0001723653202606, -0.0000910872479848,
  0.0001691992839243, -0.0000899302517772,
  0.0001658502911840, -0.0000886679955170,
  0.0001623265158371, -0.0000873043802234,
  0.0001586362297943, -0.0000858433737495,
  0.0001547877894477, -0.0000842890037868,
  0.0001507896221712, -0.0000826453509235,
  0.0001466502129695, -0.0000809165417664,
  0.0001423780912922, -0.0000791067421334,
  0.0001379818180291, -0.0000772201503265,
  0.0001334699727011, -0.0000752609904926,
  0.0001288511408628, -0.0000732335060796,
  0.0001241339017290, -0.0000711419533953,
  0.0001193268160403, -0.0000689905952774,
  0.0001144384141796, -0.0000667836948790,
  0.0001094771845520, -0.0000645255095791,
  0.0001044515622410, -0.0000622202850213,
  0.0000993699179499, -0.0000598722492898,
  0.0000942405472410, -0.0000574856072251,
  0.0000890716600808, -0.0000550645348872,
  0.0000838713707022, -0.0000526131741703,
  0.0000786476877902, -0.0000501356275731,
  0.0000734085050014, -0.0000476359531299,
  0.0000681615918221, -0.0000451181595068,
  0.0000629145847748, -0.0000425862012653,
  0.0000576749789759, -0.0000400439742981,
  0.0000524501200534, -0.0000374953114399,
  0.0000472471964266, -0.0000349439782548,
  0.0000420732319541, -0.0000323936690049,
  0.0000369350789531, -0.0000298480028003,
  0.0000318394115927, -0.0000273105199333,
  0.0000267927196643, -0.0000247846783983,
  0.0000218013027307, -0.0000222738505990,
  0.0000168712646555, -0.0000197813202419,
  0.0000120085085131, -0.0000173102794207,
  0.0000072187318797, -0.0000148638258873,
  0.0000025074225059, -0.0000124449605133,
 -0.0000021201456321, -0.0000100565849402,
 -0.0000066589159018, -0.0000077014994171,
 -0.0000111040522076, -0.0000053824008280,
 -0.0000154509418100, -0.0000031018809040,
 -0.0000196951977729, -0.0000008624246229,
 -0.0000238326610441,  0.0000013335912080,
 -0.0000278594021707,  0.0000034838991863,
 -0.0000317717226555,  0.0000055863423674,
 -0.0000355661559583,  0.0000076388751400,
 -0.0000392394681474,  0.0000096395639239,
 -0.0000427886582065,  0.0000115865876954,
 -0.0000462109580037,  0.0000134782383400,
 -0.0000495038319284,  0.0000153129208389,
 -0.0000526649762025,  0.0000170891532881,
 -0.0000556923178739,  0.0000188055667577,
 -0.0000585840134984,  0.0000204609049920,
 -0.0000613384475188,  0.0000220540239539,
 -0.0000639542303479,  0.0000235838912200,
 -0.0000664301961654,  0.0000250495852273,
 -0.0000687654004345,  0.0000264502943766,
 -0.0000709591171505,  0.0000277853159978,
 -0.0000730108358263,  0.0000290540551794,
 -0.0000749202582274,  0.0000302560234684,
 -0.0000766872948636,  0.0000313908374434,
 -0.0000783120612481,  0.0000324582171669,
 -0.0000797948739324,  0.0000334579845205,
 -0.0000811362463286,  0.0000343900614282,
 -0.0000823368843270,  0.0000352544679720,
 -0.0000833976817207,  0.0000360513204056,
 -0.0000843197154466,  0.0000367808290697,
 -0.0000851042406525,  0.0000374432962153,
 -0.0000857526856021,  0.0000380391137390,
 -0.0000862666464261,  0.0000385687608354,
 -0.0000866478817317,  0.0000390328015722,
 -0.0000868983070794,  0.0000394318823916,
 -0.0000870199893386,  0.0000397667295453,
 -0.0000870151409312,  0.0000400381464656,
 -0.0000868861139742,  0.0000402470110797,
 -0.0000866353943315,  0.0000403942730702,
 -0.0000862655955848,  0.0000404809510893,
 -0.0000857794529338,  0.0000405081299286,
 -0.0000851798170362,  0.0000404769576521,
 -0.0000844696477962,  0.0000403886426957,
 -0.0000836520081127,  0.0000402444509381,
 -0.0000827300575963,  0.0000400457027487,
 -0.0000817070462643,  0.0000397937700162,
 -0.0000805863082235,  0.0000394900731633,
 -0.0000793712553505,  0.0000391360781512,
 -0.0000780653709775,  0.0000387332934795,
 -0.0000766722035929,  0.0000382832671846,
 -0.0000751953605669,  0.0000377875838423,
 -0.0000736385019073,  0.0000372478615768,
 -0.0000720053340576,  0.0000366657490832,
 -0.0000702996037430,  0.0000360429226641,
 -0.0000685250918727,  0.0000353810832872,
 -0.0000666856075071,  0.0000346819536655,
 -0.0000647849818961,  0.0000339472753651,
 -0.0000628270625961,  0.0000331788059440,
 -0.0000608157076731,  0.0000323783161248,
 -0.0000587547799984,  0.0000315475870047,
 -0.0000566481416424,  0.0000306884073075,
 -0.0000544996483744,  0.0000298025706782,
 -0.0000523131442724,  0.0000288918730253,
 -0.0000500924564504,  0.0000279581099128,
 -0.0000478413899069,  0.0000270030740046,
 -0.0000455637225010,  0.0000260285525641,
 -0.0000432632000601,  0.0000250363250109,
 -0.0000409435316239,  0.0000240281605387,
 -0.0000386083848298,  0.0000230058157936,
 -0.0000362613814419,  0.0000219710326181,
 -0.0000339060930290,  0.0000209255358602,
 -0.0000315460367945,  0.0000198710312513,
 -0.0000291846715612,  0.0000188092033528,
 -0.0000268253939130,  0.0000177417135748,
 -0.0000244715344986,  0.0000166701982666,
 -0.0000221263544965,  0.0000155962668815,
 -0.0000197930422451,  0.0000145215002166,
 -0.0000174747100402,  0.0000134474487280,
 -0.0000151743910986,  0.0000123756309241,
 -0.0000128950366927,  0.0000113075318350,
 -0.0000106395134546,  0.0000102446015616,
 -0.0000084106008503,  0.0000091882539029,
 -0.0000062109888266,  0.0000081398650621,
 -0.0000040432756283,  0.0000071007724329,
 -0.0000019099657872,  0.0000060722734649,
  0.0000001865317175,  0.0000050556246090,
  0.0000022439051285,  0.0000040520403419,
  0.0000042599414102,  0.0000030626922703,
  0.0000062325275790,  0.0000020887083139,
  0.0000081596518670,  0.0000011311719677,
  0.0000100394047186,  0.0000001911216412,
  0.0000118699796233, -0.0000007304499237,
  0.0000136496737858, -0.0000016325961587,
  0.0000153768886354, -0.0000025144170986,
  0.0000170501301771, -0.0000033750597366,
  0.0000186680091871, -0.0000042137183044,
  0.0000202292412549, -0.0000050296344799,
  0.0000217326466748, -0.0000058220975233,
  0.0000231771501902, -0.0000065904443418,
  0.0000245617805931, -0.0000073340594860,
  0.0000258856701825, -0.0000080523750772,
  0.0000271480540854, -0.0000087448706696,
  0.0000283482694433, -0.0000094110730462,
  0.0000294857544677, -0.0000100505559526,
  0.0000305600473694, -0.0000106629397681,
  0.0000315707851643, -0.0000112478911175,
  0.0000325177023609, -0.0000118051224243,
  0.0000334006295321, -0.0000123343914075,
  0.0000342194917766, -0.0000128355005240,
  0.0000349743070743, -0.0000133082963578,
  0.0000356651845385, -0.0000137526689589,
  0.0000362923225716, -0.0000141685511335,
  0.0000368560069263, -0.0000145559176862,
  0.0000373566086788, -0.0000149147846190,
  0.0000377945821173, -0.0000152452082865,
  0.0000381704625511, -0.0000155472845101,
  0.0000384848640440, -0.0000158211476545,
  0.0000387384770782, -0.0000160669696670,
  0.0000389320661515, -0.0000162849590823,
  0.0000390664673136, -0.0000164753599951,
  0.0000391425856461, -0.0000166384510027,
  0.0000391613926905, -0.0000167745441186,
  0.0000391239238287, -0.0000168839836615,
  0.0000390312756211, -0.0000169671451187,
  0.0000388846031071, -0.0000170244339888,
  0.0000386851170710, -0.0000170562846049,
  0.0000384340812801, -0.0000170631589386,
  0.0000381328096979, -0.0000170455453902,
  0.0000377826636768, -0.0000170039575642,
  0.0000373850491361, -0.0000169389330337,
  0.0000369414137278, -0.0000168510320950,
  0.0000364532439957, -0.0000167408365147,
  0.0000359220625317, -0.0000166089482714,
  0.0000353494251335, -0.0000164559882934,
  0.0000347369179664, -0.0000162825951944,
  0.0000340861547364, -0.0000160894240093,
  0.0000333987738739, -0.0000158771449324,
  0.0000326764357367, -0.0000156464420578,
  0.0000319208198315, -0.0000153980121266,
  0.0000311336220613, -0.0000151325632797,
  0.0000303165519985, -0.0000148508138201,
  0.0000294713301911, -0.0000145534909853,
  0.0000285996855013, -0.0000142413297308,
  0.0000277033524830, -0.0000139150715278,
  0.0000267840687987, -0.0000135754631745,
  0.0000258435726806, -0.0000132232556245,
  0.0000248836004372, -0.0000128592028323,
  0.0000239058840098, -0.0000124840606171,
  0.0000229121485799, -0.0000120985855472,
  0.0000219041102302, -0.0000117035338454,
  0.0000208834736632, -0.0000112996603167,
  0.0000198519299771, -0.0000108877172992,
  0.0000188111545033, -0.0000104684536397,
  0.0000177628047054, -0.0000100426136950,
  0.0000167085181439, -0.0000096109363588,
  0.0000156499105062, -0.0000091741541164,
  0.0000145885737046, -0.0000087329921270,
  0.0000135260740436, -0.0000082881673352,
  0.0000124639504577, -0.0000078403876119,
  0.0000114037128206, -0.0000073903509243,
  0.0000103468403278, -0.0000069387445383,
  0.0000092947799529, -0.0000064862442506,
  0.0000082489449779, -0.0000060335136534,
  0.0000072107135998, -0.0000055812034305,
  0.0000061814276121, -0.0000051299506865,
  0.0000051623911639, -0.0000046803783081,
  0.0000041548695946, -0.0000042330943593,
  0.0000031600883467, -0.0000037886915090,
  0.0000021792319545, -0.0000033477464920,
  0.0000012134431112, -0.0000029108196045,
  0.0000002638218124, -0.0000024784542319,
 -0.0000006685754236, -0.0000020511764107,
 -0.0000015827362587, -0.0000016294944240,
 -0.0000024776931619, -0.0000012138984302,
 -0.0000033525239606, -0.0000008048601251,
 -0.0000042063523168, -0.0000004028324369,
 -0.0000050383481292, -0.0000000082492543,
 -0.0000058477278618,  0.0000003784748130,
 -0.0000066337547993,  0.0000007569446412,
 -0.0000073957392322,  0.0000011267847681,
 -0.0000081330385699,  0.0000014876395359,
 -0.0000088450573854,  0.0000018391732046,
 -0.0000095312473914,  0.0000021810700333,
 -0.0000101911073498,  0.0000025130343320,
 -0.0000108241829150,  0.0000028347904835,
 -0.0000114300664141,  0.0000031460829365,
 -0.0000120083965639,  0.0000034466761700,
 -0.0000125588581270,  0.0000037363546298,
 -0.0000130811815087,  0.0000040149226378,
 -0.0000135751422956,  0.0000042822042750,
 -0.0000140405607395,  0.0000045380432380,
 -0.0000144773011855,  0.0000047823026713,
 -0.0000148852714486,  0.0000050148649742,
 -0.0000152644221400,  0.0000052356315848,
 -0.0000156147459443,  0.0000054445227408,
 -0.0000159362768499,  0.0000056414772184,
 -0.0000162290893350,  0.0000058264520499,
 -0.0000164932975111,  0.0000059994222207,
 -0.0000167290542249,  0.0000061603803469,
 -0.0000169365501226,  0.0000063093363344,
 -0.0000171160126767,  0.0000064463170195,
 -0.0000172677051787,  0.0000065713657933,
 -0.0000173919256992,  0.0000066845422093,
 -0.0000174890060176,  0.0000067859215758,
 -0.0000175593105233,  0.0000068755945347,
 -0.0000176032350914,  0.0000069536666259,
 -0.0000176212059331,  0.0000070202578396,
 -0.0000176136784253,  0.0000070755021569,
 -0.0000175811359195,  0.0000071195470793,
 -0.0000175240885330,  0.0000071525531487,
 -0.0000174430719241,  0.0000071746934581,
 -0.0000173386460542,  0.0000071861531544,
 -0.0000172113939371,  0.0000071871289332,
 -0.0000170619203796,  0.0000071778285285,
 -0.0000168908507137,  0.0000071584701954,
 -0.0000166988295227,  0.0000071292821891,
 -0.0000164865193645,  0.0000070905022395,
 -0.0000162545994919,  0.0000070423770232,
 -0.0000160037645731,  0.0000069851616328,
 -0.0000157347234138,  0.0000069191190448,
 -0.0000154481976833,  0.0000068445195877,
 -0.0000151449206451,  0.0000067616404087,
 -0.0000148256358948,  0.0000066707649429,
 -0.0000144910961069,  0.0000065721823829,
 -0.0000141420617915,  0.0000064661871516,
 -0.0000137793000628,  0.0000063530783774,
 -0.0000134035834214,  0.0000062331593736,
 -0.0000130156885512,  0.0000061067371222,
 -0.0000126163951325,  0.0000059741217622,
 -0.0000122064846731,  0.0000058356260846,
 -0.0000117867393586,  0.0000056915650327,
 -0.0000113579409220,  0.0000055422552097,
 -0.0000109208695367,  0.0000053880143942,
 -0.0000104763027303,  0.0000052291610627,
 -0.0000100250143239,  0.0000050660139216,
 -0.0000095677733954,  0.0000048988914475,
 -0.0000091053432690,  0.0000047281114375,
 -0.0000086384805319,  0.0000045539905691,
 -0.0000081679340786,  0.0000043768439707,
 -0.0000076944441839,  0.0000041969848027,
 -0.0000072187416056,  0.0000040147238499,
 -0.0000067415467170,  0.0000038303691253,
 -0.0000062635686710,  0.0000036442254858,
 -0.0000057855045951,  0.0000034565942605,
 -0.0000053080388185,  0.0000032677728902,
 -0.0000048318421324,  0.0000030780545814,
 -0.0000043575710827,  0.0000028877279718,
 -0.0000038858672963,  0.0000026970768095,
 -0.0000034173568416,  0.0000025063796461,
 -0.0000029526496226,  0.0000023159095421,
 -0.0000024923388074,  0.0000021259337873,
 -0.0000020370002915,  0.0000019367136344,
 -0.0000015871921952,  0.0000017485040463,
 -0.0000011434543963,  0.0000015615534580,
 -0.0000007063080970,  0.0000013761035521,
 -0.0000002762554257,  0.0000011923890486,
  0.0000001462209264,  0.0000010106375092,
  0.0000005606580347,  0.0000008310691546,
  0.0000009666130355,  0.0000006538966973,
  0.0000013636633871,  0.0000004793251876,
  0.0000017514070963,  0.0000003075518736,
  0.0000021294629117,  0.0000001387660756,
  0.0000024974704837, -0.0000000268509259,
  0.0000028550904919, -0.0000001891259886,
  0.0000032020047398, -0.0000003478941935,
  0.0000035379162175, -0.0000005029989155,
  0.0000038625491334, -0.0000006542918824,
  0.0000041756489151, -0.0000008016332188,
  0.0000044769821789, -0.0000009448914793,
  0.0000047663366711, -0.0000010839436670,
  0.0000050435211791, -0.0000012186752414,
  0.0000053083654145, -0.0000013489801123,
  0.0000055607198689, -0.0000014747606232,
  0.0000058004556414, -0.0000015959275223,
  0.0000060274642419, -0.0000017123999222,
  0.0000062416573665, -0.0000018241052485,
  0.0000064429666505, -0.0000019309791774,
  0.0000066313433957, -0.0000020329655632,
  0.0000068067582761, -0.0000021300163551,
  0.0000069692010202, -0.0000022220915044,
  0.0000071186800727, -0.0000023091588620,
  0.0000072552222355, -0.0000023911940665,
  0.0000073788722894, -0.0000024681804239,
  0.0000074896925966, -0.0000025401087786,
  0.0000075877626859, -0.0000026069773756,
  0.0000076731788210, -0.0000026687917157,
  0.0000077460535528, -0.0000027255644031,
  0.0000078065152569, -0.0000027773149853,
  0.0000078547076567, -0.0000028240697869,
  0.0000078907893338, -0.0000028658617370,
  0.0000079149332264, -0.0000029027301901,
  0.0000079273261159, -0.0000029347207421,
  0.0000079281681034, -0.0000029618850408,
  0.0000079176720778, -0.0000029842805909,
  0.0000078960631740, -0.0000030019705558,
  0.0000078635782246, -0.0000030150235542,
  0.0000078204652053, -0.0000030235134533,
  0.0000077669826735, -0.0000030275191589,
  0.0000077033992035, -0.0000030271244025,
  0.0000076299928171, -0.0000030224175247,
  0.0000075470504113, -0.0000030134912582,
  0.0000074548671842, -0.0000030004425072,
  0.0000073537460598, -0.0000029833721262,
  0.0000072439971117, -0.0000029623846971,
  0.0000071259369882, -0.0000029375883056,
  0.0000069998883378, -0.0000029090943174,
  0.0000068661792377, -0.0000028770171532,
  0.0000067251426242, -0.0000028414740650,
  0.0000065771157277, -0.0000028025849124,
  0.0000064224395107, -0.0000027604719389,
  0.0000062614581124, -0.0000027152595504,
  0.0000060945182983, -0.0000026670740944,
  0.0000059219689157, -0.0000026160436410,
  0.0000057441603576, -0.0000025622977657,
  0.0000055614440333, -0.0000025059673344,
  0.0000053741718477, -0.0000024471842911,
  0.0000051826956898, -0.0000023860814479,
  0.0000049873669301, -0.0000023227922782,
  0.0000047885359286, -0.0000022574507132,
  0.0000045865515533, -0.0000021901909413,
  0.0000043817607093, -0.0000021211472117,
  0.0000041745078802, -0.0000020504536419,
  0.0000039651346804, -0.0000019782440280,
  0.0000037539794212, -0.0000019046516612,
  0.0000035413766881, -0.0000018298091472,
  0.0000033276569325, -0.0000017538482303,
  0.0000031131460763, -0.0000016768996233,
  0.0000028981651302, -0.0000015990928411,
  0.0000026830298268, -0.0000015205560395,
  0.0000024680502667, -0.0000014414158601,
  0.0000022535305809, -0.0000013617972793,
  0.0000020397686064, -0.0000012818234632,
  0.0000018270555781, -0.0000012016156280,
  0.0000016156758348, -0.0000011212929062,
  0.0000014059065410, -0.0000010409722176,
  0.0000011980174243, -0.0000009607681468,
  0.0000009922705278, -0.0000008807928267,
  0.0000007889199786, -0.0000008011558265,
  0.0000005882117710, -0.0000007219640474,
  0.0000003903835666, -0.0000006433216225,
  0.0000001956645090, -0.0000005653298241,
  0.0000000042750545, -0.0000004880869754,
 -0.0000001835731821, -0.0000004116883700,
 -0.0000003676775649, -0.0000003362261955,
 -0.0000005478445610, -0.0000002617894643,
 -0.0000007238898472, -0.0000001884639499,
 -0.0000008956384033, -0.0000001163321289,
 -0.0000010629245892, -0.0000000454731294,
 -0.0000012255922075,  0.0000000240373155,
 -0.0000013834945520,  0.0000000921269080,
 -0.0000015364944408,  0.0000001587268197,
 -0.0000016844642362,  0.0000002237717216,
 -0.0000018272858495,  0.0000002871998066,
 -0.0000019648507333,  0.0000003489528079,
 -0.0000020970598590,  0.0000004089760118,
 -0.0000022238236824,  0.0000004672182641,
 -0.0000023450620954,  0.0000005236319729,
 -0.0000024607043656,  0.0000005781731050,
 -0.0000025706890639,  0.0000006308011779,
 -0.0000026749639790,  0.0000006814792469,
 -0.0000027734860219,  0.0000007301738869,
 -0.0000028662211180,  0.0000007768551701,
 -0.0000029531440887,  0.0000008214966390,
 -0.0000030342385225,  0.0000008640752748,
 -0.0000031094966361,  0.0000009045714619,
 -0.0000031789191252,  0.0000009429689476,
 -0.0000032425150068,  0.0000009792547986,
 -0.0000033003014518,  0.0000010134193530,
 -0.0000033523036094,  0.0000010454561689,
 -0.0000033985544236,  0.0000010753619696,
 -0.0000034390944410,  0.0000011031365846,
 -0.0000034739716129,  0.0000011287828885,
 -0.0000035032410887,  0.0000011523067356,
 -0.0000035269650042,  0.0000011737168927,
 -0.0000035452122635,  0.0000011930249678,
 -0.0000035580583147,  0.0000012102453375,
 -0.0000035655849212,  0.0000012253950708,
 -0.0000035678799277,  0.0000012384938513,
 -0.0000035650370221,  0.0000012495638968,
 -0.0000035571554937,  0.0000012586298773,
 -0.0000035443399869,  0.0000012657188306,
 -0.0000035267002530,  0.0000012708600763,
 -0.0000035043508989,  0.0000012740851292,
 -0.0000034774111331,  0.0000012754276096,
 -0.0000034460045101,  0.0000012749231541,
 -0.0000034102586740,  0.0000012726093241,
 -0.0000033703050996,  0.0000012685255137,
 -0.0000033262788343,  0.0000012627128576,
 -0.0000032783182387,  0.0000012552141366,
 -0.0000032265647276,  0.0000012460736848,
 -0.0000031711625116,  0.0000012353372946,
 -0.0000031122583392,  0.0000012230521226,
 -0.0000030500012400,  0.0000012092665951,
 -0.0000029845422700,  0.0000011940303133,
 -0.0000029160342581,  0.0000011773939596,
 -0.0000028446315550,  0.0000011594092035,
 -0.0000027704897844,  0.0000011401286078,
 -0.0000026937655975,  0.0000011196055365,
 -0.0000026146164299,  0.0000010978940620,
 -0.0000025332002625,  0.0000010750488741,
 -0.0000024496753855,  0.0000010511251898,
 -0.0000023642001668,  0.0000010261786634,
 -0.0000022769328245,  0.0000010002652991,
 -0.0000021880312033,  0.0000009734413636,
 -0.0000020976525566,  0.0000009457633007,
 -0.0000020059533322,  0.0000009172876471,
 -0.0000019130889644,  0.0000008880709502,
 -0.0000018192136705,  0.0000008581696869,
 -0.0000017244802531,  0.0000008276401844,
 -0.0000016290399082,  0.0000007965385428,
 -0.0000015330420391,  0.0000007649205600,
 -0.0000014366340762,  0.0000007328416573,
 -0.0000013399613029,  0.0000007003568086,
 -0.0000012431666880,  0.0000006675204705,
 -0.0000011463907245,  0.0000006343865147,
 -0.0000010497712749,  0.0000006010081633,
 -0.0000009534434227,  0.0000005674379254,
 -0.0000008575393315,  0.0000005337275366,
 -0.0000007621881099,  0.0000004999279005,
 -0.0000006675156842,  0.0000004660890326,
 -0.0000005736446770,  0.0000004322600068,
 -0.0000004806942939,  0.0000003984889040,
 -0.0000003887802161,  0.0000003648227634,
 -0.0000002980145009,  0.0000003313075361,
 -0.0000002085054886,  0.0000002979880412,
 -0.0000001203577166,  0.0000002649079244,
 -0.0000000336718409,  0.0000002321096193,
  0.0000000514554359,  0.0000001996343108,
  0.0000001349314296,  0.0000001675219013,
  0.0000002166675319,  0.0000001358109795,
  0.0000002965792616,  0.0000001045387912,
  0.0000003745863090,  0.0000000737412132,
  0.0000004506125726,  0.0000000434527295,
  0.0000005245861907,  0.0000000137064096,
  0.0000005964395646, -0.0000000154661106,
  0.0000006661093767, -0.0000000440346448,
  0.0000007335366012, -0.0000000719704708,
  0.0000007986665090, -0.0000000992463425,
  0.0000008614486665, -0.0000001258364989,
  0.0000009218369274, -0.0000001517166715,
  0.0000009797894198, -0.0000001768640891,
  0.0000010352685262, -0.0000002012574805,
  0.0000010882408587, -0.0000002248770748,
  0.0000011386772283, -0.0000002477045998,
  0.0000011865526086, -0.0000002697232781,
  0.0000012318460946, -0.0000002909178213,
  0.0000012745408557, -0.0000003112744220,
  0.0000013146240849, -0.0000003307807443,
  0.0000013520869420, -0.0000003494259114,
  0.0000013869244929, -0.0000003672004928,
  0.0000014191356443, -0.0000003840964883,
  0.0000014487230737, -0.0000004001073110,
  0.0000014756931562, -0.0000004152277691,
  0.0000015000558868, -0.0000004294540443,
  0.0000015218247985, -0.0000004427836713,
  0.0000015410168780, -0.0000004552155129,
  0.0000015576524771, -0.0000004667497362,
  0.0000015717552215, -0.0000004773877860,
  0.0000015833519160, -0.0000004871323569,
  0.0000015924724477, -0.0000004959873650,
  0.0000015991496860, -0.0000005039579179,
  0.0000016034193804, -0.0000005110502834,
  0.0000016053200562, -0.0000005172718574,
  0.0000016048929075, -0.0000005226311311,
  0.0000016021816898, -0.0000005271376571,
  0.0000015972326092, -0.0000005308020140,
  0.0000015900942114, -0.0000005336357715,
  0.0000015808172692, -0.0000005356514539,
  0.0000015694546681, -0.0000005368625030,
  0.0000015560612921, -0.0000005372832408,
  0.0000015406939082, -0.0000005369288315,
  0.0000015234110504, -0.0000005358152431,
  0.0000015042729032, -0.0000005339592082,
  0.0000014833411853, -0.0000005313781855,
  0.0000014606790328, -0.0000005280903200,
  0.0000014363508830, -0.0000005241144033,
  0.0000014104223581, -0.0000005194698343,
  0.0000013829601495, -0.0000005141765791,
  0.0000013540319028, -0.0000005082551312,
  0.0000013237061036, -0.0000005017264719,
  0.0000012920519639, -0.0000004946120304,
  0.0000012591393100, -0.0000004869336445,
  0.0000012250384712, -0.0000004787135213,
  0.0000011898201703, -0.0000004699741978,
  0.0000011535554151, -0.0000004607385026,
  0.0000011163153918, -0.0000004510295171,
  0.0000010781713599, -0.0000004408705380,
  0.0000010391945492, -0.0000004302850391,
  0.0000009994560587, -0.0000004192966351,
  0.0000009590267573, -0.0000004079290442,
  0.0000009179771869, -0.0000003962060529,
  0.0000008763774678, -0.0000003841514803,
  0.0000008342972064, -0.0000003717891436,
  0.0000007918054051, -0.0000003591428241,
  0.0000007489703752, -0.0000003462362341,
  0.0000007058596521, -0.0000003330929841,
  0.0000006625399131, -0.0000003197365516,
  0.0000006190768981, -0.0000003061902498,
  0.0000005755353334, -0.0000002924771982,
  0.0000005319788574, -0.0000002786202926,
  0.0000004884699507, -0.0000002646421778,
  0.0000004450698677, -0.0000002505652197,
  0.0000004018385721, -0.0000002364114790,
  0.0000003588346752, -0.0000002222026861,
  0.0000003161153770, -0.0000002079602165,
  0.0000002737364112, -0.0000001937050673,
  0.0000002317519922, -0.0000001794578349,
  0.0000001902147663, -0.0000001652386936,
  0.0000001491757652, -0.0000001510673749,
  0.0000001086843632, -0.0000001369631490,
  0.0000000687882377, -0.0000001229448054,
  0.0000000295333321, -0.0000001090306366,
 -0.0000000090361776, -0.0000000952384215,
 -0.0000000468779128, -0.0000000815854101,
 -0.0000000839513198, -0.0000000680883099,
 -0.0000001202176938, -0.0000000547632725,
 -0.0000001556402000, -0.0000000416258819,
 -0.0000001901838914, -0.0000000286911433,
 -0.0000002238157238, -0.0000000159734734,
 -0.0000002565045676, -0.0000000034866915,
 -0.0000002882212170,  0.0000000087559879,
 -0.0000003189383960,  0.0000000207419628,
 -0.0000003486307613,  0.0000000324592485,
 -0.0000003772749032,  0.0000000438964830,
 -0.0000004048493425,  0.0000000550429305,
 -0.0000004313345260,  0.0000000658884844,
 -0.0000004567128186,  0.0000000764236692,
 -0.0000004809684926,  0.0000000866396411,
 -0.0000005040877152,  0.0000000965281884,
 -0.0000005260585329,  0.0000001060817305,
 -0.0000005468708539,  0.0000001152933159,
 -0.0000005665164278,  0.0000001241566202,
 -0.0000005849888235,  0.0000001326659416,
 -0.0000006022834045,  0.0000001408161977,
 -0.0000006183973023,  0.0000001486029197,
 -0.0000006333293877,  0.0000001560222466,
 -0.0000006470802402,  0.0000001630709190,
 -0.0000006596521157,  0.0000001697462713,
 -0.0000006710489116,  0.0000001760462239,
 -0.0000006812761316,  0.0000001819692744,
 -0.0000006903408476,  0.0000001875144882,
 -0.0000006982516605,  0.0000001926814886,
 -0.0000007050186599,  0.0000001974704462,
 -0.0000007106533817,  0.0000002018820676,
 -0.0000007151687651,  0.0000002059175838,
 -0.0000007185791080,  0.0000002095787382,
 -0.0000007209000216,  0.0000002128677733,
 -0.0000007221483835,  0.0000002157874183,
 -0.0000007223422899,  0.0000002183408749,
 -0.0000007215010081,  0.0000002205318035,
 -0.0000007196449261,  0.0000002223643089,
 -0.0000007167955036,  0.0000002238429256,
 -0.0000007129752211,  0.0000002249726026,
 -0.0000007082075290,  0.0000002257586882,
 -0.0000007025167957,  0.0000002262069142,
 -0.0000006959282568,  0.0000002263233804,
 -0.0000006884679618,  0.0000002261145384,
 -0.0000006801627226,  0.0000002255871752,
 -0.0000006710400608,  0.0000002247483970,
 -0.0000006611281553,  0.0000002236056128,
 -0.0000006504557898,  0.0000002221665175,
 -0.0000006390523006,  0.0000002204390756,
 -0.0000006269475244,  0.0000002184315039,
 -0.0000006141717463,  0.0000002161522553,
 -0.0000006007556485,  0.0000002136100018,
 -0.0000005867302588,  0.0000002108136176,
 -0.0000005721269004,  0.0000002077721627,
 -0.0000005569771408,  0.0000002044948660,
