timestep:         0.0063532800000000
yAxisLabel:acceleration [m/s2]  
title:bogies acceleration       
av1,    av2,    
  0.0000000000000000,  0.0000000000000000,
  0.0000000000000000,  0.0000000000000000,
 -0.0010561190815748,  0.0000000000000000,
 -0.0014627072228357,  0.0000000000000000,
 -0.0016063823188377,  0.0000000000000000,
 -0.0021327007224351,  0.0000000000000000,
 -0.0019653825074951,  0.0000000000000000,
 -0.0031996811306931,  0.0000000000000000,
 -0.0031405269611545,  0.0000000000000000,
 -0.0047353215204715,  0.0000000000000000,
 -0.0054229541836830,  0.0000000000000000,
 -0.0074178192673561,  0.0000000000000000,
 -0.0081374470874972,  0.0000000000000000,
 -0.0097127189855155,  0.0000000000000000,
 -0.0104572331305516,  0.0000000000000000,
 -0.0121661704895842,  0.0000000000000000,
 -0.0129962101861504,  0.0000000000000000,
 -0.0149965220381469,  0.0000000000000000,
 -0.0160721336764930,  0.0000000000000000,
 -0.0179680352256739,  0.0000000000000000,
 -0.0183773207916478,  0.0000000000000000,
 -0.0198250359385233,  0.0000000000000000,
 -0.0202773961439967,  0.0000000000000000,
 -0.0220242787846231,  0.0000000000000000,
 -0.0226308767460887,  0.0000000000000000,
 -0.0241804137756278,  0.0000000000000000,
 -0.0246885678961090,  0.0000000000000000,
 -0.0258744102278572,  0.0000000000000000,
 -0.0258260681838488,  0.0000000000000000,
 -0.0266662381711810,  0.0000000000000000,
 -0.0268082735453096,  0.0000000000000000,
 -0.0283379608694255,  0.0000000000000000,
 -0.0286719378643214,  0.0000000000000000,
 -0.0296394961993616,  0.0000000000000000,
 -0.0291963682453313,  0.0000000000000000,
 -0.0298516283211717,  0.0000000000000000,
 -0.0297752304981381,  0.0000000000000000,
 -0.0306142281743406,  0.0000000000000000,
 -0.0303387563870715,  0.0000000000000000,
 -0.0311052551612546,  0.0000000000000000,
 -0.0310062390657969,  0.0000000000000000,
 -0.0317517751123230,  0.0000000000000000,
 -0.0312191180372256,  0.0000000000000000,
 -0.0317687705842203,  0.0000000000000000,
 -0.0319084175124474,  0.0000000000000000,
 -0.0333527176647089,  0.0000000000000000,
 -0.0333165597980902,  0.0000000000000000,
 -0.0341049788700909,  0.0000000000000000,
 -0.0340630978600432,  0.0000000000000000,
 -0.0357346146658590,  0.0000000000000000,
 -0.0366588419205343,  0.0000000000000000,
 -0.0383522253974999,  0.0000000000000000,
 -0.0387272781718526,  0.0000000000000000,
 -0.0401542765519198,  0.0000000000000000,
 -0.0405619820370174,  0.0000000000000000,
 -0.0414919927688081,  0.0000000000000000,
 -0.0415935258689979,  0.0000000000000000,
 -0.0430233802912822,  0.0000000000000000,
 -0.0433862388243381,  0.0000000000000000,
 -0.0437733006522813,  0.0000000000000000,
 -0.0424955649869411,  0.0000000000000000,
 -0.0427392650372947,  0.0000000000000000,
 -0.0423941478127352,  0.0000000000000000,
 -0.0424701784360994,  0.0000000000000000,
 -0.0420196103331106,  0.0000000000000000,
 -0.0426908584808780,  0.0000000000000000,
 -0.0422348587577350,  0.0000000000000000,
 -0.0418222033829534,  0.0000000000000000,
 -0.0404892250708054,  0.0000000000000000,
 -0.0409027485916168,  0.0000000000000000,
 -0.0410525139385940,  0.0000000000000000,
 -0.0420924325679252,  0.0000000000000000,
 -0.0416905368805846,  0.0000000000000000,
 -0.0416323216273408,  0.0000000000000000,
 -0.0398358939871777,  0.0000000000000000,
 -0.0383710594586786,  0.0000000000000000,
 -0.0357487273776253,  0.0000000000000000,
 -0.0341941261061596,  0.0000000000000000,
 -0.0316031141424961,  0.0000000000000000,
 -0.0293194050601648,  0.0000000000000000,
 -0.0254693286788212,  0.0000000000000000,
 -0.0220560582096753,  0.0000000000000000,
 -0.0176969204980309,  0.0000000000000000,
 -0.0146717210385819,  0.0000000000000000,
 -0.0112460855617499,  0.0000000000000000,
 -0.0088850459573533,  0.0000000000000000,
 -0.0055081321921061,  0.0000000000000000,
 -0.0022997736972871,  0.0000000000000000,
  0.0024872392973702,  0.0000000000000000,
  0.0065063029769077,  0.0000000000000000,
  0.0110700001791024,  0.0000000000000000,
  0.0144742631463205,  0.0000000000000000,
  0.0178958784198941,  0.0000000000000000,
  0.0204291731176553, -0.0555136838235565,
  0.0240575199380015, -0.0033071520076794,
  0.0272259960957013, -0.0587586302345822,
  0.0316531353353632, -0.0051717953233771,
  0.0345965909124819, -0.0604865873683980,
  0.0364590720347762, -0.0065777355739746,
  0.0357338961238730, -0.0627299377783773,
  0.0357907857835853, -0.0087244690056472,
  0.0358639710035973, -0.0646658253227289,
  0.0363803174645673, -0.0112927835040543,
  0.0358182261816339, -0.0677785946057307,
  0.0363772363587185, -0.0145724952307864,
  0.0361073778820745, -0.0705080154616415,
  0.0367702592214156, -0.0171953654563263,
  0.0365536722814655, -0.0725101531431477,
  0.0363641872447616, -0.0193432596111536,
  0.0352319507828523, -0.0751536499795527,
  0.0346917950204953, -0.0225467510315846,
  0.0327996834584224, -0.0781272801170193,
  0.0320239504726800, -0.0249168811755815,
  0.0310744203097497, -0.0794319101707432,
  0.0309851170213322, -0.0259730064024172,
  0.0300023196485475, -0.0803840131543068,
  0.0291435450618761, -0.0274766711279276,
  0.0274386692693924, -0.0822744004112094,
  0.0267083552684306, -0.0298349375945655,
  0.0256102947346063, -0.0830942774323518,
  0.0257529738767510, -0.0292578258879164,
  0.0253400066254066, -0.0814026497187472,
  0.0253455784254303, -0.0278333873799635,
  0.0237083594127230, -0.0811224341716402,
  0.0225726838120971, -0.0285513406737443,
  0.0208892081057420, -0.0806277018663867,
  0.0200929860549744, -0.0268094354040886,
  0.0190349103638679, -0.0778440325649599,
  0.0188506034076514, -0.0245732685850275,
  0.0176120978899950, -0.0756847265255822,
  0.0164478830749361, -0.0232151871878733,
  0.0142505439355178, -0.0754019352123994,
  0.0132122205751979, -0.0239355522656580,
  0.0120435647705728, -0.0751388395480780,
  0.0120335666459910, -0.0231158115438592,
  0.0114227871966377, -0.0739329545366635,
  0.0112108822590231, -0.0232445009784600,
  0.0097830320582926, -0.0747418767679033,
  0.0088110316412897, -0.0238799730206605,
  0.0073215341576007, -0.0741608072713003,
  0.0064933642125661, -0.0232020665469690,
  0.0050511209086719, -0.0734227942117202,
  0.0043014815768746, -0.0232948750632509,
  0.0025175789333162, -0.0730528562622551,
  0.0008439909068095, -0.0226755358575466,
 -0.0020624150290584, -0.0716126359456910,
 -0.0037338147514341, -0.0214903779429782,
 -0.0056226905265351, -0.0697763046479284,
 -0.0072698898201565, -0.0200706943471870,
 -0.0096181253569933, -0.0692207833913077,
 -0.0113198682452666, -0.0209098965145774,
 -0.0140183242914797, -0.0688291649520322,
 -0.0166813968137640, -0.0188965150133904,
 -0.0202932787733883, -0.0663327367186704,
 -0.0231290483402017, -0.0180265232078241,
 -0.0269095720035914, -0.0651245834832601,
 -0.0304366644044860, -0.0173714104073614,
 -0.0340046415039648, -0.0651181346537996,
 -0.0362632043769244, -0.0179258612755655,
 -0.0388132370802207, -0.0641373238255576,
 -0.0403450796716721, -0.0161514908103112,
 -0.0416481771879563, -0.0630452771087537,
 -0.0418529867446466, -0.0177368562929556,
 -0.0425110967145924, -0.0657365410200839,
 -0.0421533760042656, -0.0205887628720411,
 -0.0416923977216429, -0.0667238341615810,
 -0.0402716193284988, -0.0201014771726232,
 -0.0391799326866102, -0.0639163069045270,
 -0.0376975762395277, -0.0164295119195957,
 -0.0370805059821677, -0.0600247048649672,
 -0.0360986357454831, -0.0135050903187683,
 -0.0359788366057353, -0.0561275927976306,
 -0.0350042352323372, -0.0081383122438487,
 -0.0336481439499536, -0.0483318305512852,
 -0.0301819447341179,  0.0005094754284878,
 -0.0260114822145428, -0.0393707595206361,
 -0.0211795877821288,  0.0078358416585215,
 -0.0166984389877798, -0.0327334334776649,
 -0.0119800232917542,  0.0137589408459161,
 -0.0081810860939613, -0.0251334649461258,
 -0.0036994256232508,  0.0237211748158209,
  0.0001232809589918, -0.0128159360188815,
  0.0049112539944833,  0.0356378530130952,
  0.0096453263961693, -0.0011148621251818,
  0.0149214225073102,  0.0459555487891934,
  0.0195461046209178,  0.0086483023700136,
  0.0244822479947451,  0.0554081267357557,
  0.0285759306795152,  0.0194827443822692,
  0.0328578160741727,  0.0675162255552190,
  0.0366523994417700,  0.0327678612883031,
  0.0407431482992761,  0.0793261800057778,
  0.0440294266545766,  0.0433752795825427,
  0.0485397267837292,  0.0878217293088008,
  0.0529212274534032,  0.0507879943415736,
  0.0579995739047716,  0.0939093843491242,
  0.0626795060371847,  0.0566217566388512,
  0.0678352227796114,  0.0990625997864987,
  0.0721639775060371,  0.0624532097993469,
  0.0760803829000750,  0.1050519739705159,
  0.0786819628242144,  0.0686587869372602,
  0.0817336510332573,  0.1100555462712700,
  0.0841038208442306,  0.0737024956176273,
  0.0866928242472110,  0.1143500504217028,
  0.0887787144523724,  0.0775718619661515,
  0.0909974980775738,  0.1169290167932624,
  0.0922551869700142,  0.0806244311996453,
  0.0937638937043255,  0.1205192854228599,
  0.0946634748223700,  0.0849875652933771,
  0.0961267211434779,  0.1240729659921961,
  0.0963751763552124,  0.0880500345727078,
  0.0964094523028901,  0.1256503585201114,
  0.0955726740996974,  0.0894616740388928,
  0.0949045701911013,  0.1268549132773105,
  0.0937594163333621,  0.0918967608749167,
  0.0930285839740108,  0.1295458919163706,
  0.0920082391325871,  0.0943771024645775,
  0.0916009770733473,  0.1306812163411645,
  0.0906086727065375,  0.0951188993433709,
  0.0898760651833622,  0.1301006904224119,
  0.0885644842517690,  0.0945766315051260,
  0.0875421131452110,  0.1291321218174067,
  0.0865836075795899,  0.0936097690564325,
  0.0866061945697401,  0.1267472474533825,
  0.0863480712586580,  0.0902996908034519,
  0.0865027461699469,  0.1225191273545008,
  0.0861999107303858,  0.0867580981762907,
  0.0860287649216231,  0.1195183876332898,
  0.0847972218056642,  0.0853082163526179,
  0.0832071308764837,  0.1181937533341624,
  0.0807156637959855,  0.0841233345880299,
  0.0785147407670500,  0.1159567192580733,
  0.0759081810313632,  0.0812860729991042,
  0.0737714688065804,  0.1119212103643278,
  0.0716109740680450,  0.0771920520374502,
  0.0695888935958935,  0.1071434722781375,
  0.0666945824624545,  0.0724221196825860,
  0.0637861772727866,  0.1012853043207971,
  0.0597606450346440,  0.0659563729837250,
  0.0556394313616816,  0.0938793341950622,
  0.0506262344445080,  0.0590127629462784,
  0.0460541257513322,  0.0866566886540086,
  0.0410505174200230,  0.0524518724866130,
  0.0362583578900912,  0.0800586986665551,
  0.0306787266805707,  0.0459179453698764,
  0.0250811184168457,  0.0724466898176924,
  0.0190297867572626,  0.0378011185950450,
  0.0132971802994949,  0.0632563915850312,
  0.0072763472014446,  0.0283610000032821,
  0.0018854402831323,  0.0526944072149246,
 -0.0034828097270468,  0.0174525447625709,
 -0.0079900268960309,  0.0407558701180664,
 -0.0125180315371937,  0.0055386000356485,
 -0.0161851004386416,  0.0283185619897574,
 -0.0198399479628697, -0.0065248937325023,
 -0.0228492973510017,  0.0161366112772179,
 -0.0263205307460866, -0.0179610369288363,
 -0.0297873886313805,  0.0052004724481261,
 -0.0337208645102065, -0.0273677044095752,
 -0.0367363317534296, -0.0031923439848243,
 -0.0391588660701237, -0.0342593419884856,
 -0.0403115261990883, -0.0097374760962910,
 -0.0410869235543218, -0.0403036264763381,
 -0.0408707888073007, -0.0164843683704364,
 -0.0410929828863400, -0.0471253970923569,
 -0.0413082432150208, -0.0236350819936650,
 -0.0420870951972204, -0.0531738939500890,
 -0.0425229392242705, -0.0285672515246205,
 -0.0433689441293649, -0.0560658997035099,
 -0.0439735719017564, -0.0307591251311069,
 -0.0447858113917168, -0.0578727546397511,
 -0.0449412705319205, -0.0331139573298085,
 -0.0448735408107277, -0.0601026642490574,
 -0.0441640878381351, -0.0358332561805527,
 -0.0437502271101343, -0.0625009556532964,
 -0.0432108238328502, -0.0382782586015324,
 -0.0437106216516304, -0.0638404090036897,
 -0.0444079829858478, -0.0388869289538492,
 -0.0457245943365615, -0.0630584751325409,
 -0.0464147075233529, -0.0374404115593988,
 -0.0467954338083753, -0.0605183806639323,
 -0.0461208120391718, -0.0350917790356074,
 -0.0453233555307960, -0.0584270970873662,
 -0.0439376019960634, -0.0336532520234057,
 -0.0428528521000872, -0.0566772401161406,
 -0.0416676542995122, -0.0318964453161408,
 -0.0408686530972319, -0.0536211227772119,
 -0.0395481633085906, -0.0278814055204493,
 -0.0381530501546407, -0.0481010610393296,
 -0.0366063068717374, -0.0219246706640813,
 -0.0358529674963484, -0.0417206182473772,
 -0.0353976487962967, -0.0161477601365144,
 -0.0354579047062693, -0.0361725132839851,
 -0.0351783964845587, -0.0114087297467943,
 -0.0350119168854555, -0.0315065021800421,
 -0.0339987209675465, -0.0073953002078755,
 -0.0328237123272410, -0.0276624001810788,
 -0.0312766826573916, -0.0045617943202178,
 -0.0301841812797664, -0.0252924542906946,
 -0.0291505300088113, -0.0026363978656598,
 -0.0286352210016891, -0.0226738111940570,
 -0.0281008356852316,  0.0003559166048064,
 -0.0281786749666405, -0.0191207746674034,
 -0.0282134271023522,  0.0034018504489328,
 -0.0286118839766263, -0.0161252532541372,
 -0.0286744388862430,  0.0057084392403566,
 -0.0288700988085836, -0.0138401227885700,
 -0.0286711061034744,  0.0074885667900539,
 -0.0286023576948278, -0.0117510998234905,
 -0.0278485054651062,  0.0096820068256891,
 -0.0271567896691728, -0.0089782565503429,
 -0.0261723107048237,  0.0121755266940959,
 -0.0255200614218655, -0.0064588053359775,
 -0.0245709295784399,  0.0141698378329104,
 -0.0239334068718186, -0.0039894851287919,
 -0.0230084180432012,  0.0170409959007267,
 -0.0219106941229988, -0.0002010185970611,
 -0.0200554013896695,  0.0212709513525701,
 -0.0180122524990151,  0.0050098072025330,
 -0.0155810065531749,  0.0262437411902454,
 -0.0134346819924928,  0.0094433886114587,
 -0.0112811665517624,  0.0293102773595721,
 -0.0099110747770573,  0.0119431256081407,
 -0.0087770641076169,  0.0313645857691781,
 -0.0081457979871799,  0.0145309594398918,
 -0.0074772092313847,  0.0342247486947310,
 -0.0073776775264093,  0.0184842809403851,
 -0.0072524292861721,  0.0385688916247820,
 -0.0075766791117718,  0.0228216072751252,
 -0.0079463580130049,  0.0418273839200503,
 -0.0089873907836215,  0.0250809438952493,
 -0.0099227457428786,  0.0421329804508089,
 -0.0108542452102918,  0.0240362415818490,
 -0.0112180948429345,  0.0399201388941768,
 -0.0115217323367557,  0.0216406017220862,
 -0.0113518184152287,  0.0367202387354431,
 -0.0114273523838265,  0.0178462034318625,
 -0.0113929884086808,  0.0319206419625349,
 -0.0115887182846057,  0.0125191162722632,
 -0.0115434617103789,  0.0254857269743533,
 -0.0116215896317026,  0.0056592608925978,
 -0.0113578785048522,  0.0179603153625104,
 -0.0113323801839212, -0.0017490749517952,
 -0.0113099845736925,  0.0107605268110665,
 -0.0118502959481192, -0.0080594117788140,
 -0.0123147700619594,  0.0048642754997479,
 -0.0129572156566637, -0.0130649974410019,
 -0.0131724983455603,  0.0003305234662790,
 -0.0132691092417377, -0.0170639689912685,
 -0.0127590495634342, -0.0041057042076791,
 -0.0123503662707508, -0.0215132180252113,
 -0.0118870510983142, -0.0085181029376787,
 -0.0118361209017327, -0.0250306005050145,
 -0.0118465532410328, -0.0113094755866713,
 -0.0123476554377201, -0.0265398198689508,
 -0.0127007021163697, -0.0119241230674210,
 -0.0130425984783735, -0.0261200373804454,
 -0.0126809290419684, -0.0116896730662856,
 -0.0118399092260012, -0.0261801534937202,
 -0.0101423779848318, -0.0125187671201238,
 -0.0081331522749676, -0.0273439609381557,
 -0.0055530687683196, -0.0142229144520472,
 -0.0030422735488864, -0.0288604485477801,
 -0.0006516266334471, -0.0155162198509825,
  0.0010061849545506, -0.0289786067292458,
  0.0025022323260114, -0.0147129733029927,
  0.0036390994944179, -0.0270338150044400,
  0.0049533981663718, -0.0123058471673603,
  0.0060573631538867, -0.0245068973102210,
  0.0074797311652178, -0.0109675101278305,
  0.0088532304922051, -0.0245202302456743,
  0.0107152564343814, -0.0125068507358525,
  0.0126289515280406, -0.0264305428103136,
  0.0150099978626319, -0.0144748711863280,
  0.0172847048524999, -0.0276035087139702,
  0.0194371680159154, -0.0150752695642112,
  0.0206458628871634, -0.0275717212159237,
  0.0212136648041775, -0.0150848735458299,
  0.0210201567293615, -0.0272109439950506,
  0.0206948494423683, -0.0144517141428854,
  0.0201371613199097, -0.0257055843678775,
  0.0199425100525142, -0.0127072735802456,
  0.0197573844696708, -0.0239404966539434,
  0.0198164459967049, -0.0116235923147648,
  0.0195476018199235, -0.0233156322347830,
  0.0191184367019297, -0.0120046536402516,
  0.0181677704891776, -0.0242476675036978,
  0.0170678659552894, -0.0133277641843322,
  0.0156297160467836, -0.0252917888333658,
  0.0144254348782357, -0.0144350165504091,
  0.0132024231240360, -0.0263882392217325,
  0.0123294577942339, -0.0162284366178135,
  0.0113101255917777, -0.0287842774719929,
  0.0103991395223584, -0.0195751345645599,
  0.0092675507851263, -0.0326124199643252,
  0.0082960673941093, -0.0238618787988279,
  0.0071361193884641, -0.0365339354637195,
  0.0060902227267162, -0.0273347051284010,
  0.0047665278568109, -0.0391186022765005,
  0.0035442386220631, -0.0292759656501113,
  0.0020783194657182, -0.0399414192612487,
  0.0006403221600735, -0.0292785935087493,
 -0.0009673260983804, -0.0389769748406605,
 -0.0022493085409140, -0.0280318477096781,
 -0.0036468364652573, -0.0376026808478758,
 -0.0047767705479630, -0.0270922755109816,
 -0.0059133079892993, -0.0368254378919505,
 -0.0066320925511325, -0.0265819701736217,
 -0.0073989514183701, -0.0357462549148953,
 -0.0081239149699908, -0.0248226672305852,
 -0.0094406195912853, -0.0329139211817053,
 -0.0110777653111590, -0.0211895879362161,
 -0.0132568284929882, -0.0283090274563415,
 -0.0155848017055639, -0.0161703104843705,
 -0.0182540758650387, -0.0230082097207898,
 -0.0206842240701656, -0.0113238318879944,
 -0.0230341554046324, -0.0184470007217237,
 -0.0248246007878418, -0.0071643873541973,
 -0.0263796405475665, -0.0142672310295415,
 -0.0274951896123080, -0.0032917035064579,
 -0.0285711620835306, -0.0104111779999258,
 -0.0293570295960970,  0.0003350606709919,
 -0.0301501178079070, -0.0068880138647600,
 -0.0306081787943292,  0.0033289488402224,
 -0.0310804292597379, -0.0041506204875116,
 -0.0313352989192674,  0.0056841965215895,
 -0.0317028140638939, -0.0016846078878314,
 -0.0319343581138148,  0.0081726000501587,
 -0.0323498013117678,  0.0010912884773368,
 -0.0326317697240045,  0.0107574901586033,
 -0.0329953461965794,  0.0034036087838778,
 -0.0329071373874619,  0.0121934556061671,
 -0.0324445474846240,  0.0039955248858546,
 -0.0312244520848469,  0.0117219772303763,
 -0.0296002725257458,  0.0029444420789702,
 -0.0273640954870945,  0.0099978014575081,
 -0.0248874722282359,  0.0008457896082171,
 -0.0222335893885370,  0.0074317513636690,
 -0.0200859048451427, -0.0016864473737208,
 -0.0182534355607386,  0.0049838326525308,
 -0.0170984154208654, -0.0035083510298640,
 -0.0162987855683655,  0.0037848228369957,
 -0.0160576923251032, -0.0039157338732532,
 -0.0158149906580301,  0.0033950348068898,
 -0.0155963184461980, -0.0045777886191232,
 -0.0149207350870952,  0.0020508078483169,
 -0.0140291873092388, -0.0064994746391609,
 -0.0127387464120696, -0.0007186372330379,
 -0.0115737465653247, -0.0096384492176224,
 -0.0104765866282583, -0.0039511517851672,
 -0.0097655155196769, -0.0122779042853933,
 -0.0091295955129922, -0.0059098413517419,
 -0.0088070351473198, -0.0130665168663097,
 -0.0083826108116160, -0.0057694459714075,
 -0.0080900102369363, -0.0122289357897854,
 -0.0075453491407337, -0.0049358922360428,
 -0.0070331903126330, -0.0113561319772229,
 -0.0062102794469700, -0.0041964296576678,
 -0.0052671367330800, -0.0104640602381032,
 -0.0038513060397123, -0.0033214908756974,
 -0.0022979402808062, -0.0093987499699301,
 -0.0004080737426649, -0.0022002112923126,
  0.0012986416483266, -0.0079180208566998,
  0.0028804586796656, -0.0004395744396963,
  0.0039436449363325, -0.0054888351418222,
  0.0048106380808913,  0.0026873886535067,
  0.0053281591948368, -0.0013342169004407,
  0.0058976838492907,  0.0073811062422652,
  0.0063497865170045,  0.0034462220365077,
  0.0070354976583747,  0.0114969204011043,
  0.0077386728929459,  0.0068180616003499,
  0.0087724009839364,  0.0138896408573266,
  0.0098255084457920,  0.0086337601212153,
  0.0111402031371094,  0.0152256075563685,
  0.0124664389317727,  0.0097756639661013,
  0.0140947676630544,  0.0158857022855803,
  0.0156673435835794,  0.0099877792031929,
  0.0174149732092395,  0.0153920161448850,
  0.0191706888498794,  0.0090105566725495,
  0.0212469050929108,  0.0138930383119625,
  0.0233959235844523,  0.0074106427543498,
  0.0258197890523349,  0.0122193479188423,
  0.0281851046105646,  0.0058877956481810,
  0.0305940846435811,  0.0106287888309322,
  0.0326299913811919,  0.0044576767742108,
  0.0345848295888382,  0.0094150686880725,
  0.0363802004434191,  0.0039385575046034,
  0.0383039894232296,  0.0095208128590666,
  0.0401076258246012,  0.0046293034440339,
  0.0420703926738498,  0.0102429082239979,
  0.0439358974558963,  0.0052481686092491,
  0.0458698199603235,  0.0104768225774427,
  0.0476656901835028,  0.0050962774636855,
  0.0496452652817040,  0.0095894250667933,
  0.0515705670820771,  0.0037607624540019,
  0.0535230128447660,  0.0080260381235160,
  0.0550609121048002,  0.0023313416693438,
  0.0562837226691864,  0.0067249792119939,
  0.0568360666902960,  0.0017299072167831,
  0.0569246364377562,  0.0071464683890347,
  0.0563777330881184,  0.0034488511173984,
  0.0554664587818274,  0.0096141554850613,
  0.0539833121080847,  0.0061454764255418,
  0.0523322531976942,  0.0117437822873272,
  0.0504159883291400,  0.0074184829627190,
  0.0485874633176231,  0.0119120911901583,
  0.0466512622287130,  0.0068456036768536,
  0.0449646906604098,  0.0107524222490314,
  0.0432594105396417,  0.0055527049749901,
  0.0417283544974229,  0.0094406290792594,
  0.0399766381824703,  0.0044289787663843,
  0.0381763135894009,  0.0082798109489985,
  0.0359676487647197,  0.0034076807439970,
  0.0335745999773956,  0.0074183502450464,
  0.0308262259935734,  0.0030245280208654,
  0.0281227990422765,  0.0075253535923201,
  0.0252856712316065,  0.0038422136491664,
  0.0226263579374314,  0.0088423165555860,
  0.0199668219498266,  0.0055051749079426,
  0.0176190739109342,  0.0103794898039769,
  0.0153456054728666,  0.0067831719869939,
  0.0133886460765928,  0.0110745621571020,
  0.0115335748148407,  0.0069916373218573,
  0.0100702246330088,  0.0108091329293060,
  0.0086996511008859,  0.0066601941355017,
  0.0075474796971217,  0.0105636958416088,
  0.0062621893628676,  0.0067752842538987,
  0.0049777066975462,  0.0109732600088907,
  0.0034165202587725,  0.0076844198818505,
  0.0018969966134944,  0.0122303052511714,
  0.0003985848351179,  0.0090942177468348,
 -0.0005787107702979,  0.0132529918350166,
 -0.0011332083213641,  0.0095437359254149,
 -0.0010396037607028,  0.0127713888577536,
 -0.0006429710354382,  0.0081005291762505,
  0.0000846193746084,  0.0103610760867629,
  0.0007417221748949,  0.0053041067891729,
  0.0014625617660205,  0.0076972197004484,
  0.0020499378698990,  0.0033786303100445,
  0.0027810532602384,  0.0064949612371900,
  0.0034440785088871,  0.0027927391538131,
  0.0042478577775173,  0.0060451569996477,
  0.0049604510005692,  0.0022004287357693,
  0.0057700434973654,  0.0049416405718658,
  0.0064421437633879,  0.0006375931529051,
  0.0072009279157039,  0.0029288722600604,
  0.0078048810033765, -0.0015858558458687,
  0.0084183611810993,  0.0004858732017364,
  0.0087309018918900, -0.0040545634744863,
  0.0087990256735332, -0.0020010523897789,
  0.0083232114280974, -0.0062639410112054,
  0.0075658198996104, -0.0038605900841216,
  0.0064317694658591, -0.0076304499928686,
  0.0052242754807144, -0.0048948396132716,
  0.0037374412928672, -0.0083071460215643,
  0.0022485483449218, -0.0053538754819973,
  0.0005848158840191, -0.0083841725355227,
 -0.0010219134624089, -0.0050709797434198,
 -0.0028034279822848, -0.0076797513973443,
 -0.0044813505121017, -0.0042131665243584,
 -0.0062363820894845, -0.0067817092323130,
 -0.0078231813414960, -0.0035452185462864,
 -0.0094215070478665, -0.0062708581174136,
 -0.0107951680803646, -0.0031557884397034,
 -0.0121337957689324, -0.0057060164729454,
 -0.0131997554906447, -0.0023421469758933,
 -0.0141871602214615, -0.0045569708754141,
 -0.0148106049292652, -0.0011044110703904,
 -0.0152185696407055, -0.0033517936331452,
 -0.0150973948030962, -0.0002017929605890,
 -0.0145936587621461, -0.0026478867239856,
 -0.0134735847704464,  0.0004223400344051,
 -0.0119310950716744, -0.0017194368328880,
 -0.0098397646818528,  0.0018133949996164,
 -0.0076144916484899,  0.0003550521433145,
 -0.0052753268581262,  0.0045353258538277,
 -0.0031716734836851,  0.0037286330211230,
 -0.0011148914632070,  0.0083404303810561,
  0.0008059607415591,  0.0080141908504683,
  0.0029923144611357,  0.0129779479348187,
  0.0053983110493564,  0.0129748203864452,
  0.0081787623760866,  0.0180212807028628,
  0.0109067720122888,  0.0180294079102376,
  0.0135817019763680,  0.0229186496229662,
  0.0159144335016337,  0.0229251383516103,
  0.0180450222351879,  0.0279723564262183,
  0.0198247882881581,  0.0284658355701021,
  0.0215245756016717,  0.0340016768800428,
  0.0230521326413725,  0.0349167202741583,
  0.0246094879168832,  0.0404817879850721,
  0.0259749764232216,  0.0410678789302759,
  0.0272762258099972,  0.0458053762152628,
  0.0283565842423630,  0.0454299543111038,
  0.0295026426861985,  0.0491410637769775,
  0.0306525064083133,  0.0479794510140369,
  0.0319587163565095,  0.0510650901855340,
  0.0331014642648789,  0.0494850675446025,
  0.0341243510092178,  0.0521672997620087,
  0.0348054199811431,  0.0503813695409357,
  0.0352347259711231,  0.0530284338479169,
  0.0352155054144449,  0.0515294467195600,
  0.0349384106230292,  0.0544525621279631,
  0.0342515719100332,  0.0531413944846796,
  0.0333187479150250,  0.0559169173806703,
  0.0319713452603169,  0.0542469868950724,
  0.0305646671321950,  0.0563944595070486,
  0.0290526667485842,  0.0541548704836277,
  0.0276595131158261,  0.0557491205583504,
  0.0261661756580224,  0.0530406692870854,
  0.0247261796227181,  0.0540425638567552,
  0.0231145128217853,  0.0508052212328577,
  0.0215457610695997,  0.0512880997972562,
  0.0198815322222575,  0.0476540857519568,
  0.0183520273600883,  0.0477154916741694,
  0.0167025484351256,  0.0438223429872360,
  0.0150140122995768,  0.0436859793987456,
  0.0130634591680688,  0.0397620529644306,
  0.0110981144885339,  0.0395857300813387,
  0.0090712636430970,  0.0356634812377168,
  0.0073134394782999,  0.0353234513398312,
  0.0057174546770116,  0.0311771202446816,
  0.0044187060628393,  0.0305141094056216,
  0.0031274745612733,  0.0262109878324875,
  0.0019013260649386,  0.0255710689930355,
  0.0005072433906349,  0.0216439104511627,
 -0.0008131903636980,  0.0215520287234288,
 -0.0020940132200934,  0.0183415558761203,
 -0.0030538603965080,  0.0188940487368121,
 -0.0038156586291439,  0.0162462338742941,
 -0.0042159736543324,  0.0170771564503292,
 -0.0044498884076896,  0.0145257074457269,
 -0.0043157101747232,  0.0152149023389177,
 -0.0039106511110304,  0.0124834754691584,
 -0.0030859745942358,  0.0129602819032075,
 -0.0021511955229137,  0.0102345487767697,
 -0.0011487167231408,  0.0108859136560000,
 -0.0004749672884541,  0.0085786157318149,
 -0.0000659318598997,  0.0097263673396782,
 -0.0000723269557450,  0.0079778982583164,
 -0.0002520951494021,  0.0094920685903030,
 -0.0006734357506400,  0.0079067205973174,
 -0.0011452612695381,  0.0091724304581836,
 -0.0018614691830197,  0.0070189828491438,
 -0.0026322939432521,  0.0074196116826147,
 -0.0035442159454141,  0.0043705431294099,
 -0.0043823385700784,  0.0039427264440075,
 -0.0053102623566360,  0.0002995393989240,
 -0.0062235018125899, -0.0005500995310269,
 -0.0073681017925033, -0.0043541995661166,
 -0.0086911552639304, -0.0053065197949798,
 -0.0104178592268421, -0.0091646874306960,
 -0.0123629827378007, -0.0101802879462224,
 -0.0145511972457897, -0.0139238034215849,
 -0.0166777294240251, -0.0147387076432215,
 -0.0188009465707051, -0.0181808007935554,
 -0.0206505842396427, -0.0187571904835715,
 -0.0223748325043438, -0.0219622718214161,
 -0.0238037087457550, -0.0224644388233834,
 -0.0251051234809780, -0.0257030884424343,
 -0.0260564252572553, -0.0263127860668182,
 -0.0268014207399712, -0.0294685695722187,
 -0.0272208929993950, -0.0298003762122933,
 -0.0276279799394669, -0.0324092563969624,
 -0.0279887356948854, -0.0320876974592585,
 -0.0285478657806679, -0.0339202008082159,
 -0.0290838413853089, -0.0328760144478710,
 -0.0296864770500853, -0.0340796406055378,
 -0.0301230694327222, -0.0327074737187312,
 -0.0305245867971755, -0.0338511699336796,
 -0.0306836390692256, -0.0326944760953141,
 -0.0307619859498576, -0.0340635521746468,
 -0.0306497991060926, -0.0329425587955592,
 -0.0305926705173283, -0.0338623083297174,
 -0.0304600483227890, -0.0319387213445998,
 -0.0304124644082545, -0.0319201172984905,
 -0.0302788158172591, -0.0292978658609077,
 -0.0302351087972094, -0.0288970124984077,
 -0.0300985287366185, -0.0263084158222146,
 -0.0300048931671946, -0.0261266227182566,
 -0.0298493296190970, -0.0237581399806464,
 -0.0298813787080728, -0.0235375066317977,
 -0.0299603706525205, -0.0209784773081683,
 -0.0301986913629489, -0.0205618685601026,
 -0.0304077945231988, -0.0180638571954477,
 -0.0307318650073784, -0.0179252063227648,
 -0.0310228460412141, -0.0158858975603121,
 -0.0314580226715764, -0.0161271222436688,
 -0.0318851061136071, -0.0143353610876881,
 -0.0324538515266976, -0.0146379523595335,
 -0.0329884461063968, -0.0128906767050323,
 -0.0336261485989288, -0.0132187850877487,
 -0.0342043419193042, -0.0115828590588207,
 -0.0348710224169142, -0.0120371534075303,
 -0.0354776610532781, -0.0105490889564395,
 -0.0361480603956745, -0.0110269433620010,
 -0.0367028609713945, -0.0094858141363505,
 -0.0372575015307715, -0.0099171211182778,
 -0.0376377976045945, -0.0084290941119990,
 -0.0379568378137264, -0.0088987030609087,
 -0.0377657393813247, -0.0074642376129183,
 -0.0373113823324574, -0.0079389996387410,
 -0.0370254552056327, -0.0065823717181676,
 -0.0364782588741708, -0.0072806498547381,
 -0.0361031698022729, -0.0065147462213446,
 -0.0354690720067222, -0.0078597386279592,
 -0.0350107861419221, -0.0072492645358996,
 -0.0342959962455019, -0.0085218302185380,
 -0.0337607322349806, -0.0084364558663574,
 -0.0329716864961830, -0.0102828003450550,
 -0.0323658715402327, -0.0106333612100538,
 -0.0315091885546645, -0.0127941390837100,
 -0.0308394142048999, -0.0128966689908915,
 -0.0299218510669066, -0.0145533327162289,
 -0.0291948296002538, -0.0140082170821329,
 -0.0282232388809542, -0.0149737626359205,
 -0.0274457606030467, -0.0142472343440015,
 -0.0264270482334576, -0.0153561988781532,
 -0.0256059400454769, -0.0150891449140660,
 -0.0245470246812708, -0.0164649233024494,
 -0.0236891097197780, -0.0162565895127461,
 -0.0225968832721505, -0.0173919348687230,
 -0.0217089423112354, -0.0168183201555740,
 -0.0205902321908536, -0.0173536261529474,
 -0.0196789666083668, -0.0160116476625379,
 -0.0185404996656157, -0.0157211490028636,
 -0.0176124961455019, -0.0136708258039595,
 -0.0164608646040923, -0.0128463928965609,
 -0.0155225620043705, -0.0104795618324175,
 -0.0143641911833818, -0.0096177694007188,
 -0.0134218492551879, -0.0074999406879779,
 -0.0122629676267506, -0.0070896378156567,
 -0.0113226380082345, -0.0055565102920089,
 -0.0101692493703423, -0.0057926189036933,
 -0.0092367487937226, -0.0048953302632783,
 -0.0080946066690194, -0.0056561501995087,
 -0.0071754925703648, -0.0050601357100079,
 -0.0060500771135347, -0.0058765834359223,
 -0.0051496254496375, -0.0051745864471000,
 -0.0040461225832440, -0.0058176253255865,
 -0.0031693082247451, -0.0049666948171267,
 -0.0020925912778410, -0.0054720530324978,
 -0.0012440707523579, -0.0046458625565877,
 -0.0001986845287589, -0.0054757759237205,
  0.0006172187880278, -0.0052539819335741,
  0.0016270715508538, -0.0067541020888448,
  0.0024063797614313, -0.0070381694203941,
  0.0033768494151709, -0.0088312148661440,
  0.0041159401069303, -0.0092504435660354,
  0.0050435388105569, -0.0108897574115765,
  0.0057391525843701, -0.0110004189051484,
  0.0066207606157739, -0.0124665138398425,
  0.0072700063216314, -0.0126240906636961,
  0.0081028760928519, -0.0139125871739041,
  0.0087032337902643, -0.0134729320535467,
  0.0094849915998804, -0.0139378038972944,
  0.0100343132732261, -0.0130514387048120,
  0.0107629589158127, -0.0137103840755786,
  0.0112594670842532, -0.0132950820446309,
  0.0119333713354750, -0.0139918490128085,
  0.0123756555972574, -0.0130979079826988,
  0.0129935557155292, -0.0131848268286722,
  0.0133805673378278, -0.0120556623759513,
  0.0139415606472985, -0.0122333604445074,
  0.0142726053163566, -0.0112338278627744,
  0.0147761410180065, -0.0113302292684234,
  0.0150508698205180, -0.0101475061163002,
  0.0154967390933907, -0.0100446088579399,
  0.0157151378953184, -0.0088767087088207,
  0.0161034624432804, -0.0090352961369979,
  0.0162658397479117, -0.0081620441880852,
  0.0165970589064319, -0.0083277323586682,
  0.0167040323235780, -0.0072358104609983,
  0.0169788888105406, -0.0072467309135872,
  0.0170313703072594, -0.0062630234985612,
  0.0172508948576156, -0.0065140665509451,
  0.0172500748068809, -0.0058011444570597,
  0.0174155696738441, -0.0062536570491974,
  0.0173628999838104, -0.0056022445007990,
  0.0174759215495331, -0.0060137495002293,
  0.0173730979026661, -0.0055172734545940,
  0.0174354384759595, -0.0061538266560098,
  0.0172843817939385, -0.0058691655218396,
  0.0172980507972256, -0.0066285054113859,
  0.0171008882099164, -0.0064242583412951,
  0.0170680927291391, -0.0072794683229259,
  0.0168271379720208, -0.0071552108821941,
  0.0167502630082985, -0.0080413220284643,
  0.0164679965307336, -0.0079154386475289,
  0.0163495849346507, -0.0087345786655038,
  0.0160286337704664, -0.0085033489390388,
  0.0158713659760055, -0.0091208692120419,
  0.0155144835798514, -0.0085658767797760,
  0.0153211574214510, -0.0088691963764356,
  0.0149312034108193, -0.0083019612510035,
  0.0147047139069628, -0.0085784882855150,
  0.0142846340604992, -0.0080004481456117,
  0.0140279534489521, -0.0082519090838219,
  0.0135807599031619, -0.0076645456039349,
  0.0132969179525243, -0.0078927009399169,
  0.0128256697020474, -0.0072975289663591,
  0.0125177344815436, -0.0075041626428901,
  0.0120255184411511, -0.0069027196828424,
  0.0116965774671346, -0.0070896287232903,
  0.0111864899563721, -0.0064834646719348,
  0.0108396320380972, -0.0066524491980497,
  0.0103147609462278, -0.0060431164429384,
  0.0099530586366352, -0.0061959700274196,
  0.0094164662867744, -0.0055850139405703,
  0.0090429590729693, -0.0057235143668836,
  0.0084976658085860, -0.0051124641948985,
  0.0081153441594705, -0.0052383646889936,
  0.0075643128671847, -0.0046287249607089,
  0.0071761030462077, -0.0047437458401412,
  0.0066222244725758, -0.0041369882086314,
  0.0062309743728274, -0.0042428090933197,
  0.0056770534349530, -0.0036403647237900,
  0.0052855193382083, -0.0037386172505291,
  0.0047342624032833, -0.0031418697376926,
  0.0043450967169811, -0.0032341308059112,
  0.0037990999437391, -0.0026444096734713,
  0.0034148400537617, -0.0027321953024775,
  0.0028765787064641, -0.0021507700282677,
  0.0024996368163534, -0.0022355297459918,
  0.0019714557303004, -0.0016636044182628,
  0.0016041098209236, -0.0017467162599279,
  0.0010882149212856, -0.0011854248041542,
  0.0007326007909928, -0.0012681908950798,
  0.0002310516903202, -0.0007185928833930,
 -0.0001108438815479, -0.0008022356322646,
 -0.0005961401386820, -0.0002653127200488,
 -0.0009224851825195, -0.0003509715707682,
 -0.0013897793320621,  0.0001723755086685,
 -0.0016989013393320,  0.0000836467045847,
 -0.0021466060033866,  0.0005926005445787,
 -0.0024369955282311,  0.0004998355934031,
 -0.0028636882583918,  0.0009936639454582,
 -0.0031340014600882,  0.0008959858070919,
 -0.0035384267461390,  0.0013740428583651,
 -0.0037874868908793,  0.0012706645797989,
 -0.0041685571346079,  0.0017323916671715,
 -0.0043953551137604,  0.0016226167950240,
 -0.0047521506359465,  0.0020675426061805,
 -0.0049558444977148,  0.0019507650637520,
 -0.0052876125871353,  0.0023785053206234,
 -0.0054675261484126,  0.0022542087952777,
 -0.0057736792031680,  0.0026644654519780,
 -0.0059292997678854,  0.0025322223072024,
 -0.0062094125757898,  0.0029247822833251,
 -0.0063403878187474,  0.0027842520184824,
 -0.0065941940120845,  0.0031589854968471,
 -0.0067003280614474,  0.0030099127855165,
 -0.0069277158118624,  0.0033667710967616,
 -0.0070089645932442,  0.0032089834279375,
 -0.0072099715903817,  0.0035479965547217,
 -0.0072664374785827,  0.0033814015060838,
 -0.0074412452345296,  0.0037026752290161,
 -0.0074731710869143,  0.0035272574077619,
 -0.0076220986652662,  0.0038309701380459,
 -0.0076298612498456,  0.0036467878049330,
 -0.0077533584195042,  0.0039331871150926,
 -0.0077374613546730,  0.0037403685425301,
 -0.0078361012702865,  0.0040097674410467,
 -0.0077971674913065,  0.0038085070217629,
 -0.0078716389468337,  0.0040612799992011,
 -0.0078104027715329,  0.0038518341409484,
 -0.0078615020625254,  0.0040884130084089,
 -0.0077788009402621,  0.0038710958571111,
 -0.0078074234614631,  0.0040919654376047,
 -0.0077041893961742,  0.0038671444304209,
 -0.0077113209438874,  0.0040728380953234,
 -0.0075885717411364,  0.0038409294142103,
 -0.0075752796458472,  0.0040320245246272,
 -0.0074341099785072,  0.0037934884534241,
 -0.0074015340927450,  0.0039706017223338,
 -0.0072431064380979,  0.0037259379341281,
 -0.0071924500717226,  0.0038897207554917,
 -0.0070179856483009,  0.0036394635940466,
 -0.0069505064260962,  0.0037905973296452,
 -0.0067612760800348,  0.0035353110634591,
 -0.0066782768798165,  0.0036745023649412,
 -0.0064755920498469,  0.0034147764776433,
 -0.0063784119973665,  0.0035427526349743,
 -0.0061636157712497,  0.0032791971601881,
 -0.0060536213402615,  0.0033967015007464,
 -0.0058280796867294,  0.0031299424442114,
 -0.0057066560229623,  0.0032377298430116,
 -0.0054717491634448,  0.0029684046746994,
 -0.0053402915708739,  0.0030672371454338,
 -0.0050974056392173,  0.0027959904366944,
 -0.0049573113471117,  0.0028866328636942,
 -0.0047078302960045,  0.0026141120491823,
 -0.0045604905173632,  0.0026973280661835,
 -0.0043057883345101,  0.0024241793625135,
 -0.0041525806275272,  0.0025007273836851,
 -0.0038940139172006,  0.0022275918939462,
 -0.0037362949501437,  0.0022982213499963,
 -0.0034751958389940,  0.0020257313316543,
 -0.0033142944941089,  0.0020911790761906,
 -0.0030519639817205,  0.0018199544359448,
 -0.0028891748922061,  0.0018809413715745,
 -0.0026268766026636,  0.0016115863634847,
 -0.0024634541127283,  0.0016688142817919,
 -0.0022024084733846,  0.0014019144214410,
 -0.0020395610666507,  0.0014560630811814,
 -0.0017809399808000,  0.0011921823127036,
 -0.0016198251363769,  0.0012439067323821,
 -0.0013647470903820,  0.0009835848140386,
 -0.0012064666527913,  0.0010335128268606,
 -0.0009559923226693,  0.0007772629712003,
 -0.0008015883410746,  0.0008259930168191,
 -0.0005567166814444,  0.0005742997751720,
 -0.0004071677316018,  0.0006223989346500,
 -0.0001688325696492,  0.0003757163392830,
 -0.0000250505940291,  0.0004237186350586,
  0.0002058823074172,  0.0001824685765604,
  0.0003430546901966,  0.0002308735071916,
  0.0005657900524871, -0.0000045556230954,
  0.0006955817353639,  0.0000447157076049,
  0.0009093967071343, -0.0001845387192539,
  0.0010311098008781, -0.0001339739230901,
  0.0012353554233326, -0.0003567353632572,
  0.0013483664801150, -0.0003044874568096,
  0.0015424686691719, -0.0005204737468103,
  0.0016462294515642, -0.0004661909997384,
  0.0018296895315254, -0.0006751564993561,
  0.0019237273163295, -0.0006185253513197,
  0.0020961221017426, -0.0008202611164505,
  0.0021800395511476, -0.0007610062152813,
  0.0023410209998263, -0.0009553399532991,
  0.0024144956095218, -0.0008932239791239,
  0.0025637900622438, -0.0010800197960633,
  0.0026265732073997, -0.0010148430803393,
  0.0027639802364394, -0.0011940010265104,
  0.0028158958329816, -0.0011256009793335,
  0.0029412867167831, -0.0012970564080780,
  0.0029822295233122, -0.0012253067603033,
  0.0030955453723147, -0.0013890295078934,
  0.0031254789539400, -0.0013138393830488,
  0.0032267285087053, -0.0014698327823843,
  0.0032456828808579, -0.0013911456071483,
  0.0033349400142593, -0.0015394453491780,
  0.0033430090086834, -0.0014572376197731,
  0.0034204099395326, -0.0015979104703684,
  0.0034177482946633, -0.0015121903812803,
  0.0034834885624533, -0.0016453327729074,
  0.0034703087818484, -0.0015561387256621,
  0.0035246399929933, -0.0016818752328195,
  0.0035012089894138, -0.0015892742353541,
  0.0035444353574980, -0.0017077559446207,
  0.0035110709220266, -0.0016118419192472,
  0.0035435456558317, -0.0017232447177216,
  0.0035006127501390, -0.0016241367198956,
  0.0035227342786548, -0.0017286595008458,
  0.0034706412153738, -0.0016264998767007,
  0.0034828493045861, -0.0017243626864230,
  0.0034220438135887, -0.0016193151710947,
  0.0034248155923495, -0.0017107573066417,
  0.0033557808081173, -0.0016030050796474,
  0.0033496267170227, -0.0016882831448781,
  0.0032728771249099, -0.0015780268605957,
  0.0032583368479885, -0.0016574128080757,
  0.0031744141790294, -0.0015448685982015,
  0.0031520525367421, -0.0016186477489738,
  0.0030615216821888, -0.0015040452293882,
  0.0030319245440447, -0.0015725142973627,
  0.0029353694800665, -0.0014560945765762,
  0.0028991397034681, -0.0015195597016280,
  0.0027971594482611, -0.0014015734013269,
  0.0027549128821642, -0.0014603482095896,
  0.0026481175398826, -0.0013410535232555,
  0.0026004790778052, -0.0013954572078984,
  0.0024894859421676, -0.0012751179853206,
  0.0024370856923587, -0.0013254734399261,
  0.0023225154643124, -0.0012043573234593,
  0.0022659850213439, -0.0012509893211648,
  0.0021484581420843, -0.0011293659346742,
  0.0020884269783585, -0.0011725993617768,
  0.0019685601096312, -0.0010507385679210,
  0.0019056521325257, -0.0010908967345224,
  0.0017840547660409, -0.0009690669513856,
  0.0017188850116355, -0.0010064699647008,
  0.0015961562653476, -0.0008849365702004,
  0.0015293277740418, -0.0009198997928948,
  0.0014060533542702, -0.0007989236065995,
  0.0013381542284508, -0.0008317562002409,
  0.0012149035800296, -0.0007115920534530,
  0.0011465042255957, -0.0007425956076241,
  0.0010238278875687, -0.0006234910107386,
  0.0009554784735406, -0.0006529582756130,
  0.0008339056219430, -0.0005351521727380,
  0.0007661337308880, -0.0005633658804854,
  0.0006461699499190, -0.0004470875129625,
  0.0005794784505629, -0.0004743193044025,
  0.0004616037120035, -0.0003597871725020,
  0.0003964688467113, -0.0003862966249941,
  0.0002811357044980, -0.0002737175510408,
  0.0002180054033790, -0.0002997513141686,
  0.0001056374214487, -0.0001893196175438,
  0.0000449298264996, -0.0002151106469468,
 -0.0000640797829371, -0.0001070074177950,
 -0.0001219775594413, -0.0001327743212948,
 -0.0002272670699514, -0.0000271668030782,
 -0.0002819999713624, -0.0000531132886400,
 -0.0003832400580840,  0.0000498456357098,
 -0.0004344858923179,  0.0000235312095326,
 -0.0005313803275337,  0.0001237034258458,
 -0.0005788503546468,  0.0000968483928351,
 -0.0006711364963991,  0.0001941108666406,
 -0.0007145758114588,  0.0001665584997792,
 -0.0008020248779651,  0.0002608034835632,
 -0.0008412125857307,  0.0002324131419931,
 -0.0009236297309150,  0.0003235482880770,
 -0.0009583789225113,  0.0002941954695697,
 -0.0010356031159439,  0.0003821438493492,
 -0.0010657606543148,  0.0003517201520970,
 -0.0011376643740454,  0.0004364201848463,
 -0.0011631104965005,  0.0004048331803000,
 -0.0012295992433183,  0.0004862384776296,
 -0.0012502469900400,  0.0004534115012876,
 -0.0013112586325667,  0.0005314906287409,
 -0.0013270531107762,  0.0004973624912624,
 -0.0013825570717016,  0.0005720986538472,
 -0.0013934745651793,  0.0005366232779466,
 -0.0014434708563339,  0.0006080139330499,
 -0.0014495177938427,  0.0005711599215511,
 -0.0014940359179957,  0.0006392163258188,
 -0.0014952477046063,  0.0006009664646077,
 -0.0015343454259820,  0.0006657131581837,
 -0.0015307851582428,  0.0006260638612505,
 -0.0015645471603213,  0.0006875380961362,
 -0.0015563042306903,  0.0006464987970026,
 -0.0015848406695153,  0.0007047499141882,
 -0.0015720292699559,  0.0006623424081585,
 -0.0015954742403013,  0.0007174311708524,
 -0.0015782317886948,  0.0006736889176848,
 -0.0015967417028197,  0.0007256868020327,
 -0.0015752271881255,  0.0006806541891315,
 -0.0015889790956041,  0.0007296426436152,
 -0.0015633713658827,  0.0006833742194451,
 -0.0015725612151817,  0.0007294438947267,
 -0.0015430572145716,  0.0006820035759319,
 -0.0015478980671251,  0.0007252535299436,
 -0.0015147110404892,  0.0006767137903376,
 -0.0015154312632288,  0.0007172506797160,
 -0.0014787889246627,  0.0006676917204274,
 -0.0014756303522707,  0.0007056289756478,
 -0.0014357730492380,  0.0006551378897584,
 -0.0014289891423695,  0.0006905948850935,
 -0.0013861680110517,  0.0006392648157729,
 -0.0013760220162910,  0.0006723660371499,
 -0.0013304971437500,  0.0006202953361525,
 -0.0013172602602662,  0.0006511695493561,
 -0.0012692988691032,  0.0005984609430113,
 -0.0012532484479313,  0.0006272403737527,
 -0.0012031230967350,  0.0005740001338781,
 -0.0011845408607342,  0.0006008196548993,
 -0.0011325276912915,  0.0005471567883255,
 -0.0011116980007068,  0.0005721531245901,
 -0.0010580750252470,  0.0005181785786980,
 -0.0010352831897786,  0.0005414895313387,
 -0.0009803286268663,  0.0004873154194621,
 -0.0009558592791842,  0.0005090791153653,
 -0.0008998499595696,  0.0004548179719198,
 -0.0008739854821888,  0.0004751721353019,
 -0.0008171953115469,  0.0004209361947190,
 -0.0007902143439022,  0.0004400174530909,
 -0.0007329128436201,  0.0003859179623224,
 -0.0007050888608392,  0.0004038611830329,
 -0.0006475397856046,  0.0003500077471105,
 -0.0006191397553612,  0.0003669454073160,
 -0.0005615997985467,  0.0003134453732305,
 -0.0005328829319882,  0.0003295069710990,
 -0.0004756005104277,  0.0002764648458391,
 -0.0004468170945668,  0.0002917763467625,
 -0.0003900312332415,  0.0002392932595210,
 -0.0003614215605285,  0.0002539765850249,
 -0.0003053608674599,  0.0002021497888227,
 -0.0002771542607721,  0.0002163223473443,
 -0.0002220359989313,  0.0001652447633863,
 -0.0001944499314042,  0.0001790190224909,
 -0.0001404791919842,  0.0001287788296044,
 -0.0001137185116151,  0.0001422619350028,
 -0.0000610874810004,  0.0000929422000222,
 -0.0000353437293838,  0.0001062356356648,
  0.0000157689380682,  0.0000579139913809,
  0.0000403181041371,  0.0000711132854522,
  0.0000897478160301,  0.0000238616516543,
  0.0001129391042220,  0.0000370561263341,
  0.0001605357618254, -0.0000090595255711,
  0.0001822206236806,  0.0000042130406472,
  0.0002278489525214, -0.0000407067958753,
  0.0002478938688253, -0.0000272798023349,
  0.0002914336561176, -0.0000709502762959,
  0.0003097203238622, -0.0000572992140037,
  0.0003510665603016, -0.0000996731696495,
  0.0003674919883632, -0.0000857351700349,
  0.0004065549188718, -0.0001267719072664,
  0.0004210314337286, -0.0001124909129192,
  0.0004577365195429, -0.0001521562111549,
  0.0004701916837255, -0.0001374829741249,
  0.0005044794802011, -0.0001757490786521,
  0.0005148559283076, -0.0001606411221103,
  0.0005466818810376, -0.0001974866926734,
  0.0005549370763967, -0.0001819082362499,
  0.0005842712406857, -0.0002173182610319,
  0.0005903771574861, -0.0002012401122220,
  0.0006172038450461, -0.0002352057885266,
  0.0006211465793259, -0.0002186052018936,
  0.0006454639380274, -0.0002511237857468,
  0.0006472432550194, -0.0002339842922792,
  0.0006690627838006, -0.0002650589187300,
  0.0006686916029775, -0.0002473701270774,
  0.0006880376106614, -0.0002770096037974,
  0.0006855414363268, -0.0002587669759061,
  0.0007024504471130, -0.0002869855521171,
  0.0006978667483562, -0.0002681901553054,
  0.0007123868583409, -0.0002950072678435,
  0.0007057644059807, -0.0002756655062759,
  0.0007179546010423, -0.0003011055066303,
  0.0007093527617135, -0.0002812288329666,
  0.0007192821953198, -0.0003053206956042,
  0.0007087701951224, -0.0002849253072618,
  0.0007165174366310, -0.0003077023231244,
  0.0007041735949597, -0.0002868088441056,
  0.0007098258513062, -0.0003083083008555,
  0.0006957367896757, -0.0002869414511491,
  0.0006993891088503, -0.0003072043035733,
  0.0006836489463388, -0.0002853925607299,
  0.0006854034011519, -0.0003044630911615,
  0.0006681129328024, -0.0002822383431368,
  0.0006680777991238, -0.0003001638173996,
  0.0006493436690677, -0.0002775610112781,
  0.0006476325968068, -0.0002943913299204,
  0.0006275664688718, -0.0002714481179276,
  0.0006242976527873, -0.0002872354656523,
  0.0006030153809422, -0.0002639918495595,
  0.0005983107384599, -0.0002787903459320,
  0.0005759315489114, -0.0002552883247493,
  0.0005699159021013, -0.0002691536752191,
  0.0005465615818004, -0.0002454368942715,
  0.0005393618575948, -0.0002584260473071,
  0.0005151559605525, -0.0002345394534111,
  0.0005069004063538, -0.0002467102628014,
  0.0004819674783235, -0.0002226997659213,
  0.0004727848970132, -0.0002341106599268,
  0.0004472497254970, -0.0002100228043310,
  0.0004372687397299, -0.0002207324659872,
  0.0004112556257347, -0.0001966141094330,
  0.0004006039656742, -0.0002066811655703,
  0.0003742360296501, -0.0001825791718941,
  0.0003630398539721, -0.0001920618951360,
  0.0003364383721974, -0.0001680228387252,
  0.0003248216219511, -0.0001769788623379,
  0.0002981053963988, -0.0001530487457743,
  0.0002861891869480, -0.0001615347937396,
  0.0002594739562349, -0.0001377587821001,
  0.0002473760035047, -0.0001458304126828,
  0.0002207738891734, -0.0001222525818707,
  0.0002086079799039, -0.0001299639491317,
  0.0001822269755143, -0.0001066270516783,
  0.0001701024774406, -0.0001140306830958,
  0.0001440459792523, -0.0000909759308811,
  0.0001320673930993, -0.0000981225219057,
  0.0001064337755809, -0.0000753893873892,
  0.0000947003337243, -0.0000823276153673,
  0.0000695825663303, -0.0000599536495567,
  0.0000581878730757, -0.0000667300045267,
  0.0000336731846526, -0.0000447506748941,
  0.0000227049028256, -0.0000514093096334,
 -0.0000011255104616, -0.0000298578559749,
 -0.0000115859280519, -0.0000364404546595,
 -0.0000346571496858, -0.0000153477637441,
 -0.0000445346846976, -0.0000218934288128,
 -0.0000667782792535, -0.0000012879282089,
 -0.0000760045261906, -0.0000078330867544,
 -0.0000973586981729,  0.0000122593437515,
 -0.0001058720004675,  0.0000056810161464,
 -0.0001262817080514,  0.0000252371138600,
 -0.0001340272503240,  0.0000185947507146,
 -0.0001534442773253,  0.0000375939218039,
 -0.0001603741358716,  0.0000308595057576,
 -0.0001787571223948,  0.0000492838596193,
 -0.0001848302747307,  0.0000424322449534,
 -0.0002021447073555,  0.0000602666110621,
 -0.0002073270029204,  0.0000532755300034,
 -0.0002235451668200,  0.0000705074587828,
 -0.0002278092595658,  0.0000633575112321,
 -0.0002429101535926,  0.0000799772588846,
 -0.0002462353989398,  0.0000726518869827,
 -0.0002602046157136,  0.0000886523852858,
 -0.0002625769331626,  0.0000811378332912,
 -0.0002754065064383,  0.0000965146450620,
 -0.0002768182107752,  0.0000887999053334,
 -0.0002885064312792,  0.0001035511664437,
 -0.0002889560333438,  0.0000956279124461,
 -0.0002995072364422,  0.0001097542611782,
 -0.0002989992165511,  0.0001016167683429,
 -0.0003084235431211,  0.0001151212630476,
 -0.0003069680992374,  0.0001067663184645,
 -0.0003152812322766,  0.0001196543443958,
 -0.0003128940044704,  0.0001110811460603,
 -0.0003201168846503,  0.0001233603125740,
 -0.0003168186604229,  0.0001145703597079,
 -0.0003229771807840,  0.0001262503882373,
 -0.0003187935807801,  0.0001172473629280,
 -0.0003239182659597,  0.0001283399674743,
 -0.0003188794146870,  0.0001191296091767,
 -0.0003230050850982,  0.0001296483698069,
 -0.0003171452680235,  0.0001202383434130,
 -0.0003203106911432,  0.0001301985736048,
 -0.0003136680019249,  0.0001205983324934,
 -0.0003159155358658,  0.0001300169422210,
 -0.0003085315131474,  0.0001202375863036,
 -0.0003099067410134,  0.0001291329405771,
 -0.0003018260010986,  0.0001191870715921,
 -0.0003023773613635,  0.0001275788463555,
 -0.0002936472263235,  0.0001174804204710,
 -0.0002934256401287,  0.0001253894563377,
 -0.0002840957634760,  0.0001151536349048,
 -0.0002831542625644,  0.0001226017901824,
 -0.0002732762576999,  0.0001122447906425,
 -0.0002716696118169,  0.0001192547933322,
 -0.0002612966810227,  0.0001087937395790,
 -0.0002590810312212,  0.0001153890407931,
 -0.0002482676004278,  0.0001048418149922,
 -0.0002455000969248,  0.0001110464434034,
 -0.0002343014570594,  0.0001004315396712,
 -0.0002310399045932,  0.0001062699581582,
 -0.0002195118602637,  0.0000956063384342,
 -0.0002158143737354,  0.0001011033040778,
 -0.0002040129040495,  0.0000904102581307,
 -0.0001999375728794,  0.0000955906849779,
 -0.0001879185017829,  0.0000848876935539,
 -0.0001835230687261,  0.0000897765204699,
 -0.0001713417494267,  0.0000790831234306,
 -0.0001666833022072,  0.0000837051864375,
 -0.0001543943155492,  0.0000730408558748,
 -0.0001495289927572,  0.0000774207655574,
 -0.0001371858620357,  0.0000668047849441,
 -0.0001321685768778,  0.0000709668104714,
 -0.0001198234973934,  0.0000604181591339,
 -0.0001147076766853,  0.0000643861177956,
 -0.0001024112646101,  0.0000539233626743,
 -0.0000972486065532,  0.0000577205164599,
 -0.0000850496652856,  0.0000473617104027,
 -0.0000798899155295,  0.0000510106694249,
 -0.0000678352204643,  0.0000407732563982,
 -0.0000627259680464,  0.0000442958898996,
 -0.0000508600721425,  0.0000341966182412,
 -0.0000458465636825,  0.0000376139724340,
 -0.0000342116214911,  0.0000276688150706,
 -0.0000293365967377,  0.0000310010392759,
 -0.0000179722091990,  0.0000212251220051,
 -0.0000132757560525,  0.0000244914022403,
 -0.0000022188354620,  0.0000148989398337,
  0.0000022617346989,  0.0000181174402647,
  0.0000129770798709,  0.0000087216802413,
  0.0000172073362482,  0.0000119094927257,
  0.0000275498955939,  0.0000027226674533,
  0.0000314983727774,  0.0000058957684861,
  0.0000414399090325, -0.0000030709453084,
  0.0000450781711605,  0.0000001022706080,
  0.0000545934753242, -0.0000086342431872,
  0.0000578961613403, -0.0000054472636452,
  0.0000669630883376, -0.0000139446018703,
  0.0000699079380648, -0.0000107314073387,
  0.0000785074241859, -0.0000189817250053,
  0.0000810752859217, -0.0000157310738854,
  0.0000891913477737, -0.0000237276666755,
  0.0000913661681925, -0.0000204295325254,
  0.0000989858843180, -0.0000281668399983,
  0.0001007546812369, -0.0000248124097917,
  0.0001078681569367, -0.0000322860117325,
  0.0001092209758359, -0.0000288676778585,
  0.0001158212921549, -0.0000360742841141,
  0.0001167511471481, -0.0000325856298235,
  0.0001228342948362, -0.0000395230640541,
  0.0001233370951911, -0.0000359588430042,
  0.0001289018943762, -0.0000426260205571,
  0.0001289763571957, -0.0000389821307138,
  0.0001340243646082, -0.0000453790310970,
  0.0001336719149848, -0.0000416524833626,
  0.0001382073180969, -0.0000477801175428,
  0.0001374319779005, -0.0000439689995451,
  0.0001414614786029, -0.0000498293725804,
  0.0001402697444704, -0.0000459328079490,
  0.0001438024327429, -0.0000515288773488,
  0.0001422031443813, -0.0000475469808383,
  0.0001452503626196, -0.0000528826109226,
  0.0001432545639159, -0.0000488164401666,
  0.0001458297636672, -0.0000538963529935,
  0.0001434505547840, -0.0000497478565695,
  0.0001455691470945, -0.0000545775798945,
  0.0001428215315233, -0.0000503495428314,
  0.0001445007312019, -0.0000549353553041,
  0.0001414014576374, -0.0000506313421620,
  0.0001426601227440, -0.0000549802162132,
  0.0001392275224157, -0.0000506045119932,
  0.0001400859917574, -0.0000547240553655,
  0.0001363398131545, -0.0000502816049219,
  0.0001368197391585, -0.0000541800001083,
  0.0001327809812622, -0.0000496763465008,
  0.0001329051629175, -0.0000533622896196,
  0.0001285959069870, -0.0000488035114912,
  0.0001283881220328, -0.0000522861504270,
  0.0001238313636763, -0.0000476787990222,
  0.0001233162015608, -0.0000509676713905,
  0.0001185356834588, -0.0000463187073884,
  0.0001177383792147, -0.0000494236784118,
  0.0001127584273651, -0.0000447404096242,
  0.0001117046982485, -0.0000476716106021,
  0.0001065500586640, -0.0000429616294898,
  0.0001052659444199, -0.0000457293972136,
  0.0000999616250240, -0.0000410005199254,
  0.0000984733315651, -0.0000436153369917,
  0.0000930444482605, -0.0000388755436115,
  0.0000913781959298, -0.0000413479800721,
  0.0000858498232228, -0.0000366053562215,
  0.0000840317019320, -0.0000389460134693,
  0.0000784287296753, -0.0000342086938719,
  0.0000764845579116, -0.0000364281496283,
  0.0000708315547625, -0.0000317042638879,
  0.0000687867466889, -0.0000338130199183,
  0.0000631078299070, -0.0000291106403808,
  0.0000609872693772, -0.0000311190725149,
  0.0000553059818883, -0.0000264461645729,
  0.0000531339035984, -0.0000283644751128,
  0.0000474731000436, -0.0000237288506797,
  0.0000452729789833, -0.0000255670236770,
  0.0000396547181166, -0.0000209762967454,
  0.0000374491676208, -0.0000227440562893,
  0.0000318946143926, -0.0000182056019596,
  0.0000297052923277, -0.0000199123732906,
  0.0000242346284692, -0.0000154332898015,
  0.0000220821521715, -0.0000170881635068,
  0.0000167144953442, -0.0000126752372881,
  0.0000146183663633, -0.0000142869370848,
  0.0000093716985725, -0.0000099466111576,
  0.0000073502351791, -0.0000115234643333,
  0.0000022413404719, -0.0000072618100930,
  0.0000003116201580, -0.0000088117216452,
 -0.0000046439688858, -0.0000046344138132,
 -0.0000064661579751, -0.0000061648438309,
 -0.0000112542046720, -0.0000020771387192,
 -0.0000129544034513, -0.0000035950829721,
 -0.0000175620019816,  0.0000003981996708,
 -0.0000191271110515, -0.0000011137742261,
 -0.0000235427132883,  0.0000027807180401,
 -0.0000249610146921,  0.0000012686921804,
 -0.0000291744478349,  0.0000050604897592,
 -0.0000304356184099,  0.0000035428923390,
 -0.0000344380942684,  0.0000072285631512,
 -0.0000355332106085,  0.0000057003837924,
 -0.0000393173267236,  0.0000092769735798,
 -0.0000402388619861,  0.0000077337144471,
 -0.0000437985947750,  0.0000111987493098,
 -0.0000445404079031,  0.0000096364256982,
 -0.0000478710982244,  0.0000129879117076,
 -0.0000484284156316,  0.0000114030496516,
 -0.0000515267471610,  0.0000146394697313,
 -0.0000518961374240,  0.0000130291009439,
 -0.0000547601081769,  0.0000161494090788,
 -0.0000549394501336,  0.0000145110633191,
 -0.0000575683374869,  0.0000175146762440,
 -0.0000575567820312,  0.0000158463712500,
 -0.0000599511020499,  0.0000187331577914,
 -0.0000597490282030,  0.0000170333869261,
 -0.0000619104890098,  0.0000198036551126,
 -0.0000615194547885,  0.0000180713729032,
 -0.0000634509051257,  0.0000207258550326,
 -0.0000628735934668,  0.0000189604607448,
 -0.0000645789666677,  0.0000215002965838,
 -0.0000638191269050,  0.0000197016159777,
 -0.0000653033805733,  0.0000221283342080,
 -0.0000643657665790,  0.0000202965997966,
 -0.0000656348187567,  0.0000226120979418,
 -0.0000645251229477,  0.0000207479276360,
 -0.0000655857853164,  0.0000229544506637,
 -0.0000643105702916,  0.0000210588252610,
 -0.0000651704785469,  0.0000231589429520,
 -0.0000637371063060,  0.0000212331825323,
 -0.0000644046482924,  0.0000232297658057,
 -0.0000628212073226,  0.0000212755051448,
 -0.0000633054501787,  0.0000231717017348,
 -0.0000615806812792,  0.0000211908650154,
 -0.0000618912964216,  0.0000229900742060,
 -0.0000600345177703,  0.0000209848492131,
 -0.0000601817058178,  0.0000226906962604,
 -0.0000582027373058,  0.0000206635081016,
 -0.0000581971526731,  0.0000222798183105,
 -0.0000561062401083,  0.0000202333028619,
 -0.0000559589155153,  0.0000217640754123,
 -0.0000537666559284,  0.0000197010529108,
 -0.0000534889276783,  0.0000211504347212,
 -0.0000512061943694,  0.0000190738830870,
 -0.0000508096288116,  0.0000204461428778,
 -0.0000484474983009,  0.0000183591714780,
 -0.0000479438194047,  0.0000196586740258,
 -0.0000455134998534,  0.0000175644977673,
 -0.0000449145184445,  0.0000187956785433,
 -0.0000424272797382,  0.0000166975923641,
 -0.0000417448254815,  0.0000178649329510,
 -0.0000392119317182,  0.0000157662869787,
 -0.0000384577864746,  0.0000168742907940,
 -0.0000358904311585,  0.0000147784662909,
 -0.0000350762656949,  0.0000158316353192,
 -0.0000324855094851,  0.0000137420213698,
 -0.0000316228230199,  0.0000147448337384,
 -0.0000290195344817,  0.0000126648048412,
 -0.0000281195971849,  0.0000136216932815,
 -0.0000255143973916,  0.0000115545881781,
 -0.0000245881964139,  0.0000124699195945,
 -0.0000219914061571,  0.0000104190208655,
 -0.0000210495953577,  0.0000112970770867,
 -0.0000184711865856,  0.0000092655921369,
 -0.0000175240397583,  0.0000101105517757,
 -0.0000149735907029,  0.0000081015950142,
 -0.0000140309586160,  0.0000089175165604,
 -0.0000115176126568,  0.0000069340927910,
 -0.0000105888844610,  0.0000077248991795,
 -0.0000081213130957,  0.0000057698883623,
 -0.0000072153811038,  0.0000065393525998,
 -0.0000048017510668,  0.0000046154960095,
 -0.0000039269800461,  0.0000053672283496,
 -0.0000015749243547,  0.0000034771160445,
 -0.0000007391248016,  0.0000042145524963,
  0.0000015442820416,  0.0000023606122051,
  0.0000023338765016,  0.0000030870044493,
  0.0000045421392672,  0.0000012714918298,
  0.0000052788904928,  0.0000019898984858,
  0.0000074061097098,  0.0000002148889008,
  0.0000080839895557,  0.0000009281682174,
  0.0000101248743327, -0.0000008044502792,
  0.0000107384751543, -0.0000000936463291,
  0.0000126883518394, -0.0000017821785086,
  0.0000132328932002, -0.0000010714088198,
  0.0000150877102654, -0.0000027143564695,
  0.0000155590418498, -0.0000020013940652,
  0.0000173153710810, -0.0000035974588831,
  0.0000177099719062, -0.0000028802928173,
  0.0000193650059769, -0.0000044283780038,
  0.0000196799801748, -0.0000037052141021,
  0.0000212315267785, -0.0000052044246985,
  0.0000214645959498, -0.0000044736850189,
  0.0000229110686692, -0.0000059233270769,
  0.0000230605610727, -0.0000051836482251,
  0.0000244009671036, -0.0000065832268279,
  0.0000244658037974, -0.0000058334571695,
  0.0000256997288465, -0.0000071826733621,
  0.0000256794070091, -0.0000064218691781,
  0.0000268069973214, -0.0000077206158897,
  0.0000267015709797, -0.0000069480365488,
  0.0000277235129205, -0.0000081963935437,
  0.0000275335712144, -0.0000074114957555,
  0.0000284510685369, -0.0000086097237011,
  0.0000281777117275, -0.0000078121549051,
  0.0000289924606576, -0.0000089606886053,
  0.0000286372743502, -0.0000081502796161,
  0.0000293514368243, -0.0000092497204977,
  0.0000289164641040, -0.0000084264773856,
  0.0000295326394010, -0.0000094775853205,
  0.0000290203516142, -0.0000086416806882,
  0.0000295415464624, -0.0000096453651966,
  0.0000289548126520, -0.0000087971288940,
  0.0000293844100648, -0.0000097544398024,
  0.0000287264651911, -0.0000088943491263,
  0.0000290681925872, -0.0000098064668417,
  0.0000283426049198, -0.0000089351363354,
  0.0000286005010351, -0.0000098033616312,
  0.0000278111389501, -0.0000089215325624,
  0.0000279895204610, -0.0000097472761239,
  0.0000271405186678, -0.0000088558056665,
  0.0000272439464261, -0.0000096405773941,
  0.0000263396718967, -0.0000087404275971,
  0.0000263729168945, -0.0000094858257081,
  0.0000254179350572, -0.0000085780524286,
  0.0000253859445106, -0.0000092857524818,
  0.0000243849851110, -0.0000083714941187,
  0.0000242928488627, -0.0000090432380326,
  0.0000232507724684, -0.0000081237043558,
  0.0000231036896866, -0.0000087612894228,
  0.0000220254546195, -0.0000078377504456,
  0.0000218287011264, -0.0000084430184518,
  0.0000207193311067, -0.0000075167934429,
  0.0000204782273850, -0.0000080916199136,
  0.0000193427798946, -0.0000071640665542,
  0.0000190626603049, -0.0000077103503067,
  0.0000179061960063, -0.0000067828541086,
  0.0000175923785940, -0.0000073025069128,
  0.0000164199319442, -0.0000063764709483,
  0.0000160776897350, -0.0000068714075945,
  0.0000148942407255, -0.0000059482425213,
  0.0000145287742742, -0.0000064203712257,
  0.0000133392215030, -0.0000055014856763,
  0.0000129556327532, -0.0000059526988433,