f,amplitude_ 1,amplitude_ 2,amplitude_ 3,amplitude_ 4,amplitude_ 5,amplitude_ 6,amplitude_ 7,amplitude_ 8,amplitude_ 9,amplitude_10,amplitude_11,amplitude_12
0,0.00233428513701706,0.00423058445685213,0.0044780355880513,0.00478118203815506,0.00482597807733469,0.00474122501046323,0.00465054907178949,0.00460075898910956,0.0046165272269482,0.00439091744542971,0.00420231666682433,0.00243423476999014
0.0748331281109628,0.00422655893929663,0.00754562122847988,0.0079808872032237,0.00844636367237367,0.00848102500456507,0.00819601319772419,0.00802648031009307,0.00807117420504625,0.00814953388238371,0.00784756739634835,0.00751046804190057,0.00440963481668022
0.149666256221926,0.0031853856745798,0.00523379809844154,0.00551217843402407,0.00563236636479439,0.00552597762499013,0.00492641697144826,0.00479595963661899,0.00523336299204813,0.00542995510004244,0.0054811891786756,0.0052512360028932,0.0033113242950792
0.224499384332888,0.00230439666759713,0.00275792606615756,0.00281500977719363,0.00257713396869083,0.00232305672178144,0.00115113046180631,0.00108294077266298,0.00221530248915859,0.0025295514510195,0.00288175371255052,0.00281553113451745,0.00233163026369427
0.299332512443851,0.00211765338084157,0.00202691665747123,0.00190200080203493,0.0017600266353774,0.00176022449453313,0.00168800727055829,0.00164699438175737,0.00173616047556674,0.00178767534072145,0.00188646500542157,0.00200003042083953,0.00209451645586015
0.374165640554814,0.00202694497338328,0.00236853518594377,0.00226949899607187,0.00223857410221944,0.00234184897321115,0.00252850891349977,0.00242615288751858,0.0022000250058387,0.00214828900421691,0.00216839921111506,0.00228156012699977,0.0020352048096698
0.448998768665777,0.00152833254835306,0.00192647391269054,0.00185862272517559,0.00171536034949569,0.00169645865674264,0.0016122615668914,0.00150850073522249,0.00150392676889579,0.00155607898112012,0.00178684621192109,0.0018597375992704,0.00156077474713601
0.52383189677674,0.000779370785064466,0.000843331314007697,0.000829885440762822,0.000781336636483592,0.000689703179485915,0.000202683472100265,0.000107630648605743,0.000561729456148265,0.000696588870362485,0.000835334191467589,0.000837141923428819,0.000776023443976323
0.598665024887702,0.000311303549306407,0.000186124691498626,0.000182025008880585,0.00075881055738544,0.000986448046706819,0.00136543921334327,0.00126255272169487,0.000993329116956537,0.000854374308508429,0.0002610354437004,0.000179580448160096,0.00025879042935341
0.673498152998665,0.00041976339158408,0.000626840507263222,0.000501158608505301,0.000710918494399707,0.000921358864080424,0.00147954006675229,0.00133635696328366,0.000949897884028066,0.000760209617944231,0.000496898774106908,0.000549917154045579,0.000485517338404809
0.748331281109628,0.000434465954202393,0.000429040236985856,0.000307159047996163,0.000165329333652386,9.37964922856311e-05,0.000593982695561954,0.000526373782064683,0.000201359842871438,7.9655319759571e-05,0.000305801731511834,0.000362998316851404,0.000445274510795336
0.823164409220591,0.000422221948008261,0.000231715562635071,0.000285875150980525,0.000599907509710805,0.000751306153625912,0.000457235417055686,0.000383596846665607,0.000641500010877036,0.000609002084027105,0.00036168208491819,0.000316475330648438,0.000310754364039032
0.897997537331554,0.000295912131514516,0.000411954920473897,0.000359413946371184,0.000747570263036809,0.000828575796137091,0.000798479625317206,0.000633875801015854,0.000891693914135854,0.000723810444756583,0.000562114588651009,0.00047887177517089,0.000381813077151861
0.972830665442516,0.000124325441874212,0.000314539333645913,0.000189270949317169,0.000386075564746188,0.000248702228195581,0.000404926728485653,0.000225957769791491,0.000491922804611083,0.000304400551950837,0.000427214045700623,0.000327848223701018,0.00034311027704039
1.04766379355348,0.00031499466069861,0.000244102098372273,0.000429245388035158,0.000239027657691033,0.000465832669566276,0.000151019932956078,0.000466839510288812,3.76501203913766e-05,0.000342014244275538,0.00018124815197566,0.000151490841325831,0.000213320808469942
1.12249692166444,0.00032714287833771,0.000239381693536447,0.000495044346148894,0.000276091361750653,0.000511445295120057,0.000212736621307645,0.000523557005748197,0.000218076217294964,0.000374876165238335,0.000130257309334005,0.000109003940289807,0.000141624456408834
1.1973300497754,0.000178634475074296,0.000153299824475311,0.000280940809530383,0.000137476935448353,0.000229412894128935,5.9459497651042e-05,0.000190595512422199,9.48025057908863e-05,9.54142572883687e-05,8.92750909414773e-05,1.82890882390301e-05,8.07194900565992e-05
1.27216317788637,2.67581918302813e-05,7.01272557872439e-05,2.00883823573358e-05,0.000148974248755013,5.9678518634757e-05,9.60930009388512e-05,0.000148233875750683,4.87168620911433e-05,0.00017231872148378,3.85393293171951e-05,7.20710837042635e-05,3.97871052474199e-05
1.34699630599733,0.000102543300459914,5.59612983952802e-05,0.000126350714691124,0.000114536607136407,0.000150048318566369,8.0742536920341e-05,0.000250083216991548,6.47463771804127e-05,0.000244604356345514,4.38709688914356e-05,0.000101471653816259,0.000107393600475297
1.42182943410829,0.000125125478058898,8.12240323952889e-05,0.000135876150128044,5.62193469090748e-05,0.00010780921071515,6.5115909574315e-05,0.000179712996589844,0.000104366676444213,0.000177597926412213,8.52229257832666e-05,9.85567501796042e-05,0.000142016726017758
1.49666256221926,9.82859935698774e-05,0.000101521969054957,9.22850984655101e-05,0.000133297259583255,6.65140488652513e-05,0.000137062223074007,0.00011984818565686,0.000159494837218864,0.000119162331784891,0.000109197479269222,9.81733000945897e-05,0.000125153964851419
1.57149569033022,5.66849068079474e-05,8.7149856321883e-05,6.24101474410207e-05,0.00012957326118166,6.19858450701944e-05,0.00012523173477231,0.000101343178812256,0.000129404969805407,9.27871301075909e-05,9.07619925944193e-05,8.20777902818545e-05,7.56849878902364e-05
1.64632881844118,2.16069200704973e-05,4.57379805601735e-05,4.25189342636849e-05,5.67101773825616e-05,2.78608196780217e-05,4.84506639661873e-05,4.48719735170997e-05,4.30928082776225e-05,4.48381849687743e-05,5.2265531676359e-05,4.49058271959904e-05,2.45601773735544e-05
1.72116194655214,8.40428351994415e-07,8.02994936426689e-06,2.17294338099832e-05,2.12494223725824e-05,2.06430445066408e-05,2.65168029033014e-05,1.79672718096155e-05,4.2010557290577e-05,2.51302138260069e-05,3.29083419841878e-05,9.9133909082634e-06,9.09120267930725e-06
1.79599507466311,6.47645190499753e-06,1.3405286397911e-05,9.39967251836976e-06,4.23538895399717e-05,3.55844592562649e-05,4.82761521727382e-05,3.98295692615627e-05,5.80185324552122e-05,3.27537297008139e-05,2.39134863750982e-05,1.18465656392305e-05,1.43614152209498e-05
1.87082820277407,6.20768224113611e-06,9.17155755250887e-06,5.28778792802556e-06,2.11680868334309e-05,2.28061427547639e-05,2.47319684921543e-05,2.07060083221737e-05,2.79001059860084e-05,1.32399741030657e-05,1.025975459704e-05,1.08431928948384e-05,7.57507464695097e-06
1.94566133088503,4.55242313359993e-06,1.76672086934989e-06,5.40072780314078e-06,1.40771428030956e-05,5.64837367072236e-06,8.2668644462332e-06,1.19429843427794e-05,1.2511992801584e-05,1.05912841931811e-05,1.44550239552385e-05,5.20745543407093e-06,3.7076354933458e-06
2.020494458996,3.82764163810597e-06,6.75851715077311e-06,4.84577016878675e-06,2.34923457644584e-05,9.00646773105582e-06,1.98492311581888e-05,2.09430341349599e-05,2.4497051348378e-05,1.64376158079413e-05,1.27471426941968e-05,3.8809147662432e-06,2.97473723009445e-06
2.09532758710696,3.75983602957761e-06,4.8512534016131e-06,5.80729586507612e-06,1.13534450351993e-05,6.0695762320198e-06,8.8734450722308e-06,1.05884866830264e-05,1.26396973371152e-05,5.62128841927749e-06,4.75552895651188e-06,2.72781108297484e-06,9.25432209624941e-07
2.17016071521792,3.30151558488084e-06,2.06056375144354e-06,6.34127845561161e-06,5.78809398196594e-06,6.35738231215662e-06,8.98423401516188e-06,5.25073319940985e-06,8.33491325139142e-06,6.21956370623465e-06,1.11492595116957e-05,3.20905791387917e-06,2.57454434864534e-06
2.24499384332888,3.74986728631276e-06,4.6558163002833e-07,2.74371138311372e-06,1.17437891342854e-05,3.72927382614764e-06,1.35537192981825e-05,5.58781269574887e-06,1.33364159837841e-05,5.87728267602241e-06,1.15262784203111e-05,6.53634414609576e-06,3.02271121037345e-06
2.31982697143985,3.79512710982106e-06,2.33499966852005e-06,5.71550038284093e-06,6.11358489467468e-06,4.75674765271337e-06,6.65510849746597e-06,4.43234816665687e-06,7.09176649710263e-06,4.44254726324753e-06,5.49246167283619e-06,9.63695585830637e-06,3.82079539160886e-06
2.39466009955081,1.79585899016966e-06,3.96000183369691e-06,8.09128104705983e-06,5.17548874603707e-06,9.61910568713094e-06,2.6643557305065e-06,1.26335215457714e-05,3.66694910288769e-06,1.10051968678721e-05,1.32673385814937e-06,7.65989942876348e-06,3.92506941688315e-06
2.46949322766177,5.61779590663697e-06,5.24199914411671e-06,7.13637062307914e-06,6.94666528247972e-06,6.64755105408476e-06,3.68356035685299e-06,1.00785111049936e-05,3.53920724736443e-06,7.78705315126675e-06,4.31790804526762e-06,1.2836491113753e-06,5.85409057025501e-06
2.54432635577273,7.94300227842422e-06,6.20848180728422e-06,8.04179284294378e-06,5.64073523464745e-06,5.45155361608117e-06,5.56075400112796e-06,3.9841897520057e-06,5.28422032324466e-06,3.37534130139824e-06,6.54267070429879e-06,6.63202603995806e-06,6.84703129579121e-06
2.6191594838837,4.28414790061825e-06,2.95914146300773e-06,6.75715724388035e-06,4.17657400826697e-06,8.13976965181571e-06,6.65655997119374e-06,8.54715263795763e-06,7.13313640506661e-06,7.68536109643146e-06,4.16126843498102e-06,6.57367710006713e-06,3.19822579782552e-06
2.69399261199466,4.18913552401698e-06,5.06900109216102e-06,4.83400044404109e-06,3.66038718861721e-06,3.90396378693608e-06,1.87246972344437e-06,4.93682640919061e-06,2.80735202363134e-06,3.14840852140049e-06,3.97391269617657e-06,2.12638631946561e-06,5.44715109706457e-06
2.76882574010562,1.03684730123155e-05,1.10029137340578e-05,1.08025713036689e-05,1.05699190954771e-05,7.73312217202098e-06,1.00465800752717e-05,7.65747221330895e-06,9.3216977385761e-06,7.92999711151069e-06,1.0981130300256e-05,1.00160599621476e-05,1.05172713876367e-05
2.84365886821659,8.46001828074238e-06,8.48817297371273e-06,1.06123132512289e-05,1.04231469843165e-05,1.08418118691541e-05,1.17105504334274e-05,1.24760242418633e-05,1.12029046008959e-05,1.20427927784602e-05,9.60517592963639e-06,1.09387867278745e-05,7.71655052721306e-06
2.91849199632755,3.40526960953673e-06,4.81380058416548e-06,3.77068162887926e-06,2.07727984620896e-06,2.75240776190212e-06,7.43314062879767e-07,4.64996637801075e-06,6.63044218017563e-07,3.49530980598089e-06,3.03262477396057e-06,2.05532066295369e-06,5.87606968179603e-06
2.99332512443851,1.94368278753125e-05,2.24256324305132e-05,1.92257127904194e-05,2.14422534973019e-05,1.50744448412462e-05,2.13056783676159e-05,1.43960634018795e-05,1.9692086236784e-05,1.46372888079014e-05,2.09203454485742e-05,1.72720878829514e-05,2.1250273407058e-05
3.06815825254947,3.21759861488618e-05,3.58310452710802e-05,3.35364436860925e-05,3.69126440344392e-05,3.05676607353683e-05,3.88389731480935e-05,3.14345879075182e-05,3.61580538261348e-05,3.10672174798881e-05,3.4631585030722e-05,3.21799448717772e-05,3.30767933193295e-05
3.14299138066044,3.53527155838551e-05,3.82138052448015e-05,3.72090899946449e-05,3.9546300482395e-05,3.54168680901766e-05,4.28024661759259e-05,3.67326536943825e-05,3.97522672035557e-05,3.61117627715778e-05,3.70063968334677e-05,3.69297663189881e-05,3.5283668922643e-05
3.2178245087714,2.83658428103226e-05,2.95756108940208e-05,2.9323417850181e-05,2.9233772573022e-05,2.79139539608608e-05,3.23370123684967e-05,2.83748237850234e-05,2.98017631298485e-05,2.81369518278296e-05,2.8186679190411e-05,3.02341148841683e-05,2.79240566136789e-05
3.29265763688236,1.57252620422496e-05,1.57000677847696e-05,1.53240051484987e-05,1.36435204418281e-05,1.39431054455938e-05,1.53510481377659e-05,1.33570083528192e-05,1.39130244865712e-05,1.3713577579817e-05,1.43109220683555e-05,1.71058997117075e-05,1.55770920556849e-05
3.36749076499333,3.64829757345142e-06,3.6955836941739e-06,2.53060861631174e-06,2.22524855010895e-06,1.78217728035891e-06,2.11431955480093e-06,1.9022945714333e-06,2.14925898809001e-06,1.67859396950971e-06,2.81097062382368e-06,4.56658357140363e-06,4.17962216246592e-06
3.44232389310429,3.61752003381077e-06,2.7274183436481e-06,4.64199060730865e-06,3.41832542430048e-06,4.24410777252597e-06,4.36309776612578e-06,4.43070607472255e-06,4.7308870930288e-06,3.578952142385e-06,3.92854182572863e-06,2.75376740973336e-06,2.67968863015003e-06
3.51715702121525,5.2840953292225e-06,3.3214903592776e-06,5.70307541841909e-06,2.40616761523191e-06,4.17400785403196e-06,3.54687790941796e-06,3.40137707010604e-06,4.48245708685126e-06,3.07186708800222e-06,4.42069887884263e-06,4.44074729251008e-06,4.35726581191845e-06
3.59199014932621,3.32594793742996e-06,1.22498244864065e-06,3.25198870072738e-06,1.24640872942966e-06,1.76141615511438e-06,1.45067764926308e-06,1.71029861911087e-06,3.00586705017039e-06,1.86920305228691e-06,2.26428796564752e-06,2.78669010839513e-06,2.79086255804452e-06
3.66682327743718,6.44076065528413e-07,8.03476409859432e-07,2.70360810242238e-07,1.22820333344739e-06,6.49612227850083e-07,1.20938724165386e-06,1.68202189529941e-06,1.70097852356078e-06,1.95559973708699e-06,1.18892961305849e-06,5.56736845872712e-07,3.6268958002637e-07
3.74165640554814,1.7968354767214e-06,1.3962187002666e-06,1.68267185185311e-06,7.50213613205405e-07,1.00282475760464e-06,9.33501339068564e-07,1.2398728504432e-06,8.09500148606483e-07,1.26528411045569e-06,1.91334290456612e-06,1.15363312227319e-06,1.63746139831727e-06
3.8164895336591,2.27195797609528e-06,8.60373846769802e-07,1.88035992692017e-06,5.99530843799988e-07,6.79745122223271e-07,5.82894349217673e-07,8.21990405475548e-07,8.24576058677628e-07,6.55186187546896e-07,1.23008600696522e-06,1.5795808438905e-06,2.12734011748151e-06
3.89132266177007,1.47921659783552e-06,6.0646682443772e-07,1.15406558783088e-06,4.25469964063174e-07,6.06671149247662e-07,3.02703060684364e-07,1.94387604644946e-07,3.95365778359271e-07,5.57079197574974e-07,5.48542008559015e-07,1.15772684422387e-06,1.42301436100319e-06
3.96615578988103,3.39542097424757e-07,8.29307249737649e-07,7.81146561173084e-07,1.32042047783609e-06,8.73639644748663e-07,1.13608868207805e-06,8.71542640997801e-07,1.00995678173673e-06,3.82888620435239e-07,1.36450683016052e-06,1.90677213337208e-07,5.19106800715835e-07
4.04098891799199,1.1947532393367e-06,7.24065859215365e-07,9.63856043870334e-07,1.08602787165825e-06,5.89100196941449e-07,8.536042401146e-07,7.05773433070222e-07,6.50802990938288e-07,2.00109652026267e-07,1.04109335631703e-06,8.35080913415749e-07,1.12663423900079e-06
4.11582204610295,1.43422870392726e-06,8.25024030514336e-07,1.1456659042241e-06,3.36230482693029e-07,1.05059488965326e-06,4.86829570959699e-07,9.78098226263605e-07,8.47376224218656e-07,1.117607769171e-06,9.86277114691285e-07,1.31081567104469e-06,1.3392798819166e-06
4.19065517421392,7.16419951693397e-07,7.50643140145404e-07,1.06620392850115e-06,1.62618891819176e-06,1.6061301716179e-06,1.58625389290784e-06,1.96695430124411e-06,2.01210117246825e-06,1.61773981705108e-06,1.65214141991683e-06,1.01361573387407e-06,8.18851858792115e-07
4.26548830232488,7.10932520003781e-07,3.4948459498511e-07,7.94174013052347e-07,1.65033169599209e-06,1.21689586133328e-06,1.41660156948382e-06,1.76469435057186e-06,1.75976133866355e-06,1.21596858704441e-06,1.3402180354606e-06,8.37252980729561e-07,4.23094146575275e-07
4.34032143043584,1.32678826207522e-06,5.31966859560413e-07,9.81953441040645e-07,5.99025230779737e-07,6.95260895485325e-07,3.96295293880817e-07,9.09356104584858e-07,4.35340120385474e-07,9.62846404014274e-07,4.2348469316064e-07,1.22825058561542e-06,5.80696242415171e-07
4.4151545585468,9.82842990153615e-07,3.4645436038275e-07,8.89986298954817e-07,6.41542680960598e-07,1.00110883144944e-06,8.3718212862924e-07,1.18447117862281e-06,8.55111359709055e-07,1.23680327448697e-06,4.26364759120195e-07,9.34098925940682e-07,7.83004170422288e-08
4.48998768665777,3.3645770720038e-07,4.60146451925004e-07,2.08551370961475e-07,5.10388524634485e-07,5.50113241319879e-07,5.05308140466605e-07,8.37157970994063e-07,6.69566055300977e-07,6.01137449652119e-07,1.99341890465737e-07,2.96534572730013e-07,8.38560563907278e-07
4.56482081476873,1.02904754937054e-06,1.17972444343357e-06,8.59937557872756e-07,5.72446106058195e-07,5.18563625669406e-07,6.81647239547702e-07,4.09710279241735e-07,5.38098227259285e-07,6.40148171681537e-07,6.85244350781492e-07,1.05180579653506e-06,1.2830636349951e-06
4.63965394287969,9.92782045541129e-07,1.09002439309537e-06,1.03393510562697e-06,1.38101713913116e-06,1.14508841024294e-06,1.46304712939518e-06,1.31172940940443e-06,1.41116366338732e-06,1.32818601135449e-06,9.64624603569599e-07,1.03602964653274e-06,8.41847760100104e-07
4.71448707099066,2.85223646176888e-07,2.44635749199511e-07,3.38241015669963e-07,1.12227748775361e-06,7.63623884716524e-07,9.92606919486375e-07,9.80086590982837e-07,1.05751950862612e-06,8.23309238854463e-07,4.22140937626641e-07,2.8324605558741e-07,2.27363095461154e-07
4.78932019910162,6.85216094306846e-07,7.25847867019976e-07,5.64292102444567e-07,1.75993594031269e-07,3.51914454010638e-07,2.9613884236575e-07,2.30126861603526e-07,1.96655337902012e-07,3.61408912339987e-07,4.42416310725001e-07,7.44943878841603e-07,9.38471666971351e-07
4.86415332721258,7.3384707610461e-07,8.06650552547347e-07,7.75574754523082e-07,7.70875243913481e-07,8.64656816318693e-07,1.14944318616553e-06,1.05695546538739e-06,1.08104657321091e-06,1.07502151788356e-06,7.07419625105375e-07,7.4303538400823e-07,7.76955399590684e-07
4.93898645532354,6.92845653502186e-08,4.21477933064189e-08,1.20922352070518e-07,5.54334357582787e-07,4.81183444490604e-07,7.89981601187151e-07,7.20969167473236e-07,8.06564023134501e-07,6.8521693191241e-07,1.42950846719638e-07,1.90042353039682e-07,1.65475804612578e-07
5.01381958343451,6.61683414816008e-07,8.46182217201882e-07,7.39515105772504e-07,3.31385957747714e-07,4.16757739164913e-07,4.98681011004647e-07,5.04798190753273e-07,2.92533003162525e-07,3.68615424293708e-07,7.72856708197206e-07,1.00088669629984e-06,8.97664928244278e-07
5.08865271154547,7.03721892030163e-07,9.47653679804525e-07,9.17372166102005e-07,8.50246217183125e-07,8.35331133801735e-07,1.16958644524083e-06,1.18668095316108e-06,9.90167872366947e-07,9.01039550974453e-07,9.94703568385033e-07,1.03505930224007e-06,8.5513700436988e-07
5.16348583965643,1.38784709874077e-08,2.25879700964919e-07,3.03600617118257e-07,4.03135266988413e-07,3.16184886967249e-07,7.17899618732527e-07,7.50600743034873e-07,6.31431032523646e-07,4.38419111874168e-07,3.08860407681409e-07,2.38895008687522e-07,3.79642105761171e-08
5.2383189677674,7.61940015565028e-07,8.04808059281026e-07,8.00390445063755e-07,6.96155646834757e-07,6.65017158543334e-07,4.55366501687969e-07,4.18005578864897e-07,5.31515273869966e-07,6.15718982157674e-07,6.54388962964741e-07,7.92456022663644e-07,7.60245989598097e-07
5.31315209587836,8.90097319368706e-07,9.77832618808684e-07,1.01490697658014e-06,1.23024298428902e-06,1.09015172367424e-06,1.13184958798664e-06,1.08379802999685e-06,1.09255735007766e-06,1.04661417174555e-06,9.30715027130476e-07,9.11504164506382e-07,8.41159697696309e-07
5.38798522398932,2.54375049992358e-07,2.35107917666383e-07,3.18011166951763e-07,6.81577914348981e-07,4.99578321569015e-07,6.45293559343564e-07,5.9983430197768e-07,5.57970234753063e-07,4.13051390073544e-07,2.35061396116088e-07,1.24645801699564e-07,1.25427141066989e-07
5.46281835210028,5.7932599380926e-07,7.26209542572736e-07,6.86454491791745e-07,5.28128402514031e-07,6.09837533172299e-07,6.34144025560188e-07,6.80046125510108e-07,6.57121243721196e-07,7.47674181152493e-07,8.06765907920948e-07,8.79498616507551e-07,6.71632134682539e-07
5.53765148021125,8.16470510084495e-07,9.7627733707758e-07,9.79122572202478e-07,1.22040587663667e-06,1.16849495816633e-06,1.33886409687747e-06,1.38128180554374e-06,1.37036808462716e-06,1.32556663995754e-06,1.17462189047338e-06,1.07734406358373e-06,8.47349756265602e-07
5.61248460832221,3.04975709048436e-07,3.00070243160845e-07,3.02777204281522e-07,7.72631134843762e-07,6.53431480795323e-07,8.49886076747166e-07,8.83621641349499e-07,8.91416584691995e-07,7.57196509315841e-07,5.1854009170666e-07,3.27607651188928e-07,2.88261562142882e-07
5.68731773643317,5.68864522145232e-07,7.78486632890103e-07,7.4987373508855e-07,4.03959317901842e-07,4.59430232937514e-07,4.20389604202727e-07,4.13700926701018e-07,4.13864452390156e-07,5.29883347398061e-07,6.27540093572443e-07,7.93950771342856e-07,6.06956180711138e-07
5.76215086454414,8.37150415586167e-07,1.12726027743575e-06,1.11312009800065e-06,1.18549503159221e-06,1.11413880524942e-06,1.24838422361573e-06,1.21154800613917e-06,1.23734591616503e-06,1.20121376499138e-06,1.11719175871611e-06,1.12629555377734e-06,8.33895308774185e-07
5.8369839926551,3.26432470365036e-07,4.83315275083167e-07,4.14002890066988e-07,8.46923004962439e-07,6.84178567985222e-07,8.74927773977066e-07,7.84301628664935e-07,8.97425429399338e-07,7.22829434403893e-07,5.6138504208409e-07,4.52979436275198e-07,2.79948288850868e-07
5.91181712076606,5.17357262833335e-07,5.92441064864595e-07,7.44898193774335e-07,2.84972934238967e-07,4.17690987816332e-07,3.36806126243162e-07,4.93455002042386e-07,2.94074913058425e-07,5.21881275998049e-07,5.5497936598934e-07,7.43643637695173e-07,5.11971410794966e-07
5.98665024887702,8.60979869801701e-07,1.02461780631552e-06,1.26003322940019e-06,1.00825875412399e-06,1.10251445411811e-06,1.12800509760204e-06,1.31113936009379e-06,1.10880891065481e-06,1.23229742481846e-06,1.09131275206576e-06,1.14655126985301e-06,7.93468175022713e-07
6.06148337698799,3.17082216000731e-07,3.01259579132643e-07,5.13862821258549e-07,5.10171012062087e-07,5.97440203167916e-07,6.15329746682503e-07,7.46211716135435e-07,6.73305938389481e-07,6.51567255015229e-07,4.51061813754537e-07,3.37525480480529e-07,2.11682971185469e-07
6.13631650509895,8.3189317842371e-07,1.18842115637973e-06,1.17234096636041e-06,1.02956459998845e-06,8.88413865102841e-07,1.00063604444105e-06,1.00699011251948e-06,8.53790050483891e-07,9.79626328826637e-07,1.08701942996316e-06,1.23648427414194e-06,8.83004672090209e-07
6.21114963320991,1.71918848926576e-06,2.42046426126596e-06,2.58425526120084e-06,2.51562348014705e-06,2.26650513662095e-06,2.54362701139515e-06,2.66931034856872e-06,2.36559698620054e-06,2.48774356162082e-06,2.42286816018521e-06,2.51446299035561e-06,1.69398884914071e-06
6.28598276132087,1.79486006576714e-06,2.62686782244136e-06,2.86912123995922e-06,2.90374690460825e-06,2.59859536699133e-06,2.92017834801711e-06,3.08884635799751e-06,2.7973756100487e-06,2.84743447018657e-06,2.73603308157585e-06,2.6825223657161e-06,1.7259403078443e-06
6.36081588943184,1.12290223326604e-06,1.82827123233065e-06,1.99029820503138e-06,2.04127346867722e-06,1.77360158575992e-06,1.99344670958073e-06,2.09395779936051e-06,1.98726906858603e-06,1.94769958416397e-06,1.96798997913097e-06,1.80949181583702e-06,1.11970642176813e-06
6.4356490175428,2.84063506566013e-07,7.05872927661754e-07,7.08094029996423e-07,7.10874551481548e-07,5.35453970239332e-07,6.13522824563436e-07,5.65535869326717e-07,7.25973400381616e-07,5.91742628870335e-07,8.13735326554332e-07,6.1625813138885e-07,3.83277869190797e-07
6.51048214565376,1.63577343988677e-07,9.0167275937214e-08,1.81674750702374e-07,3.09582012110867e-07,2.73862258855583e-07,3.79506521077748e-07,4.2680817738177e-07,3.51882210116585e-07,2.6954043981555e-07,2.09849705531039e-07,1.35157317673713e-07,6.9565533024722e-08
6.58531527376473,1.32067577682357e-07,2.54797978145038e-07,2.61115450989661e-07,3.52234932727123e-07,2.72869482354248e-07,4.06930463832588e-07,4.31494801235914e-07,3.62599791907734e-07,3.05079496677073e-07,3.56820407851839e-07,2.20506027092253e-07,6.43061892566661e-08
6.66014840187569,1.77143855046857e-07,2.23897871829142e-07,4.39344283080539e-08,1.92935087007934e-07,1.1481873023157e-07,2.8935619515191e-07,8.10033522847659e-08,2.98670886280369e-07,1.27998114569493e-07,3.30062843218224e-07,4.64524193128922e-08,1.20169711553507e-07
6.73498152998665,2.19885776567521e-07,1.72066549098756e-07,2.35816121199662e-07,3.02824957582201e-07,3.14884180671997e-07,3.73656414322818e-07,3.75252862121419e-07,3.82153194193463e-07,2.93033356774369e-07,2.22457935420342e-07,1.33789324491425e-07,8.49519351987365e-08
6.80981465809761,6.64178689453497e-08,1.74944945967745e-07,1.22369553945611e-07,1.17142733773078e-07,1.31722052084458e-07,1.28050059685434e-07,1.75231314087601e-07,1.57500637513576e-07,9.23706635473298e-08,1.19288637790635e-07,2.944352211535e-08,6.2459836184791e-08
6.88464778620858,1.95613100009244e-07,2.83023106344472e-07,1.58056752163489e-07,3.04265397253868e-07,2.61523062102996e-07,3.37307343986635e-07,3.43436283916576e-07,2.72278241779466e-07,3.36095272307084e-07,2.39167145302195e-07,1.81326515365113e-07,1.58717404641035e-07
6.95948091431954,1.7438730565671e-07,1.75899266195976e-07,2.12309389847044e-07,3.42711272729706e-07,3.40475853615365e-07,3.88193659730038e-07,4.93015902507038e-07,3.1019369895467e-07,4.28988338170423e-07,1.23331701272154e-07,1.86803173750612e-07,5.04663372530026e-08
7.0343140424305,1.29560300369426e-07,1.64953096528234e-07,1.36228443330842e-07,9.88087871911386e-08,1.37207658543698e-07,1.82155498794062e-07,2.47002498154547e-07,1.95737083543805e-07,2.51739946901006e-07,2.06308496616669e-07,2.16032360828544e-07,2.15919207576361e-07
7.10914717054147,3.02603330756797e-07,3.63687443363978e-07,2.76205032397077e-07,4.12394365478985e-07,3.17634958372363e-07,4.80557536129105e-07,3.03794100601356e-07,4.88162429780737e-07,3.54813934649128e-07,4.39744229041494e-07,3.24295645786856e-07,3.35713028964289e-07
7.18398029865243,2.47294616555717e-07,2.87367436512303e-07,2.54976681967902e-07,4.65217468360455e-07,3.6027990180022e-07,5.16152107822974e-07,3.80409402244598e-07,4.95322147451262e-07,3.51849702591264e-07,3.527687633937e-07,2.17686797596281e-07,1.94199895224234e-07
7.25881342676339,4.60947848680458e-08,1.36492752908023e-07,1.97025012185715e-08,1.809827640146e-07,8.43846414558465e-08,1.68154745461362e-07,7.63331255903371e-08,1.64770353188855e-07,6.43956210498875e-08,9.46090097141675e-08,7.16831888116317e-08,7.76945392406081e-08
7.33364655487435,2.44839281413097e-07,2.92676336906291e-07,2.19132908799014e-07,3.06759347273981e-07,2.36083388545429e-07,3.008934939197e-07,3.07882260095129e-07,3.11737070038156e-07,3.13720024514605e-07,2.94370303091265e-07,2.67647728676989e-07,2.45549959548309e-07
7.40847968298532,2.1826349955192e-07,2.42475750312713e-07,2.1880104931463e-07,3.71691084283066e-07,2.84759469017679e-07,3.68104614009887e-07,3.85338837238285e-07,3.72119803112882e-07,3.46120119882582e-07,2.81948246199793e-07,1.99422134391853e-07,1.57675816853626e-07
7.48331281109628,4.77501986751739e-08,1.29773228237559e-07,8.18060062060956e-09,1.25005307755687e-07,3.41207348863923e-08,1.10491321864589e-07,1.09603644302904e-07,1.61376075164266e-07,8.23734416006364e-08,1.2343432549553e-07,6.34631485524214e-08,5.42189049666825e-08
7.55814593920724,2.31994256046512e-07,2.6843527125285e-07,1.89737936029294e-07,2.64259738296798e-07,2.54819364044933e-07,3.31308727760986e-07,2.74982643179641e-07,3.26100571589078e-07,2.62516621922021e-07,2.42284180488543e-07,2.43011761096949e-07,2.00594015442241e-07
7.63297906731821,2.09932412394808e-07,2.18202382540323e-07,1.7070458561738e-07,3.11068366762515e-07,2.87563547386166e-07,3.76414150015607e-07,3.34073320659984e-07,3.45901554124285e-07,2.93390507137907e-07,2.01249598491137e-07,1.73962591783912e-07,1.17780514070634e-07
7.70781219542917,3.56779196530771e-08,1.13996955923655e-07,3.48429122252207e-08,8.8172049990692e-08,5.72319206077487e-08,1.35318895617987e-07,6.67996999172121e-08,1.2149849877876e-07,8.20642575036669e-08,1.24395623969696e-07,6.59716789004003e-08,7.30251575823209e-08
7.78264532354013,2.06721596439739e-07,2.34217518741238e-07,2.01292954963019e-07,2.65402114222421e-07,2.33258072999408e-07,2.90295752060532e-07,2.76348836913122e-07,3.03955917336469e-07,2.5174438060282e-07,2.54925071560711e-07,2.39728925825913e-07,2.01809036809375e-07
7.85747845165109,1.87050383286908e-07,1.83409333042104e-07,1.5672773284489e-07,2.99041656219705e-07,2.67172596836148e-07,3.24830994209675e-07,3.29429644166609e-07,3.4258835947465e-07,2.50635628635797e-07,1.81479016722927e-07,1.73579830576037e-07,1.18487361918395e-07
7.93231157976206,2.89363422179753e-08,1.11697269377697e-07,5.81331655133078e-08,1.01906353545153e-07,5.00549382984009e-08,1.07292477240839e-07,8.32641611923896e-08,1.56449664992157e-07,4.44450909820263e-08,1.29828253729177e-07,4.88971115976975e-08,6.32793198513155e-08
8.00714470787302,2.08336756103164e-07,2.12911203360656e-07,2.28483854824064e-07,2.58726672641123e-07,1.91783837832947e-07,2.70134954935034e-07,2.3404542932095e-07,2.40488724513571e-07,2.71233065172198e-07,2.73146531495827e-07,2.11905036340606e-07,1.88423870453632e-07
8.08197783598398,1.99637623760481e-07,1.4117091156888e-07,1.85240951773836e-07,2.85011209619534e-07,2.20005971874502e-07,2.99881725589481e-07,2.73953216717183e-07,2.45196045499903e-07,2.73469252431675e-07,1.9292877757302e-07,1.55547611205355e-07,1.1912366885281e-07
8.15681096409494,1.4860854537247e-08,1.09633698720312e-07,2.96355875570075e-08,1.02641962519273e-07,2.02916929318816e-08,1.33431163912796e-07,3.00150711799188e-08,1.19997342100288e-07,3.07958955153142e-08,7.66533395918451e-08,3.76170464715645e-08,4.28673751807419e-08
8.23164409220591,1.66551083382861e-07,2.26745175388053e-07,2.11384007248782e-07,2.4445683206353e-07,1.98750038116524e-07,2.63731221803188e-07,2.52286862744862e-07,2.80395335289251e-07,2.17211067098159e-07,2.27347275255713e-07,1.76889589993979e-07,1.49858699244861e-07
8.30647722031687,1.77228068018027e-07,1.51786728006453e-07,1.98290101809497e-07,2.70801316804598e-07,2.24854206805718e-07,2.59676681149069e-07,2.96545912368467e-07,2.61532471180993e-07,2.38629591410246e-07,1.67023170430653e-07,1.19880287135631e-07,8.14067186876066e-08
8.38131034842783,6.60095801399423e-08,6.69487874071283e-08,3.91099113682994e-08,7.96426583217e-08,6.83077817001797e-08,6.81439706552216e-08,7.95108594720647e-08,8.89668905059707e-08,4.64307549253178e-08,9.38380297641752e-08,5.55008139525082e-08,6.31940210200843e-08
8.4561434765388,1.42671861591319e-07,1.81425623385321e-07,1.36484757269422e-07,1.83791065632886e-07,1.51525181425516e-07,2.55424432346512e-07,1.73605520209799e-07,2.5687229482396e-07,1.78893358803838e-07,2.16535091180911e-07,1.66456260625919e-07,1.53748098743294e-07
8.53097660464976,1.29752783010505e-07,1.18037672682596e-07,1.20522663935803e-07,2.16550975845726e-07,1.55375869773842e-07,2.68796537716132e-07,2.13187993702342e-07,2.60605454866912e-07,1.83704869837934e-07,1.55775881425199e-07,1.00146990778379e-07,7.82868535849732e-08
8.60580973276072,4.31793798550506e-08,1.1213865645877e-07,2.74983239772903e-08,1.20816637004113e-07,2.39383799461108e-08,1.11978881588682e-07,3.2398297147698e-08,1.2094288816659e-07,3.17776708566991e-08,1.10326697991524e-07,7.34280585338951e-08,6.21674793261042e-08
8.68064286087168,1.49081398653868e-07,1.99825002711456e-07,1.40927346802499e-07,2.13699048763358e-07,1.67225736682217e-07,2.15738458286104e-07,1.83639432730507e-07,2.24308077598943e-07,1.84562168317148e-07,2.07362000571196e-07,1.62919349533059e-07,1.46097265093988e-07
8.75547598898265,1.17754176182202e-07,1.16767723842776e-07,9.95658353121886e-08,1.94164301310692e-07,1.43602004831437e-07,2.01123583398384e-07,1.88271970771577e-07,2.04493110481033e-07,1.64189677357331e-07,1.2418629625713e-07,8.24379660406379e-08,6.88128347446028e-08
8.83030911709361,4.04029864385589e-08,1.18549314560646e-07,4.77931242200753e-08,9.31011182109759e-08,3.62528035694919e-08,8.85804322735472e-08,1.9974033138742e-08,9.57973024805233e-08,3.3545850086598e-08,1.12008892561203e-07,9.72592030650547e-08,6.43015122742722e-08
8.90514224520457,1.60420980323894e-07,1.98682501347156e-07,1.35725217925351e-07,2.12029691384061e-07,1.83415128450109e-07,2.31566376111984e-07,1.89286955497595e-07,2.26334501113209e-07,1.81281651007986e-07,2.13838945586256e-07,1.7709095266122e-07,1.38411879314949e-07
8.97997537331554,1.18041512895657e-07,9.37077124683361e-08,5.77093758388411e-08,1.61404207811173e-07,1.36920545682049e-07,1.83289051279136e-07,1.60284781723803e-07,1.75229105977352e-07,1.35694820598232e-07,9.93653353574751e-08,8.22004878430424e-08,5.23240020275203e-08
9.0548085014265,5.3653145950924e-08,1.61764589009503e-07,1.20220304743767e-07,8.63427488107058e-08,6.83469266527499e-08,1.1368552038319e-07,5.88740415307912e-08,9.21486636289556e-08,7.59998354736591e-08,1.41143292638943e-07,1.25278183147231e-07,9.1191297248857e-08
9.12964162953746,1.82167911887207e-07,2.56962638697882e-07,2.0420922721156e-07,2.56032821750792e-07,2.25965193913802e-07,2.82072757411435e-07,2.34384634157402e-07,2.53239782917491e-07,2.24910317447146e-07,2.67868632721258e-07,2.08170138647963e-07,1.59157577222101e-07
9.20447475764842,1.19777226130564e-07,9.6167337703716e-08,6.84760333205684e-08,1.67659711895771e-07,1.56256986977838e-07,1.80619896742794e-07,1.53323591674223e-07,1.5443288447836e-07,1.39786607418431e-07,1.21702561591437e-07,8.06212178597654e-08,4.70812769880647e-08
9.27930788575939,1.31431439437118e-07,2.48862195530965e-07,2.34182134810459e-07,1.70870541888603e-07,1.43368292881355e-07,1.96523906949123e-07,1.78045974069331e-07,1.94891016070035e-07,1.76696980954496e-07,2.20397534006367e-07,2.2051645773211e-07,1.639251269238e-07
9.35414101387035,3.75981745245615e-07,5.49481832034196e-07,4.95422170801172e-07,5.18690733504548e-07,4.33892102502969e-07,5.71989076247041e-07,5.14953127837565e-07,5.37738877565267e-07,4.74678668217543e-07,5.2490491394176e-07,4.59107421257112e-07,3.38828837921127e-07
9.42897414198131,4.49415160118735e-07,6.15737148152205e-07,5.44898758138349e-07,6.20178353995676e-07,5.2058935505939e-07,6.80571591711254e-07,6.09184273339987e-07,6.24670161699694e-07,5.58763466952181e-07,5.84577302960707e-07,5.11847612631987e-07,3.6084143071103e-07
9.50380727009228,3.12598516593225e-07,4.41973323752417e-07,3.77195986815319e-07,4.19609886529114e-07,3.55859344587912e-07,4.66782483029997e-07,4.12001258732513e-07,4.14026907401714e-07,3.98915463076036e-07,4.04850807864113e-07,3.84093111763981e-07,2.63109422149342e-07
9.57864039820324,8.76316215990972e-08,1.85320995796176e-07,1.45713498614918e-07,9.77979509330054e-08,8.90018995225934e-08,1.51557869010735e-07,1.26591850498986e-07,1.20352377742818e-07,1.5928312569553e-07,1.48104403521087e-07,2.06242577388251e-07,1.36768544240898e-07
9.6534735263142,6.76220397384181e-08,5.52084664683637e-08,7.69476373085557e-08,1.37092189316195e-07,9.46239509009624e-08,1.6695326809699e-07,1.39228984246419e-07,1.56173128230984e-07,7.75020973750981e-08,5.06411195305906e-08,6.09351600577992e-08,2.58260361266645e-08
9.72830665442516,8.34207639407691e-08,8.86644498116612e-08,9.73581427405196e-08,1.53489383604627e-07,1.16684502182167e-07,1.6450257543845e-07,1.27118572510756e-07,1.57028747594945e-07,7.48487722086958e-08,1.01572338608581e-07,3.76954877645428e-08,5.65488465421551e-08
9.80313978253613,4.05811401783144e-08,8.10230008830498e-08,8.7751746554398e-08,9.41758477475905e-08,8.01097299762149e-08,9.51037897531483e-08,9.96831175905176e-08,1.20791293534248e-07,9.98067153450641e-08,1.23566851371438e-07,7.63914284268005e-08,1.03615334529134e-07
9.87797291064709,4.94278348726408e-08,4.61821060437056e-08,6.39501654199303e-08,1.00470639306765e-07,7.95795834146021e-08,1.1399910806191e-07,1.34720772754724e-07,1.34772501662679e-07,1.15802414882388e-07,9.9286027283531e-08,2.49604584459122e-08,5.35485591416477e-08
9.95280603875805,3.49737873587358e-08,5.18557581098603e-08,4.55285374276175e-08,7.35242015163335e-08,7.0204187578957e-08,8.32861358861861e-08,1.00303667125064e-07,9.86420514068298e-08,9.67337471728004e-08,7.09627146610809e-08,7.84911789691194e-08,3.24812600628152e-08
10.027639166869,4.46065784945336e-08,6.9253952574853e-08,6.85941836966671e-08,9.28219675444077e-08,8.70817442187649e-08,8.24020114338803e-08,1.0790965630651e-07,9.876773762614e-08,1.11818792582021e-07,1.03425547517317e-07,1.16043132542734e-07,8.61510788290612e-08
10.10247229498,3.73500369845069e-08,2.53445365913441e-08,5.71552761059786e-08,9.55347432669744e-08,7.1530758076044e-08,8.6903450981223e-08,1.15263965215175e-07,9.3406867462483e-08,8.53850972657633e-08,6.91115257393801e-08,5.30691232571804e-08,4.89350337303731e-08
10.1773054230909,2.96789651883961e-08,7.10283977067715e-08,6.97622429778397e-08,5.3443014027895e-08,6.44798443841503e-08,4.36340330529893e-08,6.5603477116332e-08,6.39961665054922e-08,6.55637585629433e-08,4.61662134052141e-08,5.73585391481851e-08,2.54906646758215e-08
10.2521385512019,6.92840636215664e-08,1.00278298807132e-07,8.32214902013353e-08,1.16949710959844e-07,1.11127864480538e-07,8.42739685785623e-08,8.19691209068512e-08,1.15415905487286e-07,1.06948380244836e-07,1.02194171935975e-07,1.00891100703592e-07,6.9474835810222e-08
10.3269716793129,4.53092928273703e-08,4.02195886518945e-08,2.9461396075578e-08,1.19033688173248e-07,7.91892562843849e-08,6.79691412684867e-08,6.67743670681585e-08,9.7968820015537e-08,6.6718964169616e-08,6.28783993159428e-08,4.67808519102585e-08,4.11819636866467e-08
10.4018048074238,3.48586746371633e-08,5.96905683222782e-08,7.09725401388534e-08,2.89213217224271e-08,4.04897456449077e-08,4.439044808771e-08,5.47044088573085e-08,5.23896978314414e-08,7.57514617374463e-08,3.59412644271228e-08,5.72226379794581e-08,4.65572478807892e-08
10.4766379355348,9.2702075697546e-08,1.03656890361368e-07,1.03625261104081e-07,8.92362900252773e-08,1.15611432249678e-07,1.26788888395082e-07,1.20403439309708e-07,1.26553943196997e-07,1.397976621898e-07,9.52329875739918e-08,9.16081080855344e-08,7.03831142754692e-08
10.5514710636458,7.20952147402121e-08,5.28500191981699e-08,3.92998998716398e-08,1.12189589682907e-07,9.68383980545444e-08,1.101893748474e-07,8.77305597882335e-08,1.17511662805734e-07,9.59486458328751e-08,5.40575441201092e-08,3.3707250315115e-08,3.14642012413267e-08
10.6263041917567,1.81277613723954e-08,4.30615196689533e-08,6.83001884985331e-08,4.85933698713246e-08,8.55509000683066e-09,2.22245502701276e-08,4.59671687882876e-08,2.4725568602062e-08,3.71274417691507e-08,4.31794756477093e-08,7.86999501613148e-08,4.69178835042048e-08
10.7011373198677,8.10035660385415e-08,8.42235197706922e-08,1.17269167101028e-07,4.65601798307069e-08,8.82143477212055e-08,9.23769816655698e-08,1.28978807488588e-07,7.7991951299295e-08,1.14425081804156e-07,9.73262428884763e-08,1.11110061403614e-07,6.79258090889151e-08
10.7759704479786,6.96790788965336e-08,3.81834869209672e-08,6.06320390307992e-08,5.33775014544847e-08,7.96286393656199e-08,8.49252442687349e-08,9.83388505136211e-08,7.69242633828736e-08,8.11019927451205e-08,5.4094043678477e-08,5.10228483033881e-08,3.39669668002841e-08
10.8508035760896,1.36583991678875e-08,5.93567982967144e-08,5.65654668588505e-08,4.10662395214816e-08,1.2703972854238e-08,4.18242406765765e-08,3.17089807418837e-08,2.76983007745113e-08,3.09814242095069e-08,3.72898612108532e-08,7.54137849885252e-08,5.90323982492874e-08
10.9256367042006,7.00471295563007e-08,9.11969128744033e-08,1.15062836071601e-07,8.30445863605954e-08,7.59837309753727e-08,1.04167375707271e-07,1.29222361141747e-07,7.53707781157939e-08,1.05139023709642e-07,8.24254686174456e-08,1.08420703464613e-07,6.76569865980338e-08
11.0004698323115,5.94626561822227e-08,3.96020704699352e-08,7.21003317031778e-08,6.52686593569153e-08,6.37534267514032e-08,9.15566976293492e-08,1.12583994624342e-07,5.45271221387324e-08,6.70243146256276e-08,3.37254905922052e-08,4.70409302066757e-08,2.68027740714128e-08
11.0753029604225,1.57197418246912e-08,6.36868199168258e-08,5.25639610988946e-08,6.75249384642188e-08,5.68046604125422e-08,7.54946846176664e-08,6.39230087161201e-08,7.44377784056291e-08,5.26201185679418e-08,5.86670203567088e-08,8.0258679131858e-08,7.01173322070386e-08
11.1501360885335,6.52766537880881e-08,9.22036746158801e-08,1.06478274313485e-07,1.17216686640662e-07,1.06232761505944e-07,1.24762867218613e-07,1.40864822570172e-07,1.31135825766138e-07,1.26783657091805e-07,9.63730033780964e-08,1.15771567244776e-07,7.47246416796224e-08
11.2249692166444,4.79927489850634e-08,3.00695863675927e-08,6.81512523893522e-08,8.58164053529406e-08,8.06002833166744e-08,9.46504788150438e-08,1.2753666922524e-07,9.66881734300274e-08,9.53285148249555e-08,4.60875528064046e-08,4.50828863069809e-08,7.34826910016293e-09
11.2998023447554,2.23673024757013e-08,6.50133565784338e-08,3.74482140428375e-08,3.92163012148323e-08,4.74980159495605e-08,4.11319488486832e-08,4.36497420125411e-08,4.78247000551939e-08,5.34120203193374e-08,7.31253531468233e-08,6.69227865538365e-08,7.39463957204462e-08
11.3746354728663,7.14718586245938e-08,9.93318487172426e-08,8.71402204173746e-08,1.0218227084621e-07,9.53236967790977e-08,1.01693488922108e-07,9.81676386964459e-08,1.00694909249868e-07,1.0812391685642e-07,1.09590936954007e-07,1.17459223333365e-07,9.63865894869731e-08
11.4494686009773,4.94713242516117e-08,3.9054061662584e-08,4.66314091239929e-08,8.15816003028689e-08,6.48522319363313e-08,7.49648079558239e-08,8.8163903779303e-08,6.74365614365434e-08,7.13307791596531e-08,4.90854194078686e-08,5.49815967132056e-08,3.15529844959783e-08
11.5243017290883,2.89236863156298e-08,5.65531539239261e-08,4.58951723524029e-08,2.53850338984399e-08,3.59401707125998e-08,2.80647382282705e-08,2.69190631720281e-08,4.0035897266056e-08,4.37890734022293e-08,5.86334999795069e-08,4.81035747615147e-08,5.89968983274087e-08
11.5991348571992,7.33006817937705e-08,9.31822303043939e-08,9.37425762380508e-08,8.88721268747457e-08,9.76900560153475e-08,9.60829144160488e-08,9.83275226816979e-08,1.07467766654464e-07,1.12286853414066e-07,1.08733188185806e-07,9.85823731866092e-08,8.55549089764478e-08
11.6739679853102,4.51708842255823e-08,3.64190136652535e-08,4.76927657089663e-08,7.04145851929383e-08,6.83017187191402e-08,6.69404009731375e-08,7.79282053748501e-08,7.41710619251269e-08,7.31485043513836e-08,5.59686107522425e-08,4.3026119814744e-08,3.01733100871424e-08
11.7488011134212,3.76378336971744e-08,5.59226493501324e-08,4.89469350182481e-08,3.33332843775143e-08,3.31517244775222e-08,3.54440717430534e-08,2.7988749212891e-08,4.18221162370273e-08,4.26220041252863e-08,4.53749099947597e-08,5.45850999103277e-08,5.93213519859574e-08
11.8236342415321,8.35271982643289e-08,8.96420043888615e-08,9.81245952933828e-08,9.42021367275152e-08,9.70148512933586e-08,1.01419280137669e-07,1.06692917922784e-07,1.08650991153891e-07,1.15799637867268e-07,9.66903469186522e-08,9.45273999632271e-08,8.37779055419021e-08
11.8984673696431,5.03004165580536e-08,3.13671927904785e-08,4.94399822324848e-08,7.38444738691337e-08,6.93249889623443e-08,6.73810231141966e-08,8.21304936075652e-08,7.95695483477392e-08,8.14152557830671e-08,4.60265593296389e-08,3.71804036315236e-08,3.45958790339222e-08
11.973300497754,4.19928800088031e-08,6.17838708371251e-08,5.20162333083084e-08,3.6919379710011e-08,2.59323326223734e-08,4.30317169743147e-08,3.15860673798938e-08,4.56237180014926e-08,2.96286342711416e-08,5.35718899126412e-08,7.46231327524415e-08,7.18338152828217e-08
12.048133625865,9.23305730170823e-08,9.27155049758228e-08,1.06481862416998e-07,9.32668450370994e-08,9.38688487187629e-08,1.09997240937368e-07,1.10353921095699e-07,1.10316642065885e-07,1.01847826664839e-07,1.05629847403023e-07,1.14045445323429e-07,9.51124400097905e-08
12.122966753976,5.50433289627867e-08,2.72802359254364e-08,5.76915921172757e-08,6.99667768213779e-08,6.6321278164948e-08,7.58318826670361e-08,8.10681533233019e-08,8.24812746415169e-08,7.04264824762262e-08,5.80959990872284e-08,5.93862141316311e-08,3.6672106756383e-08
12.1977998820869,4.58101953937392e-08,7.43041138984219e-08,5.11547404771751e-08,3.42019750724865e-08,3.22501538845761e-08,3.26998374250514e-08,3.53124889760286e-08,2.28423018896343e-08,4.11219848177709e-08,4.10798178882051e-08,7.80498080511268e-08,5.83077565091746e-08
12.2726330101979,1.07842859430033e-07,1.11863608000145e-07,1.1396484805665e-07,9.32735223763573e-08,9.91400556287342e-08,1.0081954043981e-07,1.24588881800184e-07,9.14376418928871e-08,1.08995416192533e-07,8.97363733200128e-08,1.17953453756279e-07,8.90362918297161e-08
12.3474661383089,6.8728181253288e-08,4.1017051268981e-08,6.18690964262245e-08,6.12730538254789e-08,6.23423400422519e-08,5.74548110805116e-08,9.02765018106459e-08,6.12721998460921e-08,6.3198110373868e-08,4.0624041610907e-08,5.48135878307457e-08,3.52430525968317e-08
12.4222992664198,5.31285089743037e-08,8.9436486349893e-08,7.42019167555661e-08,4.90040907629746e-08,6.08540791187406e-08,7.24992219200115e-08,5.97019995352572e-08,4.79135358909808e-08,7.21151153343316e-08,6.56326136284264e-08,1.04699680847597e-07,7.40661601419347e-08
12.4971323945308,1.57991204692501e-07,1.77346784045247e-07,1.90585422910959e-07,1.46935052510518e-07,1.73763046484815e-07,1.83742778948454e-07,2.04269410503416e-07,1.40365145661399e-07,1.90024287971505e-07,1.36106667051932e-07,1.94969523849914e-07,1.27454063940229e-07
12.5719655226417,1.67172235511157e-07,1.7369017274012e-07,2.03939938395945e-07,1.57896722042953e-07,1.89717625173565e-07,1.96710002276456e-07,2.38614259407001e-07,1.46121909824042e-07,1.98482965453199e-07,1.24305405449364e-07,1.81515525843137e-07,1.05540526674867e-07
12.6467986507527,8.39465841860214e-08,1.19720189478636e-07,1.21864935361984e-07,9.62457214927802e-08,1.08344146736035e-07,1.30885349126841e-07,1.51715511933961e-07,9.14903893042637e-08,1.12797304944971e-07,7.7102355365069e-08,8.55325103568564e-08,4.894276847246e-08
12.7216317788637,2.95871994076253e-08,7.88195802327944e-08,4.29489307665543e-08,6.30292992195826e-08,3.80982389756323e-08,8.55801884044656e-08,5.89792218204859e-08,7.54061577937742e-08,6.15791099188649e-08,6.62239118372683e-08,4.81379140245047e-08,4.07593224968562e-08
12.7964649069746,5.43634490533478e-08,2.48918186303636e-08,4.55054315446064e-08,5.35979728083254e-08,5.97830538799855e-08,5.80241820949092e-08,7.1644408419638e-08,5.63482422001573e-08,6.96165920302155e-08,2.59749022705829e-08,4.74167169731839e-08,7.83525801670419e-09
12.8712980350856,1.22693263127183e-08,4.89960454730537e-08,1.4106697770775e-08,4.05962640471821e-08,3.475750014936e-08,4.75259952162829e-08,3.41671936185588e-08,5.02966218515406e-08,2.24963312633056e-08,5.13280824531133e-08,1.35350180138049e-08,3.90800377447037e-08
12.9461311631966,4.78630220441426e-08,8.08176738630914e-08,3.41186323118223e-08,7.76394763620723e-08,3.96575873736154e-08,8.84821037985134e-08,3.63233495153024e-08,9.06113986387595e-08,5.04960485874836e-08,8.84893894984362e-08,5.25946868236031e-08,6.60614251828278e-08
13.0209642913075,5.15359416808815e-08,3.8514653888504e-08,3.70404839323571e-08,6.60061812130078e-08,4.22194801445145e-08,6.54337908258803e-08,5.63726088474842e-08,6.45205592462639e-08,5.55104485275916e-08,4.78686674631012e-08,3.74015769699247e-08,2.66505058900249e-08
13.0957974194185,2.51346479744133e-09,3.97419651814445e-08,3.71932834256083e-09,3.28214072402695e-08,1.154788569105e-08,2.37565429669991e-08,1.43886382762653e-08,2.4589904723744e-08,9.47253275622619e-09,3.35845917520163e-08,1.92133180144314e-08,3.00837665096376e-08
13.1706305475295,5.69227671091105e-08,7.91240470422778e-08,4.02151624953756e-08,6.78254304064731e-08,4.77641197277646e-08,8.09483976249648e-08,4.48467847828834e-08,8.05378060360904e-08,5.2020141818212e-08,8.00783135260785e-08,5.38333423200912e-08,6.11707331457347e-08
13.2454636756404,5.36855618063947e-08,4.27932125792199e-08,3.28713968640889e-08,5.31503885873266e-08,4.1852722382025e-08,6.37309162728978e-08,5.18287535913048e-08,6.35031311966576e-08,4.83237305385006e-08,4.63740617700104e-08,3.08444169777885e-08,2.68515890108628e-08
13.3202968037514,9.16255635369084e-09,3.27258613165148e-08,1.12615280219985e-08,2.57641545810675e-08,1.1216576488939e-08,2.19732256166382e-08,1.45992717801205e-08,2.26576119123965e-08,1.36098707878304e-08,2.88376363565411e-08,3.09991347758356e-08,2.86916863268081e-08
13.3951299318623,6.35201693925478e-08,7.20879858787787e-08,4.30894269969821e-08,7.0248590914361e-08,5.59691109162168e-08,7.65925939332166e-08,5.33945073026505e-08,7.54489125335474e-08,5.23944931695841e-08,7.25193281764866e-08,6.13224964751898e-08,5.67223748082274e-08
13.4699630599733,5.96846878324651e-08,3.91937565529326e-08,2.81789565017276e-08,5.16210756896177e-08,4.78249097949988e-08,6.04529898401965e-08,5.13345476749035e-08,6.0058344763728e-08,4.13430596626166e-08,3.97713634956445e-08,3.25998360354984e-08,2.35229085898731e-08
13.5447961880843,1.04557938752105e-08,3.46838393283656e-08,2.0268829795903e-08,2.69121638761822e-08,6.55597618604724e-09,2.65378794524177e-08,1.29059082304538e-08,2.83151984586835e-08,1.62373250763338e-08,3.29506950196612e-08,3.35055200869348e-08,2.89138605707939e-08
13.6196293161952,6.38718971462154e-08,7.02918767412124e-08,5.13907202233493e-08,7.99448983069156e-08,5.30249642144081e-08,7.8496321500823e-08,5.82177435462176e-08,7.50797928626008e-08,5.75403954313602e-08,7.39461815853115e-08,6.40046170555433e-08,5.58328709599796e-08
13.6944624443062,6.26252994924061e-08,3.48764178432479e-08,3.18383495241948e-08,6.40513260488155e-08,4.65684694485106e-08,5.97474401119288e-08,5.36108281783493e-08,5.60908270145344e-08,4.19717333697021e-08,4.17785977754403e-08,3.52102592614573e-08,2.30897310881276e-08
13.7692955724172,9.24557462140016e-09,3.86230344537215e-08,2.16231692197582e-08,1.83935575504183e-08,6.29599829255768e-09,2.69776350171467e-08,1.20353886878538e-08,2.77677710640598e-08,1.89812403928636e-08,3.31652989201298e-08,3.23378895930646e-08,2.77115116336035e-08
13.8441287005281,6.13062997881527e-08,7.76012265937448e-08,5.72391053742482e-08,7.6355898537703e-08,5.26158070745231e-08,8.14427254212245e-08,6.10740964530641e-08,7.99197341489381e-08,6.37784221450555e-08,7.54322005389167e-08,6.22891484597371e-08,5.44762938103473e-08
13.9189618286391,6.33312707813221e-08,4.44545815924082e-08,3.99318474626478e-08,7.028401736296e-08,4.70642691262277e-08,6.38852590561741e-08,5.78538503234098e-08,6.3318873090137e-08,4.7129201043884e-08,4.75317903899825e-08,3.47023014760066e-08,2.27221651768778e-08
13.99379495675,8.60013234099876e-09,2.90018096372628e-08,1.39874064211056e-08,1.38688788213566e-08,1.07750787269442e-08,1.8583844185432e-08,6.31906081183978e-09,1.74309895952355e-08,1.54499353123644e-08,2.68726772045211e-08,2.97966979076324e-08,2.68451568631159e-08
14.068628084861,5.70970235892947e-08,7.24340972136908e-08,5.30073217272815e-08,5.97225434050868e-08,5.18286154144519e-08,8.1323759644709e-08,5.58540769702124e-08,7.48269166925572e-08,6.46273371564587e-08,7.17906744773485e-08,6.00520566865556e-08,5.51343970774793e-08
14.143461212972,6.14203607534824e-08,4.59543292427525e-08,4.10090064214421e-08,5.78482957598338e-08,4.74281224846927e-08,7.13931960671358e-08,5.64959976248477e-08,6.5146254754546e-08,5.32800161329036e-08,4.96213635916448e-08,3.60641954770053e-08,2.57894321632153e-08
14.2182943410829,7.66799907974703e-09,2.45111751300143e-08,8.23244911563668e-09,1.84827210399838e-08,1.22274350832366e-08,1.55345522448139e-08,6.27642025715936e-09,1.45033258908214e-08,7.92461716297892e-09,2.07274313990634e-08,2.68757253717309e-08,2.21197875483349e-08
14.2931274691939,5.51324379788182e-08,6.75895341587538e-08,4.58934662981959e-08,6.19751886639943e-08,4.7136753596827e-08,6.91523611937496e-08,4.99080917666642e-08,6.68883460217328e-08,5.41047786054636e-08,6.68212793694486e-08,5.6318760453345e-08,5.08425860286516e-08
14.3679605973049,6.09455612953467e-08,4.61535196481226e-08,3.69385845619219e-08,5.7568753004713e-08,4.2979895435639e-08,6.49755217296209e-08,5.19506670150461e-08,6.27204707610646e-08,4.83146181240735e-08,4.93280816183424e-08,3.44739228172025e-08,2.44431686303123e-08
14.4427937254158,8.83822131021615e-09,2.46060565204602e-08,6.65331809256001e-09,2.07370766007377e-08,5.8775096696071e-09,1.75559263900687e-08,6.35776123891635e-09,2.14700351379297e-08,7.21342515778258e-09,1.59889123479866e-08,2.58344519985828e-08,2.06154813517648e-08
14.5176268535268,5.38482539096942e-08,6.37748115273774e-08,3.9645696753444e-08,6.51090731708275e-08,4.43237391925866e-08,6.60783318940763e-08,4.48601257535887e-08,6.11697679905648e-08,4.80794412353453e-08,5.81476116557284e-08,5.55323605636121e-08,4.85690212003503e-08
14.5924599816377,6.15768673685308e-08,4.46270577307076e-08,2.97122237221311e-08,6.27952734859436e-08,3.88071040348666e-08,6.21685467832538e-08,4.54523517036935e-08,5.72250494746269e-08,4.09735899759992e-08,4.09590242134427e-08,3.48226443673211e-08,2.39703365693864e-08
14.6672931097487,1.10885378749388e-08,2.74891653883136e-08,1.09361559798522e-08,1.83731149249504e-08,8.77256321553447e-09,2.20615843802771e-08,5.32227307464766e-09,2.21885376253986e-08,9.17268744905433e-09,1.68094899456708e-08,2.11257227738161e-08,1.89582221967403e-08
14.7421262378597,5.15456767513497e-08,6.47668987456019e-08,3.91803555567175e-08,5.8166243154784e-08,4.74633423416207e-08,6.65126875690042e-08,4.4602452033893e-08,6.22102069733293e-08,4.77073408248524e-08,5.6319730150065e-08,5.02162847890464e-08,4.49181101842271e-08
14.8169593659706,6.16868529642307e-08,4.6794330682073e-08,2.53741803114869e-08,6.01888056745104e-08,4.16830506312134e-08,6.37809325290669e-08,4.1655995627509e-08,5.7918640877973e-08,3.70212067176195e-08,3.8365118816432e-08,2.88217463547236e-08,2.18753646127516e-08
14.8917924940816,1.37880652757609e-08,2.38220639944554e-08,1.66873140003798e-08,1.46636750662109e-08,8.56704769275976e-09,2.21968959143922e-08,7.54235719862806e-09,1.9045313704957e-08,1.4446548753753e-08,2.10016705537507e-08,2.22740889063404e-08,2.01279994154217e-08
14.9666256221926,4.9060182740361e-08,6.2815795975683e-08,4.38351373379841e-08,4.95450229686474e-08,4.605840629411e-08,6.41097623215103e-08,4.86870497308237e-08,5.61606522201324e-08,5.19789551940357e-08,5.84477633917739e-08,5.02020445727392e-08,4.61253456706104e-08
15.0414587503035,6.14336403029232e-08,4.94703254403024e-08,2.72675741264151e-08,5.29463974222616e-08,4.25919624835462e-08,6.31927207519058e-08,4.40685548416044e-08,5.29593415771057e-08,4.21435944209668e-08,4.26496586756292e-08,2.57248494006956e-08,2.36369039667687e-08
15.1162918784145,1.57539509539089e-08,1.88947498085665e-08,1.86227190308279e-08,1.44331948016264e-08,4.87751015387635e-09,1.79369376508672e-08,7.54132106111563e-09,1.35747642214009e-08,8.90751145501733e-09,1.79863145820634e-08,2.27117085783603e-08,1.79872124228148e-08
15.1911250065254,4.5869058802122e-08,5.59852920332555e-08,4.81124491150419e-08,5.09064622348109e-08,4.09851461563594e-08,5.80994193231073e-08,4.87899805200362e-08,5.30387937195789e-08,4.62322618798648e-08,5.40327555654646e-08,5.18342224792785e-08,4.42671269059936e-08
15.2659581346364,5.96802413336737e-08,4.64131360708792e-08,3.15058126664596e-08,5.27675249963601e-08,3.64397631066204e-08,6.03662763683663e-08,4.36578790166565e-08,5.07315470468669e-08,3.71009077449443e-08,4.14510843975864e-08,2.60676197773076e-08,2.21649554782228e-08
15.3407912627474,1.52404252788556e-08,1.667076716791e-08,1.89585700723334e-08,2.00388635739747e-08,8.67401651865759e-09,1.90641747985899e-08,7.45687544791034e-09,1.88829050335329e-08,1.17069345477932e-08,1.68244474723955e-08,2.34213439723919e-08,1.91594537548652e-08
15.4156243908583,4.51650461630811e-08,5.35061583113307e-08,5.28512032237328e-08,5.82884773913071e-08,4.62980652964629e-08,6.0487688290583e-08,5.3025542452612e-08,5.97041920716412e-08,5.0226210256442e-08,5.40344437184792e-08,5.3463442471128e-08,4.53685309556869e-08
15.4904575189693,5.82794932480127e-08,4.44352999142434e-08,3.6815755882738e-08,5.79734533033633e-08,3.76573014011818e-08,6.31649558863741e-08,4.59990898754049e-08,5.53626429676657e-08,3.64650034690979e-08,4.09345265300801e-08,2.60885772001111e-08,2.29174791545324e-08
15.5652906470803,9.09781327181393e-09,1.51516066447454e-08,2.34105001567419e-08,2.0519913152173e-08,1.99911769103359e-08,1.42446737169774e-08,1.76493356161957e-08,2.30714111262048e-08,2.29502625941207e-08,2.61273136504183e-08,3.62097243614947e-08,2.69485268984895e-08
15.6401237751912,6.48811365610148e-08,7.40022042962644e-08,8.14427539472143e-08,8.81151977018207e-08,8.04241277405877e-08,7.76944795140409e-08,8.72527973664281e-08,8.9814758099426e-08,8.3794819142675e-08,8.84399215819993e-08,8.74498051123515e-08,6.80238791883267e-08
15.7149569033022,9.68974695447249e-08,9.6532389786759e-08,9.94500686382737e-08,1.23298767390296e-07,1.0069148129326e-07,1.13154272324127e-07,1.13917345515623e-07,1.2092996244275e-07,1.00604738228495e-07,1.12168491074027e-07,9.16643235941796e-08,7.04170440263954e-08
15.7897900314131,6.36649261710909e-08,7.74171826902015e-08,7.44154508106909e-08,9.59635219177662e-08,7.12582467525891e-08,9.02012990427885e-08,8.55817429251702e-08,9.52466177225839e-08,7.32989673946914e-08,9.04287689910515e-08,6.57357640843191e-08,4.54851593094655e-08
15.8646231595241,5.19716170522477e-09,4.50737397942833e-08,3.80626982590557e-08,4.09692993935296e-08,3.04248181565518e-08,4.71093833210801e-08,4.29692569866084e-08,4.84021960571085e-08,3.9371886935615e-08,5.45385651667922e-08,3.9713361179832e-08,3.6546509945185e-08
15.9394562876351,4.25519354915433e-08,2.36493327147097e-08,1.95030555629996e-08,3.2949676982141e-08,2.56270428964361e-08,3.53920096217154e-08,3.29379671035909e-08,3.44343448137979e-08,2.7547610697934e-08,2.73308570575978e-08,2.05007050396869e-08,1.86005571958687e-08
16.014289415746,2.80152314165658e-08,2.71230481179779e-08,2.03288691309101e-08,3.65260660609923e-08,2.26994981163482e-08,3.09437196863165e-08,2.63907812700338e-08,3.57054632061941e-08,2.46474837993198e-08,3.20770754422716e-08,2.30833112458067e-08,1.16581380701741e-08
16.089122543857,1.73674747483847e-08,3.59108050947679e-08,2.92035371384916e-08,3.32873579230825e-08,2.91447790536716e-08,3.33432710654157e-08,3.11462919307178e-08,3.79958099505777e-08,3.63515016781173e-08,4.08017086306787e-08,3.77302219469624e-08,3.13079695893731e-08
16.163955671968,4.41476845915686e-08,2.49948878603514e-08,2.23753985028374e-08,3.65766020054992e-08,3.15145629004884e-08,3.37522745967182e-08,3.2093537591707e-08,3.47281749008015e-08,3.06275918576587e-08,2.64594178945729e-08,2.5155938197236e-08,1.68132277911013e-08
16.2387888000789,2.59755630876731e-08,2.29579192944977e-08,1.63944580424721e-08,2.98283783171408e-08,2.16312335470592e-08,2.56792408134475e-08,1.8371418435923e-08,2.93133161669129e-08,2.16709505964015e-08,1.96836493340131e-08,1.69817884556859e-08,5.15231884152972e-09
16.3136219281899,1.71617334604841e-08,3.5936998591711e-08,2.98126364947641e-08,3.07399108244745e-08,3.05202494551284e-08,3.73443240609621e-08,3.14551023443442e-08,3.77538924595884e-08,3.79962090370094e-08,3.27611050927404e-08,3.56875534603644e-08,2.67134599265983e-08
16.3884550563009,4.14979647741928e-08,2.55362293616038e-08,2.41375295869459e-08,3.35386834953314e-08,3.22964400128437e-08,3.76161827306649e-08,3.36543490465368e-08,3.46839913286161e-08,3.38490266479184e-08,2.228336505452e-08,2.3069577310184e-08,1.31969659839427e-08
16.4632881844118,2.40205175944429e-08,2.13292703781497e-08,1.69409613303681e-08,2.43621534363893e-08,1.96443972705855e-08,2.59879682074555e-08,2.00011100089575e-08,2.31957042544554e-08,2.11177996885186e-08,1.66163531453393e-08,1.3119527607033e-08,7.25842461802172e-09
16.5381213125228,1.6217802878481e-08,3.59273288997579e-08,3.05225504648659e-08,2.62022852619492e-08,2.79400337955751e-08,3.73080234303541e-08,3.31413970197237e-08,3.1894272444268e-08,3.32212981958187e-08,3.12312643054277e-08,3.35875197313978e-08,2.63505902179632e-08
16.6129544406337,3.86287640839683e-08,2.66691521778655e-08,2.5840138178575e-08,2.73175645150025e-08,2.83489773860688e-08,3.7506938035606e-08,3.53770897481564e-08,2.92901414926626e-08,3.01544353720498e-08,2.21635221738157e-08,2.01226702215713e-08,1.24958491330842e-08
16.6877875687447,2.18831377798172e-08,2.0313540092086e-08,1.87993557966311e-08,1.8332025563488e-08,1.49155082438674e-08,2.38730227208828e-08,2.1090504260241e-08,1.72246946548506e-08,1.5977811948544e-08,1.70488520243968e-08,1.31087812051708e-08,7.79328308489615e-09
16.7626206968557,1.60381559756671e-08,3.3784843425771e-08,3.06287591407028e-08,2.49150280280258e-08,2.46641628522515e-08,3.37684015607576e-08,3.19699720725224e-08,2.81628135589444e-08,2.87624014070453e-08,3.06451950971184e-08,3.34293014371274e-08,2.52523258526123e-08
16.8374538249666,3.69398599716054e-08,2.50705459165169e-08,2.61753176327923e-08,2.53050735761164e-08,2.5772230277445e-08,3.43538668550808e-08,3.40474968807855e-08,2.50343826807085e-08,2.48424772287905e-08,1.9544393138445e-08,1.88759896655874e-08,1.1311602900841e-08
16.9122869530776,2.0784619533191e-08,2.04492411068525e-08,1.9909975873017e-08,1.86556101403818e-08,1.40507833006303e-08,2.42773953604131e-08,2.22614408889247e-08,1.85437157129783e-08,1.53318302457087e-08,1.5306028389674e-08,1.21529128908145e-08,8.73356180648055e-09
16.9871200811886,1.55234669527385e-08,3.32499655288872e-08,3.04418034146507e-08,2.93354259150849e-08,2.57023439170089e-08,3.51004263195413e-08,3.31493717375921e-08,3.07692297613645e-08,3.00187928027787e-08,2.9690195513073e-08,3.07652814848997e-08,2.46766144549732e-08
17.0619532092995,3.57054913683297e-08,2.31612909985293e-08,2.51290703843568e-08,2.90549428999383e-08,2.71500079553899e-08,3.44984098521274e-08,3.52972320570187e-08,2.67981795592393e-08,2.46820270411777e-08,1.57844458418431e-08,1.58564083106302e-08,1.01083605406278e-08
17.1367863374105,2.06784201285329e-08,1.74852075359305e-08,1.78315015550725e-08,2.09613172748011e-08,1.67199053510872e-08,2.44842029225644e-08,2.39351650492124e-08,2.35063117573742e-08,1.98765595379554e-08,1.79242149939245e-08,1.52024298481468e-08,1.07095032221519e-08
17.2116194655214,1.39616723372711e-08,3.18261290435857e-08,2.86844503622884e-08,3.10776958926641e-08,2.65820554410714e-08,3.48823372123295e-08,3.27525539456511e-08,3.64226509569667e-08,3.37852279969087e-08,3.42661677548076e-08,3.22719337248032e-08,2.61161692531741e-08
17.2864525936324,3.35698664113504e-08,2.223424395815e-08,2.37878137148886e-08,3.12123135331949e-08,2.77353873634515e-08,3.30669685639071e-08,3.38543922480658e-08,3.11681431890342e-08,2.88400292826202e-08,2.01441925478826e-08,1.89141932654252e-08,1.26295975341126e-08
17.3612857217434,1.99990060132507e-08,1.44820540906366e-08,1.56019336636235e-08,2.20770396803941e-08,1.87030707994523e-08,1.89678242947328e-08,2.03286555781599e-08,2.14155068926046e-08,1.92685981890549e-08,1.92281516631711e-08,1.75079008597645e-08,1.14446114923153e-08
17.4361188498543,1.22415265938644e-08,2.91144299689955e-08,2.59905214114913e-08,2.95489794106346e-08,2.53259770178029e-08,2.87400719404983e-08,2.65744556633643e-08,3.37581438339471e-08,3.12121223330146e-08,3.50619892723616e-08,3.19189104170023e-08,2.82679486841087e-08
17.5109519779653,3.08342913425414e-08,2.01671351450967e-08,2.16195824772115e-08,2.88220651242802e-08,2.58701247377746e-08,2.73655301796672e-08,2.83177179882373e-08,2.87976107621738e-08,2.71418010494841e-08,2.23541269101593e-08,2.12581101656488e-08,1.44707169006921e-08
17.5857851060763,1.83700772573235e-08,1.22157161598942e-08,1.43978059349805e-08,1.97648591077188e-08,1.74037749051951e-08,1.37988703580158e-08,1.67141986595755e-08,1.84272041165052e-08,1.70222316636724e-08,1.65775886601817e-08,1.50882009915128e-08,7.90401513937947e-09
17.6606182341872,1.15123560883872e-08,2.6783532102541e-08,2.39862308929186e-08,2.8222482572183e-08,2.41540881185201e-08,2.50071605415951e-08,2.4010188290167e-08,3.0732577811339e-08,2.91788079659429e-08,3.17324426431486e-08,2.86428095480949e-08,2.59252086012693e-08
17.7354513622982,2.86316110454638e-08,1.80830116935485e-08,1.9326036788679e-08,2.70373982565158e-08,2.36058917765239e-08,2.34733659134801e-08,2.51601940776517e-08,2.72040789880142e-08,2.43213989963478e-08,2.21313206620986e-08,2.00757696411322e-08,1.29454984815195e-08
17.8102844904091,1.66318654655834e-08,1.1441205181142e-08,1.43763008450759e-08,1.67316482783274e-08,1.52071944739248e-08,1.23680908800912e-08,1.69499904748464e-08,1.74156559485177e-08,1.66518391804569e-08,1.27050092871676e-08,1.1821239447437e-08,5.22742442667918e-09
17.8851176185201,1.14205225027189e-08,2.53424070142236e-08,2.36556217311407e-08,2.6256987293497e-08,2.27070297381115e-08,2.53725751423624e-08,2.52704590105505e-08,2.93714947527838e-08,2.75132600418923e-08,2.74351634793556e-08,2.5806015890314e-08,2.27396646592586e-08
17.9599507466311,2.69562993121076e-08,1.59964688625103e-08,1.76871408175677e-08,2.54411981253354e-08,2.10434319714961e-08,2.24886311561528e-08,2.48397407513838e-08,2.55469997206686e-08,2.20091665475727e-08,1.90840911051378e-08,1.68322209032894e-08,1.06929779108345e-08
18.034783874742,1.48507765154536e-08,1.20722333081226e-08,1.43060655161609e-08,1.37584177873719e-08,1.24758438708869e-08,1.33351431598794e-08,1.74026998559545e-08,1.41362056167355e-08,1.34626567822041e-08,1.05836299090218e-08,1.1309690540269e-08,5.70723528333052e-09
18.109617002853,1.1992652491828e-08,2.60254096098653e-08,2.46372758040118e-08,2.37030775146233e-08,2.09054001466841e-08,2.708928881212e-08,2.64472794307553e-08,2.69963728550681e-08,2.50318388879618e-08,2.63958617027058e-08,2.62172017935295e-08,2.13817430227751e-08
18.184450130964,2.62119097061583e-08,1.59583391254684e-08,1.77225776892662e-08,2.31317860056941e-08,1.92561220042078e-08,2.30459405010731e-08,2.43439293603335e-08,2.26284542975914e-08,1.95669582979896e-08,1.75719393731012e-08,1.55115631418666e-08,9.50480622732195e-09
18.2592832590749,1.37310583598256e-08,1.21852890493634e-08,1.3568666024944e-08,1.0137038496928e-08,1.02173273389511e-08,1.25487263276234e-08,1.60378516721539e-08,9.97710989173181e-09,1.08806573212816e-08,9.4353621463477e-09,1.04507326759861e-08,6.72067354531688e-09
18.3341163871859,1.23764719630935e-08,2.69786165763402e-08,2.5366294144552e-08,2.13821642168416e-08,2.09653680564396e-08,2.80935425331601e-08,2.69897090023776e-08,2.44092787631066e-08,2.53122493073961e-08,2.62222183075557e-08,2.66753190723714e-08,2.0132614516565e-08
18.4089495152968,2.53760766211023e-08,1.68862534108906e-08,1.8335479408499e-08,2.04318157108495e-08,1.86429959616919e-08,2.36842381459136e-08,2.47319732544666e-08,2.06314548120471e-08,1.8623423061795e-08,1.63320816294243e-08,1.41586838573302e-08,8.46045805975611e-09
18.4837826434078,1.19825761139364e-08,1.25930245560813e-08,1.25404466116873e-08,7.86944946260384e-09,1.04282550062827e-08,1.2094569333211e-08,1.48806058837066e-08,8.24120457945012e-09,1.16538102019704e-08,8.56370053968424e-09,1.06350342259546e-08,8.3101300001719e-09
18.5586157715188,1.40788112521875e-08,2.92860427312638e-08,2.65221266280779e-08,2.35627745249665e-08,2.34973498771858e-08,3.06915401640855e-08,2.8229614003659e-08,2.5314419199995e-08,2.82227320928008e-08,2.62608712170255e-08,2.83267160664869e-08,1.96732435742211e-08
18.6334488996297,2.5409649661981e-08,1.93257109517983e-08,1.94954364492615e-08,2.15789781700956e-08,2.05193385831783e-08,2.6797603956668e-08,2.58859388448293e-08,2.11092132791391e-08,2.12266508187121e-08,1.51831299485086e-08,1.44810352406874e-08,7.7948686898847e-09
18.7082820277407,7.97676230212201e-09,1.37862125220056e-08,1.1990997342721e-08,8.80075056728896e-09,1.04688662267333e-08,1.19369064721218e-08,1.22249145101872e-08,1.02857076737603e-08,1.29318812470071e-08,1.31957079893444e-08,1.38077152471141e-08,1.23909109347437e-08
18.7831151558517,2.49749888154882e-08,4.27553751266249e-08,3.70601505299361e-08,3.88702314722821e-08,3.38377950540624e-08,4.40363367198372e-08,3.71137755477304e-08,3.94322355261769e-08,3.82004053625605e-08,4.0529928221072e-08,4.03501834909723e-08,2.64483079200556e-08
18.8579482839626,4.48878902699763e-08,5.12151210666119e-08,4.43463064202846e-08,5.32208037810538e-08,4.40520058989794e-08,5.83210366620222e-08,4.88308503724231e-08,5.07986179264592e-08,4.6066119038412e-08,4.57016964380273e-08,4.00139355578389e-08,2.67840201678292e-08
18.9327814120736,3.5093704274052e-08,4.04626076111613e-08,3.19131046112071e-08,4.28047414907521e-08,3.29498260070139e-08,4.62235185995542e-08,3.61414119552213e-08,4.12736999959202e-08,3.29662707564548e-08,3.73590336755758e-08,2.9338796878288e-08,1.80854227047765e-08
19.0076145401846,5.78216938697324e-09,2.5433282065944e-08,1.5906664846513e-08,2.20498670958312e-08,1.59297882745376e-08,2.5026358846604e-08,1.57711340661003e-08,2.46661756385194e-08,1.94837363618736e-08,2.44688644457884e-08,2.01944914583596e-08,2.10676054041398e-08
19.0824476682955,1.73266044243825e-08,1.2257714004e-08,9.51010815890166e-09,1.44763578805435e-08,1.24501748315191e-08,1.70096979964454e-08,1.31966751105468e-08,1.50264857974118e-08,1.30799650601314e-08,1.157307683766e-08,1.26513577538015e-08,5.55564439785526e-09
19.1572807964065,1.57845503682622e-08,1.24458984123845e-08,9.67260549076521e-09,1.56942522122801e-08,1.21805535189615e-08,1.58953481144361e-08,1.31477092797199e-08,1.5089649648146e-08,1.17440907226485e-08,1.21994781219706e-08,8.53063887882007e-09,5.67123772375009e-09
19.2321139245174,3.6366413094135e-09,1.98738268846694e-08,1.38269796254272e-08,1.7431481962013e-08,1.38013017893525e-08,1.91825061071822e-08,1.44128472038054e-08,2.01781455452357e-08,1.77994154781755e-08,2.00373143018669e-08,1.72206608545041e-08,1.85536276718348e-08
19.3069470526284,1.84918022039217e-08,1.35105907399858e-08,1.04755718923733e-08,1.62837062517321e-08,1.30283246115485e-08,1.726985788543e-08,1.46884460513949e-08,1.62871613448947e-08,1.37288500140469e-08,1.31606383359368e-08,1.31377670029885e-08,6.54199538665529e-09
19.3817801807394,1.35420517974002e-08,9.24961857523413e-09,7.55482018538286e-09,1.27073228245876e-08,9.66741034228192e-09,1.21114951430906e-08,1.11945400651283e-08,1.24433199959859e-08,9.71183495427197e-09,9.48615128656022e-09,6.90783955248026e-09,5.06999339514074e-09
19.4566133088503,5.35401411490458e-09,1.82532054653768e-08,1.4030197355165e-08,1.67656948409215e-08,1.33750845085531e-08,1.77004349695681e-08,1.52632832331232e-08,1.96932127182199e-08,1.66751073508429e-08,1.95384161344506e-08,1.61892398851355e-08,1.77585235448285e-08
19.5314464369613,1.83632355346305e-08,1.30368933183919e-08,1.06516048387646e-08,1.65605715392902e-08,1.30368788352171e-08,1.70308951813337e-08,1.50910549463739e-08,1.63759202148032e-08,1.3701966167461e-08,1.28471741894334e-08,1.24360259127703e-08,6.69740384713779e-09
19.6062795650723,1.23767981082814e-08,7.71472725297753e-09,7.1209690505728e-09,1.15008711923996e-08,8.07711509982932e-09,1.01216838931342e-08,1.02549659477672e-08,1.15061949589724e-08,8.07958390524525e-09,7.62420097748956e-09,6.40964407717634e-09,4.66170452056059e-09
19.6811126931832,6.06629376165093e-09,1.69265969247153e-08,1.42835893293224e-08,1.61450486366695e-08,1.30973897799517e-08,1.70155280752645e-08,1.54261010016093e-08,1.86561799494853e-08,1.59530668588495e-08,1.87888778373021e-08,1.5961504200879e-08,1.68556430395777e-08
19.7559458212942,1.80072671684341e-08,1.2299229871686e-08,1.09277887358999e-08,1.64192808282544e-08,1.23720734072419e-08,1.64781936137943e-08,1.51444259173691e-08,1.64247170414943e-08,1.29663810250807e-08,1.17579293944463e-08,1.13189225842635e-08,6.57759996549306e-09
19.8307789494051,1.14937868338464e-08,6.92159683891499e-09,6.81883576510209e-09,1.05863932437824e-08,7.22452964810682e-09,9.73883724699808e-09,9.53254816197991e-09,1.01416183953723e-08,6.85478729251285e-09,6.94355440992644e-09,5.67537367373548e-09,4.29740787596849e-09
19.9056120775161,6.6058848916542e-09,1.57563095452183e-08,1.42919282698745e-08,1.50918096288924e-08,1.25374488943145e-08,1.61108619758635e-08,1.49602191363986e-08,1.73148862669315e-08,1.59510902464469e-08,1.77912838562411e-08,1.60704145978818e-08,1.58737875328503e-08
19.9804452056271,1.78857670063513e-08,1.14068415423546e-08,1.13248516468054e-08,1.57390823973439e-08,1.2177418661336e-08,1.62348412634443e-08,1.50199007957677e-08,1.54954120167589e-08,1.23116073991418e-08,1.10786032197554e-08,1.00061838809255e-08,6.14994323670074e-09
20.055278333738,1.11269511354966e-08,7.06819698901955e-09,6.36073500414515e-09,9.91411976619498e-09,6.91420118767906e-09,9.38713755506394e-09,8.86177208643367e-09,9.44105761266702e-09,6.9802023474491e-09,7.23188443205409e-09,4.76376965680773e-09,4.22189131886717e-09
20.130111461849,6.68943452303166e-09,1.53803127940583e-08,1.35564020269353e-08,1.41620112286323e-08,1.21252125795696e-08,1.58117225599282e-08,1.41386374832568e-08,1.63768846568218e-08,1.51846273524832e-08,1.64651681403621e-08,1.6173559652614e-08,1.51820229083319e-08
20.20494458996,1.75615712572711e-08,1.1039353423642e-08,1.09857730393987e-08,1.49814392766118e-08,1.21131316551838e-08,1.55821029968417e-08,1.43277580539495e-08,1.44773815645167e-08,1.23964127775666e-08,1.09544616441509e-08,8.96912698247631e-09,5.91055491340615e-09
20.2797777180709,1.07864271037147e-08,7.21799331225791e-09,5.61292166117865e-09,9.29552309271514e-09,6.44188484281788e-09,9.53460108494251e-09,8.17856309897845e-09,9.29535717795669e-09,6.84382798001221e-09,7.44704552544332e-09,4.09569720670616e-09,4.01703378587812e-09
20.3546108461819,6.68277991689824e-09,1.52025724478334e-08,1.26262509798616e-08,1.35176746649754e-08,1.18582750152663e-08,1.53796103443234e-08,1.31480843756322e-08,1.55873079204185e-08,1.41837791500642e-08,1.51547587747417e-08,1.58038294785377e-08,1.44207503486169e-08
20.4294439742928,1.72023892831904e-08,1.10974283573467e-08,1.0359225423691e-08,1.4604394465749e-08,1.1554152673507e-08,1.57174241295452e-08,1.35453321577468e-08,1.43978368268732e-08,1.21926899640347e-08,1.10402534259969e-08,8.60206819196132e-09,5.60853386322165e-09
20.5042771024038,1.04503364614826e-08,7.52400627836931e-09,4.60371036178639e-09,9.3101134524659e-09,6.12251882312244e-09,9.43671836660521e-09,7.16601678028548e-09,9.0823566814596e-09,5.74500739752788e-09,7.34692904013024e-09,4.04215202364124e-09,3.82414012200218e-09
20.5791102305148,6.72217528516796e-09,1.50231395205321e-08,1.1618464563839e-08,1.31742440304255e-08,1.10132694087841e-08,1.51126752802428e-08,1.23394886573383e-08,1.51672477727553e-08,1.38746567856053e-08,1.44017195596828e-08,1.46916392259613e-08,1.379077101863e-08
20.6539433586257,1.6989862484648e-08,1.11677514886146e-08,9.71994437766105e-09,1.4217208643976e-08,1.12304049653453e-08,1.51246725899352e-08,1.28752998579171e-08,1.38408713586618e-08,1.1289600169981e-08,1.06079355852059e-08,8.7773678441444e-09,5.30858581880944e-09
20.7287764867367,1.03102733120539e-08,7.69848530862243e-09,3.96785543150137e-09,9.25032536052267e-09,5.68899517070485e-09,9.56696976206897e-09,6.65037479308338e-09,8.83439180447457e-09,5.50326631012665e-09,6.6866107998232e-09,4.52246198276547e-09,3.7293850349308e-09
20.8036096148477,6.60639154498463e-09,1.48529492343528e-08,1.06973517339189e-08,1.28506013033418e-08,1.04949195664002e-08,1.44693016132075e-08,1.14013786497789e-08,1.46846320805768e-08,1.31628324583939e-08,1.43337316748598e-08,1.31311867271098e-08,1.32880056371126e-08
20.8784427429586,1.67242901106994e-08,1.13369854294286e-08,8.98511828480641e-09,1.38385004621856e-08,1.09685825125915e-08,1.50508504661699e-08,1.2199397043227e-08,1.32479530759438e-08,1.0796802732386e-08,9.73807185013148e-09,9.07463855066971e-09,5.16475924330605e-09
20.9532758710696,1.01933753710113e-08,7.66702206090786e-09,3.79158923352129e-09,8.92861210663717e-09,5.42837246361168e-09,9.34509026955124e-09,6.09827247119105e-09,8.86939362820757e-09,5.66858258718238e-09,6.22029160057894e-09,5.03195475684019e-09,3.57688188308977e-09
21.0281089991805,6.42389262136851e-09,1.43839036971376e-08,1.02375426025775e-08,1.22975503805843e-08,1.02230746923516e-08,1.42809351562791e-08,1.089484644771e-08,1.39031908805665e-08,1.21012111455827e-08,1.44850688721174e-08,1.16830924235738e-08,1.28802615014725e-08
21.1029421272915,1.63767702025932e-08,1.11567696270098e-08,8.48363210519425e-09,1.3273887133592e-08,1.03949229329501e-08,1.44388160973275e-08,1.15213151032374e-08,1.29208524073829e-08,1.08316307239766e-08,8.83285880551945e-09,9.09557443755382e-09,5.15342164720513e-09
21.1777752554025,9.93604229512148e-09,7.58633314037952e-09,3.67898390583915e-09,8.57165092545565e-09,5.29795490332048e-09,9.47575200749685e-09,5.62404705173175e-09,8.399258980783e-09,4.94182289666988e-09,6.45216130855731e-09,5.25031625923194e-09,3.39923747278921e-09
21.2526083835134,6.47951346156403e-09,1.41295940052428e-08,1.01592613338442e-08,1.22386703386288e-08,9.72184070670455e-09,1.39385680159215e-08,1.05856746053554e-08,1.39249990507272e-08,1.18571712800293e-08,1.44881337082045e-08,1.09637994517106e-08,1.26903021168135e-08
21.3274415116244,1.62777431292891e-08,1.10737782140797e-08,8.47481687178952e-09,1.31008437537639e-08,1.03983171299952e-08,1.44717060613471e-08,1.13808266190907e-08,1.26146776418402e-08,1.03207113120155e-08,8.7658206023737e-09,8.80211578062924e-09,5.25291804787538e-09
21.4022746397354,9.81339727990503e-09,7.10658938486953e-09,3.73733615841185e-09,8.26791408544082e-09,4.78669988800212e-09,8.90127004540426e-09,5.22709332106303e-09,8.06032497746576e-09,4.34874449638494e-09,6.98825789882563e-09,4.97624252760923e-09,3.25942407744269e-09
21.4771077678463,6.55145830260074e-09,1.38247812661104e-08,1.02661514892284e-08,1.24365493242398e-08,9.64006784656485e-09,1.41906483768149e-08,1.07324415551433e-08,1.40236572728122e-08,1.17415527736799e-08,1.40572280526732e-08,1.09901251374828e-08,1.25983997379196e-08
21.5519408959573,1.62161490886026e-08,1.10824388779499e-08,8.71908368161666e-09,1.33123674752709e-08,1.03412980619221e-08,1.44362300949632e-08,1.15678875990078e-08,1.27729541062334e-08,9.79808748520282e-09,9.46072983658921e-09,8.10561325178608e-09,5.58222213974825e-09
21.6267740240682,9.467256585771e-09,6.55305328855539e-09,3.74134330680901e-09,7.87185855820566e-09,4.19557049992579e-09,8.4703895164534e-09,5.02542474886936e-09,8.00882727950196e-09,4.51090902371917e-09,7.25216467683009e-09,4.57353811575147e-09,3.18337364786947e-09
21.7016071521792,7.19597910319478e-09,1.40698259226001e-08,1.10113915946878e-08,1.32608868166103e-08,1.01016599739665e-08,1.42203995536987e-08,1.13631291490747e-08,1.43839994242491e-08,1.16383862154088e-08,1.41732916339671e-08,1.1975519396197e-08,1.27652844454312e-08
21.7764402802902,1.66209891560834e-08,1.18104150791761e-08,9.75171252004176e-09,1.44272237370218e-08,1.08545338209385e-08,1.53895052361668e-08,1.2600595532068e-08,1.4014705587191e-08,1.07939853429564e-08,1.10559353114918e-08,7.87530526901633e-09,6.43802258611728e-09
21.8512734084011,8.19818011270777e-09,5.51859141892936e-09,3.52341205283442e-09,6.63520745623583e-09,3.39288082512786e-09,6.64173787212772e-09,3.93979127856013e-09,6.87958993999135e-09,4.07262829736685e-09,7.07572354904927e-09,4.92417230737278e-09,3.79394989460339e-09
21.9261065365121,1.21097444361325e-08,1.85018623320912e-08,1.65066578598823e-08,1.86388290858776e-08,1.50003657620557e-08,1.89197264746336e-08,1.68682363768191e-08,1.92471659515107e-08,1.62920684609866e-08,1.91324399981736e-08,1.75743370513777e-08,1.5518315421727e-08
22.0009396646231,2.64401487951149e-08,2.50700865404911e-08,2.35501628238273e-08,2.86632128938656e-08,2.35449017076189e-08,2.86778709922162e-08,2.64555334101945e-08,2.74534347423401e-08,2.39162917268829e-08,2.53355951409197e-08,2.07460302895858e-08,1.65619184665851e-08
22.075772792734,2.23525605455093e-08,2.17938905234956e-08,2.06032727248105e-08,2.49433911931941e-08,2.03830750988055e-08,2.52130718398005e-08,2.32835856475606e-08,2.39433693310634e-08,2.05790617648519e-08,2.0820147070194e-08,1.84798972229969e-08,1.16950545623889e-08
22.150605920845,3.92580346530193e-09,1.37991473283518e-08,1.18096546437943e-08,1.29081322128361e-08,1.0449744886434e-08,1.37687620783297e-08,1.21100537192464e-08,1.40449862834359e-08,1.291511255109e-08,1.51322956658915e-08,1.33748574047247e-08,1.27524912280198e-08
22.2254390489559,1.22149877636432e-08,7.43988360873095e-09,5.55753403165982e-09,9.49133736385756e-09,6.95154128955692e-09,1.0030065901839e-08,7.94504166213219e-09,9.38520037796385e-09,6.51390632539459e-09,6.85380671089918e-09,4.50833896188389e-09,3.01082234395927e-09
22.3002721770669,1.26584511410302e-08,8.79320158706087e-09,7.49569511504133e-09,1.14498721539895e-08,8.44961105746302e-09,1.13735212977726e-08,9.76696801230755e-09,1.11485615889964e-08,8.66110871804402e-09,7.9902785232874e-09,6.61030914471876e-09,2.64200829713866e-09
22.3751053051779,6.98142490333443e-10,1.09163330542541e-08,8.41321444292462e-09,1.01244963379752e-08,7.92378202562734e-09,1.08777360286494e-08,8.89018031159091e-09,1.14958203862561e-08,9.74559160038794e-09,1.23548782958215e-08,9.92651899710936e-09,1.12001174920448e-08
22.4499384332888,1.30585503456367e-08,8.45894196701665e-09,6.68822782186065e-09,1.07793061240281e-08,8.0459813545667e-09,1.09415157323783e-08,9.10488920956327e-09,1.06442726556384e-08,7.96011793718119e-09,7.39364123119246e-09,5.38926964645832e-09,3.70861131515204e-09
22.5247715613998,1.20156796678576e-08,7.86555328623506e-09,6.83561320937346e-09,1.03473751654313e-08,8.07210923907538e-09,1.04208561325484e-08,9.01636901559831e-09,9.87924175660804e-09,8.11786979969261e-09,7.50506216148165e-09,6.79920442376174e-09,2.15511935978749e-09
22.5996046895108,1.22763153623309e-09,1.04377016453278e-08,8.29704307684686e-09,9.66584748876072e-09,7.72785314594602e-09,1.03635792130969e-08,8.75051618313925e-09,1.1246296214459e-08,9.52417899673248e-09,1.1452460590608e-08,9.14760167365667e-09,1.09336910668422e-08
22.6744378176217,1.30711542376512e-08,8.74385433862368e-09,7.21228855045913e-09,1.10598463223899e-08,8.74303009793615e-09,1.13886951726946e-08,9.56127235595332e-09,1.05441223798894e-08,8.64019021330166e-09,7.810748211363e-09,6.54423674975964e-09,3.77510276867019e-09
22.7492709457327,1.18774573503967e-08,7.76528208576774e-09,6.96535475439523e-09,1.00339667027469e-08,7.92224402091337e-09,1.00394549799327e-08,8.90886771805182e-09,9.70777605479844e-09,7.69918684327155e-09,7.67790637575907e-09,6.89296656093369e-09,2.07851343406808e-09
22.8241040738437,1.16923622390249e-09,1.01967858001274e-08,8.43550888554883e-09,9.24854928988921e-09,7.89099735642974e-09,1.01518965368771e-08,8.8400189546351e-09,1.07109359593824e-08,1.00703764962785e-08,1.03800584605012e-08,8.74548914413801e-09,1.06630078378911e-08
22.8989372019546,1.28911221989671e-08,8.92689339828132e-09,7.59807786754782e-09,1.0992312260041e-08,8.80547542146702e-09,1.14343543940692e-08,9.89578633739996e-09,1.06133132090172e-08,8.40109930111853e-09,8.34030762193957e-09,7.21342418095912e-09,3.66712413965444e-09
22.9737703300656,1.18385174077828e-08,7.90169801144203e-09,7.20833343798836e-09,9.93165986145597e-09,8.02885091387659e-09,1.02902685949778e-08,9.20610506335968e-09,9.55196637958645e-09,8.09131015690692e-09,7.41304209322234e-09,6.31010678902368e-09,2.21084825650989e-09
23.0486034581765,1.01497164245111e-09,9.89872229980935e-09,8.53509415236773e-09,8.76795494661649e-09,7.81752009294718e-09,9.7715792082506e-09,8.91994182481321e-09,1.00986451680842e-08,9.80811498558283e-09,9.72828239341685e-09,9.06434015672631e-09,1.03961807258061e-08
23.1234365862875,1.27918868882727e-08,8.88487694228034e-09,7.92294491222215e-09,1.08076920012682e-08,8.81437060029821e-09,1.15342938524462e-08,1.01936226175641e-08,1.05551006008996e-08,8.61263997313419e-09,8.47441083316711e-09,7.25205637241745e-09,3.38713632166046e-09
23.1982697143985,1.20260339123461e-08,8.24815016147786e-09,7.5827299928039e-09,1.0074303658218e-08,8.47090009942579e-09,1.06300254286232e-08,9.60333919726004e-09,9.49727123714804e-09,8.54115223293314e-09,6.93683751120843e-09,5.56881815739199e-09,2.39778876086234e-09
23.2731028425094,6.8450265414493e-10,9.86086940256298e-09,8.5644220249972e-09,8.58255058347509e-09,7.5636820581112e-09,9.80354803110708e-09,8.95813228128281e-09,1.0089981194258e-08,9.34828717582442e-09,9.96991631840292e-09,9.91225137583311e-09,1.0301719012536e-08
23.3479359706204,1.25652201711319e-08,8.78993551066733e-09,7.93199603904509e-09,1.06386923678651e-08,8.91047657327728e-09,1.13692630831468e-08,1.01956858005241e-08,1.00624184849132e-08,9.00634099464159e-09,8.023936532493e-09,6.6003839119877e-09,3.17647951339997e-09
23.4227690987314,1.21854053199428e-08,8.4294174272109e-09,7.80252251797527e-09,1.0191665251469e-08,8.45538801785623e-09,1.09676650128545e-08,9.95120231665578e-09,9.90562028751371e-09,8.26551230951629e-09,6.71519020777119e-09,5.21292638077479e-09,2.64863854884504e-09
23.4976022268423,4.22343863707103e-10,9.79089666852351e-09,8.62261776207166e-09,8.44377438358192e-09,7.7397821160301e-09,9.76327876796965e-09,9.04345121534986e-09,9.83713040269334e-09,9.83065033578712e-09,1.04467401075096e-08,1.05945569388609e-08,1.02515102947363e-08
23.5724353549533,6.16528023000303e-09,4.33845881444178e-09,3.92865126058242e-09,5.23129943532351e-09,4.31872998877023e-09,5.64668395929873e-09,5.04258656466962e-09,5.0350254454977e-09,4.2624251454108e-09,3.64649663815649e-09,2.84785705849706e-09,1.4881840915066e-09
