f,amplitude_1,amplitude_2
0,0.00396211063080504,0.00344251989313075
0.126099352166379,0.00631903539345348,0.00776191329606467
0.252198704332758,0.00267101394912361,0.00480300741778267
0.378298056499138,0.000383643985740635,0.000611306090061593
0.504397408665517,0.0011496184934234,0.00232178344817449
0.630496760831896,0.000418179497550874,0.000803601946739923
0.756596112998275,0.000147711868933148,0.000210936405549284
0.882695465164654,0.000127941286380945,0.000308757054617544
1.00879481733103,6.3291568429948e-05,0.000262039053934911
1.13489416949741,5.11305031290732e-05,0.000159418124040137
1.26099352166379,2.6639071031287e-05,0.000107953347136763
1.38709287383017,1.24018502718998e-05,0.000145741808788212
1.51319222599655,6.70537313527482e-06,3.84467891654321e-05
1.63929157816293,2.61424438934088e-05,4.24330225342862e-05
1.76539093032931,2.07446471882788e-05,5.37476030679799e-05
1.89149028249569,3.69763630958924e-05,1.96137989630822e-05
2.01758963466207,3.87746227111519e-05,3.40327952431835e-05
2.14368898682845,5.965111150907e-05,4.74630646189168e-05
2.26978833899483,8.98397432438201e-05,9.27127596122375e-05
2.3958876911612,5.8060772670451e-05,7.04253176904706e-05
2.52198704332758,3.61722144476078e-06,1.07680794717613e-05
2.64808639549396,8.71123510914505e-06,1.20944637391145e-05
2.77418574766034,4.33054713720374e-06,2.17507953699547e-05
2.90028509982672,9.69829133544405e-06,1.07024260025659e-05
3.0263844519931,3.74995520939402e-05,1.99880980964954e-05
3.15248380415948,0.00011358366578634,8.08537457582338e-05
3.27858315632586,1.01300726671135e-05,5.47643881302128e-06
3.40468250849224,1.69833075173534e-05,9.6279103094025e-06
3.53078186065862,6.30677549552357e-06,7.52811090255184e-06
3.656881212825,4.05178842199143e-06,2.18183524195546e-06
3.78298056499138,5.40703698725454e-06,2.79428604167182e-06
3.90907991715775,1.74192113373306e-06,3.11259308469781e-06
4.03517926932413,2.64454704881807e-06,1.2321596460531e-06
4.16127862149051,2.74005238624751e-06,4.41202222907721e-06
4.28737797365689,1.60504239414175e-06,2.11717523716612e-06
4.41347732582327,2.52016656926099e-06,3.34870217687417e-06
4.53957667798965,3.17315044293446e-06,5.68761811515722e-06
4.66567603015603,1.52777713303954e-06,2.15621274212814e-06
4.79177538232241,3.41922437839986e-06,4.22206335211368e-06
4.91787473448879,4.08054867815933e-06,7.70435662201766e-06
5.04397408665517,5.03851676131136e-07,2.38369323793768e-06
5.17007343882155,1.70111430584633e-06,4.7630809211417e-06
5.29617279098793,2.31844293760571e-06,2.21723327874851e-06
5.4222721431543,7.58679406203696e-07,8.83329622323115e-07
5.54837149532068,1.09367286477278e-06,1.73510954770097e-06
5.67447084748706,1.53978090481166e-06,3.00971985873039e-06
5.80057019965344,4.61829287566545e-07,1.22681037955772e-06
5.92666955181982,5.42608493651131e-07,1.43882423376984e-06
6.0527689039862,1.89469493610365e-06,3.22767418355705e-06
6.17886825615258,2.25967516802614e-07,1.49886298269929e-06
6.30496760831896,1.98413146920595e-06,2.87411573639935e-06
6.43106696048534,1.25503904704832e-06,3.92390769076208e-06
6.55716631265172,1.71891105221896e-06,4.98544908556146e-06
6.6832656648181,1.39060863970256e-06,2.41189187022016e-06
6.80936501698448,1.04303899775151e-06,7.01903132821019e-07
6.93546436915085,1.00460506623399e-06,2.50195583665842e-07
7.06156372131723,6.17584255265701e-07,3.99273084664768e-07
7.18766307348361,1.10677161821331e-06,4.89698913442721e-07
7.31376242564999,1.49096815455019e-06,7.0958920329229e-07
7.43986177781637,2.79988870412808e-06,2.04100725071172e-06
7.56596112998275,1.2434379158707e-06,1.1543500974846e-06
7.69206048214913,1.06057014095262e-06,1.20751507627457e-06
7.81815983431551,1.12848631733791e-06,9.72942684262414e-07
7.94425918648189,9.86218238849582e-07,8.75271200147221e-07
8.07035853864827,4.01903612814102e-07,1.50857596723091e-07
8.19645789081465,6.52064699642452e-07,4.97383822985776e-07
8.32255724298103,1.01085414846097e-06,5.68330980136608e-07
8.4486565951474,1.16712301079077e-07,2.72428225555746e-07
8.57475594731378,1.50541488342712e-06,5.12120125102491e-07
8.70085529948016,2.63089284862205e-06,1.14228808608002e-06
8.82695465164654,3.44276427900387e-06,2.55576614938691e-07
8.95305400381292,1.94021383060674e-06,1.22648915434446e-06
9.0791533559793,5.56626444665883e-07,3.0910434223526e-07
9.20525270814568,7.34875107585077e-07,1.63739873308152e-07
9.33135206031206,8.26378188960197e-07,6.0830825263768e-07
9.45745141247844,3.24926768571459e-07,1.75187500490411e-07
9.58355076464482,7.37518441254604e-07,7.31560214635287e-07
9.7096501168112,5.15159779206027e-07,7.47403803524117e-07
9.83574946897757,4.24891015572893e-07,8.44921268190828e-07
9.96184882114395,6.10005821169522e-07,6.44159892527354e-07
10.0879481733103,5.14817568429757e-07,4.4496868871021e-07
10.2140475254767,4.31298326286977e-07,2.93949247065056e-07
10.3401468776431,3.81430215261132e-07,2.92307393758578e-07
10.4662462298095,4.08709696903453e-07,4.92515518573912e-07
10.5923455819759,3.92520935672431e-07,2.3882253884086e-07
10.7184449341422,8.6968075844433e-08,3.53146511705103e-07
10.8445442863086,5.63110736143346e-07,1.17738835154869e-06
10.970643638475,7.14164600490619e-07,8.86243798504463e-07
11.0967429906414,1.47046083894501e-06,5.07452561808324e-07
11.2228423428077,4.84374331647982e-07,2.82085058216958e-07
11.3489416949741,4.49964485505581e-07,5.59806858862281e-08
11.4750410471405,9.63359187425366e-07,3.03449128768425e-07
11.6011403993069,2.76619403202497e-07,1.17712949052394e-08
11.7272397514733,8.25563061510049e-07,3.43019491481206e-07
11.8533391036396,1.77716766914688e-06,1.05941163141824e-06
11.979438455806,2.71658207446773e-07,2.21298299799571e-07
12.1055378079724,4.51736402914557e-07,3.17434295879021e-07
12.2316371601388,5.23026504754039e-07,3.87025997421126e-07
12.3577365123052,2.58104844882118e-07,2.81977339499845e-08
12.4838358644715,4.43040406439194e-07,2.4287583604857e-07
12.6099352166379,3.16144689353173e-07,2.13853884081229e-07
12.7360345688043,3.07001842784527e-07,9.05150128993616e-08
12.8621339209707,3.69123457833943e-07,2.0163284192917e-07
12.9882332731371,2.65399792253105e-07,1.11824918011135e-07
13.1143326253034,3.86334894370392e-07,1.52114350117433e-07
13.2404319774698,3.74626941527683e-07,2.30200620392619e-07
13.3665313296362,2.32517404479573e-07,1.30520817810594e-07
13.4926306818026,3.23765155990837e-07,1.29911110994514e-07
13.618730033969,2.2952657516645e-07,2.03718977820468e-07
13.7448293861353,2.28201907918542e-07,1.05004048182177e-07
13.8709287383017,2.90317741734906e-07,1.79979189087414e-07
13.9970280904681,2.51485747590052e-07,2.99923566354404e-07
14.1231274426345,2.20570197118273e-07,2.07419802679027e-07
14.2492267948008,2.3965556227713e-07,1.73695726292079e-07
14.3753261469672,1.90969205511032e-07,2.87996620645844e-07
14.5014254991336,2.39697453262794e-07,1.61636621532556e-07
14.6275248513,3.0832682415213e-07,1.67693739609755e-07
14.7536242034664,2.84864146057963e-07,3.47994886189395e-07
14.8797235556327,9.71777820676105e-08,1.7293878047038e-07
15.0058229077991,3.03689485550421e-07,1.95117239200442e-07
15.1319222599655,3.13382852103836e-07,4.72590730290449e-07
15.2580216121319,7.02911269679403e-07,6.25731696678138e-07
15.3841209642983,9.77328819200866e-07,4.64380970852685e-07
15.5102203164646,5.74888397370227e-07,3.91872663374484e-07
15.636319668631,2.15169933803523e-07,2.19800326592504e-07
15.7624190207974,2.20166669207208e-07,1.25556257770471e-07
15.8885183729638,2.1002480270525e-07,1.20159761853366e-07
16.0146177251302,1.86259712862705e-07,1.33683740332851e-07
16.1407170772965,1.65915207421811e-07,2.0365858464006e-07
16.2668164294629,2.3338180522079e-07,2.05452353026835e-07
16.3929157816293,2.01669169566625e-07,5.92635970893724e-08
16.5190151337957,1.93501004805207e-07,1.05091163778487e-07
16.6451144859621,2.50720012728211e-07,1.44291874007711e-07
16.7712138381284,2.41091461306787e-07,4.95284191688959e-08
16.8973131902948,1.79311141804893e-07,2.32573509860815e-07
17.0234125424612,2.53793694570491e-07,2.88498224875025e-07
17.1495118946276,2.64932616254279e-07,7.97314118635879e-08
17.2756112467939,1.98234561579617e-07,5.27089091194514e-07
17.4017105989603,5.22004142916132e-07,8.65449251371658e-07
17.5278099511267,7.14538358745044e-07,7.03773933395488e-07
17.6539093032931,3.645571948506e-07,8.65369980441191e-07
17.7800086554595,1.63362475196974e-07,2.69218315582463e-07
17.9061080076258,2.17744314543475e-07,1.02811515741209e-07
18.0322073597922,2.10914083906867e-07,1.31173920552087e-07
18.1583067119586,2.0907741711369e-07,8.98425230746316e-08
18.284406064125,2.20485093814189e-07,4.73794448039397e-08
18.4105054162914,1.96618051331302e-07,9.82264230430597e-08
18.5366047684577,1.97000337937907e-07,8.80113609338387e-08
18.6627041206241,2.41963158665593e-07,8.30561157748322e-08
18.7888034727905,2.38813636029345e-07,8.69930103513257e-09
18.9149028249569,2.2229216091143e-07,4.74875374348567e-08
19.0410021771233,2.36677561583114e-07,4.52010944775112e-08
19.1671015292896,2.81937571230297e-07,8.06467723455557e-08
19.293200881456,2.52233828463859e-07,4.56677892813944e-08
19.4193002336224,2.38651610756445e-07,3.92960037454019e-08
19.5453995857888,3.18601612998238e-07,2.22496128860783e-07
19.6714989379552,2.95473842355528e-07,3.76282558826255e-07
19.7975982901215,1.53022849900674e-07,4.39690559492532e-07
19.9236976422879,1.24053080100052e-07,2.81039340672303e-07
20.0497969944543,1.93051674119282e-07,9.77425150786565e-08
20.1758963466207,1.71427423288849e-07,1.26541518491502e-07
20.301995698787,1.86800843241688e-07,8.95392094345414e-08
20.4280950509534,1.92347947172833e-07,3.57190898605143e-08
20.5541944031198,1.84776960651282e-07,1.02240434866887e-07
20.6802937552862,1.70094082399155e-07,9.32473270152399e-08
20.8063931074526,1.95482229558688e-07,4.00639532832952e-08
20.9324924596189,1.69547720568407e-07,8.43528261531189e-08
21.0585918117853,1.79308826041033e-07,8.2528462902239e-08
21.1846911639517,1.84003073910514e-07,2.7890377843726e-08
21.3107905161181,1.77187978697393e-07,8.9916556843454e-08
21.4368898682845,1.79246361707193e-07,6.83414425032989e-08
21.5629892204508,1.75858156334215e-07,6.0246974400379e-08
21.6890885726172,1.65886800146029e-07,8.96921324663823e-08
21.8151879247836,1.76872089670329e-07,4.60047382483e-08
21.94128727695,1.74547148208881e-07,7.26885610999443e-08
22.0673866291164,1.66071393837631e-07,1.08974590832381e-07
22.1934859812827,1.70879753979089e-07,6.7484484543281e-08
22.3195853334491,1.651594783582e-07,8.8602729395838e-08
22.4456846856155,1.48153636538947e-07,1.21594870008548e-07
22.5717840377819,1.68674724029808e-07,6.30638321425751e-08
22.6978833899483,1.44099615421808e-07,1.23559982266224e-07
22.8239827421146,1.45033506235194e-07,1.4842991725789e-07
22.950082094281,1.63039304308631e-07,8.80751840822643e-08
23.0761814464474,1.48716861980635e-07,1.20991135310741e-07
23.2022807986138,1.60631389408174e-07,1.07167629184984e-07
23.3283801507801,1.73829461715771e-07,5.04378334788115e-08
23.4544795029465,1.51754603817137e-07,9.33287624280787e-08
23.5805788551129,1.64995160933554e-07,8.23930323337557e-08
23.7066782072793,1.69805372965808e-07,5.51228445481334e-08
23.8327775594457,1.59916181045577e-07,7.68942753427534e-08
23.958876911612,1.64265213058253e-07,9.97140814794628e-08
24.0849762637784,2.13832467580667e-07,6.25656260355958e-08
24.2110756159448,1.62381710666991e-07,1.19062471992929e-08
24.3371749681112,1.50774384723354e-07,4.88490557258775e-08
24.4632743202776,1.48984051431667e-07,6.29674619713328e-08
24.5893736724439,1.54376429555216e-07,6.24716856843654e-08
24.7154730246103,1.51797668871196e-07,6.39861952501677e-08
24.8415723767767,1.45798983155266e-07,6.11854901858272e-08
24.9676717289431,1.51193963073204e-07,6.90995249140781e-08
25.0937710811095,1.5376051083772e-07,6.45105772946132e-08
25.2198704332758,1.55101401070967e-07,5.66086872347297e-08
25.3459697854422,1.60960435040419e-07,7.13357901667248e-08
25.4720691376086,1.54376645085701e-07,4.84559574806867e-08
25.598168489775,1.46665045368977e-07,5.18194564729075e-08
25.7242678419414,1.6458287309802e-07,7.49337317163103e-08
25.8503671941077,1.57778744889065e-07,5.21492932495925e-08
25.9764665462741,1.5090664089195e-07,5.34396986714778e-08
26.1025658984405,1.77760131501783e-07,1.04748131643742e-07
26.2286652506069,1.59247708879959e-07,5.26473486910157e-08
26.3547646027732,1.76097040750742e-07,5.78362152323651e-08
26.4808639549396,1.31329813748966e-07,3.31431184481883e-08
26.606963307106,1.38217392392842e-07,5.19707701871287e-08
26.7330626592724,1.47048214473934e-07,4.90537391734838e-08
26.8591620114388,1.46603894249353e-07,5.1144633258845e-08
26.9852613636051,1.38561138131151e-07,4.69857037565218e-08
27.1113607157715,1.43395210359451e-07,4.84024933950631e-08
27.2374600679379,1.4060571981457e-07,5.17001116367721e-08
27.3635594201043,1.36400710349955e-07,5.00580205080334e-08
27.4896587722707,1.54426297655003e-07,5.88543484302123e-08
27.615758124437,1.39673821531567e-07,4.90436585873299e-08
27.7418574766034,1.43064195277462e-07,5.07197843560596e-08
27.8679568287698,1.4529873175903e-07,5.56282071585774e-08
27.9940561809362,1.44031198405236e-07,5.29296703137825e-08
28.1201555331026,1.48033678903557e-07,5.12460809303977e-08
28.2462548852689,1.5642985712322e-07,6.16215031857268e-08
28.3723542374353,1.42996021984901e-07,4.97221596313803e-08
28.4984535896017,1.70272654847352e-07,7.3093507247916e-08
28.6245529417681,1.08214061292535e-07,1.9141342508932e-08
28.7506522939345,1.41426954264617e-07,4.8982511089327e-08
28.8767516461008,1.36142135484401e-07,4.58630604533366e-08
29.0028509982672,1.24862050217819e-07,3.70889158785461e-08
29.1289503504336,1.37066147501071e-07,4.60346298177279e-08
29.2550497026,1.35585175614189e-07,4.89343417890755e-08
29.3811490547663,1.26703848547275e-07,3.71399537973567e-08
29.5072484069327,1.32577544148804e-07,4.59008165157081e-08
29.6333477590991,1.3647619664866e-07,4.86643144947942e-08
29.7594471112655,1.28027279096753e-07,4.05625398570524e-08
29.8855464634319,1.31370671949646e-07,4.41015268301196e-08
30.0116458155982,1.31876073824111e-07,4.57292641100978e-08
30.1377451677646,1.28176330482193e-07,4.17813968708946e-08
30.263844519931,1.29102953571988e-07,4.33115673695872e-08
30.3899438720974,1.30393534192821e-07,4.62812088030267e-08
30.5160432242638,1.27616619302708e-07,4.24939880886402e-08
30.6421425764301,1.28719410134847e-07,4.78444887785641e-08
30.7682419285965,1.26137526584245e-07,4.64762692313643e-08
30.8943412807629,1.23777628081411e-07,3.95867605259412e-08
31.0204406329293,1.24197651378325e-07,4.28513279262176e-08
31.1465399850957,1.26029744308265e-07,4.0628121402226e-08
31.272639337262,1.22895799966161e-07,4.02273669610912e-08
31.3987386894284,1.23760269632182e-07,4.20586817626554e-08
31.5248380415948,1.21006897684849e-07,3.8513958736599e-08
31.6509373937612,1.20610397590636e-07,3.93542750295573e-08
31.7770367459276,1.21916472973541e-07,4.13297474001976e-08
31.9031360980939,1.20729385736879e-07,3.75126099186618e-08
32.0292354502603,1.20290009659849e-07,4.06602488612322e-08
32.1553348024267,1.21519006306721e-07,4.25643863772602e-08
32.2814341545931,1.1728459089653e-07,3.58559691710764e-08
32.4075335067594,1.18819321356869e-07,3.8357062280097e-08
32.5336328589258,1.19053132042376e-07,4.1057111592951e-08
32.6597322110922,1.14089746356848e-07,2.69209789509779e-08
32.7858315632586,1.14879084729162e-07,4.2386978316165e-08
32.911930915425,1.27749722033209e-07,4.98105811339293e-08
33.0380302675913,1.26255732212697e-07,4.69179502193545e-08
33.1641296197577,1.14106033015137e-07,3.59196946955677e-08
33.2902289719241,1.14984967705858e-07,3.82208621582497e-08
33.4163283240905,1.15799490976766e-07,3.68175872345094e-08
33.5424276762569,1.13125342552023e-07,3.74839463501128e-08
33.6685270284232,1.10558215359308e-07,3.85382300519219e-08
33.7946263805896,1.08938682606972e-07,3.57046178498969e-08
33.920725732756,1.0765832290255e-07,3.6619793561019e-08
34.0468250849224,1.12820410795055e-07,3.64213581107185e-08
34.1729244370888,1.13728529748187e-07,3.53699852400653e-08
34.2990237892551,1.14876795163924e-07,3.83468113223563e-08
34.4251231414215,1.08570782811804e-07,3.61455682421765e-08
34.5512224935879,1.11037275398997e-07,3.5284846362814e-08
34.6773218457543,1.15794810933068e-07,3.92968813597106e-08
34.8034211979207,1.09225989875339e-07,3.70774694254071e-08
34.929520550087,1.22193184598022e-07,4.07014065737836e-08
35.0556199022534,1.3631300289633e-07,5.05522015796092e-08
35.1817192544198,1.0695247981382e-07,3.14593923884233e-08
35.3078186065862,1.07723133097706e-07,3.60479242543599e-08
35.4339179587525,1.06569910051135e-07,3.71428646261452e-08
35.5600173109189,1.07935801136436e-07,3.73190138965189e-08
35.6861166630853,1.09203175768751e-07,3.65910829874615e-08
35.8122160152517,1.09166648352701e-07,3.81061964037412e-08
35.9383153674181,1.08728266467239e-07,3.79089953342526e-08
36.0644147195844,1.08031420431616e-07,3.56961709307068e-08
36.1905140717508,1.10331046485098e-07,3.97050463172991e-08
36.3166134239172,1.11998417782776e-07,3.64876389434189e-08
36.4427127760836,1.09166435496529e-07,3.7020658600969e-08
36.56881212825,1.07968146815707e-07,3.75762633134596e-08
36.6949114804163,1.10185904912418e-07,3.78178199269416e-08
36.8210108325827,1.07319101415027e-07,3.72440251744293e-08
36.9471101847491,1.0672646610254e-07,3.75081509901356e-08
37.0732095369155,1.12228750484209e-07,3.78178367691372e-08
37.1993088890819,1.10970930373733e-07,3.65469789317243e-08
37.3254082412482,1.07537508923075e-07,2.54266417983638e-08
37.4515075934146,1.00900060082292e-07,3.81365035686237e-08
37.577606945581,1.04047078517616e-07,3.57231189608967e-08
37.7037062977474,1.05214211335212e-07,3.48390259128098e-08
37.8298056499138,1.03172015601372e-07,3.60899410825764e-08
37.9559050020801,1.03953065149384e-07,3.68249875216026e-08
38.0820043542465,1.04093052082895e-07,3.41102733603828e-08
38.2081037064129,1.0312362763876e-07,3.54820554194926e-08
38.3342030585793,1.02412617022038e-07,3.70344125419002e-08
38.4603024107456,1.04121847957862e-07,3.30397654813577e-08
38.586401762912,1.02329370007651e-07,3.45025425118824e-08
38.7125011150784,1.02181664333291e-07,3.53446823908369e-08
38.8386004672448,1.02842163749939e-07,3.28108564324872e-08
38.9646998194112,1.01776009835544e-07,3.38878112917366e-08
39.0907991715775,1.00825096886761e-07,3.40016776827719e-08
39.2168985237439,1.01841176672909e-07,3.27091802944421e-08
39.3429978759103,1.01426752397513e-07,3.33728429596941e-08
39.4690972280767,1.01891201036237e-07,3.16496021024998e-08
39.5951965802431,1.00151188773133e-07,3.13637401269344e-08
39.7212959324094,1.00047197404187e-07,3.34563469813372e-08
39.8473952845758,9.94112832129713e-08,3.16303244575204e-08
39.9734946367422,9.92782566517116e-08,3.1464809622986e-08
40.0995939889086,9.92680179942076e-08,3.27325480270237e-08
40.225693341075,9.99717011006123e-08,2.94336948779934e-08
40.3517926932413,9.78663431659158e-08,3.06171948374539e-08
40.4778920454077,9.75215064790293e-08,3.23437325881539e-08
40.6039913975741,9.77974925558987e-08,3.04768476286678e-08
40.7300907497405,9.54562743686042e-08,3.40474678192415e-08
40.8561901019069,9.77464842445489e-08,3.24877410278265e-08
40.9822894540732,9.78122619957305e-08,3.02449514971379e-08
41.1083888062396,9.43250891509724e-08,3.30404013046417e-08
41.234488158406,9.64152486032886e-08,3.26526517256526e-08
41.3605875105724,9.60537741566889e-08,3.00453711349756e-08
41.4866868627388,9.11789802351938e-08,3.47837903598273e-08
41.6127862149051,9.50888482247695e-08,3.58563961560486e-08
41.7388855670715,9.6018057352106e-08,3.4571444621959e-08
41.8649849192379,9.96878225489561e-08,2.78729538532777e-08
41.9910842714043,9.42525357288472e-08,2.94287621536889e-08
42.1171836235706,9.43491707952089e-08,2.93526994463455e-08
42.243282975737,9.38495856800751e-08,3.06891748060298e-08
42.3693823279034,9.35105233367608e-08,3.01488774955895e-08
42.4954816800698,9.41771139837013e-08,2.9249475011393e-08
42.6215810322362,9.16888689807075e-08,3.14835906865667e-08
42.7476803844025,9.06623139652479e-08,3.11975389320837e-08
42.8737797365689,9.11150992623004e-08,3.14874100272765e-08
42.9998790887353,9.15322690756706e-08,3.26544531495462e-08
43.1259784409017,9.19068196817161e-08,3.04954636621746e-08
43.2520777930681,9.15991848537143e-08,2.92141424716527e-08
43.3781771452344,8.89311542009828e-08,3.30776721341922e-08
43.5042764974008,9.08121159829926e-08,3.01315201090095e-08
43.6303758495672,8.86406809624555e-08,2.99550627537006e-08
43.7564752017336,8.71093215285655e-08,3.91874343936927e-08
43.8825745539,9.39053753906054e-08,3.72827001735504e-08
44.0086739060663,9.25139983453742e-08,2.81184323680325e-08
44.1347732582327,9.17413244862336e-08,2.74423064743469e-08
44.2608726103991,8.95588921223898e-08,2.93584009187696e-08
44.3869719625655,8.97718537892386e-08,2.89692079591021e-08
44.5130713147318,8.8704599100463e-08,2.95882413529659e-08
44.6391706668982,8.87080803126326e-08,2.91209957105199e-08
44.7652700190646,8.91156715103226e-08,2.81465881175481e-08
44.891369371231,8.68823314410663e-08,2.96045853891801e-08
45.0174687233974,8.67956041336916e-08,3.06469328172819e-08
45.1435680755637,8.72391976463345e-08,3.18604484750241e-08
45.2696674277301,8.76699986954549e-08,3.0486951741655e-08
45.3957667798965,8.67838254662295e-08,2.92246544340812e-08
45.5218661320629,8.65654912481245e-08,3.18344968753468e-08
45.6479654842293,8.65551676116715e-08,3.11164725772362e-08
45.7740648363956,8.55971846357116e-08,2.95995225563674e-08
45.900164188562,8.30582485515954e-08,3.47143854540767e-08
46.0262635407284,8.71157706601286e-08,3.50512430185189e-08
46.1523628928948,8.96289393078338e-08,3.0367355297093e-08
46.2784622450612,8.72855000766304e-08,2.67472535501958e-08
46.4045615972275,8.55361077513726e-08,2.91778554326283e-08
46.5306609493939,8.61309975580161e-08,2.89527462612833e-08
46.6567603015603,8.51656208925509e-08,2.85656531297445e-08
46.7828596537267,8.45648334710079e-08,2.99936089855732e-08
46.9089590058931,8.51696477638621e-08,2.88448738607355e-08
47.0350583580594,8.43660602514844e-08,2.88942201427805e-08
47.1611577102258,8.34331778152583e-08,3.04787369725146e-08
47.2872570623922,8.44222720914361e-08,2.97251853866313e-08
47.4133564145586,8.36843158651698e-08,2.94270582278239e-08
47.5394557667249,8.34776277185086e-08,2.95752974955188e-08
47.6655551188913,8.3772406352015e-08,2.92106877830447e-08
47.7916544710577,8.32515932291534e-08,2.95064877662194e-08
47.9177538232241,8.32673322557546e-08,2.92527098775369e-08
48.0438531753905,8.2990063391318e-08,2.89959021938135e-08
48.1699525275568,8.24275456816103e-08,3.01021301540742e-08
48.2960518797232,8.39603456484537e-08,2.9757624342214e-08
48.4221512318896,8.3075714605341e-08,2.83482099513721e-08
48.548250584056,8.24374689611708e-08,2.92590948266412e-08
48.6743499362224,8.31048583229339e-08,2.91346257257018e-08
48.8004492883887,8.22804340434714e-08,2.82045718338418e-08
48.9265486405551,8.15987466327698e-08,2.93809862243182e-08
49.0526479927215,8.32931926024437e-08,2.89321662297459e-08
49.1787473448879,8.22540111460481e-08,2.81254437903622e-08
49.3048466970543,8.18118041520694e-08,2.85686893621263e-08
49.4309460492206,8.24016958394158e-08,2.81434780877688e-08
49.557045401387,8.08612105452108e-08,2.71715514037969e-08
49.6831447535534,8.05956799400407e-08,2.85777665799012e-08
49.8092441057198,8.22014172396194e-08,2.86191847723552e-08
49.9353434578862,8.06213844186369e-08,2.71731057539387e-08
50.0614428100525,8.0609608844259e-08,2.85035654224884e-08
50.1875421622189,8.17389337468036e-08,2.82981768558207e-08
50.3136415143853,7.94957392043049e-08,2.51824910147546e-08
50.4397408665517,7.86439531757209e-08,2.64561388455474e-08
50.5658402187181,7.84029879143112e-08,2.85713896631149e-08
50.6919395708844,8.0559157427388e-08,2.91502748510783e-08
50.8180389230508,8.02108308218172e-08,2.83868521113997e-08
50.9441382752172,8.00390377436396e-08,2.78639483558777e-08
51.0702376273836,7.95453143703315e-08,2.78926903943895e-08
51.1963369795499,7.93337758769337e-08,2.83370395503683e-08
51.3224363317163,8.01293971161617e-08,2.82981796741022e-08
51.4485356838827,7.95292967283985e-08,2.77921485463411e-08
51.5746350360491,7.91945765032607e-08,2.71324419784853e-08
51.7007343882155,7.81560536701592e-08,2.59139183212933e-08
51.8268337403818,7.78867415805086e-08,2.65575105588955e-08
51.9529330925482,7.83257154669452e-08,2.78555379586533e-08
52.0790324447146,7.8583361734646e-08,2.6226526686298e-08
52.205131796881,7.72543666309039e-08,2.60799865373083e-08
52.3312311490474,7.81915230567733e-08,2.71180627142595e-08
52.4573305012137,7.75389158505671e-08,2.52893949609595e-08
52.5834298533801,7.50164525585062e-08,2.3141110518676e-08
52.7095292055465,7.56653348860716e-08,2.6259030629709e-08
52.8356285577129,7.70522960308769e-08,2.78570902140607e-08
52.9617279098793,7.74421583365478e-08,2.75411832603259e-08
53.0878272620456,7.69168674575857e-08,2.69862069698233e-08
53.213926614212,7.71480006988595e-08,2.71414623089237e-08
53.3400259663784,7.64608867414356e-08,2.67625881266155e-08
53.4661253185448,7.62951499604016e-08,2.70091560322012e-08
53.5922246707111,7.68514306216749e-08,2.69778180514939e-08
53.7183240228775,7.60376508561381e-08,2.56934035730845e-08
53.8444233750439,7.55278730440715e-08,2.51626789477862e-08
53.9705227272103,7.49687606958853e-08,2.52290330677933e-08
54.0966220793767,7.53661749068632e-08,2.60260867964786e-08
54.222721431543,7.52652413568989e-08,2.58185605176165e-08
54.3488207837094,7.47090265553869e-08,2.50805906818853e-08
54.4749201358758,7.48780371967506e-08,2.57542888115972e-08
54.6010194880422,7.50902412296881e-08,2.59020736069389e-08
54.7271188402086,7.26430312430345e-08,2.31584682431699e-08
54.8532181923749,7.3390494655085e-08,2.33174980093935e-08
54.9793175445413,7.42541721340218e-08,2.614019996509e-08
55.1054168967077,7.45374082929341e-08,2.64519536065372e-08
55.2315162488741,7.39061490886924e-08,2.54213401051797e-08
55.3576156010405,7.39746212102e-08,2.57558866158524e-08
55.4837149532068,7.37333825291247e-08,2.52069980663402e-08
55.6098143053732,7.33318515326346e-08,2.50647905437159e-08
55.7359136575396,7.33896721093851e-08,2.54725493082594e-08
55.862013009706,7.31406009787747e-08,2.50585903013856e-08
55.9881123618724,7.27605244816073e-08,2.46468980823629e-08
56.1142117140387,7.28207380615659e-08,2.48872392201325e-08
56.2403110662051,7.25663097075923e-08,2.47756320460533e-08
56.3664104183715,7.23484950048201e-08,2.4710439224021e-08
56.4925097705379,7.2304575579946e-08,2.47985139631873e-08
56.6186091227043,7.20285549359916e-08,2.43387701861844e-08
56.7447084748706,7.20193494985814e-08,2.45343145539522e-08
56.870807827037,7.1944599161948e-08,2.43681044126377e-08
56.9969071792034,7.12997872723511e-08,2.35535535954143e-08
57.1230065313698,7.16369044714531e-08,2.42595049399585e-08
57.2491058835361,7.15110889800278e-08,2.4508792143827e-08
57.3752052357025,7.11342320231944e-08,2.39710286865787e-08
57.5013045878689,7.13116839586425e-08,2.42650614723939e-08
57.6274039400353,7.1169490684122e-08,2.43553924851153e-08
57.7535032922017,7.06060824983521e-08,2.36907002773549e-08
57.879602644368,7.08749037821375e-08,2.39099996535458e-08
58.0057019965344,7.07391460404471e-08,2.41350685336228e-08
58.1318013487008,7.05116838108598e-08,2.368458668895e-08
58.2579007008672,7.06370978494544e-08,2.42764051572968e-08
58.3840000530336,7.05082793124316e-08,2.42985144333218e-08
58.5100994051999,6.98251689473719e-08,2.32734317053984e-08
58.6361987573663,7.0240643700123e-08,2.39262567890428e-08
58.7622981095327,6.9990992314627e-08,2.40512283494115e-08
58.8883974616991,6.96445310202043e-08,2.33503938028068e-08
59.0144968138655,7.00436164641165e-08,2.3893034559575e-08
59.1405961660318,6.98301077130434e-08,2.47669819925716e-08
59.2666955181982,6.94607381669223e-08,2.41497649982381e-08
59.3927948703646,6.88458345325946e-08,2.33062100366187e-08
59.518894222531,6.89612657931448e-08,2.28615329860738e-08
59.6449935746973,6.89667999947588e-08,2.29204800708825e-08
59.7710929268637,6.90325896498901e-08,2.31831483672921e-08
59.8971922790301,6.88587275004406e-08,2.28850684087481e-08
60.0232916311965,6.85318984362778e-08,2.26396229053885e-08
60.1493909833629,6.8720434389708e-08,2.29848682634601e-08
60.2754903355292,6.86219130812918e-08,2.31103784203524e-08
60.4015896876956,6.87927582388308e-08,2.3559866404204e-08
60.527689039862,6.82807540930772e-08,2.37306654446363e-08
60.6537883920284,6.82316260111106e-08,2.30482887407702e-08
60.7798877441948,6.80448121586384e-08,2.282708776589e-08
60.9059870963611,6.81070064396533e-08,2.34273811095593e-08
61.0320864485275,6.78105644546842e-08,2.30278809896141e-08
61.1581858006939,6.8047336032399e-08,2.25029677473838e-08
61.2842851528603,6.78770917919863e-08,2.41979943442322e-08
61.4103845050267,6.73464947093919e-08,2.49862598968951e-08
61.536483857193,6.70570791686114e-08,2.27385456220442e-08
61.6625832093594,6.71876974403826e-08,2.19259092416003e-08
61.7886825615258,6.70540980865988e-08,2.2303116049896e-08
61.9147819136922,6.70139456695642e-08,2.23992124470838e-08
62.0408812658586,6.71197736735932e-08,2.24904900011046e-08
62.1669806180249,6.69425430803523e-08,2.24133291526051e-08
62.2930799701913,6.67982243200763e-08,2.22633706035966e-08
62.4191793223577,6.67566521663123e-08,2.23234464393947e-08
62.5452786745241,6.66139466782328e-08,2.26728352462721e-08
62.6713780266904,6.6606627154472e-08,2.29397446064278e-08
62.7974773788568,6.62805045118158e-08,2.27849514935196e-08
62.9235767310232,6.62920123606863e-08,2.21867727559093e-08
63.0496760831896,6.62024728489008e-08,2.25735715234935e-08
63.175775435356,6.59653195907428e-08,2.28063096469563e-08
63.3018747875224,6.58429826057959e-08,2.21326382885764e-08
63.4279741396887,6.62077248527961e-08,2.29187697525674e-08
63.5540734918551,6.52960557833402e-08,2.38655587940464e-08
63.6801728440215,6.55078869275473e-08,2.2657935880289e-08
63.8062721961879,6.54635914180063e-08,2.18412412437304e-08
63.9323715483542,6.53772923214535e-08,2.21313078814523e-08
64.0584709005206,6.52311814822069e-08,2.21503618891568e-08
64.184570252687,6.52298519823413e-08,2.2002636494982e-08
64.3106696048534,6.5103698277247e-08,2.21950826425437e-08
64.4367689570198,6.49895585619045e-08,2.20318526198984e-08
64.5628683091861,6.4944463773156e-08,2.17832919023332e-08
64.6889676613525,6.46982144996273e-08,2.21915322612658e-08
64.8150670135189,6.46461708275398e-08,2.22479855807512e-08
64.9411663656853,6.45914566746896e-08,2.21024962718811e-08
65.0672657178517,6.4466298844192e-08,2.21588496874602e-08
65.193365070018,6.43624676494494e-08,2.20387679399537e-08
65.3194644221844,6.42683112092523e-08,2.20811057665666e-08
65.4455637743508,6.40947853031298e-08,2.20859625893068e-08
65.5716631265172,6.4012552068973e-08,2.19216263275208e-08
65.6977624786836,6.4022031739145e-08,2.2016131042231e-08
65.8238618308499,6.37963493649254e-08,2.2160608455354e-08
65.9499611830163,6.37458001446777e-08,2.18370977698586e-08
66.0760605351827,6.36737416270602e-08,2.18066837378003e-08
66.2021598873491,6.35025041247712e-08,2.19913422430257e-08
66.3282592395154,6.34396168680822e-08,2.16874812519661e-08
66.4543585916818,6.3409854699625e-08,2.18485916165187e-08
66.5804579438482,6.32389861681899e-08,2.20218609389839e-08
66.7065572960146,6.31651043279271e-08,2.16828861655743e-08
66.832656648181,6.30677364820083e-08,2.17439690375793e-08
66.9587560003473,6.29970563367024e-08,2.16644688754099e-08
67.0848553525137,6.28662228004314e-08,2.14170941037207e-08
67.2109547046801,6.28258285070129e-08,2.15777409859126e-08
67.3370540568465,6.27005280023346e-08,2.17148346685817e-08
67.4631534090128,6.26190148991896e-08,2.14120707740711e-08
67.5892527611792,6.25360879937398e-08,2.14546904554554e-08
67.7153521133456,6.23907505519853e-08,2.17377697205677e-08
67.841451465512,6.2412359035069e-08,2.11334697674212e-08
67.9675508176784,6.22168870176104e-08,2.07847626842902e-08
68.0936501698448,6.21401250132706e-08,2.14474809018181e-08
68.2197495220111,6.21069706929987e-08,2.1747766866401e-08
68.3458488741775,6.1882828105687e-08,2.16845038418654e-08
68.4719482263439,6.18413237417939e-08,2.14584427359956e-08
68.5980475785103,6.1784118470221e-08,2.13577072458926e-08
68.7241469306767,6.17249842645798e-08,2.14498210626227e-08
68.850246282843,6.16475080887736e-08,2.14270609225658e-08
68.9763456350094,6.1546323088308e-08,2.1328328704633e-08
69.1024449871758,6.14409260952975e-08,2.12699707040544e-08
69.2285443393422,6.14720999991365e-08,2.09427885298893e-08
69.3546436915085,6.1237756385838e-08,2.08680591625185e-08
69.4807430436749,6.12074906126352e-08,2.13323430459501e-08
69.6068423958413,6.11777215968696e-08,2.10882748322728e-08
69.7329417480077,6.10356827851847e-08,2.08276447207409e-08
69.8590411001741,6.08987288506944e-08,2.12437704287975e-08
69.9851404523404,6.10067127342824e-08,2.08195974714738e-08
70.1112398045068,6.08041496974187e-08,2.02747093829924e-08
70.2373391566732,6.05362379302734e-08,2.06763325577123e-08
70.3634385088396,6.05938539156668e-08,2.10744531098294e-08
70.489537861006,6.06039581257753e-08,2.10313924907574e-08
70.6156372131723,6.04195099230203e-08,2.09622931975485e-08
70.7417365653387,6.03399731384397e-08,2.09350831497757e-08
70.8678359175051,6.02904898020359e-08,2.08848704089826e-08
70.9939352696715,6.02297679080849e-08,2.09837068430605e-08
71.1200346218379,6.02534501497846e-08,2.10106585688711e-08
71.2461339740042,6.00721760130382e-08,2.08015261408901e-08
71.3722333261706,5.99627692845725e-08,2.05284422572863e-08
71.498332678337,5.99199720039294e-08,2.04477116379388e-08
71.6244320305034,5.98000472964255e-08,2.06392133167732e-08
71.7505313826697,5.97899722958772e-08,2.0642727822017e-08
71.8766307348361,5.96958242114427e-08,2.04366438461046e-08
72.0027300870025,5.9610498863762e-08,2.04851042649979e-08
72.1288294391689,5.94742917678053e-08,2.06010084898607e-08
72.2549287913353,5.9481007464369e-08,2.02898608038384e-08
72.3810281435016,5.93490516071279e-08,1.99306557483943e-08
72.507127495668,5.91372912685753e-08,2.03310665423417e-08
72.6332268478344,5.92627874958643e-08,2.05785101554942e-08
72.7593262000008,5.91622261825248e-08,2.04360673832624e-08
72.8854255521672,5.90602205810837e-08,2.04839651674697e-08
73.0115249043335,5.89722819156532e-08,2.03708015188981e-08
73.1376242564999,5.88965002424765e-08,2.02814597460191e-08
73.2637236086663,5.88323746741192e-08,2.03738864922348e-08
73.3898229608327,5.884136711166e-08,2.02444590992907e-08
73.5159223129991,5.86672972761948e-08,2.01226648048228e-08
73.6420216651654,5.85991476711864e-08,2.01333512713076e-08
73.7681210173318,5.85292146718527e-08,2.01047281587901e-08
73.8942203694982,5.84554436297083e-08,2.01008071974884e-08
74.0203197216646,5.8403149815055e-08,2.01221188967936e-08
74.146419073831,5.83281958344263e-08,2.00372606550943e-08
74.2725184259973,5.8246829461604e-08,2.00430842590727e-08
74.3986177781637,5.81646618267347e-08,2.00494254066845e-08
74.5247171303301,5.80767734417798e-08,1.98267378276993e-08
74.6508164824965,5.80264778507796e-08,1.98738818960419e-08
74.7769158346628,5.79558044309686e-08,1.9942690818748e-08
74.9030151868292,5.78877741749462e-08,1.98183598593107e-08
75.0291145389956,5.78132562161822e-08,1.98550574310817e-08
75.155213891162,5.77393533375663e-08,1.98344906640832e-08
75.2813132433284,5.76467097936019e-08,1.97588714436575e-08
75.4074125954947,5.7605152389421e-08,1.97573160769164e-08
75.5335119476611,5.75339876149304e-08,1.97767094297411e-08
75.6596112998275,5.74563117667203e-08,1.9709645190221e-08
75.7857106519939,5.74133671443209e-08,1.97385275407598e-08
75.9118100041603,5.73429522555537e-08,1.98086579736769e-08
76.0379093563266,5.72147470947659e-08,1.95996117398473e-08
76.164008708493,5.7198648502176e-08,1.96166953939665e-08
76.2901080606594,5.71211176984945e-08,1.96772326987261e-08
76.4162074128258,5.70644989567251e-08,1.94940103101103e-08
76.5423067649922,5.69738886220049e-08,1.95995015395544e-08
76.6684061171585,5.69883372840428e-08,1.96696361799681e-08
76.7945054693249,5.68188288671085e-08,1.95219756899921e-08
76.9206048214913,5.67310268953657e-08,1.94528716137012e-08
77.0467041736577,5.67571794330989e-08,1.94409344459412e-08
77.1728035258241,5.66568234712052e-08,1.94006040743785e-08
77.2989028779904,5.65796978478371e-08,1.94050195330297e-08
77.4250022301568,5.64916707562166e-08,1.93757791094979e-08
77.5511015823232,5.64122573983212e-08,1.92500411473861e-08
77.6772009344896,5.64174447701683e-08,1.92477709010587e-08
77.803300286656,5.63514698776888e-08,1.92674373142294e-08
77.9293996388223,5.62429646272021e-08,1.93614109168346e-08
78.0554989909887,5.62340443017233e-08,1.94012084986404e-08
78.1815983431551,5.61377916576549e-08,1.921947885036e-08
78.3076976953215,5.60448216027476e-08,1.92071567231896e-08
78.4337970474878,5.60347103686705e-08,1.92615456486667e-08
78.5598963996542,5.59515019489975e-08,1.92209270375388e-08
78.6859957518206,5.58918445871621e-08,1.9128001204233e-08
78.812095103987,5.58128823900465e-08,1.91832282162656e-08
78.9381944561534,5.58716447908446e-08,1.9366659472917e-08
79.0642938083197,5.56355012182234e-08,1.92344148351919e-08
79.1903931604861,5.5574621370807e-08,1.9004202034594e-08
79.3164925126525,5.5591159961942e-08,1.89672481587886e-08
79.4425918648189,5.55387797276308e-08,1.89569951996155e-08
79.5686912169853,5.54666332689846e-08,1.89718225829756e-08
79.6947905691516,5.5382189220011e-08,1.89434421571016e-08
79.820889921318,5.5292376064275e-08,1.89172522693118e-08
79.9469892734844,5.53044344585024e-08,1.89530340288434e-08
80.0730886256508,5.52550713507948e-08,1.89645603024473e-08
80.1991879778171,5.51585709105361e-08,1.89563737721451e-08
80.3252873299835,5.51151395701925e-08,1.89502304633348e-08
80.4513866821499,5.50294932892585e-08,1.88816334567859e-08
80.5774860343163,5.49921852918989e-08,1.88349447842419e-08
80.7035853864827,5.49329868349672e-08,1.88919013345875e-08
80.8296847386491,5.48867104019464e-08,1.8781440498924e-08
80.9557840908154,5.48299376601105e-08,1.87807268212355e-08
81.0818834429818,5.47253104996335e-08,1.89801409074316e-08
81.2079827951482,5.47646613872135e-08,1.88419472360862e-08
81.3340821473146,5.45795218672161e-08,1.86695031496015e-08
81.460181499481,5.45708654960747e-08,1.87011473190476e-08
81.5862808516473,5.45322868472146e-08,1.86974756817594e-08
81.7123802038137,5.45053311362871e-08,1.86885564085959e-08
81.8384795559801,5.44211526954327e-08,1.86788841975896e-08
81.9645789081465,5.43580087386452e-08,1.86584012220515e-08
82.0906782603128,5.42770766641429e-08,1.85991139557395e-08
82.2167776124792,5.42764174684442e-08,1.8583144874694e-08
82.3428769646456,5.42128843693271e-08,1.86016403370647e-08
82.468976316812,5.41545167514339e-08,1.85851224340725e-08
82.5950756689784,5.40927613974026e-08,1.85695836211961e-08
82.7211750211447,5.40243158724731e-08,1.85238797421888e-08
82.8472743733111,5.39742448700474e-08,1.85351102009e-08
82.9733737254775,5.3930835258894e-08,1.85296796277326e-08
83.0994730776439,5.38884086923501e-08,1.84897860363681e-08
83.2255724298103,5.38364670023302e-08,1.85026210632041e-08
83.3516717819766,5.37535863129747e-08,1.84887596647978e-08
83.477771134143,5.37195124568654e-08,1.84604051445319e-08
83.6038704863094,5.36504942433526e-08,1.84189697313183e-08
83.7299698384758,5.36127454972763e-08,1.8417444313758e-08
83.8560691906421,5.35570354406556e-08,1.83772489979806e-08
83.9821685428085,5.35269873366426e-08,1.83457697754078e-08
84.1082678949749,5.34410772419256e-08,1.83897067153011e-08
84.2343672471413,5.34055650891582e-08,1.83303609868669e-08
84.3604665993077,5.33433795369194e-08,1.83245411826961e-08
84.486565951474,5.32961078292872e-08,1.83052733878101e-08
84.6126653036404,5.32404468946062e-08,1.82535477025252e-08
84.7387646558068,5.32337354948376e-08,1.82983679081382e-08
84.8648640079732,5.31332126667193e-08,1.82712199374995e-08
84.9909633601396,5.31050697344605e-08,1.82378696334685e-08
85.1170627123059,5.30269603880748e-08,1.82179697979823e-08
85.2431620644723,5.30088740480645e-08,1.82162705221101e-08
85.3692614166387,5.29224619883005e-08,1.81957389414679e-08
85.4953607688051,5.29376830026185e-08,1.80948292989906e-08
85.6214601209714,5.28694013332264e-08,1.80907022735306e-08
85.7475594731378,5.27672422823933e-08,1.81566043620535e-08
85.8736588253042,5.27389871266646e-08,1.81914082802659e-08
85.9997581774706,5.27101252640849e-08,1.81487989275309e-08
86.125857529637,5.26636068650871e-08,1.81166698477962e-08
86.2519568818034,5.26106955635715e-08,1.81303406237364e-08
86.3780562339697,5.25346045971979e-08,1.80839909370725e-08
86.5041555861361,5.25031710549308e-08,1.80440475940324e-08
86.6302549383025,5.2479253204176e-08,1.80238473596502e-08
86.7563542904689,5.24011344140372e-08,1.80165165009241e-08
86.8824536426353,5.23667388133778e-08,1.7971539659359e-08
87.0085529948016,5.23389472391423e-08,1.79693207466304e-08
87.134652346968,5.2259231372382e-08,1.79930643818818e-08
87.2607516991344,5.22396208945757e-08,1.79092333875882e-08
87.3868510513008,5.21592113224699e-08,1.796690502174e-08
87.5129504034671,5.21610448231942e-08,1.7940565372027e-08
87.6390497556335,5.20359728120536e-08,1.77654902894321e-08
87.7651491077999,5.21030311702886e-08,1.78700137874455e-08
87.8912484599663,5.20112797278778e-08,1.79765765054478e-08
88.0173478121327,5.19077940950512e-08,1.79159155390232e-08
88.143447164299,5.18880342491402e-08,1.78643421583532e-08
88.2695465164654,5.18717470244432e-08,1.78316977998038e-08
88.3956458686318,5.18323479364378e-08,1.78145895341925e-08
88.5217452207982,5.17842224126959e-08,1.78031406954944e-08
88.6478445729646,5.1700461778203e-08,1.7808672017313e-08
88.7739439251309,5.16711525626377e-08,1.78033053740091e-08
88.9000432772973,5.16656666048521e-08,1.77520481757653e-08
89.0261426294637,5.15828406886732e-08,1.76885177324846e-08
89.1522419816301,5.15569928352239e-08,1.77312767850582e-08
89.2783413337965,5.15164588814027e-08,1.77482543656081e-08
89.4044406859628,5.14579450999533e-08,1.76687771382363e-08
89.5305400381292,5.14226566795478e-08,1.7695244147233e-08
89.6566393902956,5.1372209977978e-08,1.7664567835906e-08
89.782738742462,5.13642552035642e-08,1.76049005938458e-08
89.9088380946284,5.1246641381885e-08,1.76462182893503e-08
90.0349374467947,5.12876933483483e-08,1.76269373072187e-08
90.1610367989611,5.12197872697712e-08,1.76047966782799e-08
90.2871361511275,5.11534425105147e-08,1.75957534174689e-08
90.4132355032939,5.11045942786035e-08,1.7594002553155e-08
90.5393348554602,5.10921641834359e-08,1.758531056279e-08
90.6654342076266,5.10493445713447e-08,1.7560536097155e-08
90.791533559793,5.10242180614542e-08,1.75753497510145e-08
90.9176329119594,5.094692595552e-08,1.75331978053389e-08
91.0437322641258,5.09131256609458e-08,1.74881663801666e-08
91.1698316162921,5.08800127180607e-08,1.74838837263844e-08
91.2959309684585,5.08393643592712e-08,1.74753856102412e-08
91.4220303206249,5.08042660115462e-08,1.74659083909385e-08
91.5481296727913,5.0767800901778e-08,1.744141329377e-08
91.6742290249577,5.07143662882674e-08,1.74322698073582e-08
91.800328377124,5.06750918049169e-08,1.74223028016882e-08
91.9264277292904,5.06339246421006e-08,1.74159150463366e-08
92.0525270814568,5.06108709786272e-08,1.73881909953736e-08
92.1786264336232,5.05528329931512e-08,1.73757197596882e-08
92.3047257857896,5.05349809279903e-08,1.73874006985622e-08
92.4308251379559,5.04783044395713e-08,1.73536151572158e-08
92.5569244901223,5.04444883736797e-08,1.73533724646573e-08
92.6830238422887,5.0394837655729e-08,1.7330315194412e-08
92.8091231944551,5.03768857960187e-08,1.72989861545476e-08
92.9352225466214,5.03253489201957e-08,1.730953379947e-08
93.0613218987878,5.03001973980346e-08,1.72835765707186e-08
93.1874212509542,5.02530747091701e-08,1.72754739782485e-08
93.3135206031206,5.02181071580413e-08,1.7256554587791e-08
93.439619955287,5.0157967908958e-08,1.72463517119066e-08
93.5657193074534,5.01535931839651e-08,1.72454530951009e-08
93.6918186596197,5.01003503942545e-08,1.72231049405167e-08
93.8179180117861,5.00824406075661e-08,1.7227958127407e-08
93.9440173639525,5.00195208928789e-08,1.71930447381942e-08
94.0701167161189,5.00016600647584e-08,1.71943113747965e-08
94.1962160682852,4.99348709522898e-08,1.72049821740767e-08
94.3223154204516,4.99178760306188e-08,1.7139911466737e-08
94.448414772618,4.99125695173704e-08,1.71037783148442e-08
94.5745141247844,4.98456812423967e-08,1.71146525034865e-08
94.7006134769508,4.97988586255312e-08,1.71302427136457e-08
94.8267128291171,4.97737625802728e-08,1.71134123080285e-08
94.9528121812835,4.97377083005752e-08,1.71044921552076e-08
95.0789115334499,4.97202060531558e-08,1.70975677550526e-08
95.2050108856163,4.96671339869694e-08,1.70736466571699e-08
95.3311102377827,4.96241152568944e-08,1.70553050975447e-08
95.457209589949,4.96126171142525e-08,1.70539561904587e-08
95.5833089421154,4.95735533406403e-08,1.70762381243724e-08
95.7094082942818,4.95064289882748e-08,1.70190526873771e-08
95.8355076464482,4.9512028960567e-08,1.6999459773684e-08
95.9616069986146,4.94520589271992e-08,1.70213192796853e-08
96.0877063507809,4.94470027996587e-08,1.69678450839824e-08
96.2138057029473,4.9378014210714e-08,1.69966679444977e-08
96.3399050551137,4.93903930615621e-08,1.69749189229384e-08
96.4660044072801,4.92910559133193e-08,1.69025960831469e-08
96.5921037594464,4.92828926916208e-08,1.69509847909368e-08
96.7182031116128,4.92961941013143e-08,1.69691444925416e-08
96.8443024637792,4.92305056973995e-08,1.69373129976331e-08
96.9704018159456,4.91807881641118e-08,1.69114581071347e-08
97.096501168112,4.91526019629757e-08,1.68965707574527e-08
97.2226005202783,4.91243472126722e-08,1.68788469640087e-08
97.3486998724447,4.91140909740842e-08,1.68598056726981e-08
97.4747992246111,4.90673322795051e-08,1.6872158111967e-08
97.6008985767775,4.90145549820737e-08,1.68867196410101e-08
97.7269979289439,4.90113117786792e-08,1.68585628312911e-08
97.8530972811102,4.89682498317362e-08,1.68073536129672e-08
97.9791966332766,4.89247036639548e-08,1.68293779768628e-08
98.105295985443,4.89136148180392e-08,1.68274026826233e-08
98.2313953376094,4.88675704005368e-08,1.67964383351416e-08
98.3574946897757,4.88515425318734e-08,1.68096886594514e-08
98.4835940419421,4.87958058848755e-08,1.67673131154558e-08
98.6096933941085,4.88079088620524e-08,1.67772822278504e-08
98.7357927462749,4.87180597526367e-08,1.67967887590918e-08
98.8618920984413,4.87143071199707e-08,1.67376218746862e-08
98.9879914506077,4.87045339550056e-08,1.6722281662034e-08
99.114090802774,4.8667019973866e-08,1.67148186010594e-08
99.2401901549404,4.86168611517861e-08,1.6717613033304e-08
99.3662895071068,4.85910795199314e-08,1.67136017246013e-08
99.4923888592732,4.85566515681753e-08,1.67015859818833e-08
99.6184882114395,4.85504773474074e-08,1.67129867050217e-08
99.7445875636059,4.85115888977537e-08,1.66885239012125e-08
99.8706869157723,4.84734400242856e-08,1.6666811975422e-08
99.9967862679387,4.84489715294094e-08,1.66603903740448e-08
100.122885620105,4.84160122627044e-08,1.66553482827961e-08
100.248984972271,4.83840202084904e-08,1.6639284247409e-08
100.375084324438,4.8366844561734e-08,1.66250080436546e-08
100.501183676604,4.83330432638801e-08,1.66197961498815e-08
100.627283028771,4.8309145695941e-08,1.66026091340819e-08
100.753382380937,4.8265854216784e-08,1.66091915639779e-08
100.879481733103,4.82542713107475e-08,1.65889077599434e-08
101.00558108527,4.82070409860994e-08,1.65733136123774e-08
101.131680437436,4.81942568808162e-08,1.65799452014865e-08
101.257779789602,4.81623662778881e-08,1.65624280415833e-08
101.383879141769,4.81439769884376e-08,1.65650844678619e-08
101.509978493935,4.80993303111081e-08,1.6545188603504e-08
101.636077846102,4.808178865749e-08,1.65333170743749e-08
101.762177198268,4.80437786348856e-08,1.65312813517991e-08
101.888276550434,4.80262804010658e-08,1.65125787294632e-08
102.014375902601,4.79964181957848e-08,1.6509238137612e-08
102.140475254767,4.79866830476005e-08,1.64813130350443e-08
102.266574606934,4.79322424975527e-08,1.64833234734249e-08
102.3926739591,4.79176928598104e-08,1.64831738697276e-08
102.518773311266,4.78808074734139e-08,1.64643870157542e-08
102.644872663433,4.7870935706019e-08,1.64718422700433e-08
102.770972015599,4.78359093800681e-08,1.64493403618945e-08
102.897071367765,4.78229453973558e-08,1.64507140190047e-08
103.023170719932,4.77855714817051e-08,1.64567705121927e-08
103.149270072098,4.77394399640135e-08,1.6422443239168e-08
103.275369424265,4.77386870576637e-08,1.63971510334353e-08
103.401468776431,4.77191023704115e-08,1.63982055040789e-08
103.527568128597,4.76798884084794e-08,1.64020155779422e-08
103.653667480764,4.76590797133995e-08,1.63862657739653e-08
103.77976683293,4.76237149643418e-08,1.63873774711574e-08
103.905866185096,4.76122353949469e-08,1.63798075498463e-08
104.031965537263,4.75863895799365e-08,1.63624509810145e-08
104.158064889429,4.75479638427245e-08,1.63425740415451e-08
104.284164241596,4.75276057072876e-08,1.63407447021207e-08
104.410263593762,4.7530936308668e-08,1.63666950566172e-08
104.536362945928,4.74686069866782e-08,1.63304155553033e-08
104.662462298095,4.74660876573987e-08,1.63202705668307e-08
104.788561650261,4.7421002627968e-08,1.63234364735318e-08
104.914661002427,4.7422209646071e-08,1.62923406736991e-08
105.040760354594,4.73745808103613e-08,1.63135853827295e-08
105.16685970676,4.73863305441562e-08,1.6279894758631e-08
105.292959058927,4.73433853297504e-08,1.62429388171579e-08
105.419058411093,4.72856887413944e-08,1.62797175379869e-08
105.545157763259,4.72992530678462e-08,1.62877043537883e-08
105.671257115426,4.72829541812765e-08,1.62703711118818e-08
105.797356467592,4.7249058304761e-08,1.62525067681483e-08
105.923455819759,4.72227092052843e-08,1.62445574664543e-08
106.049555171925,4.71892942130828e-08,1.62289129266548e-08
106.175654524091,4.71797396291079e-08,1.62116342135309e-08
106.301753876258,4.71684227562212e-08,1.62164634302808e-08
106.427853228424,4.71212669999275e-08,1.62293568840518e-08
106.55395258059,4.71081581776154e-08,1.62083735754161e-08
106.680051932757,4.71040078903017e-08,1.61751907486143e-08
106.806151284923,4.70553497837061e-08,1.61926971559756e-08
106.93225063709,4.70509319171658e-08,1.6179262248177e-08
107.058349989256,4.70111113777497e-08,1.61698607525678e-08
107.184449341422,4.70124713225456e-08,1.61767370793205e-08
107.310548693589,4.69617753159753e-08,1.61382562727398e-08
107.436648045755,4.69813793798828e-08,1.61629467834556e-08
107.562747397921,4.69385391331674e-08,1.61747233319812e-08
107.688846750088,4.68959505681855e-08,1.61337990697705e-08
107.814946102254,4.68915737322169e-08,1.61208588368433e-08
107.941045454421,4.68835496249687e-08,1.61088078924019e-08
108.067144806587,4.68565798391815e-08,1.61112263928187e-08
108.193244158753,4.68353994151979e-08,1.61027124111164e-08
108.31934351092,4.68009761988752e-08,1.60995639019485e-08
108.445442863086,4.67882421464636e-08,1.6107174775952e-08
108.571542215252,4.67762806226387e-08,1.60895229428727e-08
108.697641567419,4.67478694990919e-08,1.60769597135564e-08
108.823740919585,4.67314694566223e-08,1.60742378359002e-08
108.949840271752,4.67156106277498e-08,1.6074889850199e-08
109.075939623918,4.66846970052763e-08,1.60594666942956e-08
109.202038976084,4.66712010511072e-08,1.60534334441104e-08
109.328138328251,4.66458969183695e-08,1.60463662850626e-08
109.454237680417,4.66383930271052e-08,1.60328431302328e-08
109.580337032584,4.66063704538532e-08,1.60404438842224e-08
109.70643638475,4.66021616077412e-08,1.60202273961061e-08
109.832535736916,4.65705253789995e-08,1.60132240160225e-08
109.958635089083,4.65529032002909e-08,1.60140765487219e-08
110.084734441249,4.65293432721677e-08,1.60049325661694e-08
110.210833793415,4.65231584464044e-08,1.60099196101803e-08
110.336933145582,4.64977652027202e-08,1.59932822284278e-08
110.463032497748,4.64859564273388e-08,1.59927338463407e-08
110.589131849915,4.64590938866897e-08,1.59870771219107e-08
110.715231202081,4.64420843392072e-08,1.59783054435265e-08
110.841330554247,4.6414219325617e-08,1.59739435692916e-08
110.967429906414,4.64172261009016e-08,1.59484187542537e-08
111.09352925858,4.63900362827403e-08,1.5955424587977e-08
111.219628610746,4.63757733018826e-08,1.59483960923713e-08
111.345727962913,4.63486023792162e-08,1.59389183298401e-08
111.471827315079,4.63345438888604e-08,1.59439704015303e-08
111.597926667246,4.63135080911604e-08,1.59266139762055e-08
111.724026019412,4.63027387565236e-08,1.59346511551416e-08
111.850125371578,4.6298588814371e-08,1.59386501632203e-08
111.976224723745,4.62599494569584e-08,1.59170579240422e-08
112.102324075911,4.62417194072627e-08,1.58982280883035e-08
112.228423428077,4.62389247314538e-08,1.59001888891767e-08
112.354522780244,4.62143209782613e-08,1.59000490899603e-08
112.48062213241,4.62041484354255e-08,1.58880684946819e-08
112.606721484577,4.61783230231195e-08,1.58924363872158e-08
112.732820836743,4.61668844827312e-08,1.58854525075803e-08
112.858920188909,4.61581641083952e-08,1.58745138310524e-08
112.985019541076,4.61361567526395e-08,1.58520331485868e-08
113.111118893242,4.60968840794854e-08,1.58564948696965e-08
113.237218245409,4.61183267408537e-08,1.58808324950156e-08
113.363317597575,4.60832482170071e-08,1.58512868156865e-08
113.489416949741,4.60799970052939e-08,1.58535624959542e-08
113.615516301908,4.6047372032495e-08,1.58498924456322e-08
113.741615654074,4.60433039816433e-08,1.5830944192469e-08
113.86771500624,4.60119193787385e-08,1.58512770958936e-08
113.993814358407,4.60079448138561e-08,1.5816950296874e-08
114.119913710573,4.60199957856454e-08,1.57916517963886e-08
114.24601306274,4.59673632413459e-08,1.58158850922942e-08
114.372112414906,4.59532719632917e-08,1.58234336395329e-08
114.498211767072,4.59518043557354e-08,1.58150643808325e-08
114.624311119239,4.59371179772891e-08,1.5804459219898e-08
114.750410471405,4.59258195367279e-08,1.58020653268674e-08
114.876509823571,4.59020061921183e-08,1.578895979906e-08
115.002609175738,4.5883196978921e-08,1.57751406438664e-08
115.128708527904,4.58882186826965e-08,1.57797125165143e-08
115.254807880071,4.58644053255675e-08,1.57964348264847e-08
115.380907232237,4.58316790446752e-08,1.57773908329162e-08
115.507006584403,4.58471667768764e-08,1.57524125764782e-08
115.63310593657,4.58163635453368e-08,1.57675545692169e-08
115.759205288736,4.5817093837253e-08,1.57509446922332e-08
115.885304640902,4.57850607240826e-08,1.57521155657695e-08
116.011403993069,4.57888548416116e-08,1.57533243673175e-08
116.137503345235,4.57509503104873e-08,1.57229018541912e-08
116.263602697402,4.57537583417591e-08,1.57506481178204e-08
116.389702049568,4.57601886252931e-08,1.57582118721966e-08
116.515801401734,4.57235409381231e-08,1.5734975739079e-08
116.641900753901,4.57053390791699e-08,1.572467135308e-08
116.768000106067,4.57000789782457e-08,1.57139492507297e-08
116.894099458234,4.56898611206927e-08,1.5716195321422e-08
117.0201988104,4.56833610222587e-08,1.57055973591661e-08
117.146298162566,4.56649437607058e-08,1.57071756888497e-08
117.272397514733,4.56455856091852e-08,1.57131293783326e-08
117.398496866899,4.56436695074901e-08,1.5701001871302e-08
117.524596219065,4.56262398178358e-08,1.56910660168991e-08
117.650695571232,4.5609582728372e-08,1.56918547826786e-08
117.776794923398,4.56090297125385e-08,1.56955348494905e-08
117.902894275565,4.55907871869748e-08,1.56840105668485e-08
118.028993627731,4.55842968859425e-08,1.568514019725e-08
118.155092979897,4.55627801840637e-08,1.56768357578167e-08
118.281192332064,4.55603871306161e-08,1.56703864789078e-08
118.40729168423,4.55378568229602e-08,1.56770526063687e-08
118.533391036396,4.55370178899389e-08,1.56585013822457e-08
118.659490388563,4.55267975985561e-08,1.56568122473261e-08
118.785589740729,4.551566013184e-08,1.56529623097307e-08
118.911689092896,4.54957024864551e-08,1.56501716062296e-08
119.037788445062,4.54893359073937e-08,1.56542447699803e-08
119.163887797228,4.54756764860728e-08,1.5642632554407e-08
119.289987149395,4.54715070685257e-08,1.56477057901521e-08
119.416086501561,4.54610340913905e-08,1.56420979457839e-08
119.542185853727,4.54543458779839e-08,1.56428644422279e-08
119.668285205894,4.5428745555057e-08,1.56373528614774e-08
119.79438455806,4.54254839759737e-08,1.56190608288623e-08
119.920483910227,4.54168938855962e-08,1.56268773559513e-08
120.046583262393,4.54102660748884e-08,1.56165584352668e-08
120.172682614559,4.54004690492776e-08,1.56142464295572e-08
120.298781966726,4.53885056398506e-08,1.56149588540982e-08
120.424881318892,4.53766834142053e-08,1.5602730225503e-08
120.550980671059,4.53579647106541e-08,1.56131357340775e-08
120.677080023225,4.53663254383721e-08,1.56173935975198e-08
120.803179375391,4.53551524995625e-08,1.56047353781112e-08
120.929278727558,4.53335211359541e-08,1.55911507875256e-08
121.055378079724,4.53343883277923e-08,1.55959235211887e-08
121.18147743189,4.53204502386372e-08,1.55938411099938e-08
121.307576784057,4.53160981488456e-08,1.55874480095089e-08
121.433676136223,4.53018152095008e-08,1.55928421173692e-08
121.55977548839,4.52902574165741e-08,1.55885376170331e-08
121.685874840556,4.52888728331198e-08,1.55812888114089e-08
121.811974192722,4.52968009710843e-08,1.55563759326873e-08
121.938073544889,4.52532987762414e-08,1.55675977272124e-08
122.064172897055,4.52626637953941e-08,1.55861906235506e-08
122.190272249221,4.52503795377165e-08,1.55633877331403e-08
122.316371601388,4.52507788872036e-08,1.5574774468531e-08
122.442470953554,4.52393449519602e-08,1.55664674593533e-08
122.568570305721,4.52342536167614e-08,1.55601986966248e-08
122.694669657887,4.5222247754497e-08,1.55793342459725e-08
122.820769010053,4.51930388957898e-08,1.55474102930958e-08
122.94686836222,4.52218834499818e-08,1.55307826720037e-08
123.072967714386,4.52067668076032e-08,1.55468136036236e-08
123.199067066552,4.5185627251002e-08,1.55543645790377e-08
123.325166418719,4.51828143863764e-08,1.554963757113e-08
123.451265770885,4.51761332247917e-08,1.5544808771376e-08
123.577365123052,4.51739660941845e-08,1.55457610558007e-08
123.703464475218,4.51672064009143e-08,1.55350699021623e-08
123.829563827384,4.51462499961957e-08,1.55237266482187e-08
123.955663179551,4.51510558717381e-08,1.55309378541785e-08
124.081762531717,4.51608307875015e-08,1.55526521943863e-08
124.207861883883,4.51223720442151e-08,1.553363519027e-08
124.33396123605,4.51330992785626e-08,1.55181100709123e-08
124.460060588216,4.51177359615416e-08,1.55312392847438e-08
124.586159940383,4.51248045912179e-08,1.5513285937469e-08
124.712259292549,4.51094423912983e-08,1.55227049270679e-08
124.838358644715,4.51150805681668e-08,1.55169488979872e-08
124.964457996882,4.50988382733612e-08,1.54938265337529e-08
125.090557349048,4.5075323846071e-08,1.55225480285906e-08
125.216656701215,4.50981118004426e-08,1.55279559540881e-08
125.342756053381,4.50902681083093e-08,1.55175796748083e-08
125.468855405547,4.50766232607356e-08,1.5509407407123e-08
125.594954757714,4.50690555185447e-08,1.55035528744909e-08
125.72105410988,4.50634155918023e-08,1.55059319043663e-08
125.847153462046,4.50614685510412e-08,1.54956664066128e-08
125.973252814213,4.5061945001065e-08,1.55012274109239e-08
126.099352166379,4.50458139990078e-08,1.55067181331466e-08
126.225451518546,4.50484508030751e-08,1.54981042141239e-08
126.351550870712,4.50481233382778e-08,1.54883693541158e-08
126.477650222878,4.50309219198393e-08,1.54928554828228e-08
126.603749575045,4.50328701054616e-08,1.54970472203325e-08
126.729848927211,4.5024718682986e-08,1.54897841334954e-08
126.855948279377,4.50283132977908e-08,1.54964615080742e-08
126.982047631544,4.50181668859476e-08,1.54879523397881e-08
127.10814698371,4.50207500516283e-08,1.54897255755608e-08
127.234246335877,4.50086208556027e-08,1.54957599213672e-08
127.360345688043,4.50017882402296e-08,1.54810425483463e-08
127.486445040209,4.50027892948501e-08,1.54827014690915e-08
127.612544392376,4.50043035953986e-08,1.54759722262221e-08
127.738643744542,4.49978915267842e-08,1.54782968493758e-08
127.864743096708,4.49937677616734e-08,1.54798011345561e-08
127.990842448875,4.4986543286814e-08,1.54729567479218e-08
128.116941801041,4.49819705011579e-08,1.54802494945863e-08
128.243041153208,4.49798837168332e-08,1.54762410341117e-08
128.369140505374,4.49865999008998e-08,1.54849062544524e-08
128.49523985754,4.49785533176183e-08,1.5479009020139e-08
128.621339209707,4.49705603136263e-08,1.5468889216603e-08
128.747438561873,4.49696295854444e-08,1.54770201772237e-08
128.87353791404,4.49640189877104e-08,1.54671337274415e-08
128.999637266206,4.4966935977081e-08,1.54699403948984e-08
129.125736618372,4.49632253487452e-08,1.54673417720829e-08
129.251835970539,4.49678299777974e-08,1.54593232972216e-08
129.377935322705,4.49509205766403e-08,1.54696747384272e-08
129.504034674871,4.49524045884036e-08,1.54756421564188e-08
129.630134027038,4.49600957602286e-08,1.54681767940933e-08
129.756233379204,4.49470919194217e-08,1.54589509546961e-08
129.882332731371,4.49499798745268e-08,1.54668620438066e-08
130.008432083537,4.49477819386515e-08,1.54643652749872e-08
130.134531435703,4.494955927701e-08,1.54641468013411e-08
130.26063078787,4.49475087957315e-08,1.54706010049437e-08
130.386730140036,4.49380895344446e-08,1.54719095518704e-08
130.512829492202,4.49274750010857e-08,1.54663546767709e-08
130.638928844369,4.49579216666876e-08,1.54393518539408e-08
130.765028196535,4.49396166666402e-08,1.54562190926863e-08
130.891127548702,4.49351459116025e-08,1.54684462002374e-08
131.017226900868,4.49349347115835e-08,1.54524899500715e-08
131.143326253034,4.49312742644016e-08,1.54685838218123e-08
131.269425605201,4.49368422873465e-08,1.54577465084989e-08
131.395524957367,4.49335252405844e-08,1.54629018635434e-08
131.521624309533,4.49510423569824e-08,1.54814349439458e-08
131.6477236617,4.49167001348213e-08,1.54545929885469e-08
131.773823013866,4.49289179204648e-08,1.54436380123943e-08
131.899922366033,4.494138553065e-08,1.54553566691322e-08
132.026021718199,4.49321303640242e-08,1.54639486094621e-08
132.152121070365,2.24653386420958e-08,7.73055368664379e-09
