ub_mid  ,       ub_quart
timestep:         0.0099279927992799
yAxisLabel:deflection[m]
title:bridge deflection 
  0.0000000000000000,         0.0000000000000000
  0.0000000001541677,         0.0000000094626024
  0.0000000024651537,         0.0000001391101403
  0.0000000163623620,         0.0000009184974745
  0.0000000563281072,         0.0000036333661278
  0.0000000961073475,         0.0000096195473456
  0.0000000445270735,         0.0000176615919035
  0.0000000614716505,         0.0000211893844220
  0.0000012907108678,         0.0000097715658046
  0.0000061244491468,        -0.0000229839235034
  0.0000173869046406,        -0.0000733790140498
  0.0000376154871974,        -0.0001334021205350
  0.0000689638837232,        -0.0001996248765741
  0.0001124094214379,        -0.0002737388601177
  0.0001667046602158,        -0.0003603871748320
  0.0002276586232275,        -0.0004620517455683
  0.0002875324510946,        -0.0005743428110298
  0.0003391432865361,        -0.0006938226105740
  0.0003830875339532,        -0.0008217791924267
  0.0004250711205524,        -0.0009585333172830
  0.0004673281466818,        -0.0011048555012770
  0.0005091817634887,        -0.0012604829347203
  0.0005496229483895,        -0.0014219102287346
  0.0005860810817263,        -0.0015879207831816
  0.0006174737431966,        -0.0017601931663798
  0.0006454549047028,        -0.0019393950144847
  0.0006709450505165,        -0.0021226500669767
  0.0006943208712864,        -0.0023074554002462
  0.0007150043034145,        -0.0024951898158571
  0.0007307586635314,        -0.0026863599244904
  0.0007408905496351,        -0.0028798011935112
  0.0007448972799800,        -0.0030744234914260
  0.0007410545248822,        -0.0032694776620772
  0.0007305644603674,        -0.0034653700628087
  0.0007164579607758,        -0.0036633725022559
  0.0007012288416395,        -0.0038647996976292
  0.0006884584096725,        -0.0040692055309377
  0.0006816031031826,        -0.0042760017092299
  0.0006827918044253,        -0.0044872835642892
  0.0006920081413121,        -0.0047059594638791
  0.0007065621200950,        -0.0049323028921007
  0.0007232581290026,        -0.0051639754689721
  0.0007389062066330,        -0.0053975280944224
  0.0007514123337850,        -0.0056281587542654
  0.0007607577377178,        -0.0058506083598007
  0.0007676392230320,        -0.0060608970606814
  0.0007729293504259,        -0.0062563926360488
  0.0007772698039847,        -0.0064354639363183
  0.0007817378067147,        -0.0065999480495897
  0.0007855344373842,        -0.0067545870680787
  0.0007842620463136,        -0.0069022531350305
  0.0007762155699633,        -0.0070432441230460
  0.0007645036374023,        -0.0071772863191264
  0.0007523638784692,        -0.0073031823299204
  0.0007418543904223,        -0.0074183961222336
  0.0007339815769289,        -0.0075199883474722
  0.0007259672129714,        -0.0076030998356549
  0.0007120714971084,        -0.0076646565120587
  0.0006888371193840,        -0.0077082846912322
  0.0006560030937540,        -0.0077396179630629
  0.0006154033895056,        -0.0077597421969873
  0.0005694611770470,        -0.0077659559986050
  0.0005190646444176,        -0.0077579864426799
  0.0004662087102198,        -0.0077414935589830
  0.0004160035229952,        -0.0077290363848508
  0.0003734992796706,        -0.0077309083454429
  0.0003419809119364,        -0.0077439429871910
  0.0003237874379886,        -0.0077580700165427
  0.0003193490024379,        -0.0077688051755974
  0.0003274774738887,        -0.0077813514412495
  0.0003467243257522,        -0.0078098192270420
  0.0003733960784893,        -0.0078696681350965
  0.0004012788692180,        -0.0079638494903249
  0.0004277237769212,        -0.0080841693761712
  0.0004584816743081,        -0.0082224772648308
  0.0005020851463238,        -0.0083758349804315
  0.0005616870380232,        -0.0085488458123419
  0.0006351817638673,        -0.0087490066947006
  0.0007173061526430,        -0.0089791043535417
  0.0007982995452671,        -0.0092347785768037
  0.0008694497318616,        -0.0095107243642802
  0.0009330457185606,        -0.0098039753516661
  0.0009964464081192,        -0.0101099648469828
  0.0010596230717206,        -0.0104287394093109
  0.0011157424398059,        -0.0107632482832041
  0.0011560892357498,        -0.0111075817722935
  0.0011730186444955,        -0.0114519918324539
  0.0011645471881576,        -0.0117906754690059
  0.0011357397886247,        -0.0121234582122218
  0.0010942523535126,        -0.0124522724727674
  0.0010454678263000,        -0.0127799566898252
  0.0009903304407585,        -0.0131115354188965
  0.0009282648206897,        -0.0134489107113313
  0.0008618267995409,        -0.0137935708532200
  0.0007946930567752,        -0.0141517746691897
  0.0007271957374180,        -0.0145279302516404
  0.0006580969561126,        -0.0149190665281415
  0.0005866535578906,        -0.0153197343431364
  0.0005120035116519,        -0.0157261215572447
  0.0004358966884445,        -0.0161338535321786
  0.0003622659537605,        -0.0165398983194112
  0.0002936013283581,        -0.0169451328043918
  0.0002294075103923,        -0.0173521696253888
  0.0001674943846012,        -0.0177612715243519
  0.0001072428599410,        -0.0181719622885094
  0.0000467338150080,        -0.0185844032908782
 -0.0000166097178311,        -0.0189945528519914
 -0.0000801747154100,        -0.0193946081443807
 -0.0001387238531119,        -0.0197779304720542
 -0.0001898424478906,        -0.0201388055912527
 -0.0002349448965844,        -0.0204707604330949
 -0.0002773590871289,        -0.0207714648660080
 -0.0003245644517325,        -0.0210427994768975
 -0.0003877809380324,        -0.0212868069338603
 -0.0004716199418005,        -0.0215056456820948
 -0.0005710672222541,        -0.0217010583603823
 -0.0006785412795641,        -0.0218708318172390
 -0.0007882269117186,        -0.0220089768889590
 -0.0008976502557885,        -0.0221118411016588
 -0.0010084009688496,        -0.0221757961325578
 -0.0011241414149614,        -0.0222001118273021
 -0.0012472534583956,        -0.0221917878233940
 -0.0013775399738872,        -0.0221577436285500
 -0.0015125610904815,        -0.0220984406682501
 -0.0016507367858666,        -0.0220109243590093
 -0.0017941147230793,        -0.0218982851422079
 -0.0019435750298377,        -0.0217702505648287
 -0.0020957344163923,        -0.0216370000242121
 -0.0022456960554450,        -0.0215003253411693
 -0.0023871040278640,        -0.0213531502239162
 -0.0025134478338528,        -0.0211919986065251
 -0.0026225872914263,        -0.0210261918391148
 -0.0027150807091210,        -0.0208780636378945
 -0.0027911103799933,        -0.0207679663319814
 -0.0028540098604195,        -0.0206990546234422
 -0.0029079166484438,        -0.0206633354708999
 -0.0029490624415109,        -0.0206519459432710
 -0.0029694230227828,        -0.0206578342795955
 -0.0029690156772699,        -0.0206834632259499
 -0.0029576468827410,        -0.0207358107073987
 -0.0029514261539786,        -0.0208123135441020
 -0.0029661466854851,        -0.0209068821639641
 -0.0030048718753171,        -0.0210139527103222
 -0.0030597293778400,        -0.0211247401674319
 -0.0031225463610550,        -0.0212352020278504
 -0.0031881972832582,        -0.0213494660886401
 -0.0032595709755233,        -0.0214742295947540
 -0.0033490493170467,        -0.0216137402758498
 -0.0034665527465473,        -0.0217661817381329
 -0.0036139615457385,        -0.0219235222557108
 -0.0037876318208168,        -0.0220764524211559
 -0.0039776129494247,        -0.0222223116159772
 -0.0041767531451845,        -0.0223662827698890
 -0.0043860587235911,        -0.0225141552151402
 -0.0046076316119932,        -0.0226678900064093
 -0.0048433386579364,        -0.0228291221629495
 -0.0050926488421853,        -0.0230042099525749
 -0.0053492511307620,        -0.0232045003613930
 -0.0056062889148601,        -0.0234383944407826
 -0.0058595042118766,        -0.0237050058467930
 -0.0061056618831225,        -0.0239957146073658
 -0.0063412024499371,        -0.0242997921728477
 -0.0065600362567896,        -0.0246121877033187
 -0.0067567070068157,        -0.0249351522509293
 -0.0069321709818928,        -0.0252705820368221
 -0.0070939863485937,        -0.0256166349680524
 -0.0072511260224099,        -0.0259698329087390
 -0.0074107113474590,        -0.0263249306925446
 -0.0075762435200692,        -0.0266768369478373
 -0.0077423578456232,        -0.0270209441567086
 -0.0078981180874262,        -0.0273494983951854
 -0.0080358408738664,        -0.0276532372481598
 -0.0081522601252457,        -0.0279276167394222
 -0.0082503093695743,        -0.0281727204345032
 -0.0083417397713163,        -0.0283884579403728
 -0.0084369491010235,        -0.0285773814017470
 -0.0085372993878301,        -0.0287459497684674
 -0.0086415080551529,        -0.0288964815097740
 -0.0087458851578173,        -0.0290230746464529
 -0.0088463053861128,        -0.0291140196203405
 -0.0089462274356569,        -0.0291529279049975
 -0.0090549495021359,        -0.0291287116339929
 -0.0091791304308874,        -0.0290460023421223
 -0.0093209164945351,        -0.0289147618619090
 -0.0094782895449335,        -0.0287382319605476
 -0.0096462871972898,        -0.0285169474324820
 -0.0098210728913797,        -0.0282566369521572
 -0.0099972834836477,        -0.0279674473315039
 -0.0101685569512542,        -0.0276610211553723
 -0.0103331047275971,        -0.0273447681188478
 -0.0104905815188118,        -0.0270160326054302
 -0.0106365062698693,        -0.0266687514648693
 -0.0107657878435792,        -0.0263025345728463
 -0.0108782099695638,        -0.0259281457942147
 -0.0109777249790226,        -0.0255622797783036
 -0.0110729974360359,        -0.0252167384813853
 -0.0111706201758742,        -0.0248978713526594
 -0.0112636140321073,        -0.0246063865446996
 -0.0113383513205791,        -0.0243368433073892
 -0.0113877542600539,        -0.0240855396392598
 -0.0114127841384635,        -0.0238552251603173
 -0.0114231540323572,        -0.0236510325016238
 -0.0114362561815152,        -0.0234770755942758
 -0.0114664098050320,        -0.0233327268302389
 -0.0115162377000706,        -0.0232048641824898
 -0.0115769628937619,        -0.0230708839969218
 -0.0116386997043025,        -0.0229207916114829
 -0.0117032364923366,        -0.0227638717952592
 -0.0117836514375119,        -0.0226125448648960
 -0.0118953351932303,        -0.0224726180025412
 -0.0120508172226899,        -0.0223415446468857
 -0.0122526153266166,        -0.0222116493821895
 -0.0124865070426525,        -0.0220776654706881
 -0.0127313052056339,        -0.0219404854918233
 -0.0129743960882556,        -0.0218063204827223
 -0.0132139851054281,        -0.0216823211229751
 -0.0134529306276389,        -0.0215754926046417
 -0.0136950369123192,        -0.0214933228953622
 -0.0139430832513901,        -0.0214447156174005
 -0.0141955519259906,        -0.0214351838908954
 -0.0144490248920018,        -0.0214640227699986
 -0.0147009354668127,        -0.0215290429648406
 -0.0149475274926197,        -0.0216242040240253
 -0.0151839171106264,        -0.0217389586979119
 -0.0154022748361309,        -0.0218654185953003
 -0.0155950601112316,        -0.0220020418431690
 -0.0157607214946518,        -0.0221531103488576
 -0.0159007449160778,        -0.0223265267115272
 -0.0160219447273290,        -0.0225289698248794
 -0.0161351176651936,        -0.0227595635926801
 -0.0162404813999958,        -0.0230098748729846
 -0.0163255706038710,        -0.0232700675024667
 -0.0163783503142101,        -0.0235313786814317
 -0.0163951261514876,        -0.0237849413915564
 -0.0163804209429929,        -0.0240224174053540
 -0.0163488840289639,        -0.0242360183733943
 -0.0163202659881117,        -0.0244240048957014
 -0.0163047926739197,        -0.0245930679789273
 -0.0162992312970855,        -0.0247491697515274
 -0.0162941312820693,        -0.0248921202330944
 -0.0162825124042150,        -0.0250152895283550
 -0.0162637894091625,        -0.0251069055806801
 -0.0162411599213505,        -0.0251532774145558
 -0.0162214254162892,        -0.0251475985442248
 -0.0162149422467773,        -0.0250918695298877
 -0.0162290662085927,        -0.0249897880672715
 -0.0162633638977296,        -0.0248428064936125
 -0.0163138478553378,        -0.0246517746033960
 -0.0163768400639607,        -0.0244206226652895
 -0.0164475834612533,        -0.0241529486281442
 -0.0165233963228584,        -0.0238503481417660
 -0.0166040535412262,        -0.0235159498650540
 -0.0166860139063437,        -0.0231566491000191
 -0.0167628699766685,        -0.0227809420223282
 -0.0168293229625435,        -0.0223991432471592
 -0.0168805920439414,        -0.0220231527690524
 -0.0169153915061724,        -0.0216592468158175
 -0.0169361631059032,        -0.0213125095939092
 -0.0169409758854478,        -0.0209881614479484
 -0.0169236243493075,        -0.0206840754095314
 -0.0168795234990093,        -0.0203962079085051
 -0.0168088332803495,        -0.0201248549919951
 -0.0167209031141122,        -0.0198715951821716
 -0.0166354626177268,        -0.0196366385983346
 -0.0165703557486990,        -0.0194190001262930
 -0.0165297970249067,        -0.0192118582729673
 -0.0165065008598231,        -0.0189999649262676
 -0.0164859815911037,        -0.0187726445181666
 -0.0164560503043407,        -0.0185295490982695
 -0.0164198996455656,        -0.0182753155722512
 -0.0163943045235499,        -0.0180217961732670
 -0.0163987566342827,        -0.0177822487049739
 -0.0164462853242130,        -0.0175607913161192
 -0.0165338867021600,        -0.0173508033214829
 -0.0166449442914159,        -0.0171395217841883
 -0.0167637778986358,        -0.0169174390876585
 -0.0168815909968306,        -0.0166842821080967
 -0.0169975346580048,        -0.0164505321723843
 -0.0171204724384246,        -0.0162322244286199
 -0.0172616951106758,        -0.0160426675888166
 -0.0174244556144165,        -0.0158892817516410
 -0.0176022638780047,        -0.0157751221506678
 -0.0177831822253384,        -0.0157005381195882
 -0.0179552134269566,        -0.0156632147282576
 -0.0181109500493706,        -0.0156586448458267
 -0.0182453518275042,        -0.0156806203829886
 -0.0183551712805694,        -0.0157240226667288
 -0.0184421137649410,        -0.0157867783020851
 -0.0185099517310715,        -0.0158713699749023
 -0.0185664756317106,        -0.0159833309657331
 -0.0186240237381207,        -0.0161254388056399
 -0.0186865632337607,        -0.0162968958468038
 -0.0187434637505219,        -0.0164939983294528
 -0.0187781847021201,        -0.0167072543370293
 -0.0187768921252563,        -0.0169254862241395
 -0.0187344198071033,        -0.0171450975190879
 -0.0186601862850356,        -0.0173658164355515
 -0.0185746664177148,        -0.0175878743006757
 -0.0184934970519273,        -0.0178152691125761
 -0.0184197412349679,        -0.0180500913283729
 -0.0183466428946607,        -0.0182872118716097
 -0.0182641929806519,        -0.0185171024462169
 -0.0181688752974021,        -0.0187287986383729
 -0.0180679914072690,        -0.0189059649950278
 -0.0179765404144185,        -0.0190362151230997
 -0.0179111935044639,        -0.0191191998620208
 -0.0178814850677988,        -0.0191584939493401
 -0.0178847001700459,        -0.0191575367859577
 -0.0179116145895492,        -0.0191197066130946
 -0.0179524760165208,        -0.0190481528888035
 -0.0179946237392240,        -0.0189422976097439
 -0.0180291115244909,        -0.0188006505147315
 -0.0180566967682764,        -0.0186272246742580
 -0.0180800427876656,        -0.0184309161909576
 -0.0181001792673945,        -0.0182209651672587
 -0.0181181285891096,        -0.0180087804556756
 -0.0181324640904165,        -0.0178065951197991
 -0.0181404031903171,        -0.0176151301974286
 -0.0181395452974279,        -0.0174283432542732
 -0.0181231960126539,        -0.0172436364572411
 -0.0180834612233260,        -0.0170611548257916
 -0.0180169705498115,        -0.0168863089484129
 -0.0179236824574650,        -0.0167282447883363
 -0.0178095423222373,        -0.0165927538556936
 -0.0176898084869171,        -0.0164795534153438
 -0.0175782489338665,        -0.0163871655441013
 -0.0174782938682754,        -0.0163099872107639
 -0.0173871337323746,        -0.0162307046343528
 -0.0172959953532212,        -0.0161334120541473
 -0.0171960578288041,        -0.0160104561074741
 -0.0170904250482624,        -0.0158593723851123
 -0.0169937519865824,        -0.0156895312319361
 -0.0169256851798150,        -0.0155152282849210
 -0.0169047128140730,        -0.0153453076995295
 -0.0169363955953643,        -0.0151826410521136
 -0.0170069978074693,        -0.0150232748987803
 -0.0170933337320742,        -0.0148590444140593
 -0.0171745348449051,        -0.0146831347761288
 -0.0172416363194352,        -0.0144977719973532
 -0.0173022830275955,        -0.0143157303081322
 -0.0173734705723625,        -0.0141541755127965
 -0.0174693231419271,        -0.0140278093947599
 -0.0175944373801525,        -0.0139414268049056
 -0.0177424451074255,        -0.0138882604242248
 -0.0178986820224047,        -0.0138558644924533
 -0.0180499885771565,        -0.0138355391122670
 -0.0181884753643199,        -0.0138270164301650
 -0.0183110136373115,        -0.0138341664326501
 -0.0184218319952423,        -0.0138584204155688
 -0.0185267238104851,        -0.0139010619063595
 -0.0186292666457128,        -0.0139647827870688
 -0.0187321262833646,        -0.0140520877503871
 -0.0188315466640306,        -0.0141677166238396
 -0.0189153816907120,        -0.0143142071012939
 -0.0189697584011279,        -0.0144849988342743
 -0.0189839332220295,        -0.0146692728671877
 -0.0189544922755051,        -0.0148610257385240
 -0.0188922692669532,        -0.0150573467202412
 -0.0188201057967721,        -0.0152583389496355
 -0.0187563285069629,        -0.0154686694898096
 -0.0187072752370227,        -0.0156902064662451
 -0.0186668899918643,        -0.0159157676214731
 -0.0186187777432730,        -0.0161329745785052
 -0.0185511802682663,        -0.0163304601747139
 -0.0184651891403092,        -0.0164946479842845
 -0.0183714279000834,        -0.0166198278801398
 -0.0182867321915824,        -0.0167136659823244
 -0.0182285797430278,        -0.0167828060556626
 -0.0182050718252953,        -0.0168275630936056
 -0.0182112573371518,        -0.0168456711841260
 -0.0182333118659091,        -0.0168354092804923
 -0.0182547680240628,        -0.0167926363257594
 -0.0182671955300388,        -0.0167132342444578
 -0.0182726024965746,        -0.0165975678875362
 -0.0182769527050133,        -0.0164507795899526
 -0.0182866683346228,        -0.0162845130300115
 -0.0183048439467130,        -0.0161164448754533
 -0.0183277893424721,        -0.0159597981902689
 -0.0183489696772914,        -0.0158121407891502
 -0.0183627329384057,        -0.0156677190209180
 -0.0183598920362599,        -0.0155252916701083
 -0.0183309998516097,        -0.0153810902597986
 -0.0182751606767916,        -0.0152346095528523
 -0.0181987213508292,        -0.0150917362904651
 -0.0181122394868586,        -0.0149596971065112
 -0.0180291846649663,        -0.0148449993781219
 -0.0179570960987955,        -0.0147487486396649
 -0.0178965289876038,        -0.0146593878769394
 -0.0178470591517832,        -0.0145554453729825
 -0.0178013835526540,        -0.0144234546520300
 -0.0177505856502291,        -0.0142634792513399
 -0.0176945880980241,        -0.0140798855965995
 -0.0176396321897078,        -0.0138787455062177
 -0.0175992630458090,        -0.0136663594821414
 -0.0175913525041047,        -0.0134486356935296
 -0.0176232434541847,        -0.0132327756092994
 -0.0176870310779431,        -0.0130225357772329
 -0.0177681230881554,        -0.0128125253340985
 -0.0178500605672896,        -0.0125907705944114
 -0.0179213030957613,        -0.0123500103067721
 -0.0179832305083938,        -0.0120965641162250
 -0.0180495700948670,        -0.0118472382262428
 -0.0181397001341888,        -0.0116195798124840
 -0.0182675899660177,        -0.0114204914167507
 -0.0184331284396001,        -0.0112434382242950
 -0.0186214086601852,        -0.0110767127582870
 -0.0188106636863614,        -0.0109093414437532
 -0.0189823491066732,        -0.0107352555726409
 -0.0191293335433794,        -0.0105563889538933
 -0.0192594655571875,        -0.0103798834936833
 -0.0193864877338602,        -0.0102163492807126
 -0.0195199772429358,        -0.0100737943727912
 -0.0196626337260535,        -0.0099526447847319
 -0.0198057578279271,        -0.0098494375797754
 -0.0199311460823640,        -0.0097599239352290
 -0.0200218919470030,        -0.0096815191567413
 -0.0200682108604007,        -0.0096151376827260
 -0.0200710449522405,        -0.0095621964280967
 -0.0200420470301815,        -0.0095191077682218
 -0.0199961910616924,        -0.0094833319411610
 -0.0199442684352798,        -0.0094603915080930
 -0.0198911238695358,        -0.0094566483422381
 -0.0198327013346776,        -0.0094714905370128
 -0.0197571834041554,        -0.0094959742847161
 -0.0196565775438897,        -0.0095139384373141
 -0.0195289726191219,        -0.0095082098553164
 -0.0193799364088057,        -0.0094739852617395
 -0.0192287599590660,        -0.0094165796525159
 -0.0190996468925943,        -0.0093410034504891
 -0.0190056785294337,        -0.0092508533243037
 -0.0189466913362201,        -0.0091435206310524
 -0.0189120814959729,        -0.0090079640059749
 -0.0188822106561074,        -0.0088318476424095
 -0.0188427247065363,        -0.0086106006568605
 -0.0187948388485699,        -0.0083487496342593
 -0.0187489913068478,        -0.0080589785054683
 -0.0187173353187129,        -0.0077590474697383
 -0.0187075397544485,        -0.0074607612535171
 -0.0187172574350258,        -0.0071659666622933
 -0.0187347173266247,        -0.0068737792238790
 -0.0187452158883295,        -0.0065847989746050
 -0.0187365253094381,        -0.0062958077969915
 -0.0187050102245740,        -0.0059990861241473
 -0.0186566119798425,        -0.0056903233705755
 -0.0186006591540501,        -0.0053728655558159
 -0.0185468485542499,        -0.0050580086411314
 -0.0185021316896901,        -0.0047586432428111
 -0.0184674599389941,        -0.0044784890561143
 -0.0184408770587827,        -0.0042072364400337
 -0.0184176770674009,        -0.0039275273313351
 -0.0183875255248656,        -0.0036287748464592
 -0.0183424647935071,        -0.0033087083638798
 -0.0182840836128722,        -0.0029711268300246
 -0.0182219491969927,        -0.0026257283207089
 -0.0181683844095882,        -0.0022820781507945
 -0.0181327850754487,        -0.0019464234350638
 -0.0181202905358357,        -0.0016240010622990
 -0.0181300084665316,        -0.0013143842558226
 -0.0181543906761541,        -0.0010070972212304
 -0.0181818212361915,        -0.0006920266441583
 -0.0182030319050160,        -0.0003697756652080
 -0.0182172774936712,        -0.0000470536911146
 -0.0182314703493973,         0.0002700155737823
 -0.0182589431080900,         0.0005757305206945
 -0.0183142854543979,         0.0008643304394684
 -0.0184013627510544,         0.0011328072120865
 -0.0185101196586797,         0.0013841971386109
 -0.0186237997945326,         0.0016279631033439
 -0.0187247856080654,         0.0018759673992813
 -0.0188016770116879,         0.0021359533806674
 -0.0188580470475293,         0.0024045532873083
 -0.0189093719837181,         0.0026675334033094
 -0.0189710885208625,         0.0029126390935915
 -0.0190494920853120,         0.0031374541157857
 -0.0191343793270831,         0.0033453520466021
 -0.0192011422890522,         0.0035416785594929
 -0.0192253209338397,         0.0037305040839209
 -0.0191948532370060,         0.0039099031764922
 -0.0191144528261105,         0.0040710496041401
 -0.0189997478621527,         0.0042042635237374
 -0.0188657734573547,         0.0043043895718112
 -0.0187206780161260,         0.0043725630349581
 -0.0185674281558282,         0.0044165518992168
 -0.0184023848188770,         0.0044461361389197
 -0.0182154653777860,         0.0044683190898217
 -0.0180008169280188,         0.0044885424771839
 -0.0177614154252509,         0.0045136988236809
 -0.0175060750298601,         0.0045510643033547
 -0.0172488661111885,         0.0046044913372698
 -0.0170078961522373,         0.0046704651874264
 -0.0167959494763721,         0.0047399587561367
 -0.0166137604525059,         0.0048097516411503
 -0.0164525729270299,         0.0048889619368767
 -0.0162979758715881,         0.0049920217626795
 -0.0161365978283104,         0.0051283348381565
 -0.0159650300710770,         0.0052982722083900
 -0.0157932569379230,         0.0054934909557698
 -0.0156391360683781,         0.0057001371052549
 -0.0155189767672709,         0.0059064052065676
 -0.0154369869395657,         0.0061066700343002
 -0.0153810361049839,         0.0063005504809278
 -0.0153302274847252,         0.0064930597558090
 -0.0152652574008436,         0.0066935502460005
 -0.0151786277980009,         0.0069072083471325
 -0.0150757291037673,         0.0071290783385848
 -0.0149669897421844,         0.0073496452187190
 -0.0148630599786051,         0.0075583609357034
 -0.0147698408245541,         0.0077456419527257
 -0.0146848289498296,         0.0079093779555638
 -0.0146001826060722,         0.0080560652211196
 -0.0145072152329972,         0.0081948495756440
 -0.0143997331120025,         0.0083339917678535
 -0.0142765168436127,         0.0084815849947058
 -0.0141411969369699,         0.0086413588773065
 -0.0140003995649779,         0.0088061377449713
 -0.0138614960652983,         0.0089616553414177
 -0.0137306381348846,         0.0090988130216441
 -0.0136089813360383,         0.0092166148987935
 -0.0134917340878486,         0.0093195059583479
 -0.0133715184666266,         0.0094170203014244
 -0.0132397671532865,         0.0095148825727087
 -0.0130919100230798,         0.0096103068648251
 -0.0129332633496317,         0.0097004240221698
 -0.0127750624272785,         0.0097853252095946
 -0.0126288312450193,         0.0098645072056368
 -0.0125048824366913,         0.0099366395070930
 -0.0124084044080322,         0.0100029585782740
 -0.0123358398975986,         0.0100683636935838
 -0.0122770844305557,         0.0101408047161119
 -0.0122194927785362,         0.0102286292552137
 -0.0121513131196844,         0.0103331617972232
 -0.0120690005526226,         0.0104475225571256
 -0.0119819265493588,         0.0105615683260327
 -0.0119044293330972,         0.0106648608782316
 -0.0118441833811246,         0.0107507200126391
 -0.0117958131053809,         0.0108197136500173
 -0.0117411262176453,         0.0108785764054073
 -0.0116575415232365,         0.0109361843799948
 -0.0115302634059899,         0.0109970775444189
 -0.0113613248915283,         0.0110551350520984
 -0.0111677169309307,         0.0110946571624278
 -0.0109703511898951,         0.0111010485809570
 -0.0107824171324089,         0.0110716559635404
 -0.0106044101209368,         0.0110144477730945
 -0.0104239875727556,         0.0109396068925723
 -0.0102219819722974,         0.0108556842241541
 -0.0099862138817623,         0.0107688756300216
 -0.0097207705933250,         0.0106814424430393
 -0.0094400033670392,         0.0105922528328340
 -0.0091601554615531,         0.0104997638167856
 -0.0088970793569217,         0.0104026154413628
 -0.0086608875478769,         0.0103007818251737
 -0.0084520856171980,         0.0101991048484716
 -0.0082646510481039,         0.0101068187997933
 -0.0080892927046697,         0.0100322199066366
 -0.0079163605995696,         0.0099800867644748
 -0.0077408232961316,         0.0099537610459759
 -0.0075666382603187,         0.0099527817948477
 -0.0074067261079836,         0.0099682549132241
 -0.0072747994850393,         0.0099840924448085
 -0.0071753160654382,         0.0099858344872145
 -0.0071018549050804,         0.0099702168567225
 -0.0070399650352040,         0.0099451846792123
 -0.0069711809177521,         0.0099233447415814
 -0.0068825759352052,         0.0099139336985320
 -0.0067754679261461,         0.0099170713921402
 -0.0066635402150923,         0.0099255582424990
 -0.0065635912445690,         0.0099304781804501
 -0.0064861495745752,         0.0099250572218895
 -0.0064293354621504,         0.0099059682506277
 -0.0063778732305791,         0.0098749611204449
 -0.0063129107270273,         0.0098389131818536
 -0.0062235302024211,         0.0098042720685359
 -0.0061077142368617,         0.0097730064680562
 -0.0059704849531986,         0.0097424349413720
 -0.0058205274868617,         0.0097044676584895
 -0.0056671624499338,         0.0096493641469673
 -0.0055164228823401,         0.0095728137895616
 -0.0053662521981483,         0.0094772236305042
 -0.0052107058592996,         0.0093684374243700
 -0.0050450896015514,         0.0092533604557276
 -0.0048660956398546,         0.0091391044697607
 -0.0046740657123542,         0.0090305301231164
 -0.0044758860191658,         0.0089253460161620
 -0.0042822823483363,         0.0088151721861058
 -0.0041012300747665,         0.0086935774202606
 -0.0039373447318093,         0.0085604300918299
 -0.0037928312487165,         0.0084212254103216
 -0.0036639720569701,         0.0082845196463270
 -0.0035428584954710,         0.0081598163291870
 -0.0034223511975462,         0.0080535208657775
 -0.0032996055244937,         0.0079647720997721
 -0.0031781256351358,         0.0078899661589686
 -0.0030671524045207,         0.0078246469076255
 -0.0029786436758688,         0.0077603798600799
 -0.0029206268562106,         0.0076908272633427
 -0.0028908261631982,         0.0076186186825160
 -0.0028760575741828,         0.0075517027422873
 -0.0028576917229360,         0.0074955541790889
 -0.0028180123325975,         0.0074506878236980
 -0.0027482630966321,         0.0074125425097368
 -0.0026555490820574,         0.0073689773944895
 -0.0025584513163764,         0.0073058563488208
 -0.0024737588238807,         0.0072154416323896
 -0.0024063316382690,         0.0070966914953174
 -0.0023472152297497,         0.0069558031387649
 -0.0022776811736592,         0.0068062149951873
 -0.0021816905567007,         0.0066632219193837
 -0.0020586531296802,         0.0065348685375324
 -0.0019218587460998,         0.0064169950155449
 -0.0017895018372422,         0.0062995661112343
 -0.0016769224442509,         0.0061750662044026
 -0.0015900767619543,         0.0060425223058526
 -0.0015229927297460,         0.0059077360470316
 -0.0014627034556780,         0.0057793442415143
 -0.0013975113766904,         0.0056630215723006
 -0.0013216033515972,         0.0055589145614415
 -0.0012359750196637,         0.0054660161663152
 -0.0011469761162660,         0.0053851277965516
 -0.0010648775800631,         0.0053147086978489
 -0.0010012093274532,         0.0052492468760180
 -0.0009640186822671,         0.0051842256858361
 -0.0009539699023844,         0.0051187262306639
 -0.0009628308496189,         0.0050532625212637
 -0.0009759288053309,         0.0049908505124019
 -0.0009788188830938,         0.0049376350421304
 -0.0009664687214297,         0.0048972396334746
 -0.0009466077919126,         0.0048670931575966
 -0.0009336790722463,         0.0048389002898804
 -0.0009388573776735,         0.0048008623243935
 -0.0009632078862514,         0.0047434869787440
 -0.0009961250196514,         0.0046681528700366
 -0.0010201735055712,         0.0045883579072258
 -0.0010208997800590,         0.0045174034199296
 -0.0009937924663741,         0.0044580718311806
 -0.0009463501269536,         0.0044040231119382
 -0.0008933977533276,         0.0043441292489855
 -0.0008490982829652,         0.0042671786990812
 -0.0008186948408046,         0.0041682951193748
 -0.0007940365962959,         0.0040504157174154
 -0.0007605431793013,         0.0039193182605318
 -0.0007060014937225,         0.0037797932433332
 -0.0006251727457618,         0.0036355192587085
 -0.0005210176120370,         0.0034871319802955
 -0.0004032662662004,         0.0033300335297115
 -0.0002849688108150,         0.0031582367606505
 -0.0001762274688397,         0.0029696338969830
 -0.0000824499605391,         0.0027668234656651
 -0.0000055294737214,         0.0025547096536882
  0.0000573796876470,         0.0023413233826597
  0.0001121312071256,         0.0021395036992088
  0.0001631885004285,         0.0019610489659686
  0.0002106243149051,         0.0018093922139624
  0.0002507811555595,         0.0016794392006149
  0.0002781881974760,         0.0015608185196890
  0.0002866821354237,         0.0014420006994184
  0.0002726113204732,         0.0013188039241046
  0.0002375148659962,         0.0011964074726023
  0.0001899641364760,         0.0010823831671631
  0.0001430817681640,         0.0009825630736762
  0.0001078019989803,         0.0009004529932465
  0.0000885012491537,         0.0008364035447239
  0.0000800968415837,         0.0007849807314340
  0.0000696254068155,         0.0007371260744323
  0.0000437143004878,         0.0006846447654447
 -0.0000034752907005,         0.0006222149891658
 -0.0000668773829641,         0.0005514449228422
 -0.0001306569241609,         0.0004809778146761
 -0.0001751167531971,         0.0004201837589790
 -0.0001888637880511,         0.0003730264068907
 -0.0001745281467798,         0.0003366746070075
 -0.0001461002953343,         0.0003047571969907
 -0.0001212579716239,         0.0002710994400551
 -0.0001114962494354,         0.0002328295009042
 -0.0001147271243805,         0.0001922897725944
 -0.0001189089404036,         0.0001574993963352
 -0.0001114599898712,         0.0001392935572560
 -0.0000854699672154,         0.0001438137117464
 -0.0000434986284180,         0.0001691187534519
  0.0000044406580112,         0.0002085782895387
  0.0000464595370439,         0.0002533210185666
  0.0000737969861135,         0.0002960844014344
  0.0000839850799613,         0.0003367937911676
  0.0000814004949393,         0.0003803719752496
  0.0000751223823211,         0.0004290841612399
  0.0000744987726720,         0.0004821025045256
  0.0000856569216165,         0.0005398009403833
  0.0001089488137487,         0.0006033372758118
  0.0001370963224779,         0.0006731756328321
  0.0001572405729340,         0.0007478036932803
  0.0001566749486487,         0.0008227104735421
  0.0001290713335229,         0.0008927007598868
  0.0000794241099664,         0.0009565215879390
  0.0000225788416243,         0.0010193897955148
 -0.0000240416397477,         0.0010889577495699
 -0.0000481859786675,         0.0011697004274349
 -0.0000502149542379,         0.0012596870986414
 -0.0000423046432389,         0.0013476650101408
 -0.0000398132206228,         0.0014159422735135
 -0.0000517134571450,         0.0014514883173387
 -0.0000745520557367,         0.0014533670020814
 -0.0000953312089070,         0.0014306650098411
 -0.0000993545378419,         0.0013959110865854
 -0.0000783788663870,         0.0013583797838846
 -0.0000342497170963,         0.0013185736505373
  0.0000221336599974,         0.0012686135042552
  0.0000750738209540,         0.0012006807900416
  0.0001134860904810,         0.0011112154060019
  0.0001361186406010,         0.0009995449040039
  0.0001491922913747,         0.0008680123522182
  0.0001622789859516,         0.0007225337216413
  0.0001829974288258,         0.0005720182694193
  0.0002134811260981,         0.0004254408482947
  0.0002504399496821,         0.0002879346782464
  0.0002873139256721,         0.0001593810311576
  0.0003161944356377,         0.0000359801678863
  0.0003296491244130,        -0.0000871679928306
  0.0003232234648383,        -0.0002114493243058
  0.0002964344395742,        -0.0003341453200575
  0.0002540076274676,        -0.0004510650535997
  0.0002043792997468,        -0.0005561972362892
  0.0001555535154046,        -0.0006435143040861
  0.0001121798739240,        -0.0007110232524469
  0.0000737145747705,        -0.0007641319859875
  0.0000347564431584,        -0.0008130612468096
 -0.0000125756904053,        -0.0008662577263865
 -0.0000732085975525,        -0.0009262310697876
 -0.0001447320134656,        -0.0009881018653626
 -0.0002161596131320,        -0.0010444108247402
 -0.0002729201231949,        -0.0010901968584588
 -0.0003064108147145,        -0.0011231072846580
 -0.0003174841573776,        -0.0011440585197206
 -0.0003152062658771,        -0.0011569404196956
 -0.0003134727595835,        -0.0011667662170731
 -0.0003237245943650,        -0.0011782209794513
 -0.0003467864511485,        -0.0011918253571483
 -0.0003723813703598,        -0.0012011686549264
 -0.0003843162059825,        -0.0011962441396788
 -0.0003683739406847,        -0.0011714619117283
 -0.0003214657583610,        -0.0011295784631288
 -0.0002524842266799,        -0.0010779504930036
 -0.0001768941521780,        -0.0010252506348344
 -0.0001095363041990,        -0.0009785927302664
 -0.0000572220976580,        -0.0009390102565373
 -0.0000160822440543,        -0.0009008268813322
  0.0000237633201516,        -0.0008552011001859
  0.0000709266449673,        -0.0007939638226996
  0.0001282119022446,        -0.0007144759905321
  0.0001916038997147,        -0.0006210837093558
  0.0002527271795289,        -0.0005199755015367
  0.0003020756461471,        -0.0004159505241007
  0.0003315663932488,        -0.0003123990491557
  0.0003370454881309,        -0.0002111044077857
  0.0003214190606082,        -0.0001112943581113
  0.0002950121950009,        -0.0000085116871895
  0.0002703768539133,         0.0001032745460876
  0.0002564466788042,         0.0002286141438461
  0.0002541577512439,         0.0003694489506821
  0.0002553380257090,         0.0005219614600557
  0.0002464752789674,         0.0006755222851363
  0.0002154471683462,         0.0008185099284739
  0.0001594188233861,         0.0009433858919761
  0.0000884644754568,         0.0010488139163539
  0.0000205781638515,         0.0011398486611340
 -0.0000286526776086,         0.0012240907594111
 -0.0000532332683290,         0.0013054473727211
 -0.0000586656141264,         0.0013801867382556
 -0.0000585577790193,         0.0014384214662512
 -0.0000653701812513,         0.0014691157508372
 -0.0000830051806579,         0.0014665378704220
 -0.0001062808929935,         0.0014342163743330
 -0.0001246951095885,         0.0013830335919931
 -0.0001287466769150,         0.0013244242507004
 -0.0001154132380833,         0.0012644550875280
 -0.0000889947229337,         0.0012031021564720
 -0.0000586854403784,         0.0011375967624084
 -0.0000345058869754,         0.0010666954475128
 -0.0000224703853300,         0.0009904861246040
 -0.0000225386618124,         0.0009088048154738
 -0.0000307378127858,         0.0008210231566266
 -0.0000408230243392,         0.0007279835924245
 -0.0000471148264282,         0.0006344631451534
 -0.0000471591024258,         0.0005460909963228
 -0.0000414019125762,         0.0004650330295693
 -0.0000334800845755,         0.0003876599181529
 -0.0000299977113723,         0.0003064323775035
 -0.0000379049183112,         0.0002158918027987
 -0.0000607000617907,         0.0001160467516789
 -0.0000971665865473,         0.0000121826242457
 -0.0001404311081513,        -0.0000880097996170
 -0.0001794025087423,        -0.0001779427903813
 -0.0002045569281156,        -0.0002540387401845
 -0.0002127138068752,        -0.0003186732711202
 -0.0002086314695836,        -0.0003800474512172
 -0.0002020605740255,        -0.0004463414431620
 -0.0002021589924965,        -0.0005215234050795
 -0.0002120440200409,        -0.0006038524431511
 -0.0002265953440349,        -0.0006869132429536
 -0.0002337604992286,        -0.0007628145140407
 -0.0002204059406358,        -0.0008251941583004
 -0.0001810104464312,        -0.0008715938977486
 -0.0001215223835541,        -0.0009049732402959
 -0.0000561539210195,        -0.0009339074115399
  0.0000005693414742,        -0.0009682153343918
  0.0000411565213769,        -0.0010130288730690
  0.0000681847560697,        -0.0010665223646906
  0.0000918962464401,        -0.0011209610807309
  0.0001244364438477,        -0.0011664211691980
  0.0001742813783602,        -0.0011962879201709
  0.0002410082701256,        -0.0012104411451037
  0.0003142658155622,        -0.0012136089367236
  0.0003797065247671,        -0.0012114419308318
  0.0004259116201597,        -0.0012070604484961
  0.0004483489662044,        -0.0011997357811955
  0.0004498957765724,        -0.0011849518219280
  0.0004376673103454,        -0.0011556822242314
  0.0004195931669393,        -0.0011055649475227
  0.0004014531671927,        -0.0010318001341152
  0.0003840584616679,        -0.0009356646108693
  0.0003631705560435,        -0.0008212589025578
  0.0003315929062621,        -0.0006936747900269
  0.0002819709904638,        -0.0005583738460809
  0.0002114459318658,        -0.0004217000137705
  0.0001258324484780,        -0.0002889174834578
  0.0000377157636733,        -0.0001612723758081
 -0.0000396823216595,        -0.0000353157663051
 -0.0000978658771463,         0.0000939445740067
 -0.0001374954070213,         0.0002278761877221
 -0.0001684888726629,         0.0003616860370418
 -0.0002036998832306,         0.0004853698893151
 -0.0002510026437388,         0.0005899018906349
 -0.0003081551953099,         0.0006738327662763
 -0.0003631305100486,         0.0007428901647876
 -0.0004007659305582,         0.0008053888788143
 -0.0004114324241423,         0.0008678626957641
 -0.0003956806396608,         0.0009314465339070
 -0.0003630498958541,         0.0009907314293863
 -0.0003263011737510,         0.0010378048141225
 -0.0002948319702148,         0.0010674846361384
 -0.0002709260625569,         0.0010804065530496
 -0.0002500763152996,         0.0010829771379074
 -0.0002247567824727,         0.0010834712859230
 -0.0001896292861496,         0.0010871076664372
 -0.0001444336532571,         0.0010939167962969
 -0.0000935771873121,         0.0011009390638981
 -0.0000440804730299,         0.0011044124602421
 -0.0000031940402529,         0.0010999915011765
  0.0000241370729302,         0.0010832491276180
  0.0000378571028802,         0.0010515168439179
  0.0000420546460957,         0.0010057909541473
  0.0000427450643429,         0.0009510449739193
  0.0000459119103281,         0.0008949172987946
  0.0000557670041524,         0.0008444431731248
  0.0000734550908347,         0.0008015204308428
  0.0000952637870893,         0.0007614509071092
  0.0001128932763514,         0.0007159113418005
  0.0001173887591273,         0.0006575495204967
  0.0001042001200589,         0.0005853207414553
  0.0000760398726656,         0.0005052125410750
  0.0000427511850598,         0.0004257705385341
  0.0000170305967181,         0.0003537150892702
  0.0000077783828584,         0.0002905407843738
  0.0000159213297277,         0.0002315064959221
  0.0000345083612681,         0.0001677831619146
  0.0000522272744135,         0.0000907852878640
  0.0000598949753575,        -0.0000040145149719
  0.0000563487654882,        -0.0001159805047145
  0.0000489220988721,        -0.0002400883788365
  0.0000492160820984,        -0.0003689658123458
  0.0000666065885812,        -0.0004959140596529
  0.0001023408299719,        -0.0006165556792597
  0.0001484023904676,        -0.0007297799513174
  0.0001920938498572,        -0.0008383399242756
  0.0002222640650829,        -0.0009465002470753
  0.0002341030421217,        -0.0010559299497144
  0.0002306220916925,        -0.0011629416447507
  0.0002202323058215,        -0.0012594875085459
  0.0002121736340346,        -0.0013372789790652
  0.0002116132338395,        -0.0013923151614240
  0.0002169061250640,        -0.0014260386372641
  0.0002207427829844,        -0.0014419552872730
  0.0002139005334793,        -0.0014424237904711
  0.0001892110776793,        -0.0014285280816279
  0.0001444563489048,        -0.0014010895089266
  0.0000833335697713,        -0.0013603215251472
  0.0000143630718988,        -0.0013049684297005
 -0.0000522217690077,        -0.0012335783328720
 -0.0001086005208434,        -0.0011468567733273
 -0.0001526663706267,        -0.0010482095868578
 -0.0001886333427234,        -0.0009428079533680
 -0.0002245527267370,        -0.0008366148065228
 -0.0002674727732526,        -0.0007348827382625
 -0.0003180229152431,        -0.0006403474634153
 -0.0003682157795034,        -0.0005520373622029
 -0.0004046534037146,        -0.0004646418233369
 -0.0004160154531974,        -0.0003704128802154
 -0.0003995550843981,        -0.0002643467166098
 -0.0003626490134872,        -0.0001482374278038
 -0.0003190571603254,        -0.0000300067683983
 -0.0002814541731079,         0.0000809157107325
 -0.0002551547438964,         0.0001792870690764
 -0.0002361326037082,         0.0002669344248639
 -0.0002133739985441,         0.0003509927530019
 -0.0001755938080372,         0.0004389751821065
 -0.0001183669205895,         0.0005340524996143
 -0.0000463565920381,         0.0006331683127870
  0.0000299539078052,         0.0007282499140769
  0.0000997663994260,         0.0008104574823698
  0.0001563960459588,         0.0008748719973645
  0.0001987955453712,         0.0009218576126019
  0.0002300691086328,         0.0009557865812974
  0.0002552545781865,         0.0009830640746230
  0.0002787756848699,         0.0010095686767269
  0.0003023363110681,         0.0010391527675707
  0.0003245656015444,         0.0010736074627682
  0.0003415530204206,         0.0011121252952215
  0.0003480689232783,         0.0011503331167430
  0.0003396869431099,         0.0011813136080689
  0.0003148443861297,         0.0011995082572627
  0.0002757261163897,         0.0012043349808469
  0.0002280889696289,         0.0012005910354364
  0.0001798537048171,         0.0011952078008026
  0.0001380028863049,         0.0011922049989448
  0.0001049936728924,         0.0011895844452301
  0.0000770815074996,         0.0011804752169696
  0.0000461896577045,         0.0011569290085909
  0.0000048342509563,         0.0011134788333522
 -0.0000489015139227,         0.0010488852287011
 -0.0001091115313499,         0.0009659750015068
 -0.0001640562643522,         0.0008697924613734
 -0.0002016210553571,         0.0007648612310053
 -0.0002153311188375,         0.0006534045149104
 -0.0002075187451369,         0.0005342863751995
 -0.0001876970030747,         0.0004038148051943
 -0.0001672457610469,         0.0002593398811234
 -0.0001533374140950,         0.0001022735952229
 -0.0001456181869500,        -0.0000617906077159
 -0.0001377293553852,        -0.0002249715112309
 -0.0001221558840456,        -0.0003795225459626
 -0.0000947917481388,        -0.0005198558239582
 -0.0000577658498643,        -0.0006440812563786
 -0.0000193647627233,        -0.0007545930551768
  0.0000098044132115,        -0.0008561561065735
  0.0000220480876589,        -0.0009523852159633
  0.0000159933167086,        -0.0010431051045610
 -0.0000032416160193,        -0.0011244181050821
 -0.0000266345895272,        -0.0011910627909213
 -0.0000449572714684,        -0.0012394853469564
 -0.0000522950307119,        -0.0012698487885469
 -0.0000487755441930,        -0.0012855428894586
 -0.0000407078538945,        -0.0012913019320271
 -0.0000371998674058,        -0.0012913007405172
 -0.0000454246971245,        -0.0012879615355952
 -0.0000669386858458,        -0.0012813865249122
 -0.0000965283234482,        -0.0012694142175214
 -0.0001244445052992,        -0.0012480515844573
 -0.0001406210170303,        -0.0012125252958610
 -0.0001388786310133,        -0.0011596877111320
 -0.0001202325576982,        -0.0010903045996159
 -0.0000931137707951,        -0.0010098243803367
 -0.0000687356710534,        -0.0009268441765653
 -0.0000544423683663,        -0.0008490759320432
 -0.0000493843812658,        -0.0007792544129357
 -0.0000449740123205,        -0.0007138986395328
 -0.0000298701340918,        -0.0006453435806795
  0.0000034497811109,        -0.0005659271538957
  0.0000540352928311,        -0.0004730031968216
  0.0001127034736985,        -0.0003716654023386
  0.0001671134883768,        -0.0002716540035294
  0.0002081151711578,        -0.0001811564846660
  0.0002336350535649,        -0.0001029399843993
  0.0002485752566880,        -0.0000341371548372
  0.0002614672675786,         0.0000308638289954
  0.0002794182554230,         0.0000969251286950
  0.0003040655898136,         0.0001667254807083
  0.0003311889661462,         0.0002408765518719
  0.0003535185221001,         0.0003184395221086
  0.0003641628806981,         0.0003975791056447
  0.0003587784633589,         0.0004766149868157
  0.0003362212304022,         0.0005551523975340
  0.0002982794402024,         0.0006343140547519
  0.0002488916916142,         0.0007162380015767
  0.0001929850042527,         0.0008032925054639
  0.0001348967100226,         0.0008965895042099
  0.0000768830550622,         0.0009946699326582
  0.0000184919782410,         0.0010930597690749
 -0.0000429350137053,         0.0011841697798887
 -0.0001102990004883,         0.0012591573807260
 -0.0001839626760552,         0.0013122347642942
 -0.0002598555255824,         0.0013440072976642
 -0.0003296286341012,         0.0013601396778326
 -0.0003834955169004,         0.0013661320122289
 -0.0004150434983041,         0.0013630235468512
 -0.0004245769857574,         0.0013470985197014
 -0.0004189815729370,         0.0013129897107493
 -0.0004085844865556,         0.0012574396540495
 -0.0004015005706460,         0.0011812862202698
 -0.0003985513620700,         0.0010894063455875
 -0.0003928424068944,         0.0009891349527951
 -0.0003743139262909,         0.0008874048772878
 -0.0003359384331278,         0.0007882318755827
 -0.0002778408618530,         0.0006918396430300
 -0.0002074448617190,         0.0005953123513270
 -0.0001361532592799,         0.0004941041388881
 -0.0000745184118881,         0.0003841206667328
 -0.0000277868503973,         0.0002644621965313
  0.0000059846305557,         0.0001388854907654
  0.0000339704342900,         0.0000145638783633
  0.0000639524829348,        -0.0001010034409683
  0.0000998631349043,        -0.0002035132795806
  0.0001400397371349,        -0.0002938473599356
  0.0001784603676181,        -0.0003771517926410
  0.0002076600158636,        -0.0004596311010062
  0.0002220144082533,        -0.0005450357400614
  0.0002204703464550,        -0.0006329781702145
  0.0002074739042172,        -0.0007196268731721
  0.0001912582965581,        -0.0007996350935355
  0.0001802619177228,        -0.0008682078554527
  0.0001792978337075,        -0.0009224545220722
  0.0001870953243760,        -0.0009617356670020
  0.0001966153512504,        -0.0009877118201246
  0.0001983161444483,        -0.0010042640939919
  0.0001849105471052,        -0.0010161809304217
  0.0001553498381082,        -0.0010269216921734
  0.0001157783175694,        -0.0010369246424692
  0.0000769496073905,        -0.0010433640140351
  0.0000493554232609,        -0.0010420804195253
  0.0000383238691804,        -0.0010307944610367
  0.0000415492685236,        -0.0010112771695267
  0.0000506839309563,        -0.0009889794801118
  0.0000566339772854,        -0.0009706516387854
  0.0000551058496402,        -0.0009610704712493
  0.0000488199639935,        -0.0009601281062713
  0.0000455545917667,        -0.0009624093708653
  0.0000531867244826,        -0.0009596427732005
  0.0000744725431130,        -0.0009447060705520
  0.0001048471456699,        -0.0009152016518711
  0.0001346018880878,        -0.0008739377394532
  0.0001537398771458,        -0.0008255628257198
  0.0001565957545142,        -0.0007721097053858
  0.0001436543289203,        -0.0007114725945973
  0.0001199568585961,        -0.0006393839256979
  0.0000919234370239,        -0.0005523560739534
  0.0000643730209953,        -0.0004494529929860
  0.0000387834085990,        -0.0003322294807604
  0.0000133579750644,        -0.0002036977429680
 -0.0000155217817872,        -0.0000678623418150
 -0.0000514272359329,         0.0000703224382676
 -0.0000963858607486,         0.0002059690800984
 -0.0001500575255312,         0.0003358242329822
 -0.0002091790772344,         0.0004593243563278
 -0.0002675286776950,         0.0005785385499155
 -0.0003173236828200,         0.0006965345990247
 -0.0003521298745227,         0.0008145034928417
 -0.0003697867302051,         0.0009294148092940
 -0.0003733569124282,         0.0010343127904675
 -0.0003691747731482,         0.0011212850111245
 -0.0003630640416932,         0.0011850844536392
 -0.0003569800946978,         0.0012259007769797
 -0.0003475995028665,         0.0012499110415676
 -0.0003278064604224,         0.0012661593061102
 -0.0002907687189422,         0.0012814964700782
 -0.0002346181801096,         0.0012971874313137
