timestep:   0.0333333333333333
yAxisLabel:deflection [m] 
title:bridge deflection 
matlab ub_mid 
  0.0000000000000000
 -0.0000400875008422
 -0.0002756041629320
 -0.0007187316281887
 -0.0011825740912019
 -0.0014493580739759
 -0.0014728729306968
 -0.0014228875799014
 -0.0015260453701886
 -0.0018468523989252
 -0.0022176425557288
 -0.0023952574794782
 -0.0022957066226352
 -0.0020767515562672
 -0.0019822924041849
 -0.0021010047810662
 -0.0022798544352161
 -0.0022786876417762
 -0.0020091909306384
 -0.0016212915295135
 -0.0013554420544292
 -0.0013110042906116
 -0.0013551187746705
 -0.0012550684491088
 -0.0008981224192899
 -0.0003993608850481
  0.0000058155639991
  0.0001741547588693
  0.0001438172465540
 -0.0000182404533010
 -0.0001636190366011
 -0.0001589162283331
 -0.0000085360011710
  0.0001496594590193
  0.0001705838598709
  0.0000350472632490
 -0.0001326629491001
 -0.0001787020911491
 -0.0000608974672048
  0.0001127117158898
  0.0001829506260326
  0.0000853713137422
 -0.0000904990123167
 -0.0001833910713194
 -0.0001081131841783
  0.0000662889082834
  0.0001799015409884
  0.0001285082518654
 -0.0000407039141959
 -0.0001726955008260
 -0.0001461856808372
  0.0000143195862292
  0.0001617141067174
  0.0001607780446490
  0.0000124579628742
