timestep:   0.0333333333333333
yAxisLabel:acceleration [m/s2] 
title:sprung mass acceleration 
matlab av1 
 -0.0024427601163450
 -0.0193485404436052
 -0.0615883120139396
 -0.1106933417307396
 -0.1217685904059767
 -0.0687942472963428
  0.0188948875126593
  0.0756034646381778
  0.0641948288444249
  0.0197627331332093
  0.0146355177923540
  0.0780017398345800
  0.1568517461292734
  0.1671419757733047
  0.0834293865794726
 -0.0302932404597354
 -0.0833828355525142
 -0.0464547159211392
  0.0271100840796881
  0.0628119043930106
  0.0374078637096785
 -0.0112871903410516
 -0.0376415680402706
 -0.0348768280725018
 -0.0319154383950412
 -0.0497631519058314
 -0.0767703215405800
 -0.0856646860704568
 -0.0600741972900836
 -0.0095700587687445
  0.0344352419534048
  0.0482215988343472
  0.0397193250114984
  0.0376873534305971
  0.0547321575203604
  0.0665047629005020
  0.0348096165781380
 -0.0455396795303724
 -0.1276889530632602
 -0.1472607906136477
 -0.0807946957416421
  0.0289699309701880
  0.1084686840736775
  0.1151208448911229
  0.0671108794556698
  0.0157972372936337
 -0.0062992770044046
 -0.0091491081873635
 -0.0211858111155232
 -0.0508811561107981
 -0.0758921814398002
 -0.0694540271783421
 -0.0299098544294624
