f,amplitude_1,amplitude_2
0,1.94772739154502e-07,1.99352365323714e-07
0.105354091561842,0.00262145535019311,0.00267377179875887
0.210708183123684,0.00224320462005953,0.00225821844558812
0.316062274685526,0.0011653199046587,0.00125788769655842
0.421416366247368,0.00402739521620148,0.00418405518182822
0.526770457809209,0.003852794842283,0.00409320856077623
0.632124549371051,0.00125545829129327,0.00191982346039088
0.737478640932893,0.00131301080957472,0.00257717664767431
0.842832732494735,0.00168463757224156,0.00242682112887415
0.948186824056577,0.000902561548486706,0.000903975978249477
1.05354091561842,0.00124377707718848,0.000825385426933692
1.15889500718026,0.00257971526721021,0.00121187067950395
1.2642490987421,0.00195417650442415,0.00116518604444712
1.36960319030394,0.00086146176987111,0.000591459180787571
1.47495728186579,0.000520513771433356,0.000689182925982332
1.58031137342763,0.000699039531115377,0.000895144955960784
1.68566546498947,0.000815989904162999,0.000836817251830576
1.79101955655131,0.00055897854029831,0.000463753689991804
1.89637364811315,0.00022410554959818,0.000160851620209303
2.001727739675,0.000148551772444107,0.000346738412208569
2.10708183123684,8.65930782510714e-05,0.000265619649550274
2.21243592279868,4.66064834462319e-05,6.46017686639938e-05
2.31779001436052,3.88921701700892e-05,7.24718629374477e-05
2.42314410592236,7.68999593989381e-06,6.57993358495494e-05
2.5284981974842,2.35108762929218e-05,6.13616068277175e-05
2.63385228904605,4.91984617836775e-05,9.62998311276275e-05
2.73920638060789,0.000112855366531501,0.00014655087397311
2.84456047216973,0.00011807157760869,0.000144970718973523
2.94991456373157,4.67998787048485e-05,4.74492908598717e-05
3.05526865529341,0.000108949229725321,0.000118849990133983
3.16062274685526,0.000149209995533806,0.000174492200092177
3.2659768384171,7.96948676109359e-05,0.000111494968194069
3.37133092997894,4.31036952689113e-05,7.8691700378308e-05
3.47668502154078,0.000122855543287809,0.000116765587074283
3.58203911310262,0.000107481095931662,0.000110444667342905
3.68739320466447,2.94791035089982e-05,4.99449959615878e-05
3.79274729622631,2.45460782942817e-05,1.86600839971645e-05
3.89810138778815,1.98123907983661e-05,3.46373066045771e-05
4.00345547934999,1.07214576411841e-05,2.18389147243697e-06
4.10880957091183,1.14261757997573e-05,2.1704137430314e-05
4.21416366247368,6.70353201718587e-06,7.61087928273067e-06
4.31951775403552,9.06307100844208e-06,1.60818610375704e-05
4.42487184559736,4.01584726534303e-06,1.54380393132609e-05
4.5302259371592,1.56029774729745e-05,2.50102082672052e-05
4.63558002872104,2.06633331514725e-05,2.51783363794987e-05
4.74093412028288,1.11256770852647e-05,8.77815318741424e-06
4.84628821184473,6.36388537653467e-06,9.25461210613065e-06
4.95164230340657,7.84098280634334e-06,4.22181629736591e-06
5.05699639496841,3.21105266787527e-06,9.49276385068811e-06
5.16235048653025,5.62597369350666e-07,6.49977048571903e-06
5.26770457809209,3.90988886511343e-06,8.33953532766524e-06
5.37305866965394,1.05864006030291e-05,9.93583270683673e-06
5.47841276121578,1.36371883010606e-05,9.42624974543294e-06
5.58376685277762,1.24000137975869e-05,9.62179871783041e-06
5.68912094433946,8.01659750432377e-06,8.46631661947125e-06
5.7944750359013,3.44114551568024e-06,4.68502125349466e-06
5.89982912746315,3.84860355757205e-06,4.79397332214895e-06
6.00518321902499,1.97901913802017e-06,4.30760069916215e-06
6.11053731058683,2.15067329589993e-06,2.74945036040127e-06
6.21589140214867,4.14338290081302e-06,5.52051462919463e-06
6.32124549371051,4.25872669758451e-06,5.63321887136166e-06
6.42659958527235,2.81812215354223e-06,2.45431979227261e-06
6.5319536768342,6.75410835628164e-07,2.22898525886707e-06
6.63730776839604,8.51187386710671e-07,2.35450181777333e-06
6.74266185995788,9.19022467070001e-07,2.12261939436805e-06
6.84801595151972,1.28813965959844e-06,3.08786325909739e-06
6.95337004308156,1.70813812325811e-06,2.61632856113158e-06
7.05872413464341,1.09750421813939e-06,2.62191964242876e-06
7.16407822620525,6.66449279092074e-07,1.70285733443524e-06
7.26943231776709,1.15662563162502e-06,2.18980942483573e-06
7.37478640932893,5.76570430795163e-07,1.51461034479482e-06
7.48014050089077,5.15855495426044e-07,1.40644366436909e-06
7.58549459245261,8.27084620578079e-07,1.5707027076428e-06
7.69084868401446,3.5710780783932e-07,1.21306135845095e-06
7.7962027755763,7.87858035080416e-07,1.62848588094622e-06
7.90155686713814,7.44315169264143e-07,1.15385069228344e-06
8.00691095869998,3.04260680763275e-07,8.34040649360868e-07
8.11226505026183,1.77937308851548e-07,4.76897375094927e-07
8.21761914182367,3.6702901578705e-07,1.01220276287874e-06
8.32297323338551,4.91901512506178e-07,9.89583093649791e-07
8.42832732494735,3.62233640443392e-07,1.07395684742911e-06
8.53368141650919,5.59604518267416e-07,1.0104481051253e-06
8.63903550807103,5.19197348090216e-07,1.03969769803844e-06
8.74438959963287,5.23949664577039e-07,9.3565221794938e-07
8.84974369119472,7.03393773909472e-07,1.04749838650021e-06
8.95509778275656,6.86477677492537e-07,1.0057514476483e-06
9.0604518743184,9.43108134843966e-07,1.07994948733255e-06
9.16580596588024,8.45351047232592e-07,1.04506595875227e-06
9.27116005744208,6.03751152202077e-07,7.32648453754429e-07
9.37651414900393,7.25081820252208e-07,9.65560857014103e-07
9.48186824056577,6.3262152338874e-07,9.30257792227674e-07
9.58722233212761,4.02544285230568e-07,6.85827528355125e-07
9.69257642368945,2.15899797799881e-07,6.212239998049e-07
9.7979305152513,2.44184768010885e-07,6.40771444025364e-07
9.90328460681314,1.76151444915407e-07,5.61603086730088e-07
10.008638698375,8.34298225819305e-08,5.40417458643171e-07
10.1139927899368,1.24890124037659e-07,4.81539517468362e-07
10.2193468814987,8.59097516646808e-08,4.23203994786952e-07
10.3247009730605,2.00301938966279e-08,3.03282874320092e-07
10.4300550646223,9.96418096232243e-08,2.33242584722588e-07
10.5354091561842,2.7698372763706e-07,3.03549539512657e-07
10.640763247746,3.70025624018362e-07,4.22733864402297e-07
10.7461173393079,3.84582246788616e-07,4.24956667829833e-07
10.8514714308697,4.4784925521703e-07,5.02143791793324e-07
10.9568255224316,3.71754365167756e-07,4.78826470322772e-07
11.0621796139934,3.79322718294271e-07,4.77345519641389e-07
11.1675337055552,3.51702577685452e-07,5.16461561308829e-07
11.2728877971171,2.11719233539473e-07,4.15391164681189e-07
11.3782418886789,2.1168416311299e-07,4.37037487211351e-07
11.4835959802408,1.36561159574056e-07,3.81702022645588e-07
11.5889500718026,1.08857937772545e-07,3.76116554659338e-07
11.6943041633644,1.20697545021811e-07,3.58001689577075e-07
11.7996582549263,8.88277299835761e-08,3.39532103230649e-07
11.9050123464881,1.15303909408777e-07,3.12089275005471e-07
12.01036643805,1.35268528994781e-07,2.95329987787973e-07
12.1157205296118,1.18502105459992e-07,2.58291877364475e-07
12.2210746211737,1.66510062215735e-07,2.5947500775927e-07
12.3264287127355,1.39279501636389e-07,2.30555957912194e-07
12.4317828042973,1.84698134281661e-07,2.33271966712421e-07
12.5371368958592,2.10414825238353e-07,2.93001039448117e-07
12.642490987421,9.72285527957098e-08,2.0826191680168e-07
12.7478450789829,8.27812356048395e-08,1.51779788845633e-07
12.8531991705447,1.40050581123503e-07,2.19584936042627e-07
12.9585532621066,1.24229458841695e-07,2.53734251789833e-07
13.0639073536684,8.08152352811195e-08,2.45791871064221e-07
13.1692614452302,7.14607275537566e-08,2.57147790051545e-07
13.2746155367921,4.22559900023076e-08,2.50485347893884e-07
13.3799696283539,3.00595810986225e-08,2.41607613251787e-07
13.4853237199158,5.63721729569659e-08,2.31027134909561e-07
13.5906778114776,6.88381120817498e-08,2.12007796714406e-07
13.6960319030394,8.85787814503353e-08,1.97777375722176e-07
13.8013859946013,1.14515795625032e-07,1.84069341805336e-07
13.9067400861631,1.15899567526214e-07,1.62675521729402e-07
14.012094177725,1.32721718878406e-07,1.56232563662009e-07
14.1174482692868,1.11047323836343e-07,1.35786504034498e-07
14.2228023608487,1.07461053225543e-07,1.35663025620629e-07
14.3281564524105,8.61268185319302e-08,1.3679590977264e-07
14.4335105439723,6.44798674190017e-08,1.25335418587779e-07
14.5388646355342,7.38008794340121e-08,1.67208654282889e-07
14.644218727096,3.34512637649346e-08,1.50245044597132e-07
14.7495728186579,3.30536263045314e-08,1.61288134077304e-07
14.8549269102197,1.09442634322269e-08,1.59698577624212e-07
14.9602810017815,1.12304672102444e-08,1.64702645847171e-07
15.0656350933434,1.80599016650778e-08,1.6834870994286e-07
15.1709891849052,3.68891492509797e-08,1.55604902328156e-07
15.2763432764671,4.94295186295607e-08,1.52101260165709e-07
15.3816973680289,7.46301202014903e-08,1.35285060211452e-07
15.4870514595908,7.97654251137176e-08,1.1885180038756e-07
15.5924055511526,1.00988655693461e-07,1.13574560110705e-07
15.6977596427144,1.026192660217e-07,1.14670928309557e-07
15.8031137342763,8.29603204215382e-08,9.85800603422568e-08
15.9084678258381,7.97805261537849e-08,9.29708465260249e-08
16.0138219174,7.2963127374518e-08,1.00060291114607e-07
16.1191760089618,5.4424538219558e-08,1.05145673777715e-07
16.2245301005237,4.24941430257077e-08,1.06283736093574e-07
16.3298841920855,3.8020252240542e-08,1.21239915510113e-07
16.4352382836473,1.8119799418294e-08,1.18515854069011e-07
16.5405923752092,1.62477439677087e-08,1.24063482322733e-07
16.645946466771,4.59563869622131e-09,1.27371302750795e-07
16.7513005583329,1.96594335093874e-08,1.19931976692011e-07
16.8566546498947,3.25371629789823e-08,1.15965917385739e-07
16.9620087414565,4.85553228293733e-08,1.02231048720596e-07
17.0673628330184,5.40959661718417e-08,9.29505353093845e-08
17.1727169245802,6.48596509057199e-08,8.04168359524224e-08
17.2780710161421,6.58150900148339e-08,6.76232028020805e-08
17.3834251077039,6.96146989389555e-08,6.39446791745873e-08
17.4887791992658,6.49237449124416e-08,5.99585517806014e-08
17.5941332908276,6.18194549983962e-08,6.32328446793083e-08
17.6994873823894,5.27714532275482e-08,7.08236291741708e-08
17.8048414739513,4.34019905798384e-08,7.35548453414425e-08
17.9101955655131,3.67460248556046e-08,8.84881987649688e-08
18.015549657075,1.99942011731508e-08,8.44728319118977e-08
18.1209037486368,2.12958696940402e-08,9.56492981128315e-08
18.2262578401986,9.33535761901729e-09,9.42952356709071e-08
18.3316119317605,2.00766184359321e-08,9.11587175295109e-08
18.4369660233223,2.24571035690303e-08,9.34181433495522e-08
18.5423201148842,3.31533911902722e-08,8.46576805740986e-08
18.647674206446,3.69136960430156e-08,8.24152577805308e-08
18.7530282980079,4.79514620887489e-08,6.9231802920747e-08
18.8583823895697,4.90952262862529e-08,5.97259593740776e-08
18.9637364811315,5.22554262174082e-08,4.58857812679797e-08
19.0690905726934,5.52515437337474e-08,3.99883784151074e-08
19.1744446642552,5.33890315925119e-08,4.22181799609518e-08
19.2797987558171,4.92174873546421e-08,4.33548593795781e-08
19.3851528473789,4.45663729584423e-08,5.09347843174107e-08
19.4905069389407,3.61806623032713e-08,6.14579278722625e-08
19.5958610305026,2.7359300328655e-08,6.42400365589577e-08
19.7012151220644,2.20526248176808e-08,7.41042619860859e-08
19.8065692136263,1.49349919290405e-08,7.51993799860105e-08
19.9119233051881,1.75561676868147e-08,7.79829981071269e-08
20.01727739675,1.9820903152402e-08,7.84997680987377e-08
20.1226314883118,2.71639299313647e-08,7.36527753398621e-08
20.2279855798736,3.0227930064136e-08,7.03286427749659e-08
20.3333396714355,3.75576668558267e-08,5.95689104187604e-08
20.4386937629973,3.89148782765828e-08,5.26582104599634e-08
20.5440478545592,4.34402900408221e-08,4.07632715448754e-08
20.649401946121,4.30130955986965e-08,3.18434790397216e-08
20.7547560376828,4.32442897065471e-08,2.83457283937485e-08
20.8601101292447,4.07171059374403e-08,2.71588026805397e-08
20.9654642208065,3.76161850813556e-08,3.32809615100551e-08
21.0708183123684,3.34950026250144e-08,4.20389688766554e-08
21.1761724039302,2.90371155113136e-08,4.67269779212447e-08
21.2815264954921,2.56869966083666e-08,5.6725360116726e-08
21.3868805870539,2.05983173821365e-08,5.78265423520153e-08
21.4922346786157,2.00261409302353e-08,6.37668587875907e-08
21.5975887701776,1.70926173254461e-08,6.30561229860211e-08
21.7029428617394,2.0632180804378e-08,6.10826757344033e-08
21.8082969533013,2.06742677435818e-08,5.97253178060294e-08
21.9136510448631,2.67828059238191e-08,5.14241479718346e-08
22.019005136425,2.80325393684791e-08,4.83772069176498e-08
22.1243592279868,3.19393584514697e-08,3.62196636201754e-08
22.2297133195486,3.34272609084832e-08,3.02413653946142e-08
22.3350674111105,3.59222352783052e-08,2.11631805401262e-08
22.4404215026723,3.637079049445e-08,1.5492775892687e-08
22.5457755942342,3.61324276576212e-08,2.02694949951135e-08
22.651129685796,3.43051646454988e-08,2.56812829478486e-08
22.7564837773578,3.14723666638845e-08,3.33814182756579e-08
22.8618378689197,2.72226347051541e-08,4.19868961706946e-08
22.9671919604815,2.24218177859849e-08,4.50914220046203e-08
23.0725460520434,1.78876492739049e-08,5.1596875932226e-08
23.1779001436052,1.4055854705323e-08,5.07745944370271e-08
23.2832542351671,1.41275514620671e-08,5.24565303385477e-08
23.3886083267289,1.65416977132627e-08,4.96701971234979e-08
23.4939624182907,2.12100469061259e-08,4.58551364459796e-08
23.5993165098526,2.46417086771534e-08,4.21168037996127e-08
23.7046706014144,2.89775316318935e-08,3.41264381373481e-08
23.8100246929763,3.03707131382642e-08,2.92133178509411e-08
23.9153787845381,3.27285308208646e-08,1.92577571735583e-08
24.0207328760999,3.22647238644698e-08,1.3321409504998e-08
24.1260869676618,3.20023244071485e-08,7.32258227264208e-09
24.2314410592236,3.02764815991649e-08,9.19574994164703e-09
24.3367951507855,2.80070920165715e-08,1.7455199910446e-08
24.4421492423473,2.56920169866979e-08,2.44037110950823e-08
24.5475033339092,2.27175236156256e-08,3.06290392928667e-08
24.652857425471,2.08897495696904e-08,3.69806669333575e-08
24.7582115170328,1.90949019458648e-08,3.96173854779435e-08
24.8635656085947,1.94333768892063e-08,4.34184741881688e-08
24.9689197001565,1.98618547693442e-08,4.28967510143325e-08
25.0742737917184,2.24155025890538e-08,4.29224799918133e-08
25.1796278832802,2.31819381131806e-08,4.0602020918896e-08
25.2849819748421,2.5392297412214e-08,3.5265079215097e-08
25.3903360664039,2.66714081041196e-08,3.12750967452332e-08
25.4956901579657,2.82519516959321e-08,2.31993646594852e-08
25.6010442495276,2.85561942326212e-08,1.78200305350858e-08
25.7063983410894,2.88636011050962e-08,8.7269239978272e-09
25.8117524326513,2.82867380705257e-08,3.87803504702551e-09
25.9171065242131,2.73119160796421e-08,9.10874404606588e-09
26.0224606157749,2.59786384536912e-08,1.48251205737627e-08
26.1278147073368,2.43194500696898e-08,2.21590104163333e-08
26.2331687988986,2.27255407783329e-08,2.78280627180489e-08
26.3385228904605,2.11805155943462e-08,3.20036415599983e-08
26.4438769820223,2.02366033172934e-08,3.61544861698266e-08
26.5492310735842,1.97507747365011e-08,3.69632266500858e-08
26.654585165146,2.01249612038201e-08,3.84922567972683e-08
26.7599392567078,2.08130284657687e-08,3.64150851876341e-08
26.8652933482697,2.21779984090825e-08,3.47628115159965e-08
26.9706474398315,2.31554810298619e-08,3.05431205400726e-08
27.0760015313934,2.45876666935495e-08,2.58154080506926e-08
27.1813556229552,2.52231347843757e-08,2.02208639712753e-08
27.286709714517,2.59710229997377e-08,1.32993524445002e-08
27.3920638060789,2.6048135237969e-08,7.13136511273417e-09
27.4974178976407,2.58962100568622e-08,1.00386370625085e-09
27.6027719892026,2.54286128529038e-08,6.90851594851669e-09
27.7081260807644,2.43879867932279e-08,1.39618818283919e-08
27.8134801723263,2.36314096153075e-08,1.94205161404342e-08
27.9188342638881,2.20917786246947e-08,2.46526370227582e-08
28.0241883554499,2.13783253744083e-08,2.86136234919851e-08
28.1295424470118,2.00885696028844e-08,3.12072370606327e-08
28.2348965385736,2.01485793012066e-08,3.32183774486524e-08
28.3402506301355,1.92276003030246e-08,3.34493691280612e-08
28.4456047216973,1.98818882239088e-08,3.24034619914808e-08
28.5509588132592,2.04706605073061e-08,3.0081478132997e-08
28.656312904821,2.16340303385722e-08,2.67180987417633e-08
28.7616669963828,2.24712979077525e-08,2.2486518994255e-08
28.8670210879447,2.35785130329314e-08,1.70493262671327e-08
28.9723751795065,2.41665714153514e-08,1.17853927377954e-08
29.0777292710684,2.45155460631768e-08,5.2018606507747e-09
29.1830833626302,2.46200329532194e-08,1.3628051017349e-09
29.288437454192,2.41220660703604e-08,7.35341308252312e-09
29.3937915457539,2.36695574013497e-08,1.25475832073329e-08
29.4991456373157,2.25375003690823e-08,1.80669920799429e-08
29.6044997288776,2.17586983865442e-08,2.22261650967086e-08
29.7098538204394,2.04699113133338e-08,2.57500398101366e-08
29.8152079120013,1.98478773086144e-08,2.82735318124655e-08
29.9205620035631,1.90378505892528e-08,2.9393284485129e-08
30.0259160951249,1.90357019149523e-08,2.98119097177551e-08
30.1312701866868,1.90378094778765e-08,2.85899726068908e-08
30.2366242782486,1.9784989122523e-08,2.67252135589758e-08
30.3419783698105,2.04248513369054e-08,2.35690606764098e-08
30.4473324613723,2.14501723352702e-08,1.96972619893413e-08
30.5526865529341,2.21888528034749e-08,1.51994492899594e-08
30.658040644496,2.29272264509108e-08,1.00386663700106e-08
30.7633947360578,2.331721530427e-08,5.19965206990397e-09
30.8687488276197,2.33887069415986e-08,3.21980938690308e-09
30.9741029191815,2.32582826442314e-08,7.14626083941725e-09
31.0794570107434,2.25713333176497e-08,1.22638441851642e-08
31.1848111023052,2.19875138851072e-08,1.65473143978266e-08
31.290165193867,2.08325993128736e-08,2.04495545051425e-08
31.3955192854289,2.02556667756431e-08,2.35237781595735e-08
31.5008733769907,1.88745757046468e-08,2.58025947097056e-08
31.6062274685526,1.8488915537181e-08,2.68026387016634e-08
31.7115815601144,1.81314782905139e-08,2.6733122218987e-08
31.8169356516762,1.84583844031834e-08,2.59212033812588e-08
31.9222897432381,1.89177600603781e-08,2.38226520053729e-08
32.0276438347999,1.97895601329047e-08,2.10976087932797e-08
32.1329979263618,2.05352234677644e-08,1.75394222714719e-08
32.2383520179236,2.13890324441418e-08,1.3399498141397e-08
32.3437061094855,2.19974178171536e-08,9.14711837063483e-09
32.4490602010473,2.23006783719625e-08,5.08281119608628e-09
32.5544142926091,2.24758791764102e-08,4.30690036147417e-09
32.659768384171,2.20945120937026e-08,7.90809850882719e-09
32.7651224757328,2.17437185241619e-08,1.17869253222409e-08
32.8704765672947,2.08272087707996e-08,1.58618049438235e-08
32.9758306588565,2.01561397661999e-08,1.90420789900108e-08
33.0811847504184,1.90997547210028e-08,2.16981900040481e-08
33.1865388419802,1.84903624641923e-08,2.34914573189438e-08
33.291892933542,1.7822815512675e-08,2.42611728102753e-08
33.3972470251039,1.77636999798354e-08,2.43427367775004e-08
33.5026011166657,1.78183758109363e-08,2.32390744950766e-08
33.6079552082276,1.83783416745908e-08,2.1584507623182e-08
33.7133092997894,1.89763001141363e-08,1.89265086565396e-08
33.8186633913512,1.97772370888999e-08,1.58330937474571e-08
33.9240174829131,2.04654837885498e-08,1.22324510012445e-08
34.0293715744749,2.10135416777058e-08,8.5420882894898e-09
34.1347256660368,2.13948509765979e-08,5.57840367527111e-09
34.2400797575986,2.13820913798361e-08,5.44940111612732e-09
34.3454338491605,2.12781889912944e-08,7.99257823372516e-09
34.4507879407223,2.07309650096793e-08,1.1579597995486e-08
34.5561420322841,2.02945592291516e-08,1.47928209019712e-08
34.661496123846,1.91645243074203e-08,1.79774736984446e-08
34.7668502154078,1.8520753594013e-08,2.00765685346869e-08
34.8722043069697,1.77296708757338e-08,2.16110700621318e-08
34.9775583985315,1.73679421778049e-08,2.24202971557192e-08
35.0829124900933,1.71340227589008e-08,2.21988891959078e-08
35.1882665816552,1.73708273712242e-08,2.14495231563543e-08
35.293620673217,1.77537427285986e-08,1.9660626876541e-08
35.3989747647789,1.84281725520838e-08,1.7469156119078e-08
35.5043288563407,1.91011667852886e-08,1.45194607508795e-08
35.6096829479026,1.9750106226227e-08,1.13976158879219e-08
35.7150370394644,2.03037297646082e-08,8.17956538981451e-09
35.8203911310262,2.05209349269393e-08,5.91951558015235e-09
35.9257452225881,2.06771011398088e-08,5.89010240158817e-09
36.0310993141499,2.03302800620087e-08,8.41717847049553e-09
36.1364534057118,2.00273271875636e-08,1.12753804258702e-08
36.2418074972736,1.92352947391748e-08,1.4427717239121e-08
36.3471615888354,1.86285391907669e-08,1.68687176948877e-08
36.4525156803973,1.7744825031706e-08,1.89628362333466e-08
36.5578697719591,1.72191457746868e-08,2.02578222018756e-08
36.663223863521,1.66873584973969e-08,2.08275466021205e-08
36.7685779550828,1.66181808206592e-08,2.07308069754152e-08
36.8739320466447,1.67102867938871e-08,1.97312526498433e-08
36.9792861382065,1.71643990711234e-08,1.82536573846918e-08
37.0846402297683,1.77170813509478e-08,1.59687403799414e-08
37.1899943213302,1.83498403703771e-08,1.34429630377494e-08
37.295348412892,1.8959884424283e-08,1.05083709439722e-08
37.4007025044539,1.93494486537859e-08,7.91608989021272e-09
37.5060565960157,1.96751169278008e-08,6.18578073572197e-09
37.6114106875775,1.96217634059405e-08,6.6699633747325e-09
37.7167647791394,1.95396451662453e-08,8.57836416516177e-09
37.8221188707012,1.88639509249692e-08,1.14920487859404e-08
37.9274729622631,1.83943959134972e-08,1.38832153237626e-08
38.0328270538249,1.76058497322726e-08,1.62245194839858e-08
38.1381811453868,1.70089805539106e-08,1.78709426819448e-08
38.2435352369486,1.63839095440853e-08,1.89891775654342e-08
38.3488893285104,1.60955596465196e-08,1.94391495115127e-08
38.4542434200723,1.59594754280399e-08,1.91658870012974e-08
38.5595975116341,1.61946831465938e-08,1.83443201863653e-08
38.664951603196,1.65904715744078e-08,1.67854853798561e-08
38.7703056947578,1.7164658234576e-08,1.48775646731882e-08
38.8756597863197,1.7766965458234e-08,1.24559271024393e-08
38.9810138778815,1.82785297484694e-08,1.00466517827149e-08
39.0863679694433,1.8719212435832e-08,7.77941658508517e-09
39.1917220610052,1.8848167301886e-08,6.65008545010461e-09
39.297076152567,1.89144482588864e-08,7.04446437194393e-09
39.4024302441289,1.85677075615169e-08,8.94814046196578e-09
39.5077843356907,1.82310334962612e-08,1.11386309441934e-08
39.6131384272525,1.75462825530573e-08,1.35022175174526e-08
39.7184925188144,1.70042037739843e-08,1.53734528610158e-08
39.8238466103762,1.6303646235733e-08,1.69341357784857e-08
39.9292007019381,1.58936232935786e-08,1.7847544478061e-08
40.0345547934999,1.55541139167824e-08,1.81990634051784e-08
40.1399088850618,1.55735947794613e-08,1.79622818262129e-08
40.2452629766236,1.57583607344649e-08,1.70653142171207e-08
40.3506170681854,1.61917627996726e-08,1.57426157631261e-08
40.4559711597473,1.67130560103754e-08,1.3855210868023e-08
40.5613252513091,1.72378130539878e-08,1.18109955448134e-08
40.666679342871,1.77437957159007e-08,9.58607933654242e-09
40.7720334344328,1.80426916370302e-08,7.82864442615064e-09
40.8773875259946,1.82654953464008e-08,6.82557485629159e-09
40.9827416175565,1.80623793524747e-08,7.47449777728848e-09
41.0880957091183,1.79038372696478e-08,8.98977364527112e-09
41.1934498006802,1.73863887473282e-08,1.10881276834629e-08
41.298803892242,1.69251225455038e-08,1.30074218671283e-08
41.4041579838039,1.62840982786787e-08,1.47874753798888e-08
41.5095120753657,1.58056993885872e-08,1.60555321404997e-08
41.6148661669275,1.53571698826303e-08,1.68901683739512e-08
41.7202202584894,1.51902676188051e-08,1.7157867637881e-08
41.8255743500512,1.51866883730745e-08,1.68536444041241e-08
41.9309284416131,1.5441301350739e-08,1.60747785176947e-08
42.0362825331749,1.5837400709405e-08,1.47361144589917e-08
42.1416366247367,1.63117108604288e-08,1.31176013229278e-08
42.2469907162986,1.68115797768411e-08,1.11634119548272e-08
42.3523448078604,1.71802834516584e-08,9.31423920823977e-09
42.4576988994223,1.74942615112701e-08,7.74014033459736e-09
42.5630529909841,1.75272132555343e-08,7.14995651849082e-09
42.668407082546,1.75004964188914e-08,7.64120738128131e-09
42.7737611741078,1.71623112655861e-08,9.12656174332294e-09
42.8791152656696,1.68265418353298e-08,1.0851864748328e-08
42.9844693572315,1.62593030091147e-08,1.2683707225235e-08
43.0898234487933,1.58052801544785e-08,1.41630776958812e-08
43.1951775403552,1.52883227361959e-08,1.53621114604548e-08
43.300531631917,1.50012596898362e-08,1.6039098930727e-08
43.4058857234789,1.48177040511783e-08,1.62468210449487e-08
43.5112398150407,1.48968206260138e-08,1.59559512043232e-08
43.6165939066025,1.51238741958095e-08,1.51434063174544e-08
43.7219479981644,1.5498360683654e-08,1.39711268260833e-08
43.8273020897262,1.59486551285361e-08,1.23920870912473e-08
43.9326561812881,1.63600700287279e-08,1.07352290860591e-08
44.0380102728499,1.67347093196489e-08,8.99227074413871e-09
44.1433643644117,1.68706053985325e-08,7.75326399242269e-09
44.2487184559736,1.6993166357184e-08,7.28265049790774e-09
44.3540725475354,1.68174811468164e-08,7.87239021761047e-09
44.4594266390973,1.66173664314679e-08,9.12532815598215e-09
44.5647807306591,1.61745193336999e-08,1.07727348913467e-08
44.670134822221,1.57714115350056e-08,1.23081174221181e-08
44.7754889137828,1.52658834288937e-08,1.37148829600141e-08
44.8808430053446,1.49053482348126e-08,1.47028419999737e-08
44.9861970969065,1.4606954763135e-08,1.53218255465537e-08
45.0915511884683,1.45251977820757e-08,1.54588190838279e-08
45.1969052800302,1.45952168560381e-08,1.51273570206653e-08
45.302259371592,1.48332966287974e-08,1.43918263138044e-08
45.4076134631539,1.51873849285436e-08,1.32236178217025e-08
45.5129675547157,1.55594151749261e-08,1.18431016139819e-08
45.6183216462775,1.59535108628324e-08,1.0252417184467e-08
45.7236757378394,1.62047235383375e-08,8.82443939632202e-09
45.8290298294012,1.64132644230573e-08,7.73061523508159e-09
45.9343839209631,1.63893838511533e-08,7.45779476043537e-09
46.0397380125249,1.63133102222698e-08,7.97985249477365e-09
46.1450921040867,1.60031259121862e-08,9.19411504719351e-09
46.2504461956486,1.56919533302898e-08,1.05965567229558e-08
46.3558002872104,1.5235661393936e-08,1.20549507609758e-08
46.4611543787723,1.48693420664454e-08,1.32390074983471e-08
46.5665084703341,1.44986312525563e-08,1.41661486197682e-08
46.6718625618959,1.43057135802999e-08,1.46595694660446e-08
46.7772166534578,1.42232942520655e-08,1.47561926502066e-08
46.8825707450196,1.43259508894805e-08,1.4424811901591e-08
46.9879248365815,1.45577900589326e-08,1.36789839233027e-08
47.0932789281433,1.48703314954857e-08,1.26479591558523e-08
47.1986330197052,1.52205352362567e-08,1.13079387778436e-08
47.303987111267,1.5500043198395e-08,9.91808868428384e-09
47.4093412028288,1.57834145004683e-08,8.62311354425276e-09
47.5146952943907,1.58713377971846e-08,7.76577389447374e-09
47.6200493859525,1.59174347366424e-08,7.55348692326747e-09
47.7254034775144,1.57423056752948e-08,8.13083525886423e-09
47.8307575690762,1.55374449852135e-08,9.17962083990063e-09
47.936111660638,1.51695119335894e-08,1.05075368296121e-08
48.0414657521999,1.48358744923216e-08,1.1752589648211e-08
48.1468198437617,1.44555517254318e-08,1.28663513919927e-08
48.2521739353236,1.41915719278209e-08,1.36360832746739e-08
48.3575280268854,1.40033299384116e-08,1.40851374113319e-08
48.4628821184473,1.39733230094335e-08,1.41248864715334e-08
48.5682362100091,1.40722931862274e-08,1.37797778139402e-08
48.6735903015709,1.42793170950155e-08,1.30913337210117e-08
48.7789443931328,1.45759474866106e-08,1.20742478235013e-08
48.8842984846946,1.48584174232213e-08,1.08952402951989e-08
48.9896525762565,1.51575752354264e-08,9.60657843366447e-09
49.0950066678183,1.53285924388509e-08,8.51133843713949e-09
49.2003607593802,1.54621344295576e-08,7.7635279290029e-09
49.305714850942,1.54095251772595e-08,7.68026046565493e-09
49.4110689425038,1.53139939527106e-08,8.19363338236675e-09
49.5164230340657,1.50496945146551e-08,9.20212466032843e-09
49.6217771256275,1.4782632901614e-08,1.03527770525671e-08
49.7271312171894,1.44293111497097e-08,1.15239434829629e-08
49.8324853087512,1.41462237292486e-08,1.24736629011579e-08
49.9378394003131,1.38866752458703e-08,1.31913024775651e-08
50.0431934918749,1.37598498167724e-08,1.35428148214327e-08
50.1485475834367,1.37391570194459e-08,1.35578680188628e-08
50.2539016749986,1.38408256610684e-08,1.32216865530767e-08
50.3592557665604,1.40259493692673e-08,1.25546878786596e-08
50.4646098581223,1.42638463142331e-08,1.1615988460099e-08
50.5699639496841,1.45553947679548e-08,1.05047928668249e-08
50.6753180412459,1.47655388093221e-08,9.38137178699335e-09
50.7806721328078,1.49679241327403e-08,8.38692925115056e-09
50.8860262243696,1.50153938928221e-08,7.80806569434949e-09
50.9913803159315,1.50223572363688e-08,7.75024192760688e-09
51.0967344074933,1.48675753358866e-08,8.2808245333137e-09
51.2020884990552,1.46855803362137e-08,9.16480569652636e-09
51.307442590617,1.4394495828296e-08,1.02437873031732e-08
51.4127966821788,1.41271292915928e-08,1.12595045326357e-08
51.5181507737407,1.38454976730062e-08,1.21464870789898e-08
51.6235048653025,1.36484597936004e-08,1.27497684960103e-08
51.7288589568644,1.35276624095017e-08,1.30721440352675e-08
51.8342130484262,1.35177115467466e-08,1.30496243164316e-08
51.9395671399881,1.36152777795266e-08,1.27100496519033e-08
52.0449212315499,1.37794934598419e-08,1.20804830078188e-08
52.1502753231117,1.40187110349113e-08,1.12023538493153e-08
52.2556294146736,1.423538277998e-08,1.02041322111838e-08
52.3609835062354,1.44637974054594e-08,9.17012684734438e-09
52.4663375977973,1.45870844237403e-08,8.32996009367989e-09
52.5716916893591,1.46779436197828e-08,7.82002987543313e-09
52.6770457809209,1.46271499446422e-08,7.83420950428078e-09
52.7823998724828,1.45357737665598e-08,8.30890480797944e-09
52.8877539640446,1.4324578948086e-08,9.14383751330087e-09
52.9931080556065,1.41042324790812e-08,1.00925542073575e-08
53.0984621471683,1.38326958443787e-08,1.10398042022054e-08
53.2038162387301,1.36095254228786e-08,1.18067727792202e-08
53.309170330292,1.34249639505992e-08,1.23640142536591e-08
53.4145244218538,1.33284731449147e-08,1.26272868849669e-08
53.5198785134157,1.33067143555348e-08,1.26125942243362e-08
53.6252326049775,1.33895351240637e-08,1.22625070192417e-08
53.7305866965394,1.35612733474278e-08,1.16670476327287e-08
53.8359407881012,1.37476906004127e-08,1.08630089409801e-08
53.941294879663,1.3979273446083e-08,9.93085026715804e-09
54.0466489712249,1.4144181892435e-08,9.02267552722025e-09
54.1520030627867,1.42972407345746e-08,8.26363673109483e-09
54.2573571543486,1.43341551443716e-08,7.85568378182539e-09
54.3627112459104,1.43303706490802e-08,7.87703556465314e-09
54.4680653374722,1.42065544483507e-08,8.34004175774905e-09
54.5734194290341,1.40508706656818e-08,9.08326327002249e-09
54.6787735205959,1.38206202226556e-08,9.96497750347696e-09
54.7841276121578,1.35987584142437e-08,1.08035399217204e-08
54.8894817037196,1.33791514417665e-08,1.15194129380639e-08
54.9948357952815,1.32181623853564e-08,1.20040104296589e-08
55.1001898868433,1.31280862388893e-08,1.22434990434674e-08
55.2055439784051,1.31176126205991e-08,1.21926942823391e-08
55.310898069967,1.32032980867629e-08,1.18754227932408e-08
55.4162521615288,1.33370587251663e-08,1.13140360333063e-08
55.5216062530907,1.35345850399453e-08,1.05648346601359e-08
55.6269603446525,1.37119579883463e-08,9.72297859998038e-09
55.7323144362143,1.3898532250489e-08,8.88912265603935e-09
55.8376685277762,1.40019851176542e-08,8.22959804347832e-09
55.943022619338,1.40718287193043e-08,7.86892543991402e-09
56.0483767108999,1.40328270779804e-08,7.91835734696251e-09
56.1537308024617,1.39499223710435e-08,8.3380744478678e-09
56.2590848940236,1.37785674055189e-08,9.02902991237135e-09
56.3644389855854,1.35892083033107e-08,9.8199527118266e-09
56.4697930771472,1.33734069119815e-08,1.05933442350248e-08
56.5751471687091,1.31812415984135e-08,1.12348217897431e-08
56.6805012602709,1.30178596217391e-08,1.1699452599359e-08
56.7858553518328,1.29385196556581e-08,1.18891439207813e-08
56.8912094433946,1.2943331301692e-08,1.18416842710128e-08
56.9965635349565,1.30072721139102e-08,1.15350645057927e-08
57.1019176265183,1.31561866031214e-08,1.10079106903663e-08
57.2072717180801,1.33131913122332e-08,1.03178845211999e-08
57.312625809642,1.35060050833286e-08,9.53963142075765e-09
57.4179799012038,1.36479011250123e-08,8.79070651504987e-09
57.5233339927657,1.37730878768394e-08,8.19448248682393e-09
57.6286880843275,1.38070547453171e-08,7.88772723237171e-09
57.7340421758894,1.37964530213841e-08,7.93861655504803e-09
57.8393962674512,1.36945462849756e-08,8.3311828038324e-09
57.944750359013,1.35539765257698e-08,8.95881963551459e-09
58.0501044505749,1.33632733525135e-08,9.68877001419935e-09
58.1554585421367,1.31696625158929e-08,1.03953502051972e-08
58.2608126336986,1.29895819199614e-08,1.09878789115181e-08
58.3661667252604,1.28503052115032e-08,1.13946047808167e-08
58.4715208168222,1.27824576423575e-08,1.15806502251669e-08
58.5768749083841,1.27753580056074e-08,1.15254488970706e-08
58.6822289999459,1.28543468951261e-08,1.12395189954498e-08
58.7875830915078,1.29698038537497e-08,1.07501578215553e-08
58.8929371830696,1.31403939329368e-08,1.01088874489563e-08
58.9982912746314,1.32932758068591e-08,9.39600935029269e-09
59.1036453661933,1.34497713980126e-08,8.70913534641584e-09
59.2089994577551,1.35395167927965e-08,8.17399361911233e-09
59.314353549317,1.35929640508347e-08,7.89874432200373e-09
59.4197076408788,1.35609577392382e-08,7.95173277057951e-09
59.5250617324407,1.34830937545784e-08,8.31070328723904e-09
59.6304158240025,1.33424787644346e-08,8.88202601756667e-09
59.7357699155643,1.31735890500756e-08,9.55076658607368e-09
59.8411240071262,1.29822077252567e-08,1.02136471805878e-08
59.946478098688,1.28202645792754e-08,1.07549899014782e-08
60.0518321902499,1.27009741337099e-08,1.11324945698305e-08
60.1571862818117,1.26290208173058e-08,1.13045149037435e-08
60.2625403733736,1.26413098908721e-08,1.1250754185527e-08
60.3678944649354,1.26967114426255e-08,1.09859515848019e-08
60.4732485564972,1.28252088899402e-08,1.05301534371304e-08
60.5786026480591,1.29611852113626e-08,9.93850195659545e-09
60.6839567396209,1.3125116349732e-08,9.27899500154133e-09
60.7893108311828,1.32479378087959e-08,8.64988900667275e-09
60.8946649227446,1.33514641512449e-08,8.15847854381037e-09
61.0000190143064,1.33826935843402e-08,7.9067034073365e-09
61.1053731058683,1.33684613361763e-08,7.95331628945141e-09
61.2107271974301,1.32847469345467e-08,8.27738578710325e-09
61.316081288992,1.31603316866697e-08,8.8052700595097e-09
61.4214353805538,1.30015898853348e-08,9.42043333968113e-09
61.5267894721157,1.28328181807999e-08,1.00292902048941e-08
61.6321435636775,1.26850070065316e-08,1.05371154749245e-08
61.7374976552393,1.2565277483429e-08,1.08955813525083e-08
61.8428517468012,1.25118269939516e-08,1.10570696367238e-08
61.948205838363,1.25049140229094e-08,1.10170887122693e-08
62.0535599299249,1.25748181111716e-08,1.07706884416555e-08
62.1589140214867,1.26733881728291e-08,1.0352921926446e-08
62.2642681130485,1.28196569394066e-08,9.80163763503692e-09
62.3696222046104,1.29523681563084e-08,9.19233172641603e-09
62.4749762961722,1.30861257827708e-08,8.60628731086988e-09
62.5803303877341,1.31670075687161e-08,8.14940131925928e-09
62.6856844792959,1.32126477304865e-08,7.9103590491257e-09
62.7910385708578,1.3192532680173e-08,7.94150344995217e-09
62.8963926624196,1.31232822438949e-08,8.23031996179023e-09
63.0017467539814,1.29994009246378e-08,8.71740978339739e-09
63.1071008455433,1.28561393464638e-08,9.29212471748756e-09
63.2124549371051,1.27042251216359e-08,9.85640193828977e-09
63.317809028667,1.25581494731902e-08,1.03447313518896e-08
63.4231631202288,1.24583169529423e-08,1.06814390665942e-08
63.5285172117906,1.23918689781128e-08,1.08492757612387e-08
63.6338713033525,1.24002516827309e-08,1.08151832580658e-08
63.7392253949143,1.24455126981062e-08,1.05985770884831e-08
63.8445794864762,1.25549043795292e-08,1.02087019715079e-08
63.949933578038,1.26730324836579e-08,9.70064109507677e-09
64.0552876695999,1.28157027178343e-08,9.12737995349815e-09
64.1606417611617,1.29272758375325e-08,8.5784639567294e-09
64.2659958527235,1.30199376162288e-08,8.1412680763777e-09
64.3713499442854,1.30553764483317e-08,7.90518062950436e-09
64.4767040358472,1.30465142041545e-08,7.92005593916666e-09
64.5820581274091,1.29814229793816e-08,8.17776115978953e-09
64.6874122189709,1.28741760901475e-08,8.62198550535415e-09
64.7927663105328,1.27411066317944e-08,9.15571028963681e-09
64.8981204020946,1.25920167309939e-08,9.6981771606345e-09
65.0034744936564,1.24630406739956e-08,1.01608484649589e-08
65.1088285852183,1.23528656180317e-08,1.05010105660162e-08
65.2141826767801,1.23023484165688e-08,1.06670129591694e-08
65.319536768342,1.22900979019041e-08,1.06576006542368e-08
65.4248908599038,1.23470746997603e-08,1.04590063090713e-08
65.5302449514656,1.24313997169364e-08,1.01068327572815e-08
65.6355990430275,1.25594340549542e-08,9.62660336556433e-09
65.7409531345893,1.26807272618986e-08,9.08944728818707e-09
65.8463072261512,1.28034033774547e-08,8.56098008682485e-09
65.951661317713,1.2885912633142e-08,8.13741879748275e-09
66.0570154092749,1.29315713487296e-08,7.8889917708733e-09
66.1623695008367,1.29200047545887e-08,7.88267776894698e-09
66.2677235923985,1.28675181405235e-08,8.11096603254779e-09
66.3730776839604,1.277058959728e-08,8.51614914526016e-09
66.4784317755222,1.26412451892274e-08,9.02665800256918e-09
66.5837858670841,1.25081281931942e-08,9.54329676740915e-09
66.6891399586459,1.23722405996258e-08,1.00048371748444e-08
66.7944940502077,1.22771069134983e-08,1.03402555510633e-08
66.8998481417696,1.22096778365728e-08,1.05269533744081e-08
67.0052022333314,1.22090702748244e-08,1.05304646035677e-08
67.1105563248933,1.22437556538427e-08,1.03657541377808e-08
67.2159104164551,1.23377381519353e-08,1.00352435214574e-08
67.321264508017,1.24455157157062e-08,9.5887721627456e-09
67.4266185995788,1.25770448382399e-08,9.06811796507977e-09
67.5319726911406,1.2687623410909e-08,8.55601191029399e-09
67.6373267827025,1.27804044274078e-08,8.12644609590583e-09
67.7426808742643,1.28262163903461e-08,7.86792083222586e-09
67.8480349658262,1.28279719692333e-08,7.83011448089781e-09
67.953389057388,1.27809916237369e-08,8.02355315996098e-09
68.0587431489498,1.26888826773012e-08,8.40255305712207e-09
68.1640972405117,1.2572013924502e-08,8.88925612049578e-09
68.2694513320735,1.24334013806245e-08,9.40285508155341e-09
68.3748054236354,1.23106962750262e-08,9.86223202082631e-09
68.4801595151972,1.22003860876243e-08,1.02172046977807e-08
68.5855136067591,1.21432235240383e-08,1.04177052800523e-08
68.6908676983209,1.21218500543001e-08,1.04535897176989e-08
68.7962217898828,1.21651493232356e-08,1.03090420252212e-08
68.9015758814446,1.22398183795206e-08,1.00103771310875e-08
69.0069299730064,1.23577398755507e-08,9.57822668691388e-09
69.1122840645683,1.24783588008641e-08,9.075252494344e-09
69.2176381561301,1.25984753727294e-08,8.55605798653681e-09
69.322992247692,1.26885946378099e-08,8.11168742937354e-09
69.4283463392538,1.27479744249038e-08,7.82537737975598e-09
69.5337004308156,1.27560463129255e-08,7.75382608412594e-09
69.6390545223775,1.27154920328551e-08,7.91589449623422e-09
69.7444086139393,1.26345450141284e-08,8.27300201624622e-09
69.8497627055012,1.25138568186623e-08,8.75396034667613e-09
69.955116797063,1.23859052984425e-08,9.27104544286539e-09
70.0604708886248,1.22490269370857e-08,9.75147974317365e-09
70.1658249801867,1.21464745784418e-08,1.01270499199994e-08
70.2711790717485,1.20688578462844e-08,1.03620463353203e-08
70.3765331633104,1.20540322012847e-08,1.04221971633105e-08
70.4818872548722,1.20782060807994e-08,1.03097037884529e-08
70.5872413464341,1.21619620053196e-08,1.00252866652084e-08
70.6925954379959,1.22688664308379e-08,9.60725370494873e-09
70.7979495295577,1.24018455469382e-08,9.09433727023668e-09
70.9033036211196,1.25238540687414e-08,8.56112986861931e-09
71.0086577126814,1.26289235090025e-08,8.08313772834701e-09
71.1140118042433,1.2693834478782e-08,7.75485548239561e-09
71.2193658958051,1.27110068232378e-08,7.64180703743241e-09
71.324719987367,1.26801939272818e-08,7.77602641827491e-09
71.4300740789288,1.25968280980065e-08,8.12412531381626e-09
71.5354281704906,1.24844907832628e-08,8.61588439782619e-09
71.6407822620525,1.23417682479166e-08,9.16129837035079e-09
71.7461363536143,1.22091092093877e-08,9.67630497603098e-09
71.8514904451762,1.2084220681678e-08,1.00953789790022e-08
71.956844536738,1.20096676081127e-08,1.03661921524943e-08
72.0621986282998,1.19742359268545e-08,1.046297334693e-08
72.1675527198617,1.20064098245777e-08,1.03693755951774e-08
72.2729068114235,1.20804994977134e-08,1.00984158147597e-08
72.3782609029854,1.21987758920301e-08,9.6711722017918e-09
72.4836149945472,1.23346965929832e-08,9.12921371802055e-09
72.5889690861091,1.24774108666687e-08,8.5510183086871e-09
72.6943231776709,1.25923021177473e-08,8.01772440004322e-09
72.7996772692327,1.26709342976681e-08,7.62949666174944e-09
72.9050313607946,1.26994551575925e-08,7.47370968734161e-09
73.0103854523564,1.26681007082696e-08,7.59082550520551e-09
73.1157395439183,1.25910259519168e-08,7.95635835029301e-09
73.2210936354801,1.24621044532971e-08,8.49140172567068e-09
73.326447727042,1.23189196539334e-08,9.09502176562955e-09
73.4318018186038,1.21592669881804e-08,9.67447701247633e-09
73.5371559101656,1.20322413029777e-08,1.01502735691958e-08
73.6425100017275,1.19326738402473e-08,1.04700178040147e-08
73.7478640932893,1.19028500365526e-08,1.05940601441084e-08
73.8532181848512,1.19242887638201e-08,1.05110893009562e-08
73.958572276413,1.201649405561e-08,1.0221211369421e-08
74.0639263679748,1.21454509720611e-08,9.75264147417472e-09
74.1692804595367,1.23072229378367e-08,9.15021011215907e-09
74.2746345510985,1.24645368942794e-08,8.48923225508209e-09
74.3799886426604,1.26005943397825e-08,7.86800671353419e-09
74.4853427342222,1.26927766618275e-08,7.40730837655449e-09
74.5906968257841,1.27232715136211e-08,7.21789419046528e-09
74.6960509173459,1.26954652123911e-08,7.35815905413784e-09
74.8014050089077,1.25974076028922e-08,7.79583606871677e-09
74.9067591004696,1.24607499604177e-08,8.43132180233347e-09
75.0121131920314,1.22817806091238e-08,9.14041291574972e-09
75.1174672835933,1.21124072877085e-08,9.81105506159927e-09
75.2228213751551,1.19528879594753e-08,1.03559835618855e-08
75.3281754667169,1.18572624060802e-08,1.07110354604623e-08
75.4335295582788,1.18172461577726e-08,1.08389002052093e-08
75.5388836498406,1.18589008951323e-08,1.0726086858367e-08
75.6442377414025,1.19684573680887e-08,1.03608529377572e-08
75.7495918329643,1.21400488415591e-08,9.79135211896551e-09
75.8549459245261,1.23260205842708e-08,9.06649646676805e-09
75.960300016088,1.25155521274709e-08,8.27703994891503e-09
76.0656541076498,1.26671552201871e-08,7.5476333197721e-09
76.1710081992117,1.27623750982883e-08,7.03728729682272e-09
76.2763622907735,1.27884701732838e-08,6.88823249907148e-09
76.3817163823354,1.27308564047761e-08,7.15875805344913e-09
76.4870704738972,1.26118841881684e-08,7.77350175291087e-09
76.592424565459,1.24264808864485e-08,8.58256818567389e-09
76.6977786570209,1.22276965016949e-08,9.42650654567784e-09
76.8031327485827,1.2017809621671e-08,1.01807918621734e-08
76.9084868401446,1.1863576300376e-08,1.07489803253887e-08
77.0138409317064,1.17607719197023e-08,1.10735006142921e-08
77.1191950232682,1.17615686927403e-08,1.11153208413287e-08
77.2245491148301,1.1836287904265e-08,1.0869576350839e-08
77.3299032063919,1.20022504866766e-08,1.03501013721938e-08
77.4352572979538,1.220412761722e-08,9.60557055759396e-09
77.5406113895156,1.24313004011443e-08,8.71508364365662e-09
77.6459654810775,1.26282472826211e-08,7.80259831885937e-09
77.7513195726393,1.27770212139766e-08,7.04189729164182e-09
77.8566736642011,1.28480620541006e-08,6.63363771971513e-09
77.962027755763,1.28297973188461e-08,6.71841495028349e-09
78.0673818473248,1.27317371224729e-08,7.27227227828917e-09
78.1727359388867,1.25532135365195e-08,8.12434761212507e-09
78.2780900304485,1.23418835342211e-08,9.0760097285904e-09
78.3834441220104,1.21048407320747e-08,9.96366273073236e-09
78.4887982135722,1.19124169286161e-08,1.0671492147072e-08
78.594152305134,1.17651156973685e-08,1.11255005567294e-08
78.6995063966959,5.85889100513741e-09,5.64435309190057e-09
